5.000000000000000000e+00 6.250000000000000000e-02 1.000000000000000000e+00 5.062277053398430482e+00 1.832958337909175617e+00
5.000000000000000000e+00 1.250000000000000000e-01 1.000000000000000000e+00 4.201301166566603484e+01 1.040807921813159176e+01
5.000000000000000000e+00 2.500000000000000000e-01 1.000000000000000000e+00 7.227033903071611576e+01 8.869319575471029893e+00
5.000000000000000000e+00 5.000000000000000000e-01 1.000000000000000000e+00 6.125683600233037396e+01 1.127549315000514518e+01
5.000000000000000000e+00 1.000000000000000000e+00 1.000000000000000000e+00 3.547914803547844542e+01 1.086370093338663700e+01
5.000000000000000000e+00 2.000000000000000000e+00 1.000000000000000000e+00 2.540751846062418196e+01 5.771866838108079101e+00
5.000000000000000000e+00 4.000000000000000000e+00 1.000000000000000000e+00 2.164819202073870130e+01 3.001151459388868847e+00
5.000000000000000000e+00 8.000000000000000000e+00 1.000000000000000000e+00 1.855160812381915036e+01 1.644376129317968838e+00
5.000000000000000000e+00 1.600000000000000000e+01 1.000000000000000000e+00 1.798222469097814979e+01 2.191863757422559011e+00
5.000000000000000000e+00 3.200000000000000000e+01 1.000000000000000000e+00 1.697609574498122953e+01 1.250947822718208258e+00
5.000000000000000000e+00 6.400000000000000000e+01 1.000000000000000000e+00 1.733078705468686920e+01 1.833785844594965964e+00
5.000000000000000000e+00 1.280000000000000000e+02 1.000000000000000000e+00 1.672322201843457279e+01 1.366505101905768349e+00
