5.000000000000000000e+00 6.250000000000000000e-02 1.000000000000000000e+00 4.570529878009248037e+00 8.891303770130180029e-01
5.000000000000000000e+00 1.250000000000000000e-01 1.000000000000000000e+00 4.096528170470181607e+01 1.118107885143587410e+01
5.000000000000000000e+00 2.500000000000000000e-01 1.000000000000000000e+00 7.886988226100118027e+01 1.025771380529643473e+01
5.000000000000000000e+00 5.000000000000000000e-01 1.000000000000000000e+00 7.220939333713654662e+01 1.133685102748992790e+01
5.000000000000000000e+00 1.000000000000000000e+00 1.000000000000000000e+00 4.469896664415720977e+01 1.187334089150103189e+01
5.000000000000000000e+00 2.000000000000000000e+00 1.000000000000000000e+00 3.413661763690911499e+01 7.015139494446389179e+00
5.000000000000000000e+00 4.000000000000000000e+00 1.000000000000000000e+00 3.011247352440194547e+01 3.832817995516158760e+00
5.000000000000000000e+00 8.000000000000000000e+00 1.000000000000000000e+00 2.620908473716852427e+01 2.351118472701855477e+00
5.000000000000000000e+00 1.600000000000000000e+01 1.000000000000000000e+00 2.580381754421443219e+01 3.349317905406614226e+00
5.000000000000000000e+00 3.200000000000000000e+01 1.000000000000000000e+00 2.422232930442176979e+01 1.820172670272509841e+00
5.000000000000000000e+00 6.400000000000000000e+01 1.000000000000000000e+00 2.504291027096114419e+01 2.821773995091864773e+00
5.000000000000000000e+00 1.280000000000000000e+02 1.000000000000000000e+00 2.411980153590777576e+01 2.040981600847469046e+00
