5.000000000000000000e+00 6.250000000000000000e-02 1.000000000000000000e+00 2.994824073207321469e+00 2.251153061571254277e+00
5.000000000000000000e+00 1.250000000000000000e-01 1.000000000000000000e+00 3.926804512543394310e+01 9.417268462177323940e+00
5.000000000000000000e+00 2.500000000000000000e-01 1.000000000000000000e+00 6.547138624918650862e+01 8.283197568184323956e+00
5.000000000000000000e+00 5.000000000000000000e-01 1.000000000000000000e+00 5.519382557542181900e+01 1.138856916142071363e+01
5.000000000000000000e+00 1.000000000000000000e+00 1.000000000000000000e+00 3.075086483058967701e+01 1.018669215078920409e+01
5.000000000000000000e+00 2.000000000000000000e+00 1.000000000000000000e+00 2.090190626924771422e+01 5.142474844508792664e+00
5.000000000000000000e+00 4.000000000000000000e+00 1.000000000000000000e+00 1.718285329616033508e+01 2.575632412008819649e+00
5.000000000000000000e+00 8.000000000000000000e+00 1.000000000000000000e+00 1.436009686636620941e+01 1.360207221021300095e+00
5.000000000000000000e+00 1.600000000000000000e+01 1.000000000000000000e+00 1.377284697615284337e+01 1.607462258008646394e+00
5.000000000000000000e+00 3.200000000000000000e+01 1.000000000000000000e+00 1.288007242969495358e+01 9.295326193003932147e-01
5.000000000000000000e+00 6.400000000000000000e+01 1.000000000000000000e+00 1.297588777573249708e+01 1.107451223375977456e+00
5.000000000000000000e+00 1.280000000000000000e+02 1.000000000000000000e+00 1.271594918294664112e+01 1.038273678120738452e+00
