5.000000000000000000e+00 6.250000000000000000e-02 3.757940763972635434e+00 4.658850661210137134e-01
5.000000000000000000e+00 1.250000000000000000e-01 3.796136143672207197e+01 7.746618518613218818e+00
5.000000000000000000e+00 2.500000000000000000e-01 7.498398370752735786e+01 8.118128976374940464e+00
5.000000000000000000e+00 5.000000000000000000e-01 6.778845726791210780e+01 8.761923233919123533e+00
5.000000000000000000e+00 1.000000000000000000e+00 4.427189934140318428e+01 1.337541796282193474e+01
5.000000000000000000e+00 2.000000000000000000e+00 3.176289773190322308e+01 1.106847305198302323e+01
5.000000000000000000e+00 4.000000000000000000e+00 2.742196335927317818e+01 9.130421467189879792e+00
5.000000000000000000e+00 8.000000000000000000e+00 2.426933382411013440e+01 7.428394713657887394e+00
5.000000000000000000e+00 1.600000000000000000e+01 2.357619442603871818e+01 6.727617794528895523e+00
5.000000000000000000e+00 3.200000000000000000e+01 2.204332319668658258e+01 5.845449435721858933e+00
5.000000000000000000e+00 6.400000000000000000e+01 2.142401589348407498e+01 5.150720789632354801e+00
5.000000000000000000e+00 1.280000000000000000e+02 1.977781092809762598e+01 3.800657626156026758e+00
