5.000000000000000000e+00 6.250000000000000000e-02 1.000000000000000000e+00 2.150707216044674741e+00 1.381218194271139232e+00
5.000000000000000000e+00 1.250000000000000000e-01 1.000000000000000000e+00 3.507869935876080092e+01 8.709187920634535729e+00
5.000000000000000000e+00 2.500000000000000000e-01 1.000000000000000000e+00 6.210975795469686034e+01 7.494962598848618818e+00
5.000000000000000000e+00 5.000000000000000000e-01 1.000000000000000000e+00 5.047707263745829920e+01 6.612662484939993313e+00
5.000000000000000000e+00 1.000000000000000000e+00 1.000000000000000000e+00 2.781981882591919586e+01 5.262064186649298314e+00
5.000000000000000000e+00 2.000000000000000000e+00 1.000000000000000000e+00 1.833771950944738549e+01 3.095454285328218091e+00
5.000000000000000000e+00 4.000000000000000000e+00 1.000000000000000000e+00 1.552310766566529665e+01 2.753785906162249830e+00
5.000000000000000000e+00 8.000000000000000000e+00 1.000000000000000000e+00 1.427229409892745160e+01 2.652007654225577937e+00
5.000000000000000000e+00 1.600000000000000000e+01 1.000000000000000000e+00 1.401176423547567751e+01 2.138109098474038738e+00
5.000000000000000000e+00 3.200000000000000000e+01 1.000000000000000000e+00 1.364714135855730603e+01 1.761778330901692557e+00
5.000000000000000000e+00 6.400000000000000000e+01 1.000000000000000000e+00 1.283978125347685761e+01 1.381710686367572105e+00
5.000000000000000000e+00 1.280000000000000000e+02 1.000000000000000000e+00 1.153687179101637383e+01 9.763420282191063171e-01
