5.000000000000000000e+00 6.250000000000000000e-02 1.000000000000000000e+00 3.908990241512402264e+00 6.142433457373388528e-01
5.000000000000000000e+00 1.250000000000000000e-01 1.000000000000000000e+00 4.056162246869742205e+01 1.103347206022271187e+01
5.000000000000000000e+00 2.500000000000000000e-01 1.000000000000000000e+00 8.173379020229734238e+01 6.999199722138675028e+00
5.000000000000000000e+00 5.000000000000000000e-01 1.000000000000000000e+00 7.288011230777381400e+01 9.028701409308093062e+00
5.000000000000000000e+00 1.000000000000000000e+00 1.000000000000000000e+00 4.574999384209752407e+01 6.929779296332990057e+00
5.000000000000000000e+00 2.000000000000000000e+00 1.000000000000000000e+00 3.511538027340215251e+01 4.398694172518035295e+00
5.000000000000000000e+00 4.000000000000000000e+00 1.000000000000000000e+00 3.395585541289777609e+01 5.504379457918936680e+00
5.000000000000000000e+00 8.000000000000000000e+00 1.000000000000000000e+00 3.108112921446599941e+01 4.325082415888203080e+00
5.000000000000000000e+00 1.600000000000000000e+01 1.000000000000000000e+00 2.862633468015322435e+01 4.231954612910570290e+00
5.000000000000000000e+00 3.200000000000000000e+01 1.000000000000000000e+00 2.863008975427999303e+01 3.697072675065061542e+00
5.000000000000000000e+00 6.400000000000000000e+01 1.000000000000000000e+00 2.715087353813094140e+01 3.166217483088357376e+00
5.000000000000000000e+00 1.280000000000000000e+02 1.000000000000000000e+00 2.686106944236099636e+01 3.262983713071852421e+00
