5.000000000000000000e+00 6.250000000000000000e-02 3.877872394367020803e+00 2.912940325806333552e-01
5.000000000000000000e+00 1.250000000000000000e-01 3.513193651105849113e+01 9.632138441031464993e+00
5.000000000000000000e+00 2.500000000000000000e-01 8.062165991322665093e+01 9.690100699576424503e+00
5.000000000000000000e+00 5.000000000000000000e-01 7.976821149524866428e+01 7.495257917854662111e+00
5.000000000000000000e+00 1.000000000000000000e+00 5.475974457811769014e+01 1.410656446940712527e+01
5.000000000000000000e+00 2.000000000000000000e+00 4.232527066828137663e+01 1.355785205181580366e+01
5.000000000000000000e+00 4.000000000000000000e+00 3.750077211250084730e+01 1.200467117994713107e+01
5.000000000000000000e+00 8.000000000000000000e+00 3.348682529156555177e+01 9.684796928216778511e+00
5.000000000000000000e+00 1.600000000000000000e+01 3.273949708643161927e+01 8.316126193901697050e+00
5.000000000000000000e+00 3.200000000000000000e+01 3.115041356252316973e+01 7.584151123203522360e+00
5.000000000000000000e+00 6.400000000000000000e+01 3.035790149336231636e+01 7.078765933240369179e+00
5.000000000000000000e+00 1.280000000000000000e+02 2.843309655555514581e+01 5.230000718464214771e+00
