5.000000000000000000e+00 6.250000000000000000e-02 1.000000000000000000e+00 4.146098045352099248e+00 3.221390585854249089e-01
5.000000000000000000e+00 1.250000000000000000e-01 1.000000000000000000e+00 3.389291217273262191e+01 1.276416773068902089e+01
5.000000000000000000e+00 2.500000000000000000e-01 1.000000000000000000e+00 7.275162748244663646e+01 7.997586469711968959e+00
5.000000000000000000e+00 5.000000000000000000e-01 1.000000000000000000e+00 6.730660298698606425e+01 6.383078630076846949e+00
5.000000000000000000e+00 1.000000000000000000e+00 1.000000000000000000e+00 4.151286514048066323e+01 6.228972476516204893e+00
5.000000000000000000e+00 2.000000000000000000e+00 1.000000000000000000e+00 3.077613195095562304e+01 3.665391825682470461e+00
5.000000000000000000e+00 4.000000000000000000e+00 1.000000000000000000e+00 2.735156258601249846e+01 3.758407342068967871e+00
5.000000000000000000e+00 8.000000000000000000e+00 1.000000000000000000e+00 2.510918288239854945e+01 2.235889805925364460e+00
5.000000000000000000e+00 1.600000000000000000e+01 1.000000000000000000e+00 2.585870497840004845e+01 2.575046587139545817e+00
5.000000000000000000e+00 3.200000000000000000e+01 1.000000000000000000e+00 2.649931305321480224e+01 4.051757476346838693e+00
5.000000000000000000e+00 6.400000000000000000e+01 1.000000000000000000e+00 2.468834734566462430e+01 3.750059536822686557e+00
5.000000000000000000e+00 1.280000000000000000e+02 1.000000000000000000e+00 2.255324728191745720e+01 1.594625729969979755e+00
