5.000000000000000000e+00 6.250000000000000000e-02 1.000000000000000000e+00 4.415223770781373958e+00 9.061238512695785063e-01
5.000000000000000000e+00 1.250000000000000000e-01 1.000000000000000000e+00 3.699955824668236204e+01 1.002242997594056462e+01
5.000000000000000000e+00 2.500000000000000000e-01 1.000000000000000000e+00 6.730970326841591600e+01 7.652810404216648266e+00
5.000000000000000000e+00 5.000000000000000000e-01 1.000000000000000000e+00 5.637089962931010945e+01 6.640683606502784997e+00
5.000000000000000000e+00 1.000000000000000000e+00 1.000000000000000000e+00 3.268057754225516476e+01 5.673076431222903615e+00
5.000000000000000000e+00 2.000000000000000000e+00 1.000000000000000000e+00 2.251896307690422105e+01 2.874780831982078233e+00
5.000000000000000000e+00 4.000000000000000000e+00 1.000000000000000000e+00 1.955667116096554636e+01 2.739651827694121078e+00
5.000000000000000000e+00 8.000000000000000000e+00 1.000000000000000000e+00 1.805762623116955012e+01 2.349935898982717930e+00
5.000000000000000000e+00 1.600000000000000000e+01 1.000000000000000000e+00 1.823251431094103481e+01 2.089685006387196786e+00
5.000000000000000000e+00 3.200000000000000000e+01 1.000000000000000000e+00 1.821853676059783567e+01 2.463518065849696459e+00
5.000000000000000000e+00 6.400000000000000000e+01 1.000000000000000000e+00 1.707248573810968040e+01 2.140344406600879879e+00
5.000000000000000000e+00 1.280000000000000000e+02 1.000000000000000000e+00 1.535800478198590291e+01 1.232899297504592040e+00
