5.000000000000000000e+00 6.250000000000000000e-02 1.538415998711771593e+00 6.500732921873384473e-01
5.000000000000000000e+00 1.250000000000000000e-01 3.606969639531192939e+01 6.814450304450296869e+00
5.000000000000000000e+00 2.500000000000000000e-01 6.826139886013093871e+01 7.410939688225411714e+00
5.000000000000000000e+00 5.000000000000000000e-01 6.094370796916689415e+01 9.176073474332342883e+00
5.000000000000000000e+00 1.000000000000000000e+00 3.821938547408286979e+01 1.227530876199924847e+01
5.000000000000000000e+00 2.000000000000000000e+00 2.619370697207243026e+01 9.945112438613755046e+00
5.000000000000000000e+00 4.000000000000000000e+00 2.224466262112867554e+01 7.893310853691493989e+00
5.000000000000000000e+00 8.000000000000000000e+00 1.927558823324930515e+01 6.295722164952333166e+00
5.000000000000000000e+00 1.600000000000000000e+01 1.841603513083398980e+01 5.652575324762450393e+00
5.000000000000000000e+00 3.200000000000000000e+01 1.683423553250034388e+01 4.940906809343977635e+00
5.000000000000000000e+00 6.400000000000000000e+01 1.648808902620049821e+01 4.141220725229890043e+00
5.000000000000000000e+00 1.280000000000000000e+02 1.517995843430859360e+01 3.089958977654033934e+00
