5.000000000000000000e+00 6.250000000000000000e-02 1.000000000000000000e+00 3.956926808667057038e+00 9.388806423707058979e-01
5.000000000000000000e+00 1.250000000000000000e-01 1.000000000000000000e+00 4.275028284922365884e+01 8.788969210327843840e+00
5.000000000000000000e+00 2.500000000000000000e-01 1.000000000000000000e+00 7.494790882631795625e+01 7.736493020610129001e+00
5.000000000000000000e+00 5.000000000000000000e-01 1.000000000000000000e+00 6.148159402211304325e+01 8.509342635297546309e+00
5.000000000000000000e+00 1.000000000000000000e+00 1.000000000000000000e+00 3.606661713203084219e+01 6.025819205137391776e+00
5.000000000000000000e+00 2.000000000000000000e+00 1.000000000000000000e+00 2.637622826451725544e+01 3.894606408531354980e+00
5.000000000000000000e+00 4.000000000000000000e+00 1.000000000000000000e+00 2.511353676682373504e+01 4.470440190423821569e+00
5.000000000000000000e+00 8.000000000000000000e+00 1.000000000000000000e+00 2.270955055474271234e+01 4.069779599321385000e+00
5.000000000000000000e+00 1.600000000000000000e+01 1.000000000000000000e+00 2.068962533753686373e+01 3.613695213236412407e+00
5.000000000000000000e+00 3.200000000000000000e+01 1.000000000000000000e+00 2.041179021108159120e+01 3.054857715460820078e+00
5.000000000000000000e+00 6.400000000000000000e+01 1.000000000000000000e+00 1.933103140333194503e+01 2.613131506776828594e+00
5.000000000000000000e+00 1.280000000000000000e+02 1.000000000000000000e+00 1.908132592069658173e+01 2.550382995975892353e+00
