5.000000000000000000e+00 6.250000000000000000e-02 1.000000000000000000e+00 3.863876432687727291e+00 6.367427801887612926e-01
5.000000000000000000e+00 1.250000000000000000e-01 1.000000000000000000e+00 4.258388392360984653e+01 6.615686935814657943e+00
5.000000000000000000e+00 2.500000000000000000e-01 1.000000000000000000e+00 7.519120528442844886e+01 5.276217194991554393e+00
5.000000000000000000e+00 5.000000000000000000e-01 1.000000000000000000e+00 6.884962886654446379e+01 8.778631173572939872e+00
5.000000000000000000e+00 1.000000000000000000e+00 1.000000000000000000e+00 4.296979851221536961e+01 1.185429059934930507e+01
5.000000000000000000e+00 2.000000000000000000e+00 1.000000000000000000e+00 3.026552935425493018e+01 1.033913838425416998e+01
5.000000000000000000e+00 4.000000000000000000e+00 1.000000000000000000e+00 2.626543549723026061e+01 8.440418247882240266e+00
5.000000000000000000e+00 8.000000000000000000e+00 1.000000000000000000e+00 2.398457501393443891e+01 5.004291732263155268e+00
5.000000000000000000e+00 1.600000000000000000e+01 1.000000000000000000e+00 2.181894851286050496e+01 3.376771695947725416e+00
5.000000000000000000e+00 3.200000000000000000e+01 1.000000000000000000e+00 2.074900280588093793e+01 2.606349212467241383e+00
5.000000000000000000e+00 6.400000000000000000e+01 1.000000000000000000e+00 2.075837859343792502e+01 2.036113591468380335e+00
5.000000000000000000e+00 1.280000000000000000e+02 1.000000000000000000e+00 1.923771823127966485e+01 1.972090043386879099e+00
