5.000000000000000000e+00 6.250000000000000000e-02 1.000000000000000000e+00 3.701479180794543744e+00 3.567707258620764210e-01
5.000000000000000000e+00 1.250000000000000000e-01 1.000000000000000000e+00 4.126889648856052162e+01 7.987853122416140650e+00
5.000000000000000000e+00 2.500000000000000000e-01 1.000000000000000000e+00 8.165565243509369964e+01 6.731314493813361999e+00
5.000000000000000000e+00 5.000000000000000000e-01 1.000000000000000000e+00 7.996940213059434654e+01 9.672212415137311226e+00
5.000000000000000000e+00 1.000000000000000000e+00 1.000000000000000000e+00 5.289259520930041703e+01 1.247170064974828030e+01
5.000000000000000000e+00 2.000000000000000000e+00 1.000000000000000000e+00 3.976629442317702257e+01 1.353473998142987611e+01
5.000000000000000000e+00 4.000000000000000000e+00 1.000000000000000000e+00 3.592355322527277650e+01 1.287158797841559910e+01
5.000000000000000000e+00 8.000000000000000000e+00 1.000000000000000000e+00 3.299418592503932501e+01 6.530952821472901348e+00
5.000000000000000000e+00 1.600000000000000000e+01 1.000000000000000000e+00 3.018147774010223117e+01 3.744493841532575917e+00
5.000000000000000000e+00 3.200000000000000000e+01 1.000000000000000000e+00 2.917954982067707803e+01 2.791424977193419199e+00
5.000000000000000000e+00 6.400000000000000000e+01 1.000000000000000000e+00 2.928801152854311951e+01 2.597579410531265953e+00
5.000000000000000000e+00 1.280000000000000000e+02 1.000000000000000000e+00 2.730564368602447445e+01 2.258916720969835534e+00
