5.000000000000000000e+00 6.250000000000000000e-02 1.000000000000000000e+00 2.053469198114664884e+00 9.988700250450937013e-01
5.000000000000000000e+00 1.250000000000000000e-01 1.000000000000000000e+00 3.978765488976519293e+01 7.138758871520660243e+00
5.000000000000000000e+00 2.500000000000000000e-01 1.000000000000000000e+00 6.798295516642500047e+01 8.252616063839075977e+00
5.000000000000000000e+00 5.000000000000000000e-01 1.000000000000000000e+00 5.502873554126915678e+01 8.094705396752381432e+00
5.000000000000000000e+00 1.000000000000000000e+00 1.000000000000000000e+00 3.088070247991827699e+01 5.590538256328160927e+00
5.000000000000000000e+00 2.000000000000000000e+00 1.000000000000000000e+00 2.192495385360906823e+01 3.935443538026528909e+00
5.000000000000000000e+00 4.000000000000000000e+00 1.000000000000000000e+00 2.038654019507328030e+01 4.276846199402103643e+00
5.000000000000000000e+00 8.000000000000000000e+00 1.000000000000000000e+00 1.837153734089330115e+01 4.004760970928476382e+00
5.000000000000000000e+00 1.600000000000000000e+01 1.000000000000000000e+00 1.647980909583102971e+01 3.518547334311927344e+00
5.000000000000000000e+00 3.200000000000000000e+01 1.000000000000000000e+00 1.589398036265604830e+01 2.832176595042708911e+00
5.000000000000000000e+00 6.400000000000000000e+01 1.000000000000000000e+00 1.490804370397745515e+01 2.184594373591491667e+00
5.000000000000000000e+00 1.280000000000000000e+02 1.000000000000000000e+00 1.481307288777394149e+01 2.208614374521987056e+00
