5.000000000000000000e+00 6.250000000000000000e-02 1.000000000000000000e+00 1.925837600403865979e+00 8.988192555541009154e-01
5.000000000000000000e+00 1.250000000000000000e-01 1.000000000000000000e+00 3.842903810435885958e+01 5.865605858330209976e+00
5.000000000000000000e+00 2.500000000000000000e-01 1.000000000000000000e+00 6.811518522418762700e+01 5.078211564914508536e+00
5.000000000000000000e+00 5.000000000000000000e-01 1.000000000000000000e+00 6.214034816601230204e+01 8.162307142718242758e+00
5.000000000000000000e+00 1.000000000000000000e+00 1.000000000000000000e+00 3.731439597767921867e+01 1.122503679862193771e+01
5.000000000000000000e+00 2.000000000000000000e+00 1.000000000000000000e+00 2.497394920029204357e+01 8.459044268939296174e+00
5.000000000000000000e+00 4.000000000000000000e+00 1.000000000000000000e+00 2.071943599169959427e+01 6.151634032395018714e+00
5.000000000000000000e+00 8.000000000000000000e+00 1.000000000000000000e+00 1.893763655875156715e+01 4.518907827787135290e+00
5.000000000000000000e+00 1.600000000000000000e+01 1.000000000000000000e+00 1.720368696182141122e+01 3.355797203767546311e+00
5.000000000000000000e+00 3.200000000000000000e+01 1.000000000000000000e+00 1.618872404741426152e+01 2.584470711161729106e+00
5.000000000000000000e+00 6.400000000000000000e+01 1.000000000000000000e+00 1.589236142875917679e+01 1.816519477457454013e+00
5.000000000000000000e+00 1.280000000000000000e+02 1.000000000000000000e+00 1.477729293483168682e+01 1.724916307000572413e+00
