5.000000000000000000e+00 7.812500000000000000e-03 8.900000000000000133e-01 4.729837406771947528e+00 1.263356413630056796e+00
5.000000000000000000e+00 8.373230176064788352e-03 8.900000000000000133e-01 5.146032331159648976e+00 9.570181565399662471e-01
5.000000000000000000e+00 8.974205898414331500e-03 8.900000000000000133e-01 4.759538371000570756e+00 1.066224289465955710e+00
5.000000000000000000e+00 9.618315729257151739e-03 8.900000000000000133e-01 5.070198339546180044e+00 9.193295760535424854e-01
5.000000000000000000e+00 1.030865555291322552e-02 8.900000000000000133e-01 4.472337131612194483e+00 1.395270215183077811e+00
5.000000000000000000e+00 1.104854345603979195e-02 8.900000000000000133e-01 4.611747403104653920e+00 9.907319094923250358e-01
5.000000000000000000e+00 1.184153567586246694e-02 8.900000000000000133e-01 4.463334287594054928e+00 1.190673114982065295e+00
5.000000000000000000e+00 1.269144369306615845e-02 8.900000000000000133e-01 4.314441894754749818e+00 1.156801115770199617e+00
5.000000000000000000e+00 1.360235255150191343e-02 8.900000000000000133e-01 3.838575844850854679e+00 1.154693979260015713e+00
5.000000000000000000e+00 1.457864049276258282e-02 8.900000000000000133e-01 3.638160645684530348e+00 1.052623011838510703e+00
5.000000000000000000e+00 1.562499999999996184e-02 8.900000000000000133e-01 3.473677174874420182e+00 1.100781033614212090e+00
5.000000000000000000e+00 1.674646035212953507e-02 8.900000000000000133e-01 3.257658819293101082e+00 1.089219889064503066e+00
5.000000000000000000e+00 1.794841179682861790e-02 8.900000000000000133e-01 2.962342896433907136e+00 9.883548602202159028e-01
5.000000000000000000e+00 1.923663145851425491e-02 8.900000000000000133e-01 2.810428556802570199e+00 9.725611926317727640e-01
5.000000000000000000e+00 2.061731110582640247e-02 8.900000000000000133e-01 2.593215065570034117e+00 9.053897852221128861e-01
5.000000000000000000e+00 2.209708691207952838e-02 8.900000000000000133e-01 2.435281367974930333e+00 8.845998531064817039e-01
5.000000000000000000e+00 2.368307135172487837e-02 8.900000000000000133e-01 2.262641075300352078e+00 8.575881170035727363e-01
5.000000000000000000e+00 2.538288738613225445e-02 8.900000000000000133e-01 2.116933863118671155e+00 8.386929886949676671e-01
5.000000000000000000e+00 2.720470510300375747e-02 8.900000000000000133e-01 1.968560005662689516e+00 8.042090983378000768e-01
5.000000000000000000e+00 2.915728098552509626e-02 8.900000000000000133e-01 1.845990648371772069e+00 8.409742796226350459e-01
5.000000000000000000e+00 3.124999999999984734e-02 8.900000000000000133e-01 1.735454879065328582e+00 8.836397705400067526e-01
5.000000000000000000e+00 3.349292070425898687e-02 8.900000000000000133e-01 1.640079807433778569e+00 9.227727596070754990e-01
5.000000000000000000e+00 3.589682359365715253e-02 8.900000000000000133e-01 1.536909822743747212e+00 8.796368327754499061e-01
5.000000000000000000e+00 3.847326291702841267e-02 8.900000000000000133e-01 1.455170610257993546e+00 8.641299261653612174e-01
5.000000000000000000e+00 4.123462221165270086e-02 8.900000000000000133e-01 1.384108810352991270e+00 8.237528674807825801e-01
5.000000000000000000e+00 4.419417382415894574e-02 8.900000000000000133e-01 1.326226093000306028e+00 7.745304104125062539e-01
5.000000000000000000e+00 4.736614270344963878e-02 8.900000000000000133e-01 1.272178847409872526e+00 6.945249820847319011e-01
5.000000000000000000e+00 5.076577477226438401e-02 8.900000000000000133e-01 1.233006039806294307e+00 6.269837676753606814e-01
5.000000000000000000e+00 5.440941020600738309e-02 8.900000000000000133e-01 1.201559377813003815e+00 5.607200315841215366e-01
5.000000000000000000e+00 5.831456197105004680e-02 8.900000000000000133e-01 1.177609863723359629e+00 5.044310402607283805e-01
5.000000000000000000e+00 6.249999999999953509e-02 8.900000000000000133e-01 1.158304866684268575e+00 4.547317085751276244e-01
5.000000000000000000e+00 6.698584140851780722e-02 8.900000000000000133e-01 1.142698282878475080e+00 4.122390682477585222e-01
5.000000000000000000e+00 7.179364718731412465e-02 8.900000000000000133e-01 1.130603600074431503e+00 3.783139368057267804e-01
5.000000000000000000e+00 7.694652583405664492e-02 8.900000000000000133e-01 1.116180675011393619e+00 3.364902699495315175e-01
5.000000000000000000e+00 8.246924442330520744e-02 8.900000000000000133e-01 1.101770565961434967e+00 2.942518858411257154e-01
5.000000000000000000e+00 8.838834764831768331e-02 8.900000000000000133e-01 1.086017040724559957e+00 2.477489905867707176e-01
5.000000000000000000e+00 9.473228540689904165e-02 8.900000000000000133e-01 1.072421316033976613e+00 2.075563057307320547e-01
5.000000000000000000e+00 1.015315495445285182e-01 8.900000000000000133e-01 1.058759524428749765e+00 1.670395438134350541e-01
5.000000000000000000e+00 1.088188204120145025e-01 8.900000000000000133e-01 1.047781622136817692e+00 1.344725120052499556e-01
5.000000000000000000e+00 1.166291239420998022e-01 8.900000000000000133e-01 1.039045803215101538e+00 1.085572110093263321e-01
5.000000000000000000e+00 1.249999999999987649e-01 8.900000000000000133e-01 1.032153213534772185e+00 8.812299470896478581e-02
5.000000000000000000e+00 1.339716828170352814e-01 8.900000000000000133e-01 1.027084260577276975e+00 7.313491158602407338e-02
5.000000000000000000e+00 1.435872943746278885e-01 8.900000000000000133e-01 1.023039270796702205e+00 6.121256879789252481e-02
5.000000000000000000e+00 1.538930516681129013e-01 8.900000000000000133e-01 1.020165442041336856e+00 5.280989880344064830e-02
5.000000000000000000e+00 1.649384888466099985e-01 8.900000000000000133e-01 1.017170197044754421e+00 4.405814141024075314e-02
5.000000000000000000e+00 1.767766952966349225e-01 8.900000000000000133e-01 1.013918964749486840e+00 3.455865420724023307e-02
5.000000000000000000e+00 1.894645708137976114e-01 8.900000000000000133e-01 1.010698896754800735e+00 2.517617746209816279e-02
5.000000000000000000e+00 2.030630990890565368e-01 8.900000000000000133e-01 1.008193637115909702e+00 1.796174685670934995e-02
5.000000000000000000e+00 2.176376408240284499e-01 8.900000000000000133e-01 1.006666828340843978e+00 1.370169303919558865e-02
5.000000000000000000e+00 2.332582478841990492e-01 8.900000000000000133e-01 1.005587243689301191e+00 1.079859344082362109e-02
5.000000000000000000e+00 2.499999999999969191e-01 8.900000000000000133e-01 1.004578001622796313e+00 8.116954091540463587e-03
5.000000000000000000e+00 2.679433656340699521e-01 8.900000000000000133e-01 1.003732238336542348e+00 5.921752708718046668e-03
5.000000000000000000e+00 2.871745887492550553e-01 8.900000000000000133e-01 1.003312676940742110e+00 4.966123898539702951e-03
5.000000000000000000e+00 3.077861033362250809e-01 8.900000000000000133e-01 1.003220770113056215e+00 4.912865774387012614e-03
5.000000000000000000e+00 3.298769776932191644e-01 8.900000000000000133e-01 1.003228487011484926e+00 5.021920500735109656e-03
5.000000000000000000e+00 3.535533905932689569e-01 8.900000000000000133e-01 1.003386077632620665e+00 5.326853614185269800e-03
5.000000000000000000e+00 3.789291416275942792e-01 8.900000000000000133e-01 1.003722140473351843e+00 5.714273371532067880e-03
5.000000000000000000e+00 4.061261981781120745e-01 8.900000000000000133e-01 1.004265634413360253e+00 5.910657513793848329e-03
5.000000000000000000e+00 4.352752816480558451e-01 8.900000000000000133e-01 1.005192000840559929e+00 5.823736623531691921e-03
5.000000000000000000e+00 4.665164957683969327e-01 8.900000000000000133e-01 1.006881793486261945e+00 5.686019106761633010e-03
5.000000000000000000e+00 4.999999999999926170e-01 8.900000000000000133e-01 1.010079986120607121e+00 6.919971977379103453e-03
5.000000000000000000e+00 5.358867312681385719e-01 8.900000000000000133e-01 1.016155610600698367e+00 1.237410506016934676e-02
5.000000000000000000e+00 5.743491774985087783e-01 8.900000000000000133e-01 1.026668800305726714e+00 2.395235559410587717e-02
5.000000000000000000e+00 6.155722066724486075e-01 8.900000000000000133e-01 1.041488213379301975e+00 4.037200593185107100e-02
5.000000000000000000e+00 6.597539553864367745e-01 8.900000000000000133e-01 1.057620303647546667e+00 5.516442655776414294e-02
5.000000000000000000e+00 7.071067811865362485e-01 8.900000000000000133e-01 1.073113950379191328e+00 6.210690279521096507e-02
5.000000000000000000e+00 7.578582832551866710e-01 8.900000000000000133e-01 1.087826834731163927e+00 6.639167143080966504e-02
5.000000000000000000e+00 8.122523963562221505e-01 8.900000000000000133e-01 1.106319754723609883e+00 7.917211360864064018e-02
5.000000000000000000e+00 8.705505632961095808e-01 8.900000000000000133e-01 1.126170312075112978e+00 9.319572212189310145e-02
5.000000000000000000e+00 9.330329915367915339e-01 8.900000000000000133e-01 1.142094369608837701e+00 1.092523944566235472e-01
5.000000000000000000e+00 9.999999999999827915e-01 8.900000000000000133e-01 1.154811219531724831e+00 1.218351828698142486e-01
5.000000000000000000e+00 1.071773462536274479e+00 8.900000000000000133e-01 1.169321179937851785e+00 1.365884386819455343e-01
5.000000000000000000e+00 1.148698354997014670e+00 8.900000000000000133e-01 1.178284473226575813e+00 1.456132570855088182e-01
5.000000000000000000e+00 1.231144413344894106e+00 8.900000000000000133e-01 1.174805226770011313e+00 1.362919947310000934e-01
5.000000000000000000e+00 1.319507910772870218e+00 8.900000000000000133e-01 1.162228709411635919e+00 1.147191712455436080e-01
5.000000000000000000e+00 1.414213562373068944e+00 8.900000000000000133e-01 1.152486265005332466e+00 9.485952688489307505e-02
5.000000000000000000e+00 1.515716566510369789e+00 8.900000000000000133e-01 1.147880495714597604e+00 8.449785485822694509e-02
5.000000000000000000e+00 1.624504792712440304e+00 8.900000000000000133e-01 1.149299076909842565e+00 9.876902475232098022e-02
5.000000000000000000e+00 1.741101126592214943e+00 8.900000000000000133e-01 1.152067934279880967e+00 1.107190481185691272e-01
5.000000000000000000e+00 1.866065983073578627e+00 8.900000000000000133e-01 1.166994884549052980e+00 1.326997303286826246e-01
5.000000000000000000e+00 1.999999999999960698e+00 8.900000000000000133e-01 1.163834367706406692e+00 1.231839155248813655e-01
5.000000000000000000e+00 2.143546925072543630e+00 8.900000000000000133e-01 1.157452373064738804e+00 1.031732206400134272e-01
5.000000000000000000e+00 2.297396709994023567e+00 8.900000000000000133e-01 1.174355138536601562e+00 1.225119135612496718e-01
5.000000000000000000e+00 2.462288826689782439e+00 8.900000000000000133e-01 1.181617392709463976e+00 1.495317910700198483e-01
5.000000000000000000e+00 2.639015821545733775e+00 8.900000000000000133e-01 1.183238389817502290e+00 1.478729229016826074e-01
5.000000000000000000e+00 2.828427124746130783e+00 8.900000000000000133e-01 1.176841033292638450e+00 1.355738954361441206e-01
5.000000000000000000e+00 3.031433133020732029e+00 8.900000000000000133e-01 1.166572248026547687e+00 1.218302006587951986e-01
5.000000000000000000e+00 3.249009585424872615e+00 8.900000000000000133e-01 1.197391459685652304e+00 2.042085787139913122e-01
5.000000000000000000e+00 3.482202253184421004e+00 8.900000000000000133e-01 1.186249007835924019e+00 1.822119122290711268e-01
5.000000000000000000e+00 3.732131966147147928e+00 8.900000000000000133e-01 1.146100298968071529e+00 8.934672179639335798e-02
5.000000000000000000e+00 3.999999999999911182e+00 8.900000000000000133e-01 1.119691219338513344e+00 4.347334296235660922e-02
5.000000000000000000e+00 4.287093850145076601e+00 8.900000000000000133e-01 1.144495494845896078e+00 1.199483120164039074e-01
5.000000000000000000e+00 4.594793419988035588e+00 8.900000000000000133e-01 1.133595327078308568e+00 5.724739777356867287e-02
5.000000000000000000e+00 4.924577653379552444e+00 8.900000000000000133e-01 1.153190403038956813e+00 6.092768662100692123e-02
5.000000000000000000e+00 5.278031643091455116e+00 8.900000000000000133e-01 1.140342617863732588e+00 1.103508080096082256e-01
5.000000000000000000e+00 5.656854249492248243e+00 8.900000000000000133e-01 1.122705466480546033e+00 7.134710473923390472e-02
5.000000000000000000e+00 6.062866266041448959e+00 8.900000000000000133e-01 1.153917974614387942e+00 6.984768055151734101e-02
5.000000000000000000e+00 6.498019170849729242e+00 8.900000000000000133e-01 1.139873908053582685e+00 6.083399658855113273e-02
5.000000000000000000e+00 6.964404506368825132e+00 8.900000000000000133e-01 1.130548659533366251e+00 5.325664107769575994e-02
5.000000000000000000e+00 7.464263932294277204e+00 8.900000000000000133e-01 1.153590070815555091e+00 5.413108103367825219e-02
5.000000000000000000e+00 7.999999999999802824e+00 8.900000000000000133e-01 1.132279176140513766e+00 5.720494310632678880e-02
5.000000000000000000e+00 8.574187700290131886e+00 8.900000000000000133e-01 1.153290488322963991e+00 9.342640110490858796e-02
5.000000000000000000e+00 9.189586839976049859e+00 8.900000000000000133e-01 1.141307804400673698e+00 7.435229152791376916e-02
5.000000000000000000e+00 9.849155306759080020e+00 8.900000000000000133e-01 1.182647157770309931e+00 1.014703706007645118e-01
5.000000000000000000e+00 1.055606328618288359e+01 8.900000000000000133e-01 1.212115907732845610e+00 1.224257974879066069e-01
5.000000000000000000e+00 1.131370849898446806e+01 8.900000000000000133e-01 1.170568134283068717e+00 9.780987896224652145e-02
5.000000000000000000e+00 1.212573253208286772e+01 8.900000000000000133e-01 1.155975964630275632e+00 5.877470901287491084e-02
5.000000000000000000e+00 1.299603834169942651e+01 8.900000000000000133e-01 1.185209736584762696e+00 9.722175133005150904e-02
5.000000000000000000e+00 1.392880901273761651e+01 8.900000000000000133e-01 1.159192474461079314e+00 1.033477374225731521e-01
5.000000000000000000e+00 1.492852786458851710e+01 8.900000000000000133e-01 1.141519574467166898e+00 8.014042329659194774e-02
5.000000000000000000e+00 1.599999999999956657e+01 8.900000000000000133e-01 1.170094690680183458e+00 1.478886886311023274e-01
5.000000000000000000e+00 1.714837540058022114e+01 8.900000000000000133e-01 1.151985532109048416e+00 8.545489851130121106e-02
5.000000000000000000e+00 1.837917367995205353e+01 8.900000000000000133e-01 1.178625169417355067e+00 8.292223789769503917e-02
5.000000000000000000e+00 1.969831061351811385e+01 8.900000000000000133e-01 1.149522614873566662e+00 1.120427145177939898e-01
5.000000000000000000e+00 2.111212657236571388e+01 8.900000000000000133e-01 1.148332689024805786e+00 7.401539910400348199e-02
5.000000000000000000e+00 2.262741699796887929e+01 8.900000000000000133e-01 1.126503323765870590e+00 5.169433832846444254e-02
5.000000000000000000e+00 2.425146506416567505e+01 8.900000000000000133e-01 1.132345886482017949e+00 4.664483477812524786e-02
5.000000000000000000e+00 2.599207668339878907e+01 8.900000000000000133e-01 1.192261782726660835e+00 1.443351940920189758e-01
5.000000000000000000e+00 2.785761802547516197e+01 8.900000000000000133e-01 1.162206963999732778e+00 1.146672552152813718e-01
5.000000000000000000e+00 2.985705572917696315e+01 8.900000000000000133e-01 1.150530661583254455e+00 6.346874006680588987e-02
5.000000000000000000e+00 3.199999999999905498e+01 8.900000000000000133e-01 1.150316037820241721e+00 8.594960124143966040e-02
