1.000000000000000000e+00 6.250000000000000000e-02 0.000000000000000000e+00 1.021793514779820722e+00 0.000000000000000000e+00
1.000000000000000000e+00 6.698584140851832069e-02 0.000000000000000000e+00 1.016874389585674887e+00 0.000000000000000000e+00
1.000000000000000000e+00 7.179364718731469364e-02 0.000000000000000000e+00 1.013304384930401092e+00 0.000000000000000000e+00
1.000000000000000000e+00 7.694652583405728330e-02 0.000000000000000000e+00 1.010825688999659633e+00 0.000000000000000000e+00
1.000000000000000000e+00 8.246924442330591520e-02 0.000000000000000000e+00 1.008949059152117522e+00 0.000000000000000000e+00
1.000000000000000000e+00 8.838834764831847435e-02 0.000000000000000000e+00 1.007519011972387579e+00 0.000000000000000000e+00
1.000000000000000000e+00 9.473228540689991595e-02 0.000000000000000000e+00 1.006341815312213006e+00 0.000000000000000000e+00
1.000000000000000000e+00 1.015315495445294897e-01 0.000000000000000000e+00 1.005318715393224149e+00 0.000000000000000000e+00
1.000000000000000000e+00 1.088188204120155711e-01 0.000000000000000000e+00 1.004501197110049038e+00 0.000000000000000000e+00
1.000000000000000000e+00 1.166291239421009956e-01 0.000000000000000000e+00 1.003774957956017566e+00 0.000000000000000000e+00
1.000000000000000000e+00 1.250000000000000833e-01 0.000000000000000000e+00 1.003110606085338752e+00 0.000000000000000000e+00
1.000000000000000000e+00 1.339716828170367247e-01 0.000000000000000000e+00 1.002536375087641485e+00 0.000000000000000000e+00
1.000000000000000000e+00 1.435872943746294705e-01 0.000000000000000000e+00 1.002033278404348415e+00 0.000000000000000000e+00
1.000000000000000000e+00 1.538930516681146499e-01 0.000000000000000000e+00 1.001599329431054120e+00 0.000000000000000000e+00
1.000000000000000000e+00 1.649384888466119137e-01 0.000000000000000000e+00 1.001200612237989729e+00 0.000000000000000000e+00
1.000000000000000000e+00 1.767766952966370320e-01 0.000000000000000000e+00 1.000878385006703342e+00 0.000000000000000000e+00
1.000000000000000000e+00 1.894645708137999429e-01 0.000000000000000000e+00 1.000603764537173479e+00 0.000000000000000000e+00
1.000000000000000000e+00 2.030630990890590903e-01 0.000000000000000000e+00 1.000386962199685703e+00 0.000000000000000000e+00
1.000000000000000000e+00 2.176376408240312810e-01 0.000000000000000000e+00 1.000233894331591156e+00 0.000000000000000000e+00
1.000000000000000000e+00 2.332582478842021301e-01 0.000000000000000000e+00 1.000128202836242597e+00 0.000000000000000000e+00
1.000000000000000000e+00 2.500000000000003331e-01 0.000000000000000000e+00 1.000065978043566783e+00 0.000000000000000000e+00
1.000000000000000000e+00 2.679433656340736158e-01 0.000000000000000000e+00 1.000033168146419404e+00 0.000000000000000000e+00
1.000000000000000000e+00 2.871745887492591631e-01 0.000000000000000000e+00 1.000020258879291690e+00 0.000000000000000000e+00
1.000000000000000000e+00 3.077861033362295218e-01 0.000000000000000000e+00 1.000020739568301398e+00 0.000000000000000000e+00
1.000000000000000000e+00 3.298769776932240494e-01 0.000000000000000000e+00 1.000029553440948016e+00 0.000000000000000000e+00
1.000000000000000000e+00 3.535533905932742860e-01 0.000000000000000000e+00 1.000046834787613692e+00 0.000000000000000000e+00
1.000000000000000000e+00 3.789291416276001079e-01 0.000000000000000000e+00 1.000077050101775722e+00 0.000000000000000000e+00
1.000000000000000000e+00 4.061261981781184582e-01 0.000000000000000000e+00 1.000126912568126469e+00 0.000000000000000000e+00
1.000000000000000000e+00 4.352752816480628395e-01 0.000000000000000000e+00 1.000210901978447087e+00 0.000000000000000000e+00
1.000000000000000000e+00 4.665164957684045377e-01 0.000000000000000000e+00 1.000346985287710933e+00 0.000000000000000000e+00
1.000000000000000000e+00 5.000000000000008882e-01 0.000000000000000000e+00 1.000585590741337016e+00 0.000000000000000000e+00
1.000000000000000000e+00 5.358867312681475648e-01 0.000000000000000000e+00 1.001022701082723954e+00 0.000000000000000000e+00
1.000000000000000000e+00 5.743491774985186593e-01 0.000000000000000000e+00 1.001838904280123010e+00 0.000000000000000000e+00
1.000000000000000000e+00 6.155722066724593766e-01 0.000000000000000000e+00 1.003403383485071299e+00 0.000000000000000000e+00
1.000000000000000000e+00 6.597539553864485429e-01 0.000000000000000000e+00 1.006634154439304263e+00 0.000000000000000000e+00
1.000000000000000000e+00 7.071067811865490160e-01 0.000000000000000000e+00 1.013442228126756550e+00 0.000000000000000000e+00
1.000000000000000000e+00 7.578582832552007709e-01 0.000000000000000000e+00 1.027741316445792030e+00 0.000000000000000000e+00
1.000000000000000000e+00 8.122523963562373606e-01 0.000000000000000000e+00 1.065518233555383221e+00 0.000000000000000000e+00
1.000000000000000000e+00 8.705505632961261231e-01 0.000000000000000000e+00 1.150034183114102326e+00 0.000000000000000000e+00
1.000000000000000000e+00 9.330329915368096305e-01 0.000000000000000000e+00 1.290409845769452390e+00 0.000000000000000000e+00
1.000000000000000000e+00 1.000000000000002442e+00 0.000000000000000000e+00 1.409201362911055133e+00 0.000000000000000000e+00
1.000000000000000000e+00 1.071773462536295574e+00 0.000000000000000000e+00 1.393753829580940851e+00 0.000000000000000000e+00
1.000000000000000000e+00 1.148698354997037985e+00 0.000000000000000000e+00 1.279390786603726404e+00 0.000000000000000000e+00
1.000000000000000000e+00 1.231144413344919863e+00 0.000000000000000000e+00 1.156384774044453279e+00 0.000000000000000000e+00
1.000000000000000000e+00 1.319507910772897752e+00 0.000000000000000000e+00 1.079066391391287461e+00 0.000000000000000000e+00
1.000000000000000000e+00 1.414213562373098476e+00 0.000000000000000000e+00 1.049809179679487059e+00 0.000000000000000000e+00
1.000000000000000000e+00 1.515716566510402430e+00 0.000000000000000000e+00 1.043865257117783552e+00 0.000000000000000000e+00
1.000000000000000000e+00 1.624504792712476275e+00 0.000000000000000000e+00 1.033893676490037050e+00 0.000000000000000000e+00
1.000000000000000000e+00 1.741101126592253356e+00 0.000000000000000000e+00 1.019605628279424137e+00 0.000000000000000000e+00
1.000000000000000000e+00 1.866065983073619927e+00 0.000000000000000000e+00 1.009467039943519717e+00 0.000000000000000000e+00
1.000000000000000000e+00 2.000000000000006217e+00 0.000000000000000000e+00 1.007253365690289337e+00 0.000000000000000000e+00
1.000000000000000000e+00 2.143546925072593812e+00 0.000000000000000000e+00 1.013409612246231939e+00 0.000000000000000000e+00
1.000000000000000000e+00 2.297396709994077302e+00 0.000000000000000000e+00 1.023580854990292499e+00 0.000000000000000000e+00
1.000000000000000000e+00 2.462288826689839727e+00 0.000000000000000000e+00 1.014347617770885224e+00 0.000000000000000000e+00
1.000000000000000000e+00 2.639015821545797280e+00 0.000000000000000000e+00 1.018389324790898831e+00 0.000000000000000000e+00
1.000000000000000000e+00 2.828427124746200505e+00 0.000000000000000000e+00 1.021854613213277085e+00 0.000000000000000000e+00
1.000000000000000000e+00 3.031433133020806636e+00 0.000000000000000000e+00 1.013274753189554511e+00 0.000000000000000000e+00
1.000000000000000000e+00 3.249009585424952551e+00 0.000000000000000000e+00 1.019640500314198395e+00 0.000000000000000000e+00
1.000000000000000000e+00 3.482202253184508933e+00 0.000000000000000000e+00 1.022319462139066548e+00 0.000000000000000000e+00
1.000000000000000000e+00 3.732131966147244295e+00 0.000000000000000000e+00 1.104362613612986488e+00 0.000000000000000000e+00
1.000000000000000000e+00 4.000000000000015099e+00 0.000000000000000000e+00 1.540393037142673283e+00 0.000000000000000000e+00
1.000000000000000000e+00 4.287093850145187623e+00 0.000000000000000000e+00 1.535014396449729368e+00 0.000000000000000000e+00
1.000000000000000000e+00 4.594793419988157268e+00 0.000000000000000000e+00 1.060899846085876286e+00 0.000000000000000000e+00
1.000000000000000000e+00 4.924577653379685671e+00 0.000000000000000000e+00 1.020587967831531273e+00 0.000000000000000000e+00
1.000000000000000000e+00 5.278031643091598113e+00 0.000000000000000000e+00 1.007780700834396637e+00 0.000000000000000000e+00
1.000000000000000000e+00 5.656854249492401010e+00 0.000000000000000000e+00 1.037426355461665173e+00 0.000000000000000000e+00
1.000000000000000000e+00 6.062866266041616825e+00 0.000000000000000000e+00 1.131279447031191987e+00 0.000000000000000000e+00
1.000000000000000000e+00 6.498019170849913095e+00 0.000000000000000000e+00 1.092157425304099760e+00 0.000000000000000000e+00
1.000000000000000000e+00 6.964404506369022307e+00 0.000000000000000000e+00 1.033672881643023400e+00 0.000000000000000000e+00
1.000000000000000000e+00 7.464263932294488590e+00 0.000000000000000000e+00 1.040378701578285936e+00 0.000000000000000000e+00
1.000000000000000000e+00 8.000000000000033751e+00 0.000000000000000000e+00 1.034901425151062204e+00 0.000000000000000000e+00
1.000000000000000000e+00 8.574187700290385905e+00 0.000000000000000000e+00 1.027799197098502759e+00 0.000000000000000000e+00
1.000000000000000000e+00 9.189586839976321642e+00 0.000000000000000000e+00 1.259706723327187916e+00 0.000000000000000000e+00
1.000000000000000000e+00 9.849155306759371342e+00 0.000000000000000000e+00 1.075401125368755206e+00 0.000000000000000000e+00
1.000000000000000000e+00 1.055606328618320155e+01 0.000000000000000000e+00 1.012439384005378695e+00 0.000000000000000000e+00
1.000000000000000000e+00 1.131370849898481623e+01 0.000000000000000000e+00 1.104614425069353034e+00 0.000000000000000000e+00
1.000000000000000000e+00 1.212573253208324076e+01 0.000000000000000000e+00 1.055831271473007593e+00 0.000000000000000000e+00
1.000000000000000000e+00 1.299603834169982619e+01 0.000000000000000000e+00 1.046979630483688029e+00 0.000000000000000000e+00
1.000000000000000000e+00 1.392880901273805350e+01 0.000000000000000000e+00 1.046724576541020246e+00 0.000000000000000000e+00
1.000000000000000000e+00 1.492852786458899672e+01 0.000000000000000000e+00 1.073778232318644887e+00 0.000000000000000000e+00
1.000000000000000000e+00 1.600000000000007816e+01 0.000000000000000000e+00 1.034918719889401650e+00 0.000000000000000000e+00
1.000000000000000000e+00 1.714837540058077181e+01 0.000000000000000000e+00 1.061083438531551071e+00 0.000000000000000000e+00
1.000000000000000000e+00 1.837917367995264328e+01 0.000000000000000000e+00 1.141047032116582871e+00 0.000000000000000000e+00
1.000000000000000000e+00 1.969831061351876755e+01 0.000000000000000000e+00 1.085296126506226644e+00 0.000000000000000000e+00
1.000000000000000000e+00 2.111212657236641732e+01 0.000000000000000000e+00 1.033552718967000850e+00 0.000000000000000000e+00
1.000000000000000000e+00 2.262741699796963246e+01 0.000000000000000000e+00 1.023847891962405443e+00 0.000000000000000000e+00
1.000000000000000000e+00 2.425146506416651349e+01 0.000000000000000000e+00 1.045943819424905996e+00 0.000000000000000000e+00
1.000000000000000000e+00 2.599207668339968436e+01 0.000000000000000000e+00 1.027958247839269701e+00 0.000000000000000000e+00
1.000000000000000000e+00 2.785761802547612476e+01 0.000000000000000000e+00 1.130346487870178995e+00 0.000000000000000000e+00
1.000000000000000000e+00 2.985705572917799344e+01 0.000000000000000000e+00 1.159208312426364573e+00 0.000000000000000000e+00
1.000000000000000000e+00 3.200000000000015632e+01 0.000000000000000000e+00 1.029433849126610401e+00 0.000000000000000000e+00
1.000000000000000000e+00 3.429675080116158625e+01 0.000000000000000000e+00 1.019611980527075135e+00 0.000000000000000000e+00
1.000000000000000000e+00 3.675834735990532920e+01 0.000000000000000000e+00 1.041752607414344389e+00 0.000000000000000000e+00
1.000000000000000000e+00 3.939662122703753511e+01 0.000000000000000000e+00 1.058241824384299701e+00 0.000000000000000000e+00
1.000000000000000000e+00 4.222425314473288438e+01 0.000000000000000000e+00 1.054942379994170842e+00 0.000000000000000000e+00
1.000000000000000000e+00 4.525483399593932177e+01 0.000000000000000000e+00 1.044137468353873555e+00 0.000000000000000000e+00
1.000000000000000000e+00 4.850293012833302697e+01 0.000000000000000000e+00 1.076940526539899468e+00 0.000000000000000000e+00
1.000000000000000000e+00 5.198415336679936871e+01 0.000000000000000000e+00 1.048729030708857035e+00 0.000000000000000000e+00
1.000000000000000000e+00 5.571523605095224951e+01 0.000000000000000000e+00 1.084652948712303333e+00 0.000000000000000000e+00
1.000000000000000000e+00 5.971411145835605794e+01 0.000000000000000000e+00 1.030056323335770907e+00 0.000000000000000000e+00
1.000000000000000000e+00 6.400000000000039790e+01 0.000000000000000000e+00 1.059674622725587323e+00 0.000000000000000000e+00
1.000000000000000000e+00 6.859350160232317251e+01 0.000000000000000000e+00 1.023532990903567530e+00 0.000000000000000000e+00
1.000000000000000000e+00 7.351669471981074366e+01 0.000000000000000000e+00 1.011931811756513477e+00 0.000000000000000000e+00
1.000000000000000000e+00 7.879324245407516969e+01 0.000000000000000000e+00 1.010571682411302685e+00 0.000000000000000000e+00
1.000000000000000000e+00 8.444850628946576876e+01 0.000000000000000000e+00 1.047311171743192437e+00 0.000000000000000000e+00
1.000000000000000000e+00 9.050966799187864353e+01 0.000000000000000000e+00 1.076918444917414508e+00 0.000000000000000000e+00
1.000000000000000000e+00 9.700586025666605394e+01 0.000000000000000000e+00 1.061562391061823485e+00 0.000000000000000000e+00
1.000000000000000000e+00 1.039683067335988653e+02 0.000000000000000000e+00 1.053880804902446844e+00 0.000000000000000000e+00
1.000000000000000000e+00 1.114304721019046269e+02 0.000000000000000000e+00 1.148730867812425727e+00 0.000000000000000000e+00
1.000000000000000000e+00 1.194282229167121159e+02 0.000000000000000000e+00 1.110878543898933923e+00 0.000000000000000000e+00
1.000000000000000000e+00 1.280000000000009379e+02 0.000000000000000000e+00 1.066425075852514004e+00 0.000000000000000000e+00
