5.000000000000000000e+00 7.812500000000000000e-03 7.099999999999999645e-01 4.928372087758828179e+00 1.237463796584420406e+00
5.000000000000000000e+00 8.373230176064788352e-03 7.099999999999999645e-01 4.901207830687071443e+00 1.180960173542999536e+00
5.000000000000000000e+00 8.974205898414331500e-03 7.099999999999999645e-01 4.520676551827891743e+00 1.246974923508473720e+00
5.000000000000000000e+00 9.618315729257151739e-03 7.099999999999999645e-01 4.228255337983888751e+00 1.205050037423881282e+00
5.000000000000000000e+00 1.030865555291322552e-02 7.099999999999999645e-01 3.797208685155129437e+00 1.377697359428523116e+00
5.000000000000000000e+00 1.104854345603979195e-02 7.099999999999999645e-01 3.554186150149183820e+00 1.198618361185791015e+00
5.000000000000000000e+00 1.184153567586246694e-02 7.099999999999999645e-01 3.223787300735159622e+00 1.203262551887028131e+00
5.000000000000000000e+00 1.269144369306615845e-02 7.099999999999999645e-01 2.804457869780154766e+00 1.069233325040015226e+00
5.000000000000000000e+00 1.360235255150191343e-02 7.099999999999999645e-01 2.618358137911942940e+00 9.678709018632839500e-01
5.000000000000000000e+00 1.457864049276258282e-02 7.099999999999999645e-01 2.404627195747489843e+00 9.535224054968033380e-01
5.000000000000000000e+00 1.562499999999996184e-02 7.099999999999999645e-01 2.187049374572491267e+00 8.526728108293107899e-01
5.000000000000000000e+00 1.674646035212953507e-02 7.099999999999999645e-01 2.056553164852688020e+00 8.805443484891894990e-01
5.000000000000000000e+00 1.794841179682861790e-02 7.099999999999999645e-01 1.875269022136951236e+00 7.893926310192808105e-01
5.000000000000000000e+00 1.923663145851425491e-02 7.099999999999999645e-01 1.758661964362807195e+00 7.622115888334001221e-01
5.000000000000000000e+00 2.061731110582640247e-02 7.099999999999999645e-01 1.657483151666308219e+00 7.112770518121437346e-01
5.000000000000000000e+00 2.209708691207952838e-02 7.099999999999999645e-01 1.596039506779372008e+00 7.690617364134189060e-01
5.000000000000000000e+00 2.368307135172487837e-02 7.099999999999999645e-01 1.496640024452808415e+00 6.781532508220399214e-01
5.000000000000000000e+00 2.538288738613225445e-02 7.099999999999999645e-01 1.408472777171175583e+00 6.025815095660363996e-01
5.000000000000000000e+00 2.720470510300375747e-02 7.099999999999999645e-01 1.352638158000641688e+00 5.726459213719538033e-01
5.000000000000000000e+00 2.915728098552509626e-02 7.099999999999999645e-01 1.295428637017278062e+00 5.247414677704707042e-01
5.000000000000000000e+00 3.124999999999984734e-02 7.099999999999999645e-01 1.230002821736609686e+00 4.328957138579699881e-01
5.000000000000000000e+00 3.349292070425898687e-02 7.099999999999999645e-01 1.202645360473643565e+00 4.283547010012809797e-01
5.000000000000000000e+00 3.589682359365715253e-02 7.099999999999999645e-01 1.153676347266539892e+00 3.374680058241710801e-01
5.000000000000000000e+00 3.847326291702841267e-02 7.099999999999999645e-01 1.119899214409148414e+00 2.779411771004655085e-01
5.000000000000000000e+00 4.123462221165270086e-02 7.099999999999999645e-01 1.093476621986234187e+00 2.270371110401650239e-01
5.000000000000000000e+00 4.419417382415894574e-02 7.099999999999999645e-01 1.073139315910419667e+00 1.851874779382018943e-01
5.000000000000000000e+00 4.736614270344963878e-02 7.099999999999999645e-01 1.057926742610264759e+00 1.515184610839077073e-01
5.000000000000000000e+00 5.076577477226438401e-02 7.099999999999999645e-01 1.047214841488358417e+00 1.266539958461112281e-01
5.000000000000000000e+00 5.440941020600738309e-02 7.099999999999999645e-01 1.039565184700913081e+00 1.077778386236587782e-01
5.000000000000000000e+00 5.831456197105004680e-02 7.099999999999999645e-01 1.033151784493251402e+00 9.080335970045333438e-02
5.000000000000000000e+00 6.249999999999953509e-02 7.099999999999999645e-01 1.028673264497830919e+00 7.857202676581405421e-02
5.000000000000000000e+00 6.698584140851780722e-02 7.099999999999999645e-01 1.024736563054493121e+00 6.741016682508139957e-02
5.000000000000000000e+00 7.179364718731412465e-02 7.099999999999999645e-01 1.021932385223118356e+00 5.936496605736407695e-02
5.000000000000000000e+00 7.694652583405664492e-02 7.099999999999999645e-01 1.018991650238243007e+00 5.078259060782188555e-02
5.000000000000000000e+00 8.246924442330520744e-02 7.099999999999999645e-01 1.016363140180317259e+00 4.307574622753616161e-02
5.000000000000000000e+00 8.838834764831768331e-02 7.099999999999999645e-01 1.013887467483263638e+00 3.579868300665842856e-02
5.000000000000000000e+00 9.473228540689904165e-02 7.099999999999999645e-01 1.011786559318256895e+00 2.962784580304486312e-02
5.000000000000000000e+00 1.015315495445285182e-01 7.099999999999999645e-01 1.009845043744061144e+00 2.392353319207620246e-02
5.000000000000000000e+00 1.088188204120145025e-01 7.099999999999999645e-01 1.008273112709879404e+00 1.932032289191909502e-02
5.000000000000000000e+00 1.166291239420998022e-01 7.099999999999999645e-01 1.006987275365700318e+00 1.557256684066412288e-02
5.000000000000000000e+00 1.249999999999987649e-01 7.099999999999999645e-01 1.005980784526447458e+00 1.266436017641912014e-02
5.000000000000000000e+00 1.339716828170352814e-01 7.099999999999999645e-01 1.005218148892043084e+00 1.049305011645799805e-02
5.000000000000000000e+00 1.435872943746278885e-01 7.099999999999999645e-01 1.004612878980399859e+00 8.802599466014034146e-03
5.000000000000000000e+00 1.538930516681129013e-01 7.099999999999999645e-01 1.004149208494494516e+00 7.547456512190523631e-03
5.000000000000000000e+00 1.649384888466099985e-01 7.099999999999999645e-01 1.003672890613759972e+00 6.268893471707000058e-03
5.000000000000000000e+00 1.767766952966349225e-01 7.099999999999999645e-01 1.003158689569049855e+00 4.894259685020049128e-03
5.000000000000000000e+00 1.894645708137976114e-01 7.099999999999999645e-01 1.002644780527153001e+00 3.541274410266593772e-03
5.000000000000000000e+00 2.030630990890565368e-01 7.099999999999999645e-01 1.002230507391106418e+00 2.506191378977503086e-03
5.000000000000000000e+00 2.176376408240284499e-01 7.099999999999999645e-01 1.001956595294564600e+00 1.899076086521874927e-03
5.000000000000000000e+00 2.332582478841990492e-01 7.099999999999999645e-01 1.001747914332651757e+00 1.489808920770535573e-03
5.000000000000000000e+00 2.499999999999969191e-01 7.099999999999999645e-01 1.001551065008925656e+00 1.120356997881798329e-03
5.000000000000000000e+00 2.679433656340699521e-01 7.099999999999999645e-01 1.001383848446867120e+00 8.276695741564652712e-04
5.000000000000000000e+00 2.871745887492550553e-01 7.099999999999999645e-01 1.001290701920221959e+00 6.829166138376890037e-04
5.000000000000000000e+00 3.077861033362250809e-01 7.099999999999999645e-01 1.001268579019740868e+00 6.299921346748312998e-04
5.000000000000000000e+00 3.298769776932191644e-01 7.099999999999999645e-01 1.001302400810693660e+00 5.931863206755311549e-04
5.000000000000000000e+00 3.535533905932689569e-01 7.099999999999999645e-01 1.001431552222553645e+00 5.931084039404192678e-04
5.000000000000000000e+00 3.789291416275942792e-01 7.099999999999999645e-01 1.001713722908339488e+00 6.608848988780372533e-04
5.000000000000000000e+00 4.061261981781120745e-01 7.099999999999999645e-01 1.002251421518068897e+00 8.942839836682694001e-04
5.000000000000000000e+00 4.352752816480558451e-01 7.099999999999999645e-01 1.003254158355603831e+00 1.573593311917384149e-03
5.000000000000000000e+00 4.665164957683969327e-01 7.099999999999999645e-01 1.005119157670841368e+00 3.146096208509007071e-03
5.000000000000000000e+00 4.999999999999926170e-01 7.099999999999999645e-01 1.008585244070817399e+00 6.432082625537722739e-03
5.000000000000000000e+00 5.358867312681385719e-01 7.099999999999999645e-01 1.014990107851759582e+00 1.302868017805762155e-02
5.000000000000000000e+00 5.743491774985087783e-01 7.099999999999999645e-01 1.025851190811154057e+00 2.490611886954221046e-02
5.000000000000000000e+00 6.155722066724486075e-01 7.099999999999999645e-01 1.040997607830929095e+00 4.133054265957190193e-02
5.000000000000000000e+00 6.597539553864367745e-01 7.099999999999999645e-01 1.057394191742216716e+00 5.607423186551242084e-02
5.000000000000000000e+00 7.071067811865362485e-01 7.099999999999999645e-01 1.073099465426861743e+00 6.303185473996136823e-02
5.000000000000000000e+00 7.578582832551866710e-01 7.099999999999999645e-01 1.087975889970582921e+00 6.738761517844032989e-02
5.000000000000000000e+00 8.122523963562221505e-01 7.099999999999999645e-01 1.106661883371234945e+00 8.032738734851024853e-02
5.000000000000000000e+00 8.705505632961095808e-01 7.099999999999999645e-01 1.126785767551497175e+00 9.472017537771659779e-02
5.000000000000000000e+00 9.330329915367915339e-01 7.099999999999999645e-01 1.143012129691850509e+00 1.111474803236685016e-01
5.000000000000000000e+00 9.999999999999827915e-01 7.099999999999999645e-01 1.156056906179560695e+00 1.240690648956229020e-01
5.000000000000000000e+00 1.071773462536274479e+00 7.099999999999999645e-01 1.170822610877799042e+00 1.389484631029440365e-01
5.000000000000000000e+00 1.148698354997014670e+00 7.099999999999999645e-01 1.180000702615172203e+00 1.479191094293654807e-01
5.000000000000000000e+00 1.231144413344894106e+00 7.099999999999999645e-01 1.176630264276139703e+00 1.380649224256533247e-01
5.000000000000000000e+00 1.319507910772870218e+00 7.099999999999999645e-01 1.164203901077923931e+00 1.157632825863493253e-01
5.000000000000000000e+00 1.414213562373068944e+00 7.099999999999999645e-01 1.154875588106265116e+00 9.550049580396689775e-02
5.000000000000000000e+00 1.515716566510369789e+00 7.099999999999999645e-01 1.150502554007855505e+00 8.524562508349121936e-02
5.000000000000000000e+00 1.624504792712440304e+00 7.099999999999999645e-01 1.151761065870990475e+00 9.983809423149660189e-02
5.000000000000000000e+00 1.741101126592214943e+00 7.099999999999999645e-01 1.154474119177573366e+00 1.122337835791090560e-01
5.000000000000000000e+00 1.866065983073578627e+00 7.099999999999999645e-01 1.169751436429223634e+00 1.348959525274402160e-01
5.000000000000000000e+00 1.999999999999960698e+00 7.099999999999999645e-01 1.166340740290245037e+00 1.250780783378672989e-01
5.000000000000000000e+00 2.143546925072543630e+00 7.099999999999999645e-01 1.159463926200355433e+00 1.049948694242748143e-01
5.000000000000000000e+00 2.297396709994023567e+00 7.099999999999999645e-01 1.176306289093856705e+00 1.243595031945238377e-01
5.000000000000000000e+00 2.462288826689782439e+00 7.099999999999999645e-01 1.183541967945470841e+00 1.515844587736275284e-01
5.000000000000000000e+00 2.639015821545733775e+00 7.099999999999999645e-01 1.185441035671339183e+00 1.506106103551749231e-01
5.000000000000000000e+00 2.828427124746130783e+00 7.099999999999999645e-01 1.179754339087614623e+00 1.381745459287540279e-01
5.000000000000000000e+00 3.031433133020732029e+00 7.099999999999999645e-01 1.169609060636656928e+00 1.242979768663246554e-01
5.000000000000000000e+00 3.249009585424872615e+00 7.099999999999999645e-01 1.200109700654509837e+00 2.064841537523281756e-01
5.000000000000000000e+00 3.482202253184421004e+00 7.099999999999999645e-01 1.188937848467360725e+00 1.842187188549968546e-01
5.000000000000000000e+00 3.732131966147147928e+00 7.099999999999999645e-01 1.147783022882351123e+00 8.999632070846057263e-02
5.000000000000000000e+00 3.999999999999911182e+00 7.099999999999999645e-01 1.121595682151295792e+00 4.398250489298616978e-02
5.000000000000000000e+00 4.287093850145076601e+00 7.099999999999999645e-01 1.147163730717899011e+00 1.221106708163149923e-01
5.000000000000000000e+00 4.594793419988035588e+00 7.099999999999999645e-01 1.135681873767854011e+00 5.813334850950316324e-02
5.000000000000000000e+00 4.924577653379552444e+00 7.099999999999999645e-01 1.155656133079913328e+00 6.250878627832165413e-02
5.000000000000000000e+00 5.278031643091455116e+00 7.099999999999999645e-01 1.142289003869445541e+00 1.121571613504290521e-01
5.000000000000000000e+00 5.656854249492248243e+00 7.099999999999999645e-01 1.125266712141585135e+00 7.336691902974581958e-02
5.000000000000000000e+00 6.062866266041448959e+00 7.099999999999999645e-01 1.156950326481468450e+00 7.115164515362389086e-02
5.000000000000000000e+00 6.498019170849729242e+00 7.099999999999999645e-01 1.142203230476596332e+00 6.194431857472670194e-02
5.000000000000000000e+00 6.964404506368825132e+00 7.099999999999999645e-01 1.132532551897558859e+00 5.425182094695996105e-02
5.000000000000000000e+00 7.464263932294277204e+00 7.099999999999999645e-01 1.155738816272914971e+00 5.512700166318855455e-02
5.000000000000000000e+00 7.999999999999802824e+00 7.099999999999999645e-01 1.134661924794486243e+00 5.828899683841951701e-02
5.000000000000000000e+00 8.574187700290131886e+00 7.099999999999999645e-01 1.156027665258958059e+00 9.584453238942583497e-02
5.000000000000000000e+00 9.189586839976049859e+00 7.099999999999999645e-01 1.143706756881605724e+00 7.558268085167027528e-02
5.000000000000000000e+00 9.849155306759080020e+00 7.099999999999999645e-01 1.185633667639584665e+00 1.032790174114309872e-01
5.000000000000000000e+00 1.055606328618288359e+01 7.099999999999999645e-01 1.214969363217617948e+00 1.237640074542586677e-01
5.000000000000000000e+00 1.131370849898446806e+01 7.099999999999999645e-01 1.172842665459752798e+00 9.888988238529998476e-02
5.000000000000000000e+00 1.212573253208286772e+01 7.099999999999999645e-01 1.157848888639720242e+00 5.960782166481112115e-02
5.000000000000000000e+00 1.299603834169942651e+01 7.099999999999999645e-01 1.188527320827247991e+00 9.923088249756453760e-02
5.000000000000000000e+00 1.392880901273761651e+01 7.099999999999999645e-01 1.161718970320207323e+00 1.047225152529024234e-01
5.000000000000000000e+00 1.492852786458851710e+01 7.099999999999999645e-01 1.143863878479367990e+00 8.075781968014698886e-02
5.000000000000000000e+00 1.599999999999956657e+01 7.099999999999999645e-01 1.172760886586158069e+00 1.502067092286023531e-01
5.000000000000000000e+00 1.714837540058022114e+01 7.099999999999999645e-01 1.154164256038624048e+00 8.656632895290579388e-02
5.000000000000000000e+00 1.837917367995205353e+01 7.099999999999999645e-01 1.180796547089015602e+00 8.394576239095219439e-02
5.000000000000000000e+00 1.969831061351811385e+01 7.099999999999999645e-01 1.151753188159127195e+00 1.131234522085217548e-01
5.000000000000000000e+00 2.111212657236571388e+01 7.099999999999999645e-01 1.150508279073777729e+00 7.465518842987395320e-02
5.000000000000000000e+00 2.262741699796887929e+01 7.099999999999999645e-01 1.128484586340590567e+00 5.196324711628497184e-02
5.000000000000000000e+00 2.425146506416567505e+01 7.099999999999999645e-01 1.134010661040258494e+00 4.673074536165413434e-02
5.000000000000000000e+00 2.599207668339878907e+01 7.099999999999999645e-01 1.194100608602495672e+00 1.458517796751766793e-01
5.000000000000000000e+00 2.785761802547516197e+01 7.099999999999999645e-01 1.164085104019243477e+00 1.156374452197874159e-01
5.000000000000000000e+00 2.985705572917696315e+01 7.099999999999999645e-01 1.152399471158712441e+00 6.475999174575355899e-02
5.000000000000000000e+00 3.199999999999905498e+01 7.099999999999999645e-01 1.152607704237583963e+00 8.652990725949623319e-02
