5.000000000000000000e+00 7.812500000000000000e-03 2.000000000000000111e-01 1.904145804067287617e+00 4.520235660334567807e-01
5.000000000000000000e+00 8.373230176064788352e-03 2.000000000000000111e-01 1.761359605197749145e+00 4.006519720360954828e-01
5.000000000000000000e+00 8.974205898414331500e-03 2.000000000000000111e-01 1.676525362470759672e+00 3.530566463230471186e-01
5.000000000000000000e+00 9.618315729257151739e-03 2.000000000000000111e-01 1.583669887561346856e+00 3.446434853418354760e-01
5.000000000000000000e+00 1.030865555291322552e-02 2.000000000000000111e-01 1.498169387675225783e+00 2.805598681835364538e-01
5.000000000000000000e+00 1.104854345603979195e-02 2.000000000000000111e-01 1.443627515681046747e+00 2.838635052960858940e-01
5.000000000000000000e+00 1.184153567586246694e-02 2.000000000000000111e-01 1.366618505383978333e+00 2.559912216805814711e-01
5.000000000000000000e+00 1.269144369306615845e-02 2.000000000000000111e-01 1.293102325689551746e+00 2.177317413904991117e-01
5.000000000000000000e+00 1.360235255150191343e-02 2.000000000000000111e-01 1.263360535411390151e+00 2.052456884526653313e-01
5.000000000000000000e+00 1.457864049276258282e-02 2.000000000000000111e-01 1.222863379347913781e+00 1.927044191574989462e-01
5.000000000000000000e+00 1.562499999999996184e-02 2.000000000000000111e-01 1.194298116008489563e+00 1.863030039567095675e-01
5.000000000000000000e+00 1.674646035212953507e-02 2.000000000000000111e-01 1.170955501465514192e+00 1.887849829354244502e-01
5.000000000000000000e+00 1.794841179682861790e-02 2.000000000000000111e-01 1.139695793033620896e+00 1.594374935884338984e-01
5.000000000000000000e+00 1.923663145851425491e-02 2.000000000000000111e-01 1.111361506621963091e+00 1.273040584564909816e-01
5.000000000000000000e+00 2.061731110582640247e-02 2.000000000000000111e-01 1.101731911517369156e+00 1.318481972193396023e-01
5.000000000000000000e+00 2.209708691207952838e-02 2.000000000000000111e-01 1.089403470322841239e+00 1.307408959955361771e-01
5.000000000000000000e+00 2.368307135172487837e-02 2.000000000000000111e-01 1.070573908250579409e+00 1.037429803773103482e-01
5.000000000000000000e+00 2.538288738613225445e-02 2.000000000000000111e-01 1.056065685018444444e+00 8.653249061553949795e-02
5.000000000000000000e+00 2.720470510300375747e-02 2.000000000000000111e-01 1.048269533461191116e+00 8.153254590251453326e-02
5.000000000000000000e+00 2.915728098552509626e-02 2.000000000000000111e-01 1.039489350124363831e+00 7.168764364287458224e-02
5.000000000000000000e+00 3.124999999999984734e-02 2.000000000000000111e-01 1.029744380699199713e+00 5.604374922302082090e-02
5.000000000000000000e+00 3.349292070425898687e-02 2.000000000000000111e-01 1.025897836094553428e+00 5.465496511594590545e-02
5.000000000000000000e+00 3.589682359365715253e-02 2.000000000000000111e-01 1.019454642132948452e+00 4.257516642748461477e-02
5.000000000000000000e+00 3.847326291702841267e-02 2.000000000000000111e-01 1.015137005049160823e+00 3.501676995033387030e-02
5.000000000000000000e+00 4.123462221165270086e-02 2.000000000000000111e-01 1.011764094128978497e+00 2.859332990020952217e-02
5.000000000000000000e+00 4.419417382415894574e-02 2.000000000000000111e-01 1.009200334869603477e+00 2.341291591320437265e-02
5.000000000000000000e+00 4.736614270344963878e-02 2.000000000000000111e-01 1.007315522371651229e+00 1.931806213321389520e-02
5.000000000000000000e+00 5.076577477226438401e-02 2.000000000000000111e-01 1.005969157989385021e+00 1.623271226975907602e-02
5.000000000000000000e+00 5.440941020600738309e-02 2.000000000000000111e-01 1.005010462109230618e+00 1.389196903551039204e-02
5.000000000000000000e+00 5.831456197105004680e-02 2.000000000000000111e-01 1.004196624742002886e+00 1.174693351207426600e-02
5.000000000000000000e+00 6.249999999999953509e-02 2.000000000000000111e-01 1.003629966166460497e+00 1.020437288805957528e-02
5.000000000000000000e+00 6.698584140851780722e-02 2.000000000000000111e-01 1.003125546583069294e+00 8.775129863872190364e-03
5.000000000000000000e+00 7.179364718731412465e-02 2.000000000000000111e-01 1.002761019239267082e+00 7.728536999097116063e-03
5.000000000000000000e+00 7.694652583405664492e-02 2.000000000000000111e-01 1.002381833915535925e+00 6.620752114772160239e-03
5.000000000000000000e+00 8.246924442330520744e-02 2.000000000000000111e-01 1.002040423373482980e+00 5.617936134956339964e-03
5.000000000000000000e+00 8.838834764831768331e-02 2.000000000000000111e-01 1.001723168176859691e+00 4.683402506390810065e-03
5.000000000000000000e+00 9.473228540689904165e-02 2.000000000000000111e-01 1.001449442707149862e+00 3.876654589654836020e-03
5.000000000000000000e+00 1.015315495445285182e-01 2.000000000000000111e-01 1.001200337377006644e+00 3.141682041822387375e-03
5.000000000000000000e+00 1.088188204120145025e-01 2.000000000000000111e-01 1.000997094517612762e+00 2.542674506391462592e-03
5.000000000000000000e+00 1.166291239420998022e-01 2.000000000000000111e-01 1.000829940877955737e+00 2.050827464675420396e-03
5.000000000000000000e+00 1.249999999999987649e-01 2.000000000000000111e-01 1.000700633305282361e+00 1.671858500688889462e-03
5.000000000000000000e+00 1.339716828170352814e-01 2.000000000000000111e-01 1.000602515880866905e+00 1.386132985160088912e-03
5.000000000000000000e+00 1.435872943746278885e-01 2.000000000000000111e-01 1.000526053844664531e+00 1.165206833942364611e-03
5.000000000000000000e+00 1.538930516681129013e-01 2.000000000000000111e-01 1.000467815455899023e+00 9.986548618003056755e-04
5.000000000000000000e+00 1.649384888466099985e-01 2.000000000000000111e-01 1.000408921781079874e+00 8.295918695823943385e-04
5.000000000000000000e+00 1.767766952966349225e-01 2.000000000000000111e-01 1.000346274744227992e+00 6.480319740878970163e-04
5.000000000000000000e+00 1.894645708137976114e-01 2.000000000000000111e-01 1.000285209340187720e+00 4.686766013012515306e-04
5.000000000000000000e+00 2.030630990890565368e-01 2.000000000000000111e-01 1.000239199683383706e+00 3.297859185266569979e-04
5.000000000000000000e+00 2.176376408240284499e-01 2.000000000000000111e-01 1.000214812922407548e+00 2.470211623626097854e-04
5.000000000000000000e+00 2.332582478841990492e-01 2.000000000000000111e-01 1.000203631672883509e+00 1.894336486792895914e-04
5.000000000000000000e+00 2.499999999999969191e-01 2.000000000000000111e-01 1.000201148444013421e+00 1.351509361894842577e-04
5.000000000000000000e+00 2.679433656340699521e-01 2.000000000000000111e-01 1.000213818680792732e+00 9.068885578544002690e-05
5.000000000000000000e+00 2.871745887492550553e-01 2.000000000000000111e-01 1.000253818857149479e+00 7.771089158254689965e-05
5.000000000000000000e+00 3.077861033362250809e-01 2.000000000000000111e-01 1.000332115115322829e+00 1.043656216962446771e-04
5.000000000000000000e+00 3.298769776932191644e-01 2.000000000000000111e-01 1.000465215085992066e+00 1.743588364729726744e-04
5.000000000000000000e+00 3.535533905932689569e-01 2.000000000000000111e-01 1.000692356393030336e+00 3.089469087348199164e-04
5.000000000000000000e+00 3.789291416275942792e-01 2.000000000000000111e-01 1.001079195851741321e+00 5.575912423535972278e-04
5.000000000000000000e+00 4.061261981781120745e-01 2.000000000000000111e-01 1.001747820829782087e+00 1.022565486513600476e-03
5.000000000000000000e+00 4.352752816480558451e-01 2.000000000000000111e-01 1.002926844580475763e+00 1.915643774852549821e-03
5.000000000000000000e+00 4.665164957683969327e-01 2.000000000000000111e-01 1.005040426189072855e+00 3.666238724069014864e-03
5.000000000000000000e+00 4.999999999999926170e-01 2.000000000000000111e-01 1.008859840651250561e+00 7.144065847946642379e-03
5.000000000000000000e+00 5.358867312681385719e-01 2.000000000000000111e-01 1.015759277203088118e+00 1.400597342002017458e-02
5.000000000000000000e+00 5.743491774985087783e-01 2.000000000000000111e-01 1.027279108723680334e+00 2.622523586364066892e-02
5.000000000000000000e+00 6.155722066724486075e-01 2.000000000000000111e-01 1.043215446220686182e+00 4.295772946858143759e-02
5.000000000000000000e+00 6.597539553864367745e-01 2.000000000000000111e-01 1.060382544442205699e+00 5.789149862584502815e-02
5.000000000000000000e+00 7.071067811865362485e-01 2.000000000000000111e-01 1.076848377790292410e+00 6.521866657623132113e-02
5.000000000000000000e+00 7.578582832551866710e-01 2.000000000000000111e-01 1.092622426820394343e+00 7.070409173649329360e-02
5.000000000000000000e+00 8.122523963562221505e-01 2.000000000000000111e-01 1.112593488717570134e+00 8.576200218859364455e-02
5.000000000000000000e+00 8.705505632961095808e-01 2.000000000000000111e-01 1.134515989609520492e+00 1.033432604566400653e-01
5.000000000000000000e+00 9.330329915367915339e-01 2.000000000000000111e-01 1.153013196776807803e+00 1.235913280344525800e-01
5.000000000000000000e+00 9.999999999999827915e-01 2.000000000000000111e-01 1.168732091564476105e+00 1.404871212231364741e-01
5.000000000000000000e+00 1.071773462536274479e+00 2.000000000000000111e-01 1.185029758403185696e+00 1.569979155703414841e-01
5.000000000000000000e+00 1.148698354997014670e+00 2.000000000000000111e-01 1.194669078112127192e+00 1.656194333090647286e-01
5.000000000000000000e+00 1.231144413344894106e+00 2.000000000000000111e-01 1.190762174011447794e+00 1.523874326261500378e-01
5.000000000000000000e+00 1.319507910772870218e+00 2.000000000000000111e-01 1.177937317063847189e+00 1.253478972377435607e-01
5.000000000000000000e+00 1.414213562373068944e+00 2.000000000000000111e-01 1.169788691562604566e+00 1.024002837641453112e-01
5.000000000000000000e+00 1.515716566510369789e+00 2.000000000000000111e-01 1.166868329098703194e+00 9.273460273439140811e-02
5.000000000000000000e+00 1.624504792712440304e+00 2.000000000000000111e-01 1.168362139471795569e+00 1.097538622135623282e-01
5.000000000000000000e+00 1.741101126592214943e+00 2.000000000000000111e-01 1.171728655510503980e+00 1.249554215546489072e-01
5.000000000000000000e+00 1.866065983073578627e+00 2.000000000000000111e-01 1.188969667481516668e+00 1.513182002229349621e-01
5.000000000000000000e+00 1.999999999999960698e+00 2.000000000000000111e-01 1.183496618877691198e+00 1.386526624916381012e-01
5.000000000000000000e+00 2.143546925072543630e+00 2.000000000000000111e-01 1.173719775739726634e+00 1.165345842868656390e-01
5.000000000000000000e+00 2.297396709994023567e+00 2.000000000000000111e-01 1.190756971641001138e+00 1.349857357464079866e-01
5.000000000000000000e+00 2.462288826689782439e+00 2.000000000000000111e-01 1.199473938862446687e+00 1.653331071636980620e-01
5.000000000000000000e+00 2.639015821545733775e+00 2.000000000000000111e-01 1.204364252361405319e+00 1.705790715405707536e-01
5.000000000000000000e+00 2.828427124746130783e+00 2.000000000000000111e-01 1.202959528658801958e+00 1.579983750133791554e-01
5.000000000000000000e+00 3.031433133020732029e+00 2.000000000000000111e-01 1.193639972907450053e+00 1.441254637373525771e-01
5.000000000000000000e+00 3.249009585424872615e+00 2.000000000000000111e-01 1.222717076956377991e+00 2.291690458207381598e-01
5.000000000000000000e+00 3.482202253184421004e+00 2.000000000000000111e-01 1.209326626912791358e+00 2.004791188444399741e-01
5.000000000000000000e+00 3.732131966147147928e+00 2.000000000000000111e-01 1.161152720225952395e+00 9.531673348471629559e-02
5.000000000000000000e+00 3.999999999999911182e+00 2.000000000000000111e-01 1.135282106924869971e+00 4.805828216223188842e-02
5.000000000000000000e+00 4.287093850145076601e+00 2.000000000000000111e-01 1.167107102642869432e+00 1.409339065828636439e-01
5.000000000000000000e+00 4.594793419988035588e+00 2.000000000000000111e-01 1.151363854388897767e+00 6.557681603015874661e-02
5.000000000000000000e+00 4.924577653379552444e+00 2.000000000000000111e-01 1.175372600102540632e+00 7.419259729334103104e-02
5.000000000000000000e+00 5.278031643091455116e+00 2.000000000000000111e-01 1.158206901262590405e+00 1.251143859864440600e-01
5.000000000000000000e+00 5.656854249492248243e+00 2.000000000000000111e-01 1.142472048305118060e+00 8.658684530269501745e-02
5.000000000000000000e+00 6.062866266041448959e+00 2.000000000000000111e-01 1.179137694152453841e+00 8.122320750363301589e-02
5.000000000000000000e+00 6.498019170849729242e+00 2.000000000000000111e-01 1.160288641671015641e+00 6.796967779955692679e-02
5.000000000000000000e+00 6.964404506368825132e+00 2.000000000000000111e-01 1.148449284668198400e+00 6.344337050429266212e-02
5.000000000000000000e+00 7.464263932294277204e+00 2.000000000000000111e-01 1.171767756332852795e+00 6.425021588446636067e-02
5.000000000000000000e+00 7.999999999999802824e+00 2.000000000000000111e-01 1.150136010906065209e+00 6.556803079935122347e-02
5.000000000000000000e+00 8.574187700290131886e+00 2.000000000000000111e-01 1.175544895317353067e+00 1.150843645811489707e-01
5.000000000000000000e+00 9.189586839976049859e+00 2.000000000000000111e-01 1.161008957239062722e+00 8.331083046991344387e-02
5.000000000000000000e+00 9.849155306759080020e+00 2.000000000000000111e-01 1.207753436740451658e+00 1.155923484571391019e-01
5.000000000000000000e+00 1.055606328618288359e+01 2.000000000000000111e-01 1.237950447897226969e+00 1.339829880166244214e-01
5.000000000000000000e+00 1.131370849898446806e+01 2.000000000000000111e-01 1.190670737068729945e+00 1.096219127183395425e-01
5.000000000000000000e+00 1.212573253208286772e+01 2.000000000000000111e-01 1.173091768318917705e+00 6.597301678702557903e-02
5.000000000000000000e+00 1.299603834169942651e+01 2.000000000000000111e-01 1.210764668028376567e+00 1.118994767638732124e-01
5.000000000000000000e+00 1.392880901273761651e+01 2.000000000000000111e-01 1.178648300495622303e+00 1.145159324963846703e-01
5.000000000000000000e+00 1.492852786458851710e+01 2.000000000000000111e-01 1.161167573964636990e+00 8.759118587696011760e-02
5.000000000000000000e+00 1.599999999999956657e+01 2.000000000000000111e-01 1.193611927688639662e+00 1.681326363651433342e-01
5.000000000000000000e+00 1.714837540058022114e+01 2.000000000000000111e-01 1.171046534630026281e+00 9.551781005023853022e-02
5.000000000000000000e+00 1.837917367995205353e+01 2.000000000000000111e-01 1.197784910207674525e+00 9.267575989434786998e-02
5.000000000000000000e+00 1.969831061351811385e+01 2.000000000000000111e-01 1.168690383103051289e+00 1.242696293366107319e-01
5.000000000000000000e+00 2.111212657236571388e+01 2.000000000000000111e-01 1.168666367562970931e+00 8.360391566377876893e-02
5.000000000000000000e+00 2.262741699796887929e+01 2.000000000000000111e-01 1.144129266080690988e+00 5.673944224519147927e-02
5.000000000000000000e+00 2.425146506416567505e+01 2.000000000000000111e-01 1.147868584549775584e+00 5.167883663671885702e-02
5.000000000000000000e+00 2.599207668339878907e+01 2.000000000000000111e-01 1.211475512831379664e+00 1.630025024927136967e-01
5.000000000000000000e+00 2.785761802547516197e+01 2.000000000000000111e-01 1.178856479181294770e+00 1.252533088351125423e-01
5.000000000000000000e+00 2.985705572917696315e+01 2.000000000000000111e-01 1.167962388148976238e+00 7.533506924290199469e-02
5.000000000000000000e+00 3.199999999999905498e+01 2.000000000000000111e-01 1.169115735955851942e+00 9.465126659822743760e-02
