5.000000000000000000e+00 7.812500000000000000e-03 8.999999999999999667e-02 1.688616153637474415e+00 3.414959827081048838e-01
5.000000000000000000e+00 8.373230176064788352e-03 8.999999999999999667e-02 1.578413769819196011e+00 3.022106290629452130e-01
5.000000000000000000e+00 8.974205898414331500e-03 8.999999999999999667e-02 1.514635352632269116e+00 2.659132917484242076e-01
5.000000000000000000e+00 9.618315729257151739e-03 8.999999999999999667e-02 1.444204710245469148e+00 2.607161373062439891e-01
5.000000000000000000e+00 1.030865555291322552e-02 8.999999999999999667e-02 1.380606174806661368e+00 2.131947578107294405e-01
5.000000000000000000e+00 1.104854345603979195e-02 8.999999999999999667e-02 1.338854278953172994e+00 2.164113453260182451e-01
5.000000000000000000e+00 1.184153567586246694e-02 8.999999999999999667e-02 1.280132368779942187e+00 1.950053424975288774e-01
5.000000000000000000e+00 1.269144369306615845e-02 8.999999999999999667e-02 1.224630729112121230e+00 1.667909266002894075e-01
5.000000000000000000e+00 1.360235255150191343e-02 8.999999999999999667e-02 1.201910750358414104e+00 1.571036042577298453e-01
5.000000000000000000e+00 1.457864049276258282e-02 8.999999999999999667e-02 1.170754915472849378e+00 1.472650353273581847e-01
5.000000000000000000e+00 1.562499999999996184e-02 8.999999999999999667e-02 1.149174310672815835e+00 1.429970627167662378e-01
5.000000000000000000e+00 1.674646035212953507e-02 8.999999999999999667e-02 1.131070121968289488e+00 1.443154205943339985e-01
5.000000000000000000e+00 1.794841179682861790e-02 8.999999999999999667e-02 1.107208290279297014e+00 1.221360274676609320e-01
5.000000000000000000e+00 1.923663145851425491e-02 8.999999999999999667e-02 1.085423692975849619e+00 9.736357915054744128e-02
5.000000000000000000e+00 2.061731110582640247e-02 8.999999999999999667e-02 1.078087978962663174e+00 1.010221536301551259e-01
5.000000000000000000e+00 2.209708691207952838e-02 8.999999999999999667e-02 1.068516637525446233e+00 9.995134727660719143e-02
5.000000000000000000e+00 2.368307135172487837e-02 8.999999999999999667e-02 1.054105274968668127e+00 7.938611719722404869e-02
5.000000000000000000e+00 2.538288738613225445e-02 8.999999999999999667e-02 1.042982727325953762e+00 6.627662702745948375e-02
5.000000000000000000e+00 2.720470510300375747e-02 8.999999999999999667e-02 1.036976229000252658e+00 6.242041984836126794e-02
5.000000000000000000e+00 2.915728098552509626e-02 8.999999999999999667e-02 1.030241215455376391e+00 5.492018390923501109e-02
5.000000000000000000e+00 3.124999999999984734e-02 8.999999999999999667e-02 1.022771833896254146e+00 4.298058047648446039e-02
5.000000000000000000e+00 3.349292070425898687e-02 8.999999999999999667e-02 1.019803308960795629e+00 4.190737097280392703e-02
5.000000000000000000e+00 3.589682359365715253e-02 8.999999999999999667e-02 1.014864517763971907e+00 3.268209520580807326e-02
5.000000000000000000e+00 3.847326291702841267e-02 8.999999999999999667e-02 1.011552288821510270e+00 2.690627333930095677e-02
5.000000000000000000e+00 4.123462221165270086e-02 8.999999999999999667e-02 1.008961170224691228e+00 2.198461666708926773e-02
5.000000000000000000e+00 4.419417382415894574e-02 8.999999999999999667e-02 1.006990733318535947e+00 1.801198404806331199e-02
5.000000000000000000e+00 4.736614270344963878e-02 8.999999999999999667e-02 1.005542936794387554e+00 1.487162807669563554e-02
5.000000000000000000e+00 5.076577477226438401e-02 8.999999999999999667e-02 1.004507615670063858e+00 1.250148404568664218e-02
5.000000000000000000e+00 5.440941020600738309e-02 8.999999999999999667e-02 1.003770711372368174e+00 1.070348105935386117e-02
5.000000000000000000e+00 5.831456197105004680e-02 8.999999999999999667e-02 1.003144843075344461e+00 9.053746413917047875e-03
5.000000000000000000e+00 6.249999999999953509e-02 8.999999999999999667e-02 1.002709289797656611e+00 7.867500106117522249e-03
5.000000000000000000e+00 6.698584140851780722e-02 8.999999999999999667e-02 1.002321690872514992e+00 6.768219336999046522e-03
5.000000000000000000e+00 7.179364718731412465e-02 8.999999999999999667e-02 1.002041340341014442e+00 5.961902372140530891e-03
5.000000000000000000e+00 7.694652583405664492e-02 8.999999999999999667e-02 1.001749970402094903e+00 5.108958825732689071e-03
5.000000000000000000e+00 8.246924442330520744e-02 8.999999999999999667e-02 1.001487563356829646e+00 4.336182028322800759e-03
5.000000000000000000e+00 8.838834764831768331e-02 8.999999999999999667e-02 1.001244083429504661e+00 3.616645182023818256e-03
5.000000000000000000e+00 9.473228540689904165e-02 8.999999999999999667e-02 1.001033957688971743e+00 2.994660267898888086e-03
5.000000000000000000e+00 1.015315495445285182e-01 8.999999999999999667e-02 1.000843221990422638e+00 2.428826598477502180e-03
5.000000000000000000e+00 1.088188204120145025e-01 8.999999999999999667e-02 1.000687793837438111e+00 1.967205429922398545e-03
5.000000000000000000e+00 1.166291239420998022e-01 8.999999999999999667e-02 1.000560331731314534e+00 1.588099644197311531e-03
5.000000000000000000e+00 1.249999999999987649e-01 8.999999999999999667e-02 1.000462349177928312e+00 1.296330618713822198e-03
5.000000000000000000e+00 1.339716828170352814e-01 8.999999999999999667e-02 1.000388538357877666e+00 1.076149236307338917e-03
5.000000000000000000e+00 1.435872943746278885e-01 8.999999999999999667e-02 1.000331741150117359e+00 9.060885683906468209e-04
5.000000000000000000e+00 1.538930516681129013e-01 8.999999999999999667e-02 1.000289252612703184e+00 7.777959054861235434e-04
5.000000000000000000e+00 1.649384888466099985e-01 8.999999999999999667e-02 1.000246649585127878e+00 6.475368229093828769e-04
5.000000000000000000e+00 1.767766952966349225e-01 8.999999999999999667e-02 1.000201639126070186e+00 5.075515712185910567e-04
5.000000000000000000e+00 1.894645708137976114e-01 8.999999999999999667e-02 1.000158482650307157e+00 3.691031042031350730e-04
5.000000000000000000e+00 2.030630990890565368e-01 8.999999999999999667e-02 1.000127701680061154e+00 2.616297395344464698e-04
5.000000000000000000e+00 2.176376408240284499e-01 8.999999999999999667e-02 1.000114686912775497e+00 1.977067882658041325e-04
5.000000000000000000e+00 2.332582478841990492e-01 8.999999999999999667e-02 1.000113370914474942e+00 1.535914154094266521e-04
5.000000000000000000e+00 2.499999999999969191e-01 8.999999999999999667e-02 1.000120990982058533e+00 1.130842804329411410e-04
5.000000000000000000e+00 2.679433656340699521e-01 8.999999999999999667e-02 1.000143687660008496e+00 8.421808268626919402e-05
5.000000000000000000e+00 2.871745887492550553e-01 8.999999999999999667e-02 1.000192646075158898e+00 8.664283024195592903e-05
5.000000000000000000e+00 3.077861033362250809e-01 8.999999999999999667e-02 1.000279557389696761e+00 1.227200913791641815e-04
5.000000000000000000e+00 3.298769776932191644e-01 8.999999999999999667e-02 1.000422402198057448e+00 1.977316782355452082e-04
5.000000000000000000e+00 3.535533905932689569e-01 8.999999999999999667e-02 1.000661146680617675e+00 3.357510513579813082e-04
5.000000000000000000e+00 3.789291416275942792e-01 8.999999999999999667e-02 1.001063022201031050e+00 5.893454375164061503e-04
5.000000000000000000e+00 4.061261981781120745e-01 8.999999999999999667e-02 1.001753317691431722e+00 1.063138881071309591e-03
5.000000000000000000e+00 4.352752816480558451e-01 8.999999999999999667e-02 1.002965768827117632e+00 1.972436813060518806e-03
5.000000000000000000e+00 4.665164957683969327e-01 8.999999999999999667e-02 1.005133197527642963e+00 3.753415923277513000e-03
5.000000000000000000e+00 4.999999999999926170e-01 8.999999999999999667e-02 1.009039826141572949e+00 7.286291281766622482e-03
5.000000000000000000e+00 5.358867312681385719e-01 8.999999999999999667e-02 1.016077168297757627e+00 1.423858885503088804e-02
5.000000000000000000e+00 5.743491774985087783e-01 8.999999999999999667e-02 1.027799332315630032e+00 2.657843158384862875e-02
5.000000000000000000e+00 6.155722066724486075e-01 8.999999999999999667e-02 1.043995965421282701e+00 4.342097194973066482e-02
5.000000000000000000e+00 6.597539553864367745e-01 8.999999999999999667e-02 1.061436970047106909e+00 5.841640239436716314e-02
5.000000000000000000e+00 7.071067811865362485e-01 8.999999999999999667e-02 1.078188739522589312e+00 6.585707749310584780e-02
5.000000000000000000e+00 7.578582832551866710e-01 8.999999999999999667e-02 1.094320253171411128e+00 7.174965990568343832e-02
5.000000000000000000e+00 8.122523963562221505e-01 8.999999999999999667e-02 1.114785845291587085e+00 8.757177146118069744e-02
5.000000000000000000e+00 8.705505632961095808e-01 8.999999999999999667e-02 1.137363139855368077e+00 1.062367994187447123e-01
5.000000000000000000e+00 9.330329915367915339e-01 8.999999999999999667e-02 1.156671982931501752e+00 1.278108332046747064e-01
5.000000000000000000e+00 9.999999999999827915e-01 8.999999999999999667e-02 1.173351465031526875e+00 1.461358393785335275e-01
5.000000000000000000e+00 1.071773462536274479e+00 8.999999999999999667e-02 1.190224489990960199e+00 1.633197985024653354e-01
5.000000000000000000e+00 1.148698354997014670e+00 8.999999999999999667e-02 1.200001107987061388e+00 1.718618152562864376e-01
5.000000000000000000e+00 1.231144413344894106e+00 8.999999999999999667e-02 1.195787425817471661e+00 1.574536036902231817e-01
5.000000000000000000e+00 1.319507910772870218e+00 8.999999999999999667e-02 1.182716510366082163e+00 1.288656421555532672e-01
5.000000000000000000e+00 1.414213562373068944e+00 8.999999999999999667e-02 1.174828194942528770e+00 1.050322172769931200e-01
5.000000000000000000e+00 1.515716566510369789e+00 8.999999999999999667e-02 1.172384208961073870e+00 9.559935086474082022e-02
5.000000000000000000e+00 1.624504792712440304e+00 8.999999999999999667e-02 1.174108817914308656e+00 1.134788492738083160e-01
5.000000000000000000e+00 1.741101126592214943e+00 8.999999999999999667e-02 1.177839814750800906e+00 1.296436431529671418e-01
5.000000000000000000e+00 1.866065983073578627e+00 8.999999999999999667e-02 1.195665536186552691e+00 1.571053652260472611e-01
5.000000000000000000e+00 1.999999999999960698e+00 8.999999999999999667e-02 1.189476606755708765e+00 1.434027727610022174e-01
5.000000000000000000e+00 2.143546925072543630e+00 8.999999999999999667e-02 1.178763985105228285e+00 1.204204169510555145e-01
5.000000000000000000e+00 2.297396709994023567e+00 8.999999999999999667e-02 1.195924550066162162e+00 1.385021113678372717e-01
5.000000000000000000e+00 2.462288826689782439e+00 8.999999999999999667e-02 1.205247198687899202e+00 1.699994414880894589e-01
5.000000000000000000e+00 2.639015821545733775e+00 8.999999999999999667e-02 1.211294003885026394e+00 1.776006845143943691e-01
5.000000000000000000e+00 2.828427124746130783e+00 8.999999999999999667e-02 1.211319194463380544e+00 1.650938859890545563e-01
5.000000000000000000e+00 3.031433133020732029e+00 8.999999999999999667e-02 1.202347754594100149e+00 1.513937883273463736e-01
5.000000000000000000e+00 3.249009585424872615e+00 8.999999999999999667e-02 1.230967031741764917e+00 2.376336573261919605e-01
5.000000000000000000e+00 3.482202253184421004e+00 8.999999999999999667e-02 1.216575010296467196e+00 2.063465467082950811e-01
5.000000000000000000e+00 3.732131966147147928e+00 8.999999999999999667e-02 1.166024030899402542e+00 9.730776814806096908e-02
5.000000000000000000e+00 3.999999999999911182e+00 8.999999999999999667e-02 1.140127971806145002e+00 4.963864507465081538e-02
5.000000000000000000e+00 4.287093850145076601e+00 8.999999999999999667e-02 1.174207572842315361e+00 1.479223544698488324e-01
5.000000000000000000e+00 4.594793419988035588e+00 8.999999999999999667e-02 1.156949758741427914e+00 6.840707631152177781e-02
5.000000000000000000e+00 4.924577653379552444e+00 8.999999999999999667e-02 1.182467640524895502e+00 7.835936928691231151e-02
5.000000000000000000e+00 5.278031643091455116e+00 8.999999999999999667e-02 1.164017496491662085e+00 1.298055470095354491e-01
5.000000000000000000e+00 5.656854249492248243e+00 8.999999999999999667e-02 1.148415405572777548e+00 9.124920647322089240e-02
5.000000000000000000e+00 6.062866266041448959e+00 8.999999999999999667e-02 1.186986641171797086e+00 8.498063177920917033e-02
5.000000000000000000e+00 6.498019170849729242e+00 8.999999999999999667e-02 1.166844593939837749e+00 7.011749894840607622e-02
5.000000000000000000e+00 6.964404506368825132e+00 8.999999999999999667e-02 1.154242873739356856e+00 6.698853260496803741e-02
5.000000000000000000e+00 7.464263932294277204e+00 8.999999999999999667e-02 1.177500061843886225e+00 6.769477906460913408e-02
5.000000000000000000e+00 7.999999999999802824e+00 8.999999999999999667e-02 1.155460181084039251e+00 6.813955562306316105e-02
5.000000000000000000e+00 8.574187700290131886e+00 8.999999999999999667e-02 1.182432374288014287e+00 1.220164585326962980e-01
5.000000000000000000e+00 9.189586839976049859e+00 8.999999999999999667e-02 1.167164109227635471e+00 8.603842344311887769e-02
5.000000000000000000e+00 9.849155306759080020e+00 8.999999999999999667e-02 1.215601511130228296e+00 1.199744293368977394e-01
5.000000000000000000e+00 1.055606328618288359e+01 8.999999999999999667e-02 1.246257009147440975e+00 1.377307229443714420e-01
5.000000000000000000e+00 1.131370849898446806e+01 8.999999999999999667e-02 1.197046285592288317e+00 1.137775507380845846e-01
5.000000000000000000e+00 1.212573253208286772e+01 8.999999999999999667e-02 1.178595391768019862e+00 6.831279936861112123e-02
5.000000000000000000e+00 1.299603834169942651e+01 8.999999999999999667e-02 1.218454668595138513e+00 1.163766470940524184e-01
5.000000000000000000e+00 1.392880901273761651e+01 8.999999999999999667e-02 1.184504635162323183e+00 1.179418336324277172e-01
5.000000000000000000e+00 1.492852786458851710e+01 8.999999999999999667e-02 1.167298287473094609e+00 9.025780146461377662e-02
5.000000000000000000e+00 1.599999999999956657e+01 8.999999999999999667e-02 1.201142249089417025e+00 1.746509740798657395e-01
5.000000000000000000e+00 1.714837540058022114e+01 8.999999999999999667e-02 1.177087249502489552e+00 9.883735754195233092e-02
5.000000000000000000e+00 1.837917367995205353e+01 8.999999999999999667e-02 1.203902683520922778e+00 9.589537701351855126e-02
5.000000000000000000e+00 1.969831061351811385e+01 8.999999999999999667e-02 1.174745942273290877e+00 1.284859225291152818e-01
5.000000000000000000e+00 2.111212657236571388e+01 8.999999999999999667e-02 1.175299469890124238e+00 8.727682242014592195e-02
5.000000000000000000e+00 2.262741699796887929e+01 8.999999999999999667e-02 1.149808671900274692e+00 5.896534180102935840e-02
5.000000000000000000e+00 2.425146506416567505e+01 8.999999999999999667e-02 1.152925934866391167e+00 5.383784585296589459e-02
5.000000000000000000e+00 2.599207668339878907e+01 8.999999999999999667e-02 1.217946381697023295e+00 1.696195200119400004e-01
5.000000000000000000e+00 2.785761802547516197e+01 8.999999999999999667e-02 1.184234241928437736e+00 1.290163605098429145e-01
5.000000000000000000e+00 2.985705572917696315e+01 8.999999999999999667e-02 1.173670311428957502e+00 7.935384855944925542e-02
5.000000000000000000e+00 3.199999999999905498e+01 8.999999999999999667e-02 1.174998672980880787e+00 9.799095751269011612e-02
