5.000000000000000000e+00 7.812500000000000000e-03 6.899999999999999467e-01 4.791853730941016742e+00 1.239486189680026218e+00
5.000000000000000000e+00 8.373230176064788352e-03 6.899999999999999467e-01 4.702064835040000723e+00 1.215950118543556835e+00
5.000000000000000000e+00 8.974205898414331500e-03 6.899999999999999467e-01 4.339141830014250800e+00 1.261223379294502900e+00
5.000000000000000000e+00 9.618315729257151739e-03 6.899999999999999467e-01 4.024368191229235947e+00 1.228340190060621451e+00
5.000000000000000000e+00 1.030865555291322552e-02 6.899999999999999467e-01 3.617380600626801446e+00 1.327643894733028240e+00
5.000000000000000000e+00 1.104854345603979195e-02 6.899999999999999467e-01 3.377129816237271598e+00 1.172423573521855333e+00
5.000000000000000000e+00 1.184153567586246694e-02 6.899999999999999467e-01 3.053888806912591569e+00 1.156910675200215177e+00
5.000000000000000000e+00 1.269144369306615845e-02 6.899999999999999467e-01 2.654070152690302997e+00 1.009211500339541656e+00
5.000000000000000000e+00 1.360235255150191343e-02 6.899999999999999467e-01 2.484574772141782351e+00 9.196049688390837140e-01
5.000000000000000000e+00 1.457864049276258282e-02 6.899999999999999467e-01 2.286197968525645940e+00 9.110038840406925464e-01
5.000000000000000000e+00 1.562499999999996184e-02 6.899999999999999467e-01 2.085571576433105534e+00 8.130193616832731562e-01
5.000000000000000000e+00 1.674646035212953507e-02 6.899999999999999467e-01 1.966653920826914259e+00 8.466167190000243314e-01
5.000000000000000000e+00 1.794841179682861790e-02 6.899999999999999467e-01 1.799568948497560994e+00 7.532733791855942274e-01
5.000000000000000000e+00 1.923663145851425491e-02 6.899999999999999467e-01 1.686499096317308766e+00 7.121265828480272120e-01
5.000000000000000000e+00 2.061731110582640247e-02 6.899999999999999467e-01 1.598360682847943526e+00 6.721784971343316428e-01
5.000000000000000000e+00 2.209708691207952838e-02 6.899999999999999467e-01 1.541553971379157506e+00 7.204246127830207236e-01
5.000000000000000000e+00 2.368307135172487837e-02 6.899999999999999467e-01 1.447102262901883041e+00 6.236891782777443938e-01
5.000000000000000000e+00 2.538288738613225445e-02 6.899999999999999467e-01 1.365189608152659329e+00 5.469658765846880932e-01
5.000000000000000000e+00 2.720470510300375747e-02 6.899999999999999467e-01 1.315333466021197717e+00 5.192571449210995338e-01
5.000000000000000000e+00 2.915728098552509626e-02 6.899999999999999467e-01 1.262854000405480681e+00 4.712526890327293771e-01
5.000000000000000000e+00 3.124999999999984734e-02 6.899999999999999467e-01 1.202940167431392648e+00 3.833266349249156435e-01
5.000000000000000000e+00 3.349292070425898687e-02 6.899999999999999467e-01 1.178572320025913500e+00 3.782306633272121688e-01
5.000000000000000000e+00 3.589682359365715253e-02 6.899999999999999467e-01 1.134911884753031508e+00 2.962680715690803046e-01
5.000000000000000000e+00 3.847326291702841267e-02 6.899999999999999467e-01 1.105069427533138970e+00 2.432760263912202015e-01
5.000000000000000000e+00 4.123462221165270086e-02 6.899999999999999467e-01 1.081828679206169319e+00 1.983579390224926298e-01
5.000000000000000000e+00 4.419417382415894574e-02 6.899999999999999467e-01 1.064011194493109880e+00 1.616683468565279780e-01
5.000000000000000000e+00 4.736614270344963878e-02 6.899999999999999467e-01 1.050738796530800157e+00 1.323175148809601076e-01
5.000000000000000000e+00 5.076577477226438401e-02 6.899999999999999467e-01 1.041386646419237838e+00 1.106243100561875164e-01
5.000000000000000000e+00 5.440941020600738309e-02 6.899999999999999467e-01 1.034714997666746905e+00 9.417493111360411562e-02
5.000000000000000000e+00 5.831456197105004680e-02 6.899999999999999467e-01 1.029113544765712263e+00 7.935518816324622915e-02
5.000000000000000000e+00 6.249999999999953509e-02 6.899999999999999467e-01 1.025205389738262252e+00 6.868656528372975301e-02
5.000000000000000000e+00 6.698584140851780722e-02 6.899999999999999467e-01 1.021763471617073815e+00 5.893045967450142447e-02
5.000000000000000000e+00 7.179364718731412465e-02 6.899999999999999467e-01 1.019309057897068715e+00 5.189130772601816682e-02
5.000000000000000000e+00 7.694652583405664492e-02 6.899999999999999467e-01 1.016737610452777663e+00 4.438984449924294334e-02
5.000000000000000000e+00 8.246924442330520744e-02 6.899999999999999467e-01 1.014438022093555158e+00 3.765084952338910301e-02
5.000000000000000000e+00 8.838834764831768331e-02 6.899999999999999467e-01 1.012275736143697591e+00 3.129909541647636628e-02
5.000000000000000000e+00 9.473228540689904165e-02 6.899999999999999467e-01 1.010437046966574215e+00 2.590284299647277466e-02
5.000000000000000000e+00 1.015315495445285182e-01 6.899999999999999467e-01 1.008740249239848508e+00 2.092269904860455734e-02
5.000000000000000000e+00 1.088188204120145025e-01 6.899999999999999467e-01 1.007364504978987441e+00 1.689969188820109394e-02
5.000000000000000000e+00 1.166291239420998022e-01 6.899999999999999467e-01 1.006237406408368340e+00 1.362090812315417884e-02
5.000000000000000000e+00 1.249999999999987649e-01 6.899999999999999467e-01 1.005354883737135552e+00 1.107796514019524815e-02
5.000000000000000000e+00 1.339716828170352814e-01 6.899999999999999467e-01 1.004684772177997676e+00 9.177722193388906588e-03
5.000000000000000000e+00 1.435872943746278885e-01 6.899999999999999467e-01 1.004152466714862246e+00 7.699413984585349452e-03
5.000000000000000000e+00 1.538930516681129013e-01 6.899999999999999467e-01 1.003743016818248401e+00 6.599672583076122978e-03
5.000000000000000000e+00 1.649384888466099985e-01 6.899999999999999467e-01 1.003322448832903557e+00 5.480437558971853508e-03
5.000000000000000000e+00 1.767766952966349225e-01 6.899999999999999467e-01 1.002868544931830641e+00 4.278047966807706042e-03
5.000000000000000000e+00 1.894645708137976114e-01 6.899999999999999467e-01 1.002414583840912643e+00 3.095523805928631755e-03
5.000000000000000000e+00 2.030630990890565368e-01 6.899999999999999467e-01 1.002047590038458891e+00 2.192079663269431121e-03
5.000000000000000000e+00 2.176376408240284499e-01 6.899999999999999467e-01 1.001803437439048539e+00 1.662907396971533046e-03
5.000000000000000000e+00 2.332582478841990492e-01 6.899999999999999467e-01 1.001616587848562778e+00 1.306576986355724576e-03
5.000000000000000000e+00 2.499999999999969191e-01 6.899999999999999467e-01 1.001440613544276825e+00 9.861384261463457604e-04
5.000000000000000000e+00 2.679433656340699521e-01 6.899999999999999467e-01 1.001291696330125269e+00 7.333900985033883855e-04
5.000000000000000000e+00 2.871745887492550553e-01 6.899999999999999467e-01 1.001209655130768539e+00 6.052097019746855181e-04
5.000000000000000000e+00 3.077861033362250809e-01 6.899999999999999467e-01 1.001193428631082405e+00 5.514419419464141594e-04
5.000000000000000000e+00 3.298769776932191644e-01 6.899999999999999467e-01 1.001232395513335982e+00 5.102591978156323588e-04
5.000000000000000000e+00 3.535533905932689569e-01 6.899999999999999467e-01 1.001365700564772254e+00 5.049113618845568578e-04
5.000000000000000000e+00 3.789291416275942792e-01 6.899999999999999467e-01 1.001651702432548863e+00 5.796214047150544373e-04
5.000000000000000000e+00 4.061261981781120745e-01 6.899999999999999467e-01 1.002194665424745113e+00 8.486495329832828734e-04
5.000000000000000000e+00 4.352752816480558451e-01 6.899999999999999467e-01 1.003205061212169680e+00 1.572140933314787950e-03
5.000000000000000000e+00 4.665164957683969327e-01 6.899999999999999467e-01 1.005080940596504435e+00 3.172702014562919347e-03
5.000000000000000000e+00 4.999999999999926170e-01 6.899999999999999467e-01 1.008561468864896282e+00 6.472406256031419149e-03
5.000000000000000000e+00 5.358867312681385719e-01 6.899999999999999467e-01 1.014984073914818596e+00 1.307653112101094840e-02
5.000000000000000000e+00 5.743491774985087783e-01 6.899999999999999467e-01 1.025865354688872078e+00 2.495994879744805814e-02
5.000000000000000000e+00 6.155722066724486075e-01 6.899999999999999467e-01 1.041032758619128362e+00 4.138891619988340626e-02
5.000000000000000000e+00 6.597539553864367745e-01 6.899999999999999467e-01 1.057447097635372257e+00 5.613568549014073122e-02
5.000000000000000000e+00 7.071067811865362485e-01 6.899999999999999467e-01 1.073167996606380070e+00 6.310221201084106890e-02
5.000000000000000000e+00 7.578582832551866710e-01 6.899999999999999467e-01 1.088059699211522569e+00 6.748000155800853994e-02
5.000000000000000000e+00 8.122523963562221505e-01 6.899999999999999467e-01 1.106769211729110136e+00 8.046122140540284962e-02
5.000000000000000000e+00 8.705505632961095808e-01 6.899999999999999467e-01 1.126929895715759855e+00 9.492367404991138014e-02
5.000000000000000000e+00 9.330329915367915339e-01 6.899999999999999467e-01 1.143202086205681089e+00 1.114278859971350455e-01
5.000000000000000000e+00 9.999999999999827915e-01 6.899999999999999467e-01 1.156299989821795604e+00 1.244240322271267518e-01
5.000000000000000000e+00 1.071773462536274479e+00 6.899999999999999467e-01 1.171099671339047132e+00 1.393320584150988806e-01
5.000000000000000000e+00 1.148698354997014670e+00 6.899999999999999467e-01 1.180297387648072016e+00 1.482946854157971561e-01
5.000000000000000000e+00 1.231144413344894106e+00 6.899999999999999467e-01 1.176929614385236578e+00 1.383628500536673023e-01
5.000000000000000000e+00 1.319507910772870218e+00 6.899999999999999467e-01 1.164510351905732044e+00 1.159503865050724031e-01
5.000000000000000000e+00 1.414213562373068944e+00 6.899999999999999467e-01 1.155227993636205097e+00 9.562570676230405797e-02
5.000000000000000000e+00 1.515716566510369789e+00 6.899999999999999467e-01 1.150889506635777604e+00 8.538468671844783031e-02
5.000000000000000000e+00 1.624504792712440304e+00 6.899999999999999467e-01 1.152136966898932968e+00 1.000292843033444429e-01
5.000000000000000000e+00 1.741101126592214943e+00 6.899999999999999467e-01 1.154851407501275018e+00 1.124906724579273765e-01
5.000000000000000000e+00 1.866065983073578627e+00 6.899999999999999467e-01 1.170179296062077379e+00 1.352494127567637483e-01
5.000000000000000000e+00 1.999999999999960698e+00 6.899999999999999467e-01 1.166725705002015001e+00 1.253764779056250889e-01
5.000000000000000000e+00 2.143546925072543630e+00 6.899999999999999467e-01 1.159777364331669558e+00 1.052660949300627397e-01
5.000000000000000000e+00 2.297396709994023567e+00 6.899999999999999467e-01 1.176617066330410299e+00 1.246218577507121755e-01
5.000000000000000000e+00 2.462288826689782439e+00 6.899999999999999467e-01 1.183868123877702017e+00 1.518993238219313036e-01
5.000000000000000000e+00 2.639015821545733775e+00 6.899999999999999467e-01 1.185820992287643483e+00 1.510450399598001758e-01
5.000000000000000000e+00 2.828427124746130783e+00 6.899999999999999467e-01 1.180237419443469493e+00 1.385947558400862367e-01
5.000000000000000000e+00 3.031433133020732029e+00 6.899999999999999467e-01 1.170109450331251910e+00 1.247058892692405468e-01
5.000000000000000000e+00 3.249009585424872615e+00 6.899999999999999467e-01 1.200570102255951621e+00 2.069123322576017221e-01
5.000000000000000000e+00 3.482202253184421004e+00 6.899999999999999467e-01 1.189373343772005764e+00 1.845545179134679692e-01
5.000000000000000000e+00 3.732131966147147928e+00 6.899999999999999467e-01 1.148060233565012300e+00 9.010415594039980491e-02
5.000000000000000000e+00 3.999999999999911182e+00 6.899999999999999467e-01 1.121894736793370928e+00 4.406448180559460748e-02
5.000000000000000000e+00 4.287093850145076601e+00 6.899999999999999467e-01 1.147591722827947525e+00 1.224842116904954620e-01
5.000000000000000000e+00 4.594793419988035588e+00 6.899999999999999467e-01 1.136017965459139800e+00 5.828039440418231881e-02
5.000000000000000000e+00 4.924577653379552444e+00 6.899999999999999467e-01 1.156066895097493497e+00 6.275874484031190859e-02
5.000000000000000000e+00 5.278031643091455116e+00 6.899999999999999467e-01 1.142618247475970517e+00 1.124349218413626394e-01
5.000000000000000000e+00 5.656854249492248243e+00 6.899999999999999467e-01 1.125660987019134751e+00 7.366289952780771810e-02
5.000000000000000000e+00 6.062866266041448959e+00 6.899999999999999467e-01 1.157435039058782866e+00 7.135501205928602986e-02
5.000000000000000000e+00 6.498019170849729242e+00 6.899999999999999467e-01 1.142582918547949911e+00 6.209237170445233017e-02
5.000000000000000000e+00 6.964404506368825132e+00 6.899999999999999467e-01 1.132861822713746802e+00 5.442694512702007242e-02
5.000000000000000000e+00 7.464263932294277204e+00 6.899999999999999467e-01 1.156082654096550089e+00 5.530316416900670634e-02
5.000000000000000000e+00 7.999999999999802824e+00 6.899999999999999467e-01 1.135019208715842387e+00 5.845285734217056661e-02
5.000000000000000000e+00 8.574187700290131886e+00 6.899999999999999467e-01 1.156456418314060208e+00 9.624495766383971140e-02
5.000000000000000000e+00 9.189586839976049859e+00 6.899999999999999467e-01 1.144083753087395738e+00 7.576207709909119070e-02
5.000000000000000000e+00 9.849155306759080020e+00 6.899999999999999467e-01 1.186111342752561360e+00 1.035538601121864938e-01
5.000000000000000000e+00 1.055606328618288359e+01 6.899999999999999467e-01 1.215446552689911863e+00 1.239778906165312916e-01
5.000000000000000000e+00 1.131370849898446806e+01 6.899999999999999467e-01 1.173221042614812415e+00 9.908421180614589152e-02
5.000000000000000000e+00 1.212573253208286772e+01 6.899999999999999467e-01 1.158164389623713930e+00 5.973982292267494137e-02
5.000000000000000000e+00 1.299603834169942651e+01 6.899999999999999467e-01 1.189032405985896768e+00 9.952418988122993526e-02
5.000000000000000000e+00 1.392880901273761651e+01 6.899999999999999467e-01 1.162103938330814712e+00 1.049385816673637645e-01
5.000000000000000000e+00 1.492852786458851710e+01 6.899999999999999467e-01 1.144238673672982376e+00 8.087844677322790499e-02
5.000000000000000000e+00 1.599999999999956657e+01 6.899999999999999467e-01 1.173197929040886711e+00 1.505825585208232231e-01
5.000000000000000000e+00 1.714837540058022114e+01 6.899999999999999467e-01 1.154521771102347660e+00 8.674870931331431223e-02
5.000000000000000000e+00 1.837917367995205353e+01 6.899999999999999467e-01 1.181153656953819908e+00 8.412088763460794094e-02
5.000000000000000000e+00 1.969831061351811385e+01 6.899999999999999467e-01 1.152114125176862958e+00 1.133293986039120155e-01
5.000000000000000000e+00 2.111212657236571388e+01 6.899999999999999467e-01 1.150877899500221790e+00 7.479861803730050718e-02
5.000000000000000000e+00 2.262741699796887929e+01 6.899999999999999467e-01 1.128810732560423080e+00 5.202800102035996105e-02
5.000000000000000000e+00 2.425146506416567505e+01 6.899999999999999467e-01 1.134293196327646802e+00 4.678952417425713550e-02
5.000000000000000000e+00 2.599207668339878907e+01 6.899999999999999467e-01 1.194436077255295103e+00 1.461562487957389078e-01
5.000000000000000000e+00 2.785761802547516197e+01 6.899999999999999467e-01 1.164393028953187414e+00 1.158148559808035299e-01
5.000000000000000000e+00 2.985705572917696315e+01 6.899999999999999467e-01 1.152716929242905142e+00 6.497042905775235466e-02
5.000000000000000000e+00 3.199999999999905498e+01 6.899999999999999467e-01 1.152967807297607061e+00 8.665987493120624885e-02
