5.000000000000000000e+00 7.812500000000000000e-03 3.200000000000000067e-01 2.263291719239240329e+00 6.297563025597873176e-01
5.000000000000000000e+00 8.373230176064788352e-03 3.200000000000000067e-01 2.071692346750733549e+00 5.640902099974866024e-01
5.000000000000000000e+00 8.974205898414331500e-03 3.200000000000000067e-01 1.951588892500436101e+00 5.001164678768722505e-01
5.000000000000000000e+00 9.618315729257151739e-03 3.200000000000000067e-01 1.820943517707871662e+00 4.857422996201348764e-01
5.000000000000000000e+00 1.030865555291322552e-02 3.200000000000000067e-01 1.697305076605316376e+00 3.942093987354862161e-01
5.000000000000000000e+00 1.104854345603979195e-02 3.200000000000000067e-01 1.621267425782141558e+00 3.960126401406673935e-01
5.000000000000000000e+00 1.184153567586246694e-02 3.200000000000000067e-01 1.513671403911180491e+00 3.583351550967795451e-01
5.000000000000000000e+00 1.269144369306615845e-02 3.200000000000000067e-01 1.408952823055810599e+00 3.024630962724446093e-01
5.000000000000000000e+00 1.360235255150191343e-02 3.200000000000000067e-01 1.367336348497287801e+00 2.854789697979263630e-01
5.000000000000000000e+00 1.457864049276258282e-02 3.200000000000000067e-01 1.311300784687585708e+00 2.692307075495661284e-01
5.000000000000000000e+00 1.562499999999996184e-02 3.200000000000000067e-01 1.270386907617455652e+00 2.581896490615319117e-01
5.000000000000000000e+00 1.674646035212953507e-02 3.200000000000000067e-01 1.238423709502341374e+00 2.633609889305933982e-01
5.000000000000000000e+00 1.794841179682861790e-02 3.200000000000000067e-01 1.194622259281564958e+00 2.220453068905831884e-01
5.000000000000000000e+00 1.923663145851425491e-02 3.200000000000000067e-01 1.155439192897667500e+00 1.781991109506659843e-01
5.000000000000000000e+00 2.061731110582640247e-02 3.200000000000000067e-01 1.141753014878214900e+00 1.838360681994018475e-01
5.000000000000000000e+00 2.209708691207952838e-02 3.200000000000000067e-01 1.124893224411658732e+00 1.830631835652974382e-01
5.000000000000000000e+00 2.368307135172487837e-02 3.200000000000000067e-01 1.098585586065194075e+00 1.452265932458468578e-01
5.000000000000000000e+00 2.538288738613225445e-02 3.200000000000000067e-01 1.078331086320549970e+00 1.210508758019970960e-01
5.000000000000000000e+00 2.720470510300375747e-02 3.200000000000000067e-01 1.067500282689639812e+00 1.141165484292259030e-01
5.000000000000000000e+00 2.915728098552509626e-02 3.200000000000000067e-01 1.055245492834518073e+00 1.002761604510342824e-01
5.000000000000000000e+00 3.124999999999984734e-02 3.200000000000000067e-01 1.041625773993577919e+00 7.830565891063673289e-02
5.000000000000000000e+00 3.349292070425898687e-02 3.200000000000000067e-01 1.036297797651571040e+00 7.639416206770895112e-02
5.000000000000000000e+00 3.589682359365715253e-02 3.200000000000000067e-01 1.027284836025929460e+00 5.941282876171402605e-02
5.000000000000000000e+00 3.847326291702841267e-02 3.200000000000000067e-01 1.021251422875006032e+00 4.879516054884781157e-02
5.000000000000000000e+00 4.123462221165270086e-02 3.200000000000000067e-01 1.016548610286723386e+00 3.980783902267889807e-02
5.000000000000000000e+00 4.419417382415894574e-02 3.200000000000000067e-01 1.012975627461643491e+00 3.256596296412319486e-02
5.000000000000000000e+00 4.736614270344963878e-02 3.200000000000000067e-01 1.010347223952611895e+00 2.684317215789723543e-02
5.000000000000000000e+00 5.076577477226438401e-02 3.200000000000000067e-01 1.008472773452174120e+00 2.254180088935025042e-02
5.000000000000000000e+00 5.440941020600738309e-02 3.200000000000000067e-01 1.007137659594433465e+00 1.927902201472007221e-02
5.000000000000000000e+00 5.831456197105004680e-02 3.200000000000000067e-01 1.006005200634498609e+00 1.629442259073389174e-02
5.000000000000000000e+00 6.249999999999953509e-02 3.200000000000000067e-01 1.005216419365713598e+00 1.414838317171656160e-02
5.000000000000000000e+00 6.698584140851780722e-02 3.200000000000000067e-01 1.004514219020240517e+00 1.216096010997910065e-02
5.000000000000000000e+00 7.179364718731412465e-02 3.200000000000000067e-01 1.004007399044277493e+00 1.070877825548049132e-02
5.000000000000000000e+00 7.694652583405664492e-02 3.200000000000000067e-01 1.003479615632977495e+00 9.170464769547172212e-03
5.000000000000000000e+00 8.246924442330520744e-02 3.200000000000000067e-01 1.003004586295967782e+00 7.779413185208106443e-03
5.000000000000000000e+00 8.838834764831768331e-02 3.200000000000000067e-01 1.002562449033425285e+00 6.481919112368336039e-03
5.000000000000000000e+00 9.473228540689904165e-02 3.200000000000000067e-01 1.002181086369874574e+00 5.363605437715899572e-03
5.000000000000000000e+00 1.015315495445285182e-01 3.200000000000000067e-01 1.001833072213306641e+00 4.343347867533451333e-03
5.000000000000000000e+00 1.088188204120145025e-01 3.200000000000000067e-01 1.001548704185230676e+00 3.512760584090231664e-03
5.000000000000000000e+00 1.166291239420998022e-01 3.200000000000000067e-01 1.001314133895192526e+00 2.831161416162151188e-03
5.000000000000000000e+00 1.249999999999987649e-01 3.200000000000000067e-01 1.001131423660433395e+00 2.305454337402050927e-03
5.000000000000000000e+00 1.339716828170352814e-01 3.200000000000000067e-01 1.000991710059430106e+00 1.909631539881395841e-03
5.000000000000000000e+00 1.435872943746278885e-01 3.200000000000000067e-01 1.000881401532996318e+00 1.603344940973919913e-03
5.000000000000000000e+00 1.538930516681129013e-01 3.200000000000000067e-01 1.000795844859953432e+00 1.372643288933360958e-03
5.000000000000000000e+00 1.649384888466099985e-01 3.200000000000000067e-01 1.000708646578477135e+00 1.138719523660962742e-03
5.000000000000000000e+00 1.767766952966349225e-01 3.200000000000000067e-01 1.000615342760217130e+00 8.880888930839454321e-04
5.000000000000000000e+00 1.894645708137976114e-01 3.200000000000000067e-01 1.000523071305776002e+00 6.416212991367056286e-04
5.000000000000000000e+00 2.030630990890565368e-01 3.200000000000000067e-01 1.000450306701671455e+00 4.525390310036821640e-04
5.000000000000000000e+00 2.176376408240284499e-01 3.200000000000000067e-01 1.000405618864980140e+00 3.407978229373862010e-04
5.000000000000000000e+00 2.332582478841990492e-01 3.200000000000000067e-01 1.000376674547067690e+00 2.636761670047495622e-04
5.000000000000000000e+00 2.499999999999969191e-01 3.200000000000000067e-01 1.000356069948131310e+00 1.920445120220111001e-04
5.000000000000000000e+00 2.679433656340699521e-01 3.200000000000000067e-01 1.000350882164394939e+00 1.318656324937896550e-04
5.000000000000000000e+00 2.871745887492550553e-01 3.200000000000000067e-01 1.000375106689529670e+00 9.755529508753316799e-05
5.000000000000000000e+00 3.077861033362250809e-01 3.200000000000000067e-01 1.000438735241454102e+00 9.393954283004481273e-05
5.000000000000000000e+00 3.298769776932191644e-01 3.200000000000000067e-01 1.000556159471625683e+00 1.423153123432932196e-04
5.000000000000000000e+00 3.535533905932689569e-01 3.200000000000000067e-01 1.000766045314656072e+00 2.681954467134194998e-04
5.000000000000000000e+00 3.789291416275942792e-01 3.200000000000000067e-01 1.001132504536064838e+00 5.107453629286240601e-04
5.000000000000000000e+00 4.061261981781120745e-01 3.200000000000000067e-01 1.001774296290624644e+00 9.670050709754603744e-04
5.000000000000000000e+00 4.352752816480558451e-01 3.200000000000000067e-01 1.002915092238271466e+00 1.844841546113571307e-03
5.000000000000000000e+00 4.665164957683969327e-01 3.200000000000000067e-01 1.004970898645576094e+00 3.567301846726446922e-03
5.000000000000000000e+00 4.999999999999926170e-01 3.200000000000000067e-01 1.008701240153761836e+00 6.994175664911729887e-03
5.000000000000000000e+00 5.358867312681385719e-01 3.200000000000000067e-01 1.015465031141517205e+00 1.377218235928668807e-02
5.000000000000000000e+00 5.743491774985087783e-01 3.200000000000000067e-01 1.026790849852060372e+00 2.587926184121242326e-02
5.000000000000000000e+00 6.155722066724486075e-01 3.200000000000000067e-01 1.042482056968299986e+00 4.250939566981178086e-02
5.000000000000000000e+00 6.597539553864367745e-01 3.200000000000000067e-01 1.059397156446391097e+00 5.738356257425760582e-02
5.000000000000000000e+00 7.071067811865362485e-01 3.200000000000000067e-01 1.075604890423128790e+00 6.460032004147589491e-02
5.000000000000000000e+00 7.578582832551866710e-01 3.200000000000000067e-01 1.091060986222716522e+00 6.971128566547299399e-02
5.000000000000000000e+00 8.122523963562221505e-01 3.200000000000000067e-01 1.110588453063896086e+00 8.406651442006961295e-02
5.000000000000000000e+00 8.705505632961095808e-01 3.200000000000000067e-01 1.131913580103383943e+00 1.006301528594432670e-01
5.000000000000000000e+00 9.330329915367915339e-01 3.200000000000000067e-01 1.149661476302136220e+00 1.196342141225566202e-01
5.000000000000000000e+00 9.999999999999827915e-01 3.200000000000000067e-01 1.164494810112216339e+00 1.352048911831701394e-01
5.000000000000000000e+00 1.071773462536274479e+00 3.200000000000000067e-01 1.180283619731570477e+00 1.511367763916454943e-01
5.000000000000000000e+00 1.148698354997014670e+00 3.200000000000000067e-01 1.189803459528650409e+00 1.598550487690752475e-01
5.000000000000000000e+00 1.231144413344894106e+00 3.200000000000000067e-01 1.186145628790464146e+00 1.477053150932324810e-01
5.000000000000000000e+00 1.319507910772870218e+00 3.200000000000000067e-01 1.173523808118521528e+00 1.221407615391237322e-01
5.000000000000000000e+00 1.414213562373068944e+00 3.200000000000000067e-01 1.165095195490355895e+00 1.000343690277750580e-01
5.000000000000000000e+00 1.515716566510369789e+00 3.200000000000000067e-01 1.161723011870393174e+00 9.016997006598810593e-02
5.000000000000000000e+00 1.624504792712440304e+00 3.200000000000000067e-01 1.163050466845225728e+00 1.063999627601808634e-01
5.000000000000000000e+00 1.741101126592214943e+00 3.200000000000000067e-01 1.166127053541921921e+00 1.207114675647332769e-01
5.000000000000000000e+00 1.866065983073578627e+00 3.200000000000000067e-01 1.182788084102703197e+00 1.459839688176039207e-01
5.000000000000000000e+00 1.999999999999960698e+00 3.200000000000000067e-01 1.177984855350270310e+00 1.342710337196048320e-01
5.000000000000000000e+00 2.143546925072543630e+00 3.200000000000000067e-01 1.169097938671631587e+00 1.129041633831308344e-01
5.000000000000000000e+00 2.297396709994023567e+00 3.200000000000000067e-01 1.186036656022994462e+00 1.316932418630075152e-01
5.000000000000000000e+00 2.462288826689782439e+00 3.200000000000000067e-01 1.194206040341395658e+00 1.609774344536527291e-01
5.000000000000000000e+00 2.639015821545733775e+00 3.200000000000000067e-01 1.198063798820723669e+00 1.641089018900136476e-01
5.000000000000000000e+00 2.828427124746130783e+00 3.200000000000000067e-01 1.195321541709797986e+00 1.515031530588523967e-01
5.000000000000000000e+00 3.031433133020732029e+00 3.200000000000000067e-01 1.185711812373044793e+00 1.375398851074172701e-01
5.000000000000000000e+00 3.249009585424872615e+00 3.200000000000000067e-01 1.215214851515742156e+00 2.214989904068366267e-01
5.000000000000000000e+00 3.482202253184421004e+00 3.200000000000000067e-01 1.202676555588052754e+00 1.951166073603701201e-01
5.000000000000000000e+00 3.732131966147147928e+00 3.200000000000000067e-01 1.156729004523212367e+00 9.353203986344241216e-02
5.000000000000000000e+00 3.999999999999911182e+00 3.200000000000000067e-01 1.130839179041815301e+00 4.666861796229706399e-02
5.000000000000000000e+00 4.287093850145076601e+00 3.200000000000000067e-01 1.160601957145207530e+00 1.346205400690999587e-01
5.000000000000000000e+00 4.594793419988035588e+00 3.200000000000000067e-01 1.146247549190805959e+00 6.305014853623000515e-02
5.000000000000000000e+00 4.924577653379552444e+00 3.200000000000000067e-01 1.168886987852618686e+00 7.037448128790821378e-02
5.000000000000000000e+00 5.278031643091455116e+00 3.200000000000000067e-01 1.152936877354105549e+00 1.208568136805316523e-01
5.000000000000000000e+00 5.656854249492248243e+00 3.200000000000000067e-01 1.136983987336333879e+00 8.231288787950989672e-02
5.000000000000000000e+00 6.062866266041448959e+00 3.200000000000000067e-01 1.171939858920944211e+00 7.784309094814634289e-02
5.000000000000000000e+00 6.498019170849729242e+00 3.200000000000000067e-01 1.154327347876255461e+00 6.604165360572561427e-02
5.000000000000000000e+00 6.964404506368825132e+00 3.200000000000000067e-01 1.143184997424933735e+00 6.029423216165346461e-02
5.000000000000000000e+00 7.464263932294277204e+00 3.200000000000000067e-01 1.166530464875675133e+00 6.115788126482082920e-02
5.000000000000000000e+00 7.999999999999802824e+00 3.200000000000000067e-01 1.145213560218063531e+00 6.321758190960656554e-02
5.000000000000000000e+00 8.574187700290131886e+00 3.200000000000000067e-01 1.169223795763298268e+00 1.087492844414572335e-01
5.000000000000000000e+00 9.189586839976049859e+00 3.200000000000000067e-01 1.155379741844499542e+00 8.082887593359812384e-02
5.000000000000000000e+00 9.849155306759080020e+00 3.200000000000000067e-01 1.200556885609457280e+00 1.116003430653326051e-01
5.000000000000000000e+00 1.055606328618288359e+01 3.200000000000000067e-01 1.230376209679235666e+00 1.305978027022650922e-01
5.000000000000000000e+00 1.131370849898446806e+01 3.200000000000000067e-01 1.184839225422269049e+00 1.059155162864077876e-01
5.000000000000000000e+00 1.212573253208286772e+01 3.200000000000000067e-01 1.168067753649102647e+00 6.385832417273241968e-02
5.000000000000000000e+00 1.299603834169942651e+01 3.200000000000000067e-01 1.203655968955350097e+00 1.078258312877131003e-01
5.000000000000000000e+00 1.392880901273761651e+01 3.200000000000000067e-01 1.173238492221803098e+00 1.113575503177984538e-01
5.000000000000000000e+00 1.492852786458851710e+01 3.200000000000000067e-01 1.155543312008486367e+00 8.521724300431358923e-02
5.000000000000000000e+00 1.599999999999956657e+01 3.200000000000000067e-01 1.186748802776187439e+00 1.622155981279362891e-01
5.000000000000000000e+00 1.714837540058022114e+01 3.200000000000000067e-01 1.165519931998195480e+00 9.252770420936590190e-02
5.000000000000000000e+00 1.837917367995205353e+01 3.200000000000000067e-01 1.192204228692773649e+00 8.976139399663313201e-02
5.000000000000000000e+00 1.969831061351811385e+01 3.200000000000000067e-01 1.163151712383034164e+00 1.204684698549910449e-01
5.000000000000000000e+00 2.111212657236571388e+01 3.200000000000000067e-01 1.162638929572972435e+00 8.039812403301446753e-02
5.000000000000000000e+00 2.262741699796887929e+01 3.200000000000000067e-01 1.138965442378717885e+00 5.490076454622592333e-02
5.000000000000000000e+00 2.425146506416567505e+01 3.200000000000000067e-01 1.143271687759661592e+00 4.981455211772831126e-02
5.000000000000000000e+00 2.599207668339878907e+01 3.200000000000000067e-01 1.205623625752618944e+00 1.570812185349101386e-01
5.000000000000000000e+00 2.785761802547516197e+01 3.200000000000000067e-01 1.173975483719395863e+00 1.219278900422839096e-01
5.000000000000000000e+00 2.985705572917696315e+01 3.200000000000000067e-01 1.162789494611120578e+00 7.175480244604279245e-02
5.000000000000000000e+00 3.199999999999905498e+01 3.200000000000000067e-01 1.163742400128878973e+00 9.173931011925827439e-02
