5.000000000000000000e+00 7.812500000000000000e-03 5.000000000000000278e-02 1.628337975252388548e+00 3.103848086982067267e-01
5.000000000000000000e+00 8.373230176064788352e-03 5.000000000000000278e-02 1.527571266111781956e+00 2.747822768803591109e-01
5.000000000000000000e+00 8.974205898414331500e-03 5.000000000000000278e-02 1.469637198389667887e+00 2.417611778277019008e-01
5.000000000000000000e+00 9.618315729257151739e-03 5.000000000000000278e-02 1.405440531965797657e+00 2.373758066264627375e-01
5.000000000000000000e+00 1.030865555291322552e-02 5.000000000000000278e-02 1.347820834486324726e+00 1.944194243797391641e-01
5.000000000000000000e+00 1.104854345603979195e-02 5.000000000000000278e-02 1.309646330402654213e+00 1.975063349676340618e-01
5.000000000000000000e+00 1.184153567586246694e-02 5.000000000000000278e-02 1.256037136731674719e+00 1.779643802858011381e-01
5.000000000000000000e+00 1.269144369306615845e-02 5.000000000000000278e-02 1.205498989973547763e+00 1.524800515678036983e-01
5.000000000000000000e+00 1.360235255150191343e-02 5.000000000000000278e-02 1.184738240010011490e+00 1.435914205624158058e-01
5.000000000000000000e+00 1.457864049276258282e-02 5.000000000000000278e-02 1.156210007075360480e+00 1.345601876546567988e-01
5.000000000000000000e+00 1.562499999999996184e-02 5.000000000000000278e-02 1.136543080293994867e+00 1.308114695479286049e-01
5.000000000000000000e+00 1.674646035212953507e-02 5.000000000000000278e-02 1.119923315184464752e+00 1.318619534705116059e-01
5.000000000000000000e+00 1.794841179682861790e-02 5.000000000000000278e-02 1.098123708978478774e+00 1.116806745823268193e-01
5.000000000000000000e+00 1.923663145851425491e-02 5.000000000000000278e-02 1.078183761015497399e+00 8.900714088431962989e-02
5.000000000000000000e+00 2.061731110582640247e-02 5.000000000000000278e-02 1.071479205175336569e+00 9.239125874878940936e-02
5.000000000000000000e+00 2.209708691207952838e-02 5.000000000000000278e-02 1.062689765427640820e+00 9.135769739332470774e-02
5.000000000000000000e+00 2.368307135172487837e-02 5.000000000000000278e-02 1.049512659897624323e+00 7.258793709217316314e-02
5.000000000000000000e+00 2.538288738613225445e-02 5.000000000000000278e-02 1.039336295943394051e+00 6.062125370958990761e-02
5.000000000000000000e+00 2.720470510300375747e-02 5.000000000000000278e-02 1.033831009273556534e+00 5.708522913814782773e-02
5.000000000000000000e+00 2.915728098552509626e-02 5.000000000000000278e-02 1.027667580175256168e+00 5.023779151756167100e-02
5.000000000000000000e+00 3.124999999999984734e-02 5.000000000000000278e-02 1.020833653752821757e+00 3.933002632794936615e-02
5.000000000000000000e+00 3.349292070425898687e-02 5.000000000000000278e-02 1.018111678419938659e+00 3.834579432082096256e-02
5.000000000000000000e+00 3.589682359365715253e-02 5.000000000000000278e-02 1.013592684132459398e+00 2.991471498248549077e-02
5.000000000000000000e+00 3.847326291702841267e-02 5.000000000000000278e-02 1.010561187827618168e+00 2.463508556152116738e-02
5.000000000000000000e+00 4.123462221165270086e-02 5.000000000000000278e-02 1.008188747924982254e+00 2.013269993210865458e-02
5.000000000000000000e+00 4.419417382415894574e-02 5.000000000000000278e-02 1.006384286100697745e+00 1.649731401106645928e-02
5.000000000000000000e+00 4.736614270344963878e-02 5.000000000000000278e-02 1.005058709210151280e+00 1.362361360540090965e-02
5.000000000000000000e+00 5.076577477226438401e-02 5.000000000000000278e-02 1.004110468264470812e+00 1.145359534111910389e-02
5.000000000000000000e+00 5.440941020600738309e-02 5.000000000000000278e-02 1.003435658544379994e+00 9.807522876760852229e-03
5.000000000000000000e+00 5.831456197105004680e-02 5.000000000000000278e-02 1.002862433752775173e+00 8.296605914914311278e-03
5.000000000000000000e+00 6.249999999999953509e-02 5.000000000000000278e-02 1.002463601898149204e+00 7.210296428507064620e-03
5.000000000000000000e+00 6.698584140851780722e-02 5.000000000000000278e-02 1.002108709563251931e+00 6.203583038050161473e-03
5.000000000000000000e+00 7.179364718731412465e-02 5.000000000000000278e-02 1.001851923247000231e+00 5.464749398752868047e-03
5.000000000000000000e+00 7.694652583405664492e-02 5.000000000000000278e-02 1.001585114571558632e+00 4.683346475558696279e-03
5.000000000000000000e+00 8.246924442330520744e-02 5.000000000000000278e-02 1.001344789611658070e+00 3.975170884769149530e-03
5.000000000000000000e+00 8.838834764831768331e-02 5.000000000000000278e-02 1.001121914770358723e+00 3.316031277869284973e-03
5.000000000000000000e+00 9.473228540689904165e-02 5.000000000000000278e-02 1.000929516181538581e+00 2.745942725336203340e-03
5.000000000000000000e+00 1.015315495445285182e-01 5.000000000000000278e-02 1.000755024682809635e+00 2.227635539723731798e-03
5.000000000000000000e+00 1.088188204120145025e-01 5.000000000000000278e-02 1.000612850634605921e+00 1.804611040989588695e-03
5.000000000000000000e+00 1.166291239420998022e-01 5.000000000000000278e-02 1.000496340566782161e+00 1.457191354012636738e-03
5.000000000000000000e+00 1.249999999999987649e-01 5.000000000000000278e-02 1.000406931986440151e+00 1.189927405452973624e-03
5.000000000000000000e+00 1.339716828170352814e-01 5.000000000000000278e-02 1.000339697665808103e+00 9.881708865376408451e-04
5.000000000000000000e+00 1.435872943746278885e-01 5.000000000000000278e-02 1.000288143126691676e+00 8.324091807054372592e-04
5.000000000000000000e+00 1.538930516681129013e-01 5.000000000000000278e-02 1.000249761975178675e+00 7.148553337737819681e-04
5.000000000000000000e+00 1.649384888466099985e-01 5.000000000000000278e-02 1.000211385510940465e+00 5.955078304468340231e-04
5.000000000000000000e+00 1.767766952966349225e-01 5.000000000000000278e-02 1.000170944904851034e+00 4.672551802368780731e-04
5.000000000000000000e+00 1.894645708137976114e-01 5.000000000000000278e-02 1.000132395841199173e+00 3.404165026928871688e-04
5.000000000000000000e+00 2.030630990890565368e-01 5.000000000000000278e-02 1.000105433332747262e+00 2.419523059329954390e-04
5.000000000000000000e+00 2.176376408240284499e-01 5.000000000000000278e-02 1.000095120368544421e+00 1.834728538476661360e-04
5.000000000000000000e+00 2.332582478841990492e-01 5.000000000000000278e-02 1.000096058041546998e+00 1.432790518024191064e-04
5.000000000000000000e+00 2.499999999999969191e-01 5.000000000000000278e-02 1.000105982737699684e+00 1.068826098758562758e-04
5.000000000000000000e+00 2.679433656340699521e-01 5.000000000000000278e-02 1.000130962879201446e+00 8.257201872414678026e-05
5.000000000000000000e+00 2.871745887492550553e-01 5.000000000000000278e-02 1.000181931914590816e+00 8.855270974363231638e-05
5.000000000000000000e+00 3.077861033362250809e-01 5.000000000000000278e-02 1.000270828077999052e+00 1.265104512877022558e-04
5.000000000000000000e+00 3.298769776932191644e-01 5.000000000000000278e-02 1.000416108217470734e+00 2.029191098294651295e-04
5.000000000000000000e+00 3.535533905932689569e-01 5.000000000000000278e-02 1.000658049534408844e+00 3.423523673888487044e-04
5.000000000000000000e+00 3.789291416275942792e-01 5.000000000000000278e-02 1.001064501529302264e+00 5.980846469804702034e-04
5.000000000000000000e+00 4.061261981781120745e-01 5.000000000000000278e-02 1.001761972863829175e+00 1.075546334370798985e-03
5.000000000000000000e+00 4.352752816480558451e-01 5.000000000000000278e-02 1.002986211458145815e+00 1.991455858880828919e-03
5.000000000000000000e+00 4.665164957683969327e-01 5.000000000000000278e-02 1.005173480002490738e+00 3.784723427800985428e-03
5.000000000000000000e+00 4.999999999999926170e-01 5.000000000000000278e-02 1.009113228771539195e+00 7.339757695588822357e-03
5.000000000000000000e+00 5.358867312681385719e-01 5.000000000000000278e-02 1.016204060329876091e+00 1.432835255347440426e-02
5.000000000000000000e+00 5.743491774985087783e-01 5.000000000000000278e-02 1.028005752994440414e+00 2.671652615400732164e-02
5.000000000000000000e+00 6.155722066724486075e-01 5.000000000000000278e-02 1.044305677160952461e+00 4.360317078933774460e-02
5.000000000000000000e+00 6.597539553864367745e-01 5.000000000000000278e-02 1.061856857148441691e+00 5.862277233154282452e-02
5.000000000000000000e+00 7.071067811865362485e-01 5.000000000000000278e-02 1.078725005268374559e+00 6.610770381827504871e-02
5.000000000000000000e+00 7.578582832551866710e-01 5.000000000000000278e-02 1.095003134116183219e+00 7.216416126341909654e-02
5.000000000000000000e+00 8.122523963562221505e-01 5.000000000000000278e-02 1.115670926550246023e+00 8.829386099290388590e-02
5.000000000000000000e+00 8.705505632961095808e-01 5.000000000000000278e-02 1.138513558754997046e+00 1.073895919441396479e-01
5.000000000000000000e+00 9.330329915367915339e-01 5.000000000000000278e-02 1.158148342941532905e+00 1.294897650832652347e-01
5.000000000000000000e+00 9.999999999999827915e-01 5.000000000000000278e-02 1.175213917674518438e+00 1.483858081123565487e-01
5.000000000000000000e+00 1.071773462536274479e+00 5.000000000000000278e-02 1.192326079226583513e+00 1.658538496678525209e-01
5.000000000000000000e+00 1.148698354997014670e+00 5.000000000000000278e-02 1.202162205239347248e+00 1.743716598042038823e-01
5.000000000000000000e+00 1.231144413344894106e+00 5.000000000000000278e-02 1.197816729416034898e+00 1.594884896477900549e-01
5.000000000000000000e+00 1.319507910772870218e+00 5.000000000000000278e-02 1.184642033932151950e+00 1.302907365623584002e-01
5.000000000000000000e+00 1.414213562373068944e+00 5.000000000000000278e-02 1.176849774573204277e+00 1.061079979210577673e-01
5.000000000000000000e+00 1.515716566510369789e+00 5.000000000000000278e-02 1.174593988297389924e+00 9.677414417671596769e-02
5.000000000000000000e+00 1.624504792712440304e+00 5.000000000000000278e-02 1.176423745585026381e+00 1.150018825125409538e-01
5.000000000000000000e+00 1.741101126592214943e+00 5.000000000000000278e-02 1.180314142691467616e+00 1.315551400052508701e-01
5.000000000000000000e+00 1.866065983073578627e+00 5.000000000000000278e-02 1.198363570225877472e+00 1.594369181047679551e-01
5.000000000000000000e+00 1.999999999999960698e+00 5.000000000000000278e-02 1.191890209550282353e+00 1.453174252250778453e-01
5.000000000000000000e+00 2.143546925072543630e+00 5.000000000000000278e-02 1.180807679127119814e+00 1.219747294864133580e-01
5.000000000000000000e+00 2.297396709994023567e+00 5.000000000000000278e-02 1.198021519486752062e+00 1.399088956649338633e-01
5.000000000000000000e+00 2.462288826689782439e+00 5.000000000000000278e-02 1.207588673500838095e+00 1.718662014069785859e-01
5.000000000000000000e+00 2.639015821545733775e+00 5.000000000000000278e-02 1.214110592687681622e+00 1.804313560191740107e-01
5.000000000000000000e+00 2.828427124746130783e+00 5.000000000000000278e-02 1.214707613643341233e+00 1.679657579216606855e-01
5.000000000000000000e+00 3.031433133020732029e+00 5.000000000000000278e-02 1.205886509864202205e+00 1.543559884317687592e-01
5.000000000000000000e+00 3.249009585424872615e+00 5.000000000000000278e-02 1.234320853516098992e+00 2.410774322549893711e-01
5.000000000000000000e+00 3.482202253184421004e+00 5.000000000000000278e-02 1.219506483508163042e+00 2.087233222123477672e-01
5.000000000000000000e+00 3.732131966147147928e+00 5.000000000000000278e-02 1.168007112173493622e+00 9.812577431319592647e-02
5.000000000000000000e+00 3.999999999999911182e+00 5.000000000000000278e-02 1.142089758556059875e+00 5.029614156852417473e-02
5.000000000000000000e+00 4.287093850145076601e+00 5.000000000000000278e-02 1.177082381483251172e+00 1.507745638327839255e-01
5.000000000000000000e+00 4.594793419988035588e+00 5.000000000000000278e-02 1.159211940088133774e+00 6.957036185074194634e-02
5.000000000000000000e+00 4.924577653379552444e+00 5.000000000000000278e-02 1.185342672756534599e+00 8.004493040617609301e-02
5.000000000000000000e+00 5.278031643091455116e+00 5.000000000000000278e-02 1.166385694709240806e+00 1.317176468409823609e-01
5.000000000000000000e+00 5.656854249492248243e+00 5.000000000000000278e-02 1.150812731539210487e+00 9.313671847787820257e-02
5.000000000000000000e+00 6.062866266041448959e+00 5.000000000000000278e-02 1.190164294421425017e+00 8.651900258703967839e-02
5.000000000000000000e+00 6.498019170849729242e+00 5.000000000000000278e-02 1.169511748564946219e+00 7.100243020420943241e-02
5.000000000000000000e+00 6.964404506368825132e+00 5.000000000000000278e-02 1.156601019917618878e+00 6.845105256174102704e-02
5.000000000000000000e+00 7.464263932294277204e+00 5.000000000000000278e-02 1.179825920256774685e+00 6.910588766640664293e-02
5.000000000000000000e+00 7.999999999999802824e+00 5.000000000000000278e-02 1.157606552584017567e+00 6.918373938760316588e-02
5.000000000000000000e+00 8.574187700290131886e+00 5.000000000000000278e-02 1.185219499646219310e+00 1.248248378051918794e-01
5.000000000000000000e+00 9.189586839976049859e+00 5.000000000000000278e-02 1.169660614530867671e+00 8.715087520772764329e-02
5.000000000000000000e+00 9.849155306759080020e+00 5.000000000000000278e-02 1.218778199181526078e+00 1.217583051812220901e-01
5.000000000000000000e+00 1.055606328618288359e+01 5.000000000000000278e-02 1.249629742971668511e+00 1.392629567684817160e-01
5.000000000000000000e+00 1.131370849898446806e+01 5.000000000000000278e-02 1.199630765930270959e+00 1.154853091051681602e-01
5.000000000000000000e+00 1.212573253208286772e+01 5.000000000000000278e-02 1.180827856697924449e+00 6.926838179016366059e-02
5.000000000000000000e+00 1.299603834169942651e+01 5.000000000000000278e-02 1.221552456332477110e+00 1.182021202219814410e-01
5.000000000000000000e+00 1.392880901273761651e+01 5.000000000000000278e-02 1.186865929996955948e+00 1.193235922587493891e-01
5.000000000000000000e+00 1.492852786458851710e+01 5.000000000000000278e-02 1.169779060872120136e+00 9.135437842033447553e-02
5.000000000000000000e+00 1.599999999999956657e+01 5.000000000000000278e-02 1.204200961780343526e+00 1.773062678569230222e-01
5.000000000000000000e+00 1.714837540058022114e+01 5.000000000000000278e-02 1.179535026917651219e+00 1.001962071060086973e-01
5.000000000000000000e+00 1.837917367995205353e+01 5.000000000000000278e-02 1.206387123086934077e+00 9.720862599441658369e-02
5.000000000000000000e+00 1.969831061351811385e+01 5.000000000000000278e-02 1.177200413439229987e+00 1.302063176469188954e-01
5.000000000000000000e+00 2.111212657236571388e+01 5.000000000000000278e-02 1.177997942979023493e+00 8.880654609159627233e-02
5.000000000000000000e+00 2.262741699796887929e+01 5.000000000000000278e-02 1.152119412581811941e+00 5.992319138395532652e-02
5.000000000000000000e+00 2.425146506416567505e+01 5.000000000000000278e-02 1.154983251829049706e+00 5.474031706784839024e-02
5.000000000000000000e+00 2.599207668339878907e+01 5.000000000000000278e-02 1.220585080347917462e+00 1.723330645409590633e-01
5.000000000000000000e+00 2.785761802547516197e+01 5.000000000000000278e-02 1.186425245494728831e+00 1.305744605323289342e-01
5.000000000000000000e+00 2.985705572917696315e+01 5.000000000000000278e-02 1.175997060478902512e+00 8.101107862446631225e-02
5.000000000000000000e+00 3.199999999999905498e+01 5.000000000000000278e-02 1.177387090594164798e+00 9.938293170308426516e-02
