5.000000000000000000e+00 7.812500000000000000e-03 8.000000000000000444e-01 5.159937951607623141e+00 1.264410362881056127e+00
5.000000000000000000e+00 8.373230176064788352e-03 8.000000000000000444e-01 5.480345418657582179e+00 9.988750231685442627e-01
5.000000000000000000e+00 8.974205898414331500e-03 8.000000000000000444e-01 5.060803191957070624e+00 1.109351218088921343e+00
5.000000000000000000e+00 9.618315729257151739e-03 8.000000000000000444e-01 5.078452643060925809e+00 9.696369766092426401e-01
5.000000000000000000e+00 1.030865555291322552e-02 8.000000000000000444e-01 4.485302325440533977e+00 1.415487828004970750e+00
5.000000000000000000e+00 1.104854345603979195e-02 8.000000000000000444e-01 4.327643786265317871e+00 1.062169957486276184e+00
5.000000000000000000e+00 1.184153567586246694e-02 8.000000000000000444e-01 4.034923622939371235e+00 1.245033135543928360e+00
5.000000000000000000e+00 1.269144369306615845e-02 8.000000000000000444e-01 3.605686625030235071e+00 1.233172951190192324e+00
5.000000000000000000e+00 1.360235255150191343e-02 8.000000000000000444e-01 3.317436781683667846e+00 1.160191534916507505e+00
5.000000000000000000e+00 1.457864049276258282e-02 8.000000000000000444e-01 3.053964769941781121e+00 1.081445345804411096e+00
5.000000000000000000e+00 1.562499999999996184e-02 8.000000000000000444e-01 2.785317062964256074e+00 1.028919945991274787e+00
5.000000000000000000e+00 1.674646035212953507e-02 8.000000000000000444e-01 2.593771210848656139e+00 9.910979692844612554e-01
5.000000000000000000e+00 1.794841179682861790e-02 8.000000000000000444e-01 2.325812129752156121e+00 8.925738575102963868e-01
5.000000000000000000e+00 1.923663145851425491e-02 8.000000000000000444e-01 2.184054887366206010e+00 9.057330897604496389e-01
5.000000000000000000e+00 2.061731110582640247e-02 8.000000000000000444e-01 2.011190687805405553e+00 8.237493713148648089e-01
5.000000000000000000e+00 2.209708691207952838e-02 8.000000000000000444e-01 1.911573700870255355e+00 9.092661181089959355e-01
5.000000000000000000e+00 2.368307135172487837e-02 8.000000000000000444e-01 1.791416059621001811e+00 8.789168085771632555e-01
5.000000000000000000e+00 2.538288738613225445e-02 8.000000000000000444e-01 1.677395839510611664e+00 8.451467376591014213e-01
5.000000000000000000e+00 2.720470510300375747e-02 8.000000000000000444e-01 1.582744998332870523e+00 8.052439907676436359e-01
5.000000000000000000e+00 2.915728098552509626e-02 8.000000000000000444e-01 1.503694249629823787e+00 7.893538375956257180e-01
5.000000000000000000e+00 3.124999999999984734e-02 8.000000000000000444e-01 1.419556330126356958e+00 7.354213811649731314e-01
5.000000000000000000e+00 3.349292070425898687e-02 8.000000000000000444e-01 1.371688825470381845e+00 7.456575503000467675e-01
5.000000000000000000e+00 3.589682359365715253e-02 8.000000000000000444e-01 1.295130822378367075e+00 6.308673907051108865e-01
5.000000000000000000e+00 3.847326291702841267e-02 8.000000000000000444e-01 1.237283502293901716e+00 5.448543977570552421e-01
5.000000000000000000e+00 4.123462221165270086e-02 8.000000000000000444e-01 1.189022086461740457e+00 4.596358074213522382e-01
5.000000000000000000e+00 4.419417382415894574e-02 8.000000000000000444e-01 1.149961438644875988e+00 3.827602428493883657e-01
5.000000000000000000e+00 4.736614270344963878e-02 8.000000000000000444e-01 1.119076449479702751e+00 3.153896312957897297e-01
5.000000000000000000e+00 5.076577477226438401e-02 8.000000000000000444e-01 1.097185739716405317e+00 2.650111196793687451e-01
5.000000000000000000e+00 5.440941020600738309e-02 8.000000000000000444e-01 1.081258681636873220e+00 2.257799081747206282e-01
5.000000000000000000e+00 5.831456197105004680e-02 8.000000000000000444e-01 1.068024372452873738e+00 1.908187601159292979e-01
5.000000000000000000e+00 6.249999999999953509e-02 8.000000000000000444e-01 1.058643733977170376e+00 1.651857651514068992e-01
5.000000000000000000e+00 6.698584140851780722e-02 8.000000000000000444e-01 1.050506620608997910e+00 1.421098047649727858e-01
5.000000000000000000e+00 7.179364718731412465e-02 8.000000000000000444e-01 1.044716728637832048e+00 1.254818739256476912e-01
5.000000000000000000e+00 7.694652583405664492e-02 8.000000000000000444e-01 1.038573345635312561e+00 1.075209864113105956e-01
5.000000000000000000e+00 8.246924442330520744e-02 8.000000000000000444e-01 1.033069375591552319e+00 9.134520014167762936e-02
5.000000000000000000e+00 8.838834764831768331e-02 8.000000000000000444e-01 1.027800031500528899e+00 7.580735741616236034e-02
5.000000000000000000e+00 9.473228540689904165e-02 8.000000000000000444e-01 1.023378067847823925e+00 6.276763663312165398e-02
5.000000000000000000e+00 1.015315495445285182e-01 8.000000000000000444e-01 1.019242672866764954e+00 5.055587344379045001e-02
5.000000000000000000e+00 1.088188204120145025e-01 8.000000000000000444e-01 1.015923027804872758e+00 4.076748472739989693e-02
5.000000000000000000e+00 1.166291239420998022e-01 8.000000000000000444e-01 1.013235242713902418e+00 3.285994779679473482e-02
5.000000000000000000e+00 1.249999999999987649e-01 8.000000000000000444e-01 1.011133747821628681e+00 2.670512521659542879e-02
5.000000000000000000e+00 1.339716828170352814e-01 8.000000000000000444e-01 1.009560853224891197e+00 2.213769133086330304e-02
5.000000000000000000e+00 1.435872943746278885e-01 8.000000000000000444e-01 1.008316438443459306e+00 1.856377132092647611e-02
5.000000000000000000e+00 1.538930516681129013e-01 8.000000000000000444e-01 1.007387124415571211e+00 1.594714124795397481e-02
5.000000000000000000e+00 1.649384888466099985e-01 8.000000000000000444e-01 1.006430568297962624e+00 1.326568462431689140e-02
5.000000000000000000e+00 1.767766952966349225e-01 8.000000000000000444e-01 1.005396619125303204e+00 1.037223942962641789e-02
5.000000000000000000e+00 1.894645708137976114e-01 8.000000000000000444e-01 1.004367916005237449e+00 7.517650849686148551e-03
5.000000000000000000e+00 2.030630990890565368e-01 8.000000000000000444e-01 1.003552358626944141e+00 5.324359951156458146e-03
5.000000000000000000e+00 2.176376408240284499e-01 8.000000000000000444e-01 1.003032876737871337e+00 4.031891831691283672e-03
5.000000000000000000e+00 2.332582478841990492e-01 8.000000000000000444e-01 1.002649524800794056e+00 3.156089207942016847e-03
5.000000000000000000e+00 2.499999999999969191e-01 8.000000000000000444e-01 1.002287817942859594e+00 2.352970685946903680e-03
5.000000000000000000e+00 2.679433656340699521e-01 8.000000000000000444e-01 1.001979708710261097e+00 1.703068807916292100e-03
5.000000000000000000e+00 2.871745887492550553e-01 8.000000000000000444e-01 1.001810229251475226e+00 1.409303042292152624e-03
5.000000000000000000e+00 3.077861033362250809e-01 8.000000000000000444e-01 1.001758699463751956e+00 1.364889957661859958e-03
5.000000000000000000e+00 3.298769776932191644e-01 8.000000000000000444e-01 1.001770624574703117e+00 1.366640234382749015e-03
5.000000000000000000e+00 3.535533905932689569e-01 8.000000000000000444e-01 1.001887507884176021e+00 1.429517552068046817e-03
5.000000000000000000e+00 3.789291416275942792e-01 8.000000000000000444e-01 1.002161486934178836e+00 1.529835629969781641e-03
5.000000000000000000e+00 4.061261981781120745e-01 8.000000000000000444e-01 1.002680726502326980e+00 1.632707182274480617e-03
5.000000000000000000e+00 4.352752816480558451e-01 8.000000000000000444e-01 1.003647789002258151e+00 1.946395386434748853e-03
5.000000000000000000e+00 4.665164957683969327e-01 8.000000000000000444e-01 1.005455359589389364e+00 3.135152513578060279e-03
5.000000000000000000e+00 4.999999999999926170e-01 8.000000000000000444e-01 1.008842248221027749e+00 6.220965612764682920e-03
5.000000000000000000e+00 5.358867312681385719e-01 8.000000000000000444e-01 1.015151317575199164e+00 1.274569296434274919e-02
5.000000000000000000e+00 5.743491774985087783e-01 8.000000000000000444e-01 1.025908466428756993e+00 2.460207477886674002e-02
5.000000000000000000e+00 6.155722066724486075e-01 8.000000000000000444e-01 1.040952970945706380e+00 4.102236539563542533e-02
5.000000000000000000e+00 6.597539553864367745e-01 8.000000000000000444e-01 1.057266921205881394e+00 5.576530795620450454e-02
5.000000000000000000e+00 7.071067811865362485e-01 8.000000000000000444e-01 1.072903308664108879e+00 6.269382973728222785e-02
5.000000000000000000e+00 7.578582832551866710e-01 8.000000000000000444e-01 1.087720243427906741e+00 6.697687270477523103e-02
5.000000000000000000e+00 8.122523963562221505e-01 8.000000000000000444e-01 1.106318211221101411e+00 7.977668476928746755e-02
5.000000000000000000e+00 8.705505632961095808e-01 8.000000000000000444e-01 1.126302490604024431e+00 9.391631445592459049e-02
5.000000000000000000e+00 9.330329915367915339e-01 8.000000000000000444e-01 1.142360565509204839e+00 1.100765682930787553e-01
5.000000000000000000e+00 9.999999999999827915e-01 8.000000000000000444e-01 1.155213498274050510e+00 1.227474147268241000e-01
5.000000000000000000e+00 1.071773462536274479e+00 8.000000000000000444e-01 1.169844677361184804e+00 1.375298506169078949e-01
5.000000000000000000e+00 1.148698354997014670e+00 8.000000000000000444e-01 1.178926985228483826e+00 1.465290600589465864e-01
5.000000000000000000e+00 1.231144413344894106e+00 8.000000000000000444e-01 1.175522468423413347e+00 1.369765702362635285e-01
5.000000000000000000e+00 1.319507910772870218e+00 8.000000000000000444e-01 1.163041098178849486e+00 1.150989599684962700e-01
5.000000000000000000e+00 1.414213562373068944e+00 8.000000000000000444e-01 1.153506117060678182e+00 9.507184979273342051e-02
5.000000000000000000e+00 1.515716566510369789e+00 8.000000000000000444e-01 1.148999344392714672e+00 8.475977862330309753e-02
5.000000000000000000e+00 1.624504792712440304e+00 8.000000000000000444e-01 1.150324569913556916e+00 9.915841950161638496e-02
5.000000000000000000e+00 1.741101126592214943e+00 8.000000000000000444e-01 1.153050611852237672e+00 1.112988160654678760e-01
5.000000000000000000e+00 1.866065983073578627e+00 8.000000000000000444e-01 1.168129053052751498e+00 1.335779256838427465e-01
5.000000000000000000e+00 1.999999999999960698e+00 8.000000000000000444e-01 1.164873960413690401e+00 1.239542614216963823e-01
5.000000000000000000e+00 2.143546925072543630e+00 8.000000000000000444e-01 1.158277929740030299e+00 1.039455136232589616e-01
5.000000000000000000e+00 2.297396709994023567e+00 8.000000000000000444e-01 1.175142183208541358e+00 1.233211805708577802e-01
5.000000000000000000e+00 2.462288826689782439e+00 8.000000000000000444e-01 1.182353693990977339e+00 1.503829455065211207e-01
5.000000000000000000e+00 2.639015821545733775e+00 8.000000000000000444e-01 1.184068025947220271e+00 1.489804056120254683e-01
5.000000000000000000e+00 2.828427124746130783e+00 8.000000000000000444e-01 1.177977492290647410e+00 1.366114740497963442e-01
5.000000000000000000e+00 3.031433133020732029e+00 8.000000000000000444e-01 1.167763630838687838e+00 1.227964682342427283e-01
5.000000000000000000e+00 3.249009585424872615e+00 8.000000000000000444e-01 1.198432416999753336e+00 2.049932065013141957e-01
5.000000000000000000e+00 3.482202253184421004e+00 8.000000000000000444e-01 1.187318408236663458e+00 1.829887544774031483e-01
5.000000000000000000e+00 3.732131966147147928e+00 8.000000000000000444e-01 1.146760772786289850e+00 8.960029904751086460e-02
5.000000000000000000e+00 3.999999999999911182e+00 8.000000000000000444e-01 1.120468061658645542e+00 4.367766032347683569e-02
5.000000000000000000e+00 4.287093850145076601e+00 8.000000000000000444e-01 1.145565417072836878e+00 1.207624622562101097e-01
5.000000000000000000e+00 4.594793419988035588e+00 8.000000000000000444e-01 1.134428618452141491e+00 5.759483254322146639e-02
5.000000000000000000e+00 4.924577653379552444e+00 8.000000000000000444e-01 1.154146539676351058e+00 6.157282497885616102e-02
5.000000000000000000e+00 5.278031643091455116e+00 8.000000000000000444e-01 1.141081659709642482e+00 1.111080364951331501e-01
5.000000000000000000e+00 5.656854249492248243e+00 8.000000000000000444e-01 1.123756453888200779e+00 7.222607313699026810e-02
5.000000000000000000e+00 6.062866266041448959e+00 8.000000000000000444e-01 1.155129421140531187e+00 7.039743131177614299e-02
5.000000000000000000e+00 6.498019170849729242e+00 8.000000000000000444e-01 1.140795223070605768e+00 6.134290453092314938e-02
5.000000000000000000e+00 6.964404506368825132e+00 8.000000000000000444e-01 1.131322009389738037e+00 5.362552720340179463e-02
5.000000000000000000e+00 7.464263932294277204e+00 8.000000000000000444e-01 1.154453452042280670e+00 5.449799894534697320e-02
5.000000000000000000e+00 7.999999999999802824e+00 8.000000000000000444e-01 1.133284620381959762e+00 5.766022900414031344e-02
5.000000000000000000e+00 8.574187700290131886e+00 8.000000000000000444e-01 1.154408730656405924e+00 9.437102028962006395e-02
5.000000000000000000e+00 9.189586839976049859e+00 8.000000000000000444e-01 1.142285646059127080e+00 7.488254160228950684e-02
5.000000000000000000e+00 9.849155306759080020e+00 8.000000000000000444e-01 1.183846857757225202e+00 1.022273468215685321e-01
5.000000000000000000e+00 1.055606328618288359e+01 8.000000000000000444e-01 1.213218326495218991e+00 1.229673310571941236e-01
5.000000000000000000e+00 1.131370849898446806e+01 8.000000000000000444e-01 1.171444402213689395e+00 9.821225917369653946e-02
5.000000000000000000e+00 1.212573253208286772e+01 8.000000000000000444e-01 1.156694432689357566e+00 5.911622886601512056e-02
5.000000000000000000e+00 1.299603834169942651e+01 8.000000000000000444e-01 1.186594423316730929e+00 9.808666757279277393e-02
5.000000000000000000e+00 1.392880901273761651e+01 8.000000000000000444e-01 1.160245952888117715e+00 1.039077712342467708e-01
5.000000000000000000e+00 1.492852786458851710e+01 8.000000000000000444e-01 1.142460478836917259e+00 8.034683637478881590e-02
5.000000000000000000e+00 1.599999999999956657e+01 8.000000000000000444e-01 1.171144707107550920e+00 1.488113588944894317e-01
5.000000000000000000e+00 1.714837540058022114e+01 8.000000000000000444e-01 1.152840666998884878e+00 8.589540482768863450e-02
5.000000000000000000e+00 1.837917367995205353e+01 8.000000000000000444e-01 1.179477155165713276e+00 8.331156901418126925e-02
5.000000000000000000e+00 1.969831061351811385e+01 8.000000000000000444e-01 1.150410247815202514e+00 1.124111304964666991e-01
5.000000000000000000e+00 2.111212657236571388e+01 8.000000000000000444e-01 1.149162762574255314e+00 7.419174800025206407e-02
5.000000000000000000e+00 2.262741699796887929e+01 8.000000000000000444e-01 1.127280662205376371e+00 5.176157431069465520e-02
5.000000000000000000e+00 2.425146506416567505e+01 8.000000000000000444e-01 1.132981644354553730e+00 4.658958994662934505e-02
5.000000000000000000e+00 2.599207668339878907e+01 8.000000000000000444e-01 1.192915545548370426e+00 1.448218907256045018e-01
5.000000000000000000e+00 2.785761802547516197e+01 8.000000000000000444e-01 1.162946936836185330e+00 1.150135589014363302e-01
5.000000000000000000e+00 2.985705572917696315e+01 8.000000000000000444e-01 1.151241451355210055e+00 6.398673003353826105e-02
5.000000000000000000e+00 3.199999999999905498e+01 8.000000000000000444e-01 1.151249389801604961e+00 8.611001964026486488e-02
