5.000000000000000000e+00 7.812500000000000000e-03 2.200000000000000011e-01 1.953315999557555305e+00 4.769465314483053442e-01
5.000000000000000000e+00 8.373230176064788352e-03 2.200000000000000011e-01 1.803398802254678301e+00 4.231294035015047417e-01
5.000000000000000000e+00 8.974205898414331500e-03 2.200000000000000011e-01 1.713738906832097175e+00 3.730811809839579274e-01
5.000000000000000000e+00 9.618315729257151739e-03 2.200000000000000011e-01 1.615738815682417506e+00 3.638822482791353452e-01
5.000000000000000000e+00 1.030865555291322552e-02 2.200000000000000011e-01 1.525132424142894960e+00 2.959978559105351237e-01
5.000000000000000000e+00 1.104854345603979195e-02 2.200000000000000011e-01 1.467666567022565705e+00 2.992290468491163313e-01
5.000000000000000000e+00 1.184153567586246694e-02 2.200000000000000011e-01 1.386480898928429406e+00 2.699347031712049372e-01
5.000000000000000000e+00 1.269144369306615845e-02 2.200000000000000011e-01 1.308787815701024204e+00 2.293251998353549315e-01
5.000000000000000000e+00 1.360235255150191343e-02 2.200000000000000011e-01 1.277436624323315284e+00 2.162124597065254450e-01
5.000000000000000000e+00 1.457864049276258282e-02 2.200000000000000011e-01 1.234814595106780599e+00 2.030999929276883220e-01
5.000000000000000000e+00 1.562499999999996184e-02 2.200000000000000011e-01 1.204617638425015347e+00 1.961475104298121830e-01
5.000000000000000000e+00 1.674646035212953507e-02 2.200000000000000011e-01 1.180090536978620097e+00 1.989411947524262481e-01
5.000000000000000000e+00 1.794841179682861790e-02 2.200000000000000011e-01 1.147133320039678939e+00 1.679548866537004526e-01
5.000000000000000000e+00 1.923663145851425491e-02 2.200000000000000011e-01 1.117311439677277196e+00 1.341747704396838714e-01
5.000000000000000000e+00 2.061731110582640247e-02 2.200000000000000011e-01 1.107146970086161586e+00 1.388986709918086648e-01
5.000000000000000000e+00 2.209708691207952838e-02 2.200000000000000011e-01 1.094195480115851993e+00 1.378059941812975475e-01
5.000000000000000000e+00 2.368307135172487837e-02 2.200000000000000011e-01 1.074353473397370085e+00 1.093349725882137580e-01
5.000000000000000000e+00 2.538288738613225445e-02 2.200000000000000011e-01 1.059069036563839772e+00 9.118288251589720672e-02
5.000000000000000000e+00 2.720470510300375747e-02 2.200000000000000011e-01 1.050863072298645395e+00 8.592116497171101153e-02
5.000000000000000000e+00 2.915728098552509626e-02 2.200000000000000011e-01 1.041613916960055342e+00 7.553730700802469000e-02
5.000000000000000000e+00 3.124999999999984734e-02 2.200000000000000011e-01 1.031346658462981347e+00 5.904162017188072098e-02
5.000000000000000000e+00 3.349292070425898687e-02 2.200000000000000011e-01 1.027299542918247210e+00 5.758123068045171294e-02
5.000000000000000000e+00 3.589682359365715253e-02 2.200000000000000011e-01 1.020510683082394010e+00 4.484384905740880500e-02
5.000000000000000000e+00 3.847326291702841267e-02 2.200000000000000011e-01 1.015962155742452078e+00 3.687495901585197827e-02
5.000000000000000000e+00 4.123462221165270086e-02 2.200000000000000011e-01 1.012409991092043438e+00 3.010658940783647250e-02
5.000000000000000000e+00 4.419417382415894574e-02 2.200000000000000011e-01 1.009710199772492878e+00 2.464881158338161002e-02
5.000000000000000000e+00 4.736614270344963878e-02 2.200000000000000011e-01 1.007725175899975456e+00 2.033485043103428966e-02
5.000000000000000000e+00 5.076577477226438401e-02 2.200000000000000011e-01 1.006307559461086187e+00 1.708556551587092978e-02
5.000000000000000000e+00 5.440941020600738309e-02 2.200000000000000011e-01 1.005298063704427758e+00 1.462046700599515213e-02
5.000000000000000000e+00 5.831456197105004680e-02 2.200000000000000011e-01 1.004441194904674983e+00 1.236206722591390826e-02
5.000000000000000000e+00 6.249999999999953509e-02 2.200000000000000011e-01 1.003844529076422853e+00 1.073799356018765097e-02
5.000000000000000000e+00 6.698584140851780722e-02 2.200000000000000011e-01 1.003313374407530434e+00 9.233299161488166956e-03
5.000000000000000000e+00 7.179364718731412465e-02 2.200000000000000011e-01 1.002929592340537912e+00 8.131820172395765739e-03
5.000000000000000000e+00 7.694652583405664492e-02 2.200000000000000011e-01 1.002530308181561525e+00 6.965798743659546745e-03
5.000000000000000000e+00 8.246924442330520744e-02 2.200000000000000011e-01 1.002170815560457173e+00 5.910437276708393334e-03
5.000000000000000000e+00 8.838834764831768331e-02 2.200000000000000011e-01 1.001836667220765476e+00 4.926795715746919505e-03
5.000000000000000000e+00 9.473228540689904165e-02 2.200000000000000011e-01 1.001548371307549035e+00 4.077859611538291011e-03
5.000000000000000000e+00 1.015315495445285182e-01 2.200000000000000011e-01 1.001285883097552176e+00 3.304270014010813553e-03
5.000000000000000000e+00 1.088188204120145025e-01 2.200000000000000011e-01 1.001071661148615899e+00 2.673901139715656808e-03
5.000000000000000000e+00 1.166291239420998022e-01 2.200000000000000011e-01 1.000895379440086774e+00 2.156336413241741624e-03
5.000000000000000000e+00 1.249999999999987649e-01 2.200000000000000011e-01 1.000758843987458846e+00 1.757478852108010922e-03
5.000000000000000000e+00 1.339716828170352814e-01 2.200000000000000011e-01 1.000655094446646576e+00 1.456816289894488289e-03
5.000000000000000000e+00 1.435872943746278885e-01 2.200000000000000011e-01 1.000574050355499844e+00 1.224304008837157412e-03
5.000000000000000000e+00 1.538930516681129013e-01 2.200000000000000011e-01 1.000512112754195382e+00 1.049037176573145705e-03
5.000000000000000000e+00 1.649384888466099985e-01 2.200000000000000011e-01 1.000449386063906987e+00 8.711518096838482021e-04
5.000000000000000000e+00 1.767766952966349225e-01 2.200000000000000011e-01 1.000382587483830132e+00 6.801740003186251956e-04
5.000000000000000000e+00 1.894645708137976114e-01 2.200000000000000011e-01 1.000317295873311974e+00 4.916176690082796211e-04
5.000000000000000000e+00 2.030630990890565368e-01 2.200000000000000011e-01 1.000267661229083727e+00 3.457629040359735777e-04
5.000000000000000000e+00 2.176376408240284499e-01 2.200000000000000011e-01 1.000240520872156313e+00 2.589002913976973176e-04
5.000000000000000000e+00 2.332582478841990492e-01 2.200000000000000011e-01 1.000226924878884871e+00 1.984620735149276235e-04
5.000000000000000000e+00 2.499999999999969191e-01 2.200000000000000011e-01 1.000221971430750090e+00 1.414468173845957863e-04
5.000000000000000000e+00 2.679433656340699521e-01 2.200000000000000011e-01 1.000232195732786433e+00 9.407668204106008894e-05
5.000000000000000000e+00 2.871745887492550553e-01 2.200000000000000011e-01 1.000270013432233984e+00 7.736082274654545771e-05
5.000000000000000000e+00 3.077861033362250809e-01 2.200000000000000011e-01 1.000346246325351185e+00 1.007062482152310917e-04
5.000000000000000000e+00 3.298769776932191644e-01 2.200000000000000011e-01 1.000477096756518858e+00 1.690148368402190739e-04
5.000000000000000000e+00 3.535533905932689569e-01 2.200000000000000011e-01 1.000701690391964771e+00 3.028280675992862437e-04
5.000000000000000000e+00 3.789291416275942792e-01 2.200000000000000011e-01 1.001085415621856933e+00 5.506237773563762939e-04
5.000000000000000000e+00 4.061261981781120745e-01 2.200000000000000011e-01 1.001749797139104281e+00 1.014139516346239259e-03
5.000000000000000000e+00 4.352752816480558451e-01 2.200000000000000011e-01 1.002922579470515885e+00 1.904537799071680769e-03
5.000000000000000000e+00 4.665164957683969327e-01 2.200000000000000011e-01 1.005026470376066294e+00 3.650108513204740855e-03
5.000000000000000000e+00 4.999999999999926170e-01 2.200000000000000011e-01 1.008830614870099396e+00 7.118810091403806987e-03
5.000000000000000000e+00 5.358867312681385719e-01 2.200000000000000011e-01 1.015706393452502354e+00 1.396570240503078146e-02
5.000000000000000000e+00 5.743491774985087783e-01 2.200000000000000011e-01 1.027191978694398156e+00 2.616490431452956830e-02
5.000000000000000000e+00 6.155722066724486075e-01 2.200000000000000011e-01 1.043084679500972944e+00 4.287908979877403520e-02
5.000000000000000000e+00 6.597539553864367745e-01 2.200000000000000011e-01 1.060206447454296486e+00 5.780237843308494439e-02
5.000000000000000000e+00 7.071067811865362485e-01 2.200000000000000011e-01 1.076625469412965996e+00 6.511018007153646092e-02
5.000000000000000000e+00 7.578582832551866710e-01 2.200000000000000011e-01 1.092341454603619866e+00 7.052824739899411777e-02
5.000000000000000000e+00 8.122523963562221505e-01 2.200000000000000011e-01 1.112231859830851599e+00 8.545974237774361937e-02
5.000000000000000000e+00 8.705505632961095808e-01 2.200000000000000011e-01 1.134046587918739579e+00 1.028595921545367442e-01
5.000000000000000000e+00 9.330329915367915339e-01 2.200000000000000011e-01 1.152409222447950077e+00 1.228856433684801519e-01
5.000000000000000000e+00 9.999999999999827915e-01 2.200000000000000011e-01 1.167968975230721851e+00 1.395436965474282642e-01
5.000000000000000000e+00 1.071773462536274479e+00 2.200000000000000011e-01 1.184173822960172817e+00 1.559475470177322798e-01
5.000000000000000000e+00 1.148698354997014670e+00 2.200000000000000011e-01 1.193791480510617564e+00 1.645848322113453166e-01
5.000000000000000000e+00 1.231144413344894106e+00 2.200000000000000011e-01 1.189932046247983433e+00 1.515472155220474182e-01
5.000000000000000000e+00 1.319507910772870218e+00 2.200000000000000011e-01 1.177145752363291775e+00 1.247690078229766325e-01
5.000000000000000000e+00 1.414213562373068944e+00 2.200000000000000011e-01 1.168950241768480058e+00 1.019706542568464963e-01
5.000000000000000000e+00 1.515716566510369789e+00 2.200000000000000011e-01 1.165949699239953619e+00 9.226820319277651006e-02
5.000000000000000000e+00 1.624504792712440304e+00 2.200000000000000011e-01 1.167409982302166194e+00 1.091455370421401533e-01
5.000000000000000000e+00 1.741101126592214943e+00 2.200000000000000011e-01 1.170720887771815155e+00 1.241875876086545594e-01
5.000000000000000000e+00 1.866065983073578627e+00 2.200000000000000011e-01 1.187860818515035222e+00 1.503603369458756112e-01
5.000000000000000000e+00 1.999999999999960698e+00 2.200000000000000011e-01 1.182507450224127066e+00 1.378663520330851988e-01
5.000000000000000000e+00 2.143546925072543630e+00 2.200000000000000011e-01 1.172888247080198898e+00 1.158867322419118578e-01
5.000000000000000000e+00 2.297396709994023567e+00 2.200000000000000011e-01 1.189906503599115428e+00 1.343990654147692032e-01
5.000000000000000000e+00 2.462288826689782439e+00 2.200000000000000011e-01 1.198523949989096060e+00 1.645553878930599012e-01
5.000000000000000000e+00 2.639015821545733775e+00 2.200000000000000011e-01 1.203226262890257470e+00 1.694172566799816426e-01
5.000000000000000000e+00 2.828427124746130783e+00 2.200000000000000011e-01 1.201583026148547839e+00 1.568287064656773422e-01
5.000000000000000000e+00 3.031433133020732029e+00 2.200000000000000011e-01 1.192209248047523928e+00 1.429345228503794141e-01
5.000000000000000000e+00 3.249009585424872615e+00 2.200000000000000011e-01 1.221362300187456063e+00 2.277811082819313493e-01
5.000000000000000000e+00 3.482202253184421004e+00 2.200000000000000011e-01 1.208130431615390910e+00 1.995126844375762765e-01
5.000000000000000000e+00 3.732131966147147928e+00 2.200000000000000011e-01 1.160353564001031845e+00 9.499264732445679427e-02
5.000000000000000000e+00 3.999999999999911182e+00 2.200000000000000011e-01 1.134482879864498805e+00 4.780395661045190592e-02
5.000000000000000000e+00 4.287093850145076601e+00 2.200000000000000011e-01 1.165936362415975758e+00 1.397905618022288188e-01
5.000000000000000000e+00 4.594793419988035588e+00 2.200000000000000011e-01 1.150442997364754083e+00 6.511690826160883294e-02
5.000000000000000000e+00 4.924577653379552444e+00 2.200000000000000011e-01 1.174204016859470734e+00 7.350534394921495740e-02
5.000000000000000000e+00 5.278031643091455116e+00 2.200000000000000011e-01 1.157254457648182244e+00 1.243452986450952757e-01
5.000000000000000000e+00 5.656854249492248243e+00 2.200000000000000011e-01 1.141488100672198858e+00 8.581797925184073139e-02
5.000000000000000000e+00 6.062866266041448959e+00 2.200000000000000011e-01 1.177843076604232042e+00 8.061008721138680777e-02
5.000000000000000000e+00 6.498019170849729242e+00 2.200000000000000011e-01 1.159212385453308070e+00 6.762033655297496060e-02
5.000000000000000000e+00 6.964404506368825132e+00 2.200000000000000011e-01 1.147498553488470741e+00 6.286902590434846616e-02
5.000000000000000000e+00 7.464263932294277204e+00 2.200000000000000011e-01 1.170824227354903435e+00 6.368866678551002303e-02
5.000000000000000000e+00 7.999999999999802824e+00 2.200000000000000011e-01 1.149253997237451141e+00 6.514483617296458473e-02
5.000000000000000000e+00 8.574187700290131886e+00 2.200000000000000011e-01 1.174408365993305114e+00 1.139426648405462844e-01
5.000000000000000000e+00 9.189586839976049859e+00 2.200000000000000011e-01 1.159995350307456929e+00 8.286336914572187129e-02
5.000000000000000000e+00 9.849155306759080020e+00 2.200000000000000011e-01 1.206458886269463626e+00 1.148726610510184265e-01
5.000000000000000000e+00 1.055606328618288359e+01 2.200000000000000011e-01 1.236584467806725929e+00 1.333702616439576827e-01
5.000000000000000000e+00 1.131370849898446806e+01 2.200000000000000011e-01 1.189620564879349196e+00 1.089467312387810416e-01
5.000000000000000000e+00 1.212573253208286772e+01 2.200000000000000011e-01 1.172186055172220298e+00 6.559025486169303698e-02
5.000000000000000000e+00 1.299603834169942651e+01 2.200000000000000011e-01 1.209490481746625878e+00 1.111649522897660974e-01
5.000000000000000000e+00 1.392880901273761651e+01 2.200000000000000011e-01 1.177678471035184637e+00 1.139490629481102052e-01
5.000000000000000000e+00 1.492852786458851710e+01 2.200000000000000011e-01 1.160156041490552514e+00 8.715832325328302932e-02
5.000000000000000000e+00 1.599999999999956657e+01 2.200000000000000011e-01 1.192373993113193809e+00 1.670636794818400606e-01
5.000000000000000000e+00 1.714837540058022114e+01 2.200000000000000011e-01 1.170051295821450843e+00 9.497585245774640972e-02
5.000000000000000000e+00 1.837917367995205353e+01 2.200000000000000011e-01 1.196778777317757836e+00 9.214851528247829104e-02
5.000000000000000000e+00 1.969831061351811385e+01 2.200000000000000011e-01 1.167692900721139404e+00 1.235802446681706079e-01
5.000000000000000000e+00 2.111212657236571388e+01 2.200000000000000011e-01 1.167577653215165601e+00 8.301451175622547030e-02
5.000000000000000000e+00 2.262741699796887929e+01 2.200000000000000011e-01 1.143196943537138299e+00 5.639333614731166511e-02
5.000000000000000000e+00 2.425146506416567505e+01 2.200000000000000011e-01 1.147038392770203252e+00 5.133409049160412435e-02
5.000000000000000000e+00 2.599207668339878907e+01 2.200000000000000011e-01 1.210416075428289329e+00 1.619252934730552040e-01
5.000000000000000000e+00 2.785761802547516197e+01 2.200000000000000011e-01 1.177974642417105144e+00 1.246455363166359825e-01
5.000000000000000000e+00 2.985705572917696315e+01 2.200000000000000011e-01 1.167027076212417303e+00 7.468320073972847806e-02
5.000000000000000000e+00 3.199999999999905498e+01 2.200000000000000011e-01 1.168147737893386884e+00 9.411567393977246510e-02
