5.000000000000000000e+00 7.812500000000000000e-03 6.999999999999999556e-01 4.862753043042502554e+00 1.238381329961158128e+00
5.000000000000000000e+00 8.373230176064788352e-03 6.999999999999999556e-01 4.802974163508748617e+00 1.199889108324311282e+00
5.000000000000000000e+00 8.974205898414331500e-03 6.999999999999999556e-01 4.431143116320242825e+00 1.255792197360898532e+00
5.000000000000000000e+00 9.618315729257151739e-03 6.999999999999999556e-01 4.125835308871448781e+00 1.219087344710601650e+00
5.000000000000000000e+00 1.030865555291322552e-02 6.999999999999999556e-01 3.707337137842942720e+00 1.354269337962642039e+00
5.000000000000000000e+00 1.104854345603979195e-02 6.999999999999999556e-01 3.465077538963882375e+00 1.187374181767206771e+00
5.000000000000000000e+00 1.184153567586246694e-02 6.999999999999999556e-01 3.137759850013032370e+00 1.181168799167134686e+00
5.000000000000000000e+00 1.269144369306615845e-02 6.999999999999999556e-01 2.727755036594246896e+00 1.039400117018530967e+00
5.000000000000000000e+00 1.360235255150191343e-02 6.999999999999999556e-01 2.550169680376142889e+00 9.438018330154461788e-01
5.000000000000000000e+00 1.457864049276258282e-02 6.999999999999999556e-01 2.344203734145007711e+00 9.328083983078463426e-01
5.000000000000000000e+00 1.562499999999996184e-02 6.999999999999999556e-01 2.135055635915076078e+00 8.329480547808001401e-01
5.000000000000000000e+00 1.674646035212953507e-02 6.999999999999999556e-01 2.010509234349014740e+00 8.641119865659970811e-01
5.000000000000000000e+00 1.794841179682861790e-02 6.999999999999999556e-01 1.836513483170428618e+00 7.717944312934349460e-01
5.000000000000000000e+00 1.923663145851425491e-02 6.999999999999999556e-01 1.721653954982687029e+00 7.374383826396138097e-01
5.000000000000000000e+00 2.061731110582640247e-02 6.999999999999999556e-01 1.627189164724956338e+00 6.920664992012365291e-01
5.000000000000000000e+00 2.209708691207952838e-02 6.999999999999999556e-01 1.568154892309881365e+00 7.450339497531938138e-01
5.000000000000000000e+00 2.368307135172487837e-02 6.999999999999999556e-01 1.471179945668466882e+00 6.507855503631843064e-01
5.000000000000000000e+00 2.538288738613225445e-02 6.999999999999999556e-01 1.386137725384005703e+00 5.743224374752727845e-01
5.000000000000000000e+00 2.720470510300375747e-02 6.999999999999999556e-01 1.333395764222078395e+00 5.455089638503735072e-01
5.000000000000000000e+00 2.915728098552509626e-02 6.999999999999999556e-01 1.278573422595854714e+00 4.973376194386731064e-01
5.000000000000000000e+00 3.124999999999984734e-02 6.999999999999999556e-01 1.215917258253901068e+00 4.072136020922241251e-01
5.000000000000000000e+00 3.349292070425898687e-02 6.999999999999999556e-01 1.190109290182195467e+00 4.023355433383899449e-01
5.000000000000000000e+00 3.589682359365715253e-02 6.999999999999999556e-01 1.143872486154334567e+00 3.159737297981463633e-01
5.000000000000000000e+00 3.847326291702841267e-02 6.999999999999999556e-01 1.112136296989849837e+00 2.598035557771208870e-01
5.000000000000000000e+00 4.123462221165270086e-02 6.999999999999999556e-01 1.087371602031014906e+00 2.120043492883969538e-01
5.000000000000000000e+00 4.419417382415894574e-02 6.999999999999999556e-01 1.068351401364241893e+00 1.728462188458553539e-01
5.000000000000000000e+00 4.736614270344963878e-02 6.999999999999999556e-01 1.054156064122272030e+00 1.414399649836485806e-01
5.000000000000000000e+00 5.076577477226438401e-02 6.999999999999999556e-01 1.044157309738353856e+00 1.182382252151325669e-01
5.000000000000000000e+00 5.440941020600738309e-02 6.999999999999999556e-01 1.037021070481328522e+00 1.006360306172932595e-01
5.000000000000000000e+00 5.831456197105004680e-02 6.999999999999999556e-01 1.031033705764493380e+00 8.479211035115163941e-02
5.000000000000000000e+00 6.249999999999953509e-02 6.999999999999999556e-01 1.026854679093553990e+00 7.338138652466059952e-02
5.000000000000000000e+00 6.698584140851780722e-02 6.999999999999999556e-01 1.023177590101392198e+00 6.295713892219624574e-02
5.000000000000000000e+00 7.179364718731412465e-02 6.999999999999999556e-01 1.020556918209947872e+00 5.543979419883705850e-02
5.000000000000000000e+00 7.694652583405664492e-02 6.999999999999999556e-01 1.017810040393299253e+00 4.742488853031542190e-02
5.000000000000000000e+00 8.246924442330520744e-02 6.999999999999999556e-01 1.015354213090764457e+00 4.022621489967925096e-02
5.000000000000000000e+00 8.838834764831768331e-02 6.999999999999999556e-01 1.013043201110552349e+00 3.343539763004704096e-02
5.000000000000000000e+00 9.473228540689904165e-02 6.999999999999999556e-01 1.011079986291110178e+00 2.767137122368501512e-02
5.000000000000000000e+00 1.015315495445285182e-01 6.999999999999999556e-01 1.009267050329464510e+00 2.234763363052273688e-02
5.000000000000000000e+00 1.088188204120145025e-01 6.999999999999999556e-01 1.007798153749337677e+00 1.804922790097126042e-02
5.000000000000000000e+00 1.166291239420998022e-01 6.999999999999999556e-01 1.006595639266103293e+00 1.454773784318107166e-02
5.000000000000000000e+00 1.249999999999987649e-01 6.999999999999999556e-01 1.005654215956159447e+00 1.183136092681804155e-02
5.000000000000000000e+00 1.339716828170352814e-01 6.999999999999999556e-01 1.004940114267096174e+00 9.802365051760322107e-03
5.000000000000000000e+00 1.435872943746278885e-01 6.999999999999999556e-01 1.004373113239855897e+00 8.223319931298923163e-03
5.000000000000000000e+00 1.538930516681129013e-01 6.999999999999999556e-01 1.003937842492000687e+00 7.049723814913082254e-03
5.000000000000000000e+00 1.649384888466099985e-01 6.999999999999999556e-01 1.003490728635820561e+00 5.854793223120771488e-03
5.000000000000000000e+00 1.767766952966349225e-01 6.999999999999999556e-01 1.003008114499487125e+00 4.570583149335980672e-03
5.000000000000000000e+00 1.894645708137976114e-01 6.999999999999999556e-01 1.002525599774785281e+00 3.307085665088639950e-03
5.000000000000000000e+00 2.030630990890565368e-01 6.999999999999999556e-01 1.002136061585719329e+00 2.341112773865504457e-03
5.000000000000000000e+00 2.176376408240284499e-01 6.999999999999999556e-01 1.001877680450103281e+00 1.774921402054043971e-03
5.000000000000000000e+00 2.332582478841990492e-01 6.999999999999999556e-01 1.001680362575507743e+00 1.393457197825527516e-03
5.000000000000000000e+00 2.499999999999969191e-01 6.999999999999999556e-01 1.001494366922930368e+00 1.049766476617784456e-03
5.000000000000000000e+00 2.679433656340699521e-01 6.999999999999999556e-01 1.001336645129626390e+00 7.781024693644282087e-04
5.000000000000000000e+00 2.871745887492550553e-01 6.999999999999999556e-01 1.001249210771901987e+00 6.420671497130645000e-04
5.000000000000000000e+00 3.077861033362250809e-01 6.999999999999999556e-01 1.001230060116810261e+00 5.886584558938440931e-04
5.000000000000000000e+00 3.298769776932191644e-01 6.999999999999999556e-01 1.001266454656675187e+00 5.494997942496789977e-04
5.000000000000000000e+00 3.535533905932689569e-01 6.999999999999999556e-01 1.001397652893435408e+00 5.464603177872927060e-04
5.000000000000000000e+00 3.789291416275942792e-01 6.999999999999999556e-01 1.001681693308124732e+00 6.171909584042917923e-04
5.000000000000000000e+00 4.061261981781120745e-01 6.999999999999999556e-01 1.002221999196262203e+00 8.686081334552043414e-04
5.000000000000000000e+00 4.352752816480558451e-01 6.999999999999999556e-01 1.003228575326086114e+00 1.571518384499134835e-03
5.000000000000000000e+00 4.665164957683969327e-01 6.999999999999999556e-01 1.005099062171060265e+00 3.159253909744753810e-03
5.000000000000000000e+00 4.999999999999926170e-01 6.999999999999999556e-01 1.008572442374129796e+00 6.452592745163127433e-03
5.000000000000000000e+00 5.358867312681385719e-01 6.999999999999999556e-01 1.014986246602467501e+00 1.305303638977312747e-02
5.000000000000000000e+00 5.743491774985087783e-01 6.999999999999999556e-01 1.025857463063690300e+00 2.493336880130622366e-02
5.000000000000000000e+00 6.155722066724486075e-01 6.999999999999999556e-01 1.041014358149271235e+00 4.135993691208787737e-02
5.000000000000000000e+00 6.597539553864367745e-01 6.999999999999999556e-01 1.057419769349791761e+00 5.610507567939866658e-02
5.000000000000000000e+00 7.071067811865362485e-01 6.999999999999999556e-01 1.073132778038993429e+00 6.306706668074758826e-02
5.000000000000000000e+00 7.578582832551866710e-01 6.999999999999999556e-01 1.088016697682344880e+00 6.743360161121650376e-02
5.000000000000000000e+00 8.122523963562221505e-01 6.999999999999999556e-01 1.106714230947230870e+00 8.039366224682178985e-02
5.000000000000000000e+00 8.705505632961095808e-01 6.999999999999999556e-01 1.126856220265993525e+00 9.482070358678623689e-02
5.000000000000000000e+00 9.330329915367915339e-01 6.999999999999999556e-01 1.143105089452330692e+00 1.112856918908304155e-01
5.000000000000000000e+00 9.999999999999827915e-01 6.999999999999999556e-01 1.156175933431629943e+00 1.242437194846667536e-01
5.000000000000000000e+00 1.071773462536274479e+00 6.999999999999999556e-01 1.170958422393688192e+00 1.391371176986269109e-01
5.000000000000000000e+00 1.148698354997014670e+00 6.999999999999999556e-01 1.180146389083167824e+00 1.481038349881964034e-01
5.000000000000000000e+00 1.231144413344894106e+00 6.999999999999999556e-01 1.176777505210449437e+00 1.382113184152937158e-01
5.000000000000000000e+00 1.319507910772870218e+00 6.999999999999999556e-01 1.164354923597659131e+00 1.158550242542347591e-01
5.000000000000000000e+00 1.414213562373068944e+00 6.999999999999999556e-01 1.155049586121491112e+00 9.556172624493196321e-02
5.000000000000000000e+00 1.515716566510369789e+00 6.999999999999999556e-01 1.150693604629968059e+00 8.531372440346998709e-02
5.000000000000000000e+00 1.624504792712440304e+00 6.999999999999999556e-01 1.151946415352181230e+00 9.993184405411661975e-02
5.000000000000000000e+00 1.741101126592214943e+00 6.999999999999999556e-01 1.154659962083016023e+00 1.123599706947059212e-01
5.000000000000000000e+00 1.866065983073578627e+00 6.999999999999999556e-01 1.169962277053163247e+00 1.350699066038055507e-01
5.000000000000000000e+00 1.999999999999960698e+00 6.999999999999999556e-01 1.166530512532916619e+00 1.252250478055015881e-01
5.000000000000000000e+00 2.143546925072543630e+00 6.999999999999999556e-01 1.159618351947977910e+00 1.051287412395103538e-01
5.000000000000000000e+00 2.297396709994023567e+00 6.999999999999999556e-01 1.176459284801261607e+00 1.244892289328161233e-01
5.000000000000000000e+00 2.462288826689782439e+00 6.999999999999999556e-01 1.183702201649929897e+00 1.517397062652975914e-01
5.000000000000000000e+00 2.639015821545733775e+00 6.999999999999999556e-01 1.185627581700694710e+00 1.508245136056469704e-01
5.000000000000000000e+00 2.828427124746130783e+00 6.999999999999999556e-01 1.179991832913235728e+00 1.383812997235545905e-01
5.000000000000000000e+00 3.031433133020732029e+00 6.999999999999999556e-01 1.169855108930311083e+00 1.244985151342195978e-01
5.000000000000000000e+00 3.249009585424872615e+00 6.999999999999999556e-01 1.200335879468582556e+00 2.066938118364647914e-01
5.000000000000000000e+00 3.482202253184421004e+00 6.999999999999999556e-01 1.189152131292598780e+00 1.843837527406657628e-01
5.000000000000000000e+00 3.732131966147147928e+00 6.999999999999999556e-01 1.147919327290791935e+00 9.004932370654153417e-02
5.000000000000000000e+00 3.999999999999911182e+00 6.999999999999999556e-01 1.121742982248636000e+00 4.402283093234296563e-02
5.000000000000000000e+00 4.287093850145076601e+00 6.999999999999999556e-01 1.147374385453262535e+00 1.222940421396519067e-01
5.000000000000000000e+00 4.594793419988035588e+00 6.999999999999999556e-01 1.135847280440157592e+00 5.820559679491096872e-02
5.000000000000000000e+00 4.924577653379552444e+00 6.999999999999999556e-01 1.155858068113688519e+00 6.263182378252728222e-02
5.000000000000000000e+00 5.278031643091455116e+00 6.999999999999999556e-01 1.142450851942091061e+00 1.122939566542495854e-01
5.000000000000000000e+00 5.656854249492248243e+00 6.999999999999999556e-01 1.125461188643403387e+00 7.351290791782873202e-02
5.000000000000000000e+00 6.062866266041448959e+00 6.999999999999999556e-01 1.157189034916835890e+00 7.125162767135038988e-02
5.000000000000000000e+00 6.498019170849729242e+00 6.999999999999999556e-01 1.142390006691668791e+00 6.201765748833306530e-02
5.000000000000000000e+00 6.964404506368825132e+00 6.999999999999999556e-01 1.132694421168236376e+00 5.433772198242287077e-02
5.000000000000000000e+00 7.464263932294277204e+00 6.999999999999999556e-01 1.155908063348710879e+00 5.521340751235296468e-02
5.000000000000000000e+00 7.999999999999802824e+00 6.999999999999999556e-01 1.134838217066389765e+00 5.836981481905930552e-02
5.000000000000000000e+00 8.574187700290131886e+00 6.999999999999999556e-01 1.156238875458651005e+00 9.604139654416911365e-02
5.000000000000000000e+00 9.189586839976049859e+00 6.999999999999999556e-01 1.143892442776068163e+00 7.567127831685485639e-02
5.000000000000000000e+00 9.849155306759080020e+00 6.999999999999999556e-01 1.185868811533500544e+00 1.034145417810420353e-01
5.000000000000000000e+00 1.055606328618288359e+01 6.999999999999999556e-01 1.215203930787774000e+00 1.238692428446165200e-01
5.000000000000000000e+00 1.131370849898446806e+01 6.999999999999999556e-01 1.173028784380033773e+00 9.898499197652853299e-02
5.000000000000000000e+00 1.212573253208286772e+01 6.999999999999999556e-01 1.158003946237852189e+00 5.967275872950547622e-02
5.000000000000000000e+00 1.299603834169942651e+01 6.999999999999999556e-01 1.188776396689895876e+00 9.937573070662569785e-02
5.000000000000000000e+00 1.392880901273761651e+01 6.999999999999999556e-01 1.161908813126060647e+00 1.048289454892536859e-01
5.000000000000000000e+00 1.492852786458851710e+01 6.999999999999999556e-01 1.144048396204721429e+00 8.081677751437602031e-02
5.000000000000000000e+00 1.599999999999956657e+01 6.999999999999999556e-01 1.172975832862402923e+00 1.503916053365410566e-01
5.000000000000000000e+00 1.714837540058022114e+01 6.999999999999999556e-01 1.154340116950857809e+00 8.665597755321650941e-02
5.000000000000000000e+00 1.837917367995205353e+01 6.999999999999999556e-01 1.180972175786225264e+00 8.403175345835697807e-02
5.000000000000000000e+00 1.969831061351811385e+01 6.999999999999999556e-01 1.151930791588168912e+00 1.132242370868773995e-01
5.000000000000000000e+00 2.111212657236571388e+01 6.999999999999999556e-01 1.150689853533883866e+00 7.472503302963191818e-02
5.000000000000000000e+00 2.262741699796887929e+01 6.999999999999999556e-01 1.128644969852844016e+00 5.199467742739399129e-02
5.000000000000000000e+00 2.425146506416567505e+01 6.999999999999999556e-01 1.134149460947946331e+00 4.675887383034401518e-02
5.000000000000000000e+00 2.599207668339878907e+01 6.999999999999999556e-01 1.194265046778164585e+00 1.460005413159742582e-01
5.000000000000000000e+00 2.785761802547516197e+01 6.999999999999999556e-01 1.164236539360541611e+00 1.157243588141261548e-01
5.000000000000000000e+00 2.985705572917696315e+01 6.999999999999999556e-01 1.152555451126029196e+00 6.486340384432257022e-02
5.000000000000000000e+00 3.199999999999905498e+01 6.999999999999999556e-01 1.152785081803739065e+00 8.659319496832237895e-02
