1.000000000000000000e+00 6.250000000000000000e-02 0.000000000000000000e+00 1.000027164973054106e+00 0.000000000000000000e+00
1.000000000000000000e+00 6.698584140851832069e-02 0.000000000000000000e+00 1.000017887592020482e+00 0.000000000000000000e+00
1.000000000000000000e+00 7.179364718731469364e-02 0.000000000000000000e+00 1.000010805881131004e+00 0.000000000000000000e+00
1.000000000000000000e+00 7.694652583405728330e-02 0.000000000000000000e+00 1.000005884061143657e+00 0.000000000000000000e+00
1.000000000000000000e+00 8.246924442330591520e-02 0.000000000000000000e+00 1.000002862201133880e+00 0.000000000000000000e+00
1.000000000000000000e+00 8.838834764831847435e-02 0.000000000000000000e+00 1.000001241836032895e+00 0.000000000000000000e+00
1.000000000000000000e+00 9.473228540689991595e-02 0.000000000000000000e+00 1.000000500282898441e+00 0.000000000000000000e+00
1.000000000000000000e+00 1.015315495445294897e-01 0.000000000000000000e+00 1.000000232189783844e+00 0.000000000000000000e+00
1.000000000000000000e+00 1.088188204120155711e-01 0.000000000000000000e+00 1.000000187619229930e+00 0.000000000000000000e+00
1.000000000000000000e+00 1.166291239421009956e-01 0.000000000000000000e+00 1.000000250315530970e+00 0.000000000000000000e+00
1.000000000000000000e+00 1.250000000000000833e-01 0.000000000000000000e+00 1.000000380944252809e+00 0.000000000000000000e+00
1.000000000000000000e+00 1.339716828170367247e-01 0.000000000000000000e+00 1.000000591971738073e+00 0.000000000000000000e+00
1.000000000000000000e+00 1.435872943746294705e-01 0.000000000000000000e+00 1.000000919434833824e+00 0.000000000000000000e+00
1.000000000000000000e+00 1.538930516681146499e-01 0.000000000000000000e+00 1.000001431867453716e+00 0.000000000000000000e+00
1.000000000000000000e+00 1.649384888466119137e-01 0.000000000000000000e+00 1.000002232884316111e+00 0.000000000000000000e+00
1.000000000000000000e+00 1.767766952966370320e-01 0.000000000000000000e+00 1.000003489685288738e+00 0.000000000000000000e+00
1.000000000000000000e+00 1.894645708137999429e-01 0.000000000000000000e+00 1.000005492795321693e+00 0.000000000000000000e+00
1.000000000000000000e+00 2.030630990890590903e-01 0.000000000000000000e+00 1.000008713422697593e+00 0.000000000000000000e+00
1.000000000000000000e+00 2.176376408240312810e-01 0.000000000000000000e+00 1.000013875423508170e+00 0.000000000000000000e+00
1.000000000000000000e+00 2.332582478842021301e-01 0.000000000000000000e+00 1.000022318827771484e+00 0.000000000000000000e+00
1.000000000000000000e+00 2.500000000000003331e-01 0.000000000000000000e+00 1.000036526049561170e+00 0.000000000000000000e+00
1.000000000000000000e+00 2.679433656340736158e-01 0.000000000000000000e+00 1.000060986655859185e+00 0.000000000000000000e+00
1.000000000000000000e+00 2.871745887492591631e-01 0.000000000000000000e+00 1.000103851524026366e+00 0.000000000000000000e+00
1.000000000000000000e+00 3.077861033362295218e-01 0.000000000000000000e+00 1.000181726471252919e+00 0.000000000000000000e+00
1.000000000000000000e+00 3.298769776932240494e-01 0.000000000000000000e+00 1.000330263030097200e+00 0.000000000000000000e+00
1.000000000000000000e+00 3.535533905932742860e-01 0.000000000000000000e+00 1.000631416327092182e+00 0.000000000000000000e+00
1.000000000000000000e+00 3.789291416276001079e-01 0.000000000000000000e+00 1.001291250722130544e+00 0.000000000000000000e+00
1.000000000000000000e+00 4.061261981781184582e-01 0.000000000000000000e+00 1.002905803694513764e+00 0.000000000000000000e+00
1.000000000000000000e+00 4.352752816480628395e-01 0.000000000000000000e+00 1.007576176416803415e+00 0.000000000000000000e+00
1.000000000000000000e+00 4.665164957684045377e-01 0.000000000000000000e+00 1.025255898712229552e+00 0.000000000000000000e+00
1.000000000000000000e+00 5.000000000000008882e-01 0.000000000000000000e+00 1.137151375121955965e+00 0.000000000000000000e+00
1.000000000000000000e+00 5.358867312681475648e-01 0.000000000000000000e+00 1.293426051760642848e+00 0.000000000000000000e+00
1.000000000000000000e+00 5.743491774985186593e-01 0.000000000000000000e+00 1.287757191043315208e+00 0.000000000000000000e+00
1.000000000000000000e+00 6.155722066724593766e-01 0.000000000000000000e+00 1.151865318818318329e+00 0.000000000000000000e+00
1.000000000000000000e+00 6.597539553864485429e-01 0.000000000000000000e+00 1.136897360480698449e+00 0.000000000000000000e+00
1.000000000000000000e+00 7.071067811865490160e-01 0.000000000000000000e+00 1.169228754868987696e+00 0.000000000000000000e+00
1.000000000000000000e+00 7.578582832552007709e-01 0.000000000000000000e+00 1.229021050303365170e+00 0.000000000000000000e+00
1.000000000000000000e+00 8.122523963562373606e-01 0.000000000000000000e+00 1.237491603708899435e+00 0.000000000000000000e+00
1.000000000000000000e+00 8.705505632961261231e-01 0.000000000000000000e+00 1.153605068865836802e+00 0.000000000000000000e+00
1.000000000000000000e+00 9.330329915368096305e-01 0.000000000000000000e+00 1.184161966267245791e+00 0.000000000000000000e+00
1.000000000000000000e+00 1.000000000000002442e+00 0.000000000000000000e+00 1.208939190286655530e+00 0.000000000000000000e+00
1.000000000000000000e+00 1.071773462536295574e+00 0.000000000000000000e+00 1.224049772537357805e+00 0.000000000000000000e+00
1.000000000000000000e+00 1.148698354997037985e+00 0.000000000000000000e+00 1.281689137966490977e+00 0.000000000000000000e+00
1.000000000000000000e+00 1.231144413344919863e+00 0.000000000000000000e+00 1.290587400326804746e+00 0.000000000000000000e+00
1.000000000000000000e+00 1.319507910772897752e+00 0.000000000000000000e+00 1.672122161707890298e+00 0.000000000000000000e+00
1.000000000000000000e+00 1.414213562373098476e+00 0.000000000000000000e+00 1.558327086781094772e+00 0.000000000000000000e+00
1.000000000000000000e+00 1.515716566510402430e+00 0.000000000000000000e+00 1.365335043912272672e+00 0.000000000000000000e+00
1.000000000000000000e+00 1.624504792712476275e+00 0.000000000000000000e+00 1.269643005294834870e+00 0.000000000000000000e+00
1.000000000000000000e+00 1.741101126592253356e+00 0.000000000000000000e+00 1.193252772128126304e+00 0.000000000000000000e+00
1.000000000000000000e+00 1.866065983073619927e+00 0.000000000000000000e+00 1.227916650751412542e+00 0.000000000000000000e+00
1.000000000000000000e+00 2.000000000000006217e+00 0.000000000000000000e+00 1.701160692711388034e+00 0.000000000000000000e+00
1.000000000000000000e+00 2.143546925072593812e+00 0.000000000000000000e+00 1.759283173906125430e+00 0.000000000000000000e+00
1.000000000000000000e+00 2.297396709994077302e+00 0.000000000000000000e+00 1.166069217671032332e+00 0.000000000000000000e+00
1.000000000000000000e+00 2.462288826689839727e+00 0.000000000000000000e+00 1.192657262443107768e+00 0.000000000000000000e+00
1.000000000000000000e+00 2.639015821545797280e+00 0.000000000000000000e+00 2.336412654706146341e+00 0.000000000000000000e+00
1.000000000000000000e+00 2.828427124746200505e+00 0.000000000000000000e+00 1.251818603389828866e+00 0.000000000000000000e+00
1.000000000000000000e+00 3.031433133020806636e+00 0.000000000000000000e+00 1.079147118202712141e+00 0.000000000000000000e+00
1.000000000000000000e+00 3.249009585424952551e+00 0.000000000000000000e+00 1.051327477312119285e+00 0.000000000000000000e+00
1.000000000000000000e+00 3.482202253184508933e+00 0.000000000000000000e+00 1.114622836618028856e+00 0.000000000000000000e+00
1.000000000000000000e+00 3.732131966147244295e+00 0.000000000000000000e+00 2.306712868686700446e+00 0.000000000000000000e+00
1.000000000000000000e+00 4.000000000000015099e+00 0.000000000000000000e+00 1.188971098368110102e+00 0.000000000000000000e+00
1.000000000000000000e+00 4.287093850145187623e+00 0.000000000000000000e+00 1.285758067964109186e+00 0.000000000000000000e+00
1.000000000000000000e+00 4.594793419988157268e+00 0.000000000000000000e+00 1.113087399992698234e+00 0.000000000000000000e+00
1.000000000000000000e+00 4.924577653379685671e+00 0.000000000000000000e+00 1.692842442254732349e+00 0.000000000000000000e+00
1.000000000000000000e+00 5.278031643091598113e+00 0.000000000000000000e+00 1.464530778784268295e+00 0.000000000000000000e+00
1.000000000000000000e+00 5.656854249492401010e+00 0.000000000000000000e+00 2.065613256325253833e+00 0.000000000000000000e+00
1.000000000000000000e+00 6.062866266041616825e+00 0.000000000000000000e+00 1.828057087698406802e+00 0.000000000000000000e+00
1.000000000000000000e+00 6.498019170849913095e+00 0.000000000000000000e+00 1.077976799839644118e+00 0.000000000000000000e+00
1.000000000000000000e+00 6.964404506369022307e+00 0.000000000000000000e+00 2.088694189333772044e+00 0.000000000000000000e+00
1.000000000000000000e+00 7.464263932294488590e+00 0.000000000000000000e+00 1.425773233850938793e+00 0.000000000000000000e+00
1.000000000000000000e+00 8.000000000000033751e+00 0.000000000000000000e+00 1.134194880422971785e+00 0.000000000000000000e+00
1.000000000000000000e+00 8.574187700290385905e+00 0.000000000000000000e+00 1.377090075192592300e+00 0.000000000000000000e+00
1.000000000000000000e+00 9.189586839976321642e+00 0.000000000000000000e+00 1.286335624277561207e+00 0.000000000000000000e+00
1.000000000000000000e+00 9.849155306759371342e+00 0.000000000000000000e+00 1.312464006540760897e+00 0.000000000000000000e+00
1.000000000000000000e+00 1.055606328618320155e+01 0.000000000000000000e+00 1.494291376378302783e+00 0.000000000000000000e+00
1.000000000000000000e+00 1.131370849898481623e+01 0.000000000000000000e+00 1.343913230852747720e+00 0.000000000000000000e+00
1.000000000000000000e+00 1.212573253208324076e+01 0.000000000000000000e+00 1.167554842081677480e+00 0.000000000000000000e+00
1.000000000000000000e+00 1.299603834169982619e+01 0.000000000000000000e+00 1.070487523665673235e+00 0.000000000000000000e+00
1.000000000000000000e+00 1.392880901273805350e+01 0.000000000000000000e+00 1.565376481324342262e+00 0.000000000000000000e+00
1.000000000000000000e+00 1.492852786458899672e+01 0.000000000000000000e+00 1.276223393368701275e+00 0.000000000000000000e+00
1.000000000000000000e+00 1.600000000000007816e+01 0.000000000000000000e+00 1.376764151882998499e+00 0.000000000000000000e+00
1.000000000000000000e+00 1.714837540058077181e+01 0.000000000000000000e+00 1.432743529865067700e+00 0.000000000000000000e+00
1.000000000000000000e+00 1.837917367995264328e+01 0.000000000000000000e+00 1.494960105597711753e+00 0.000000000000000000e+00
1.000000000000000000e+00 1.969831061351876755e+01 0.000000000000000000e+00 1.780027614697296201e+00 0.000000000000000000e+00
1.000000000000000000e+00 2.111212657236641732e+01 0.000000000000000000e+00 1.300727246333273968e+00 0.000000000000000000e+00
1.000000000000000000e+00 2.262741699796963246e+01 0.000000000000000000e+00 2.066534092337936279e+00 0.000000000000000000e+00
1.000000000000000000e+00 2.425146506416651349e+01 0.000000000000000000e+00 2.108234102128297316e+00 0.000000000000000000e+00
1.000000000000000000e+00 2.599207668339968436e+01 0.000000000000000000e+00 1.733310891277872079e+00 0.000000000000000000e+00
1.000000000000000000e+00 2.785761802547612476e+01 0.000000000000000000e+00 1.083443020863289252e+00 0.000000000000000000e+00
1.000000000000000000e+00 2.985705572917799344e+01 0.000000000000000000e+00 1.168212596862910901e+00 0.000000000000000000e+00
1.000000000000000000e+00 3.200000000000015632e+01 0.000000000000000000e+00 1.122491535508731264e+00 0.000000000000000000e+00
1.000000000000000000e+00 3.429675080116158625e+01 0.000000000000000000e+00 1.674132987848220955e+00 0.000000000000000000e+00
1.000000000000000000e+00 3.675834735990532920e+01 0.000000000000000000e+00 1.604930750627308722e+00 0.000000000000000000e+00
1.000000000000000000e+00 3.939662122703753511e+01 0.000000000000000000e+00 1.279317500392363804e+00 0.000000000000000000e+00
1.000000000000000000e+00 4.222425314473288438e+01 0.000000000000000000e+00 1.222283298489104109e+00 0.000000000000000000e+00
1.000000000000000000e+00 4.525483399593932177e+01 0.000000000000000000e+00 1.981970744816118568e+00 0.000000000000000000e+00
1.000000000000000000e+00 4.850293012833302697e+01 0.000000000000000000e+00 1.439849437165711121e+00 0.000000000000000000e+00
1.000000000000000000e+00 5.198415336679936871e+01 0.000000000000000000e+00 1.452955062127438968e+00 0.000000000000000000e+00
1.000000000000000000e+00 5.571523605095224951e+01 0.000000000000000000e+00 1.194620693764295360e+00 0.000000000000000000e+00
1.000000000000000000e+00 5.971411145835605794e+01 0.000000000000000000e+00 2.298224514561447940e+00 0.000000000000000000e+00
1.000000000000000000e+00 6.400000000000039790e+01 0.000000000000000000e+00 1.607625875822446426e+00 0.000000000000000000e+00
1.000000000000000000e+00 6.859350160232317251e+01 0.000000000000000000e+00 1.295889261371300449e+00 0.000000000000000000e+00
1.000000000000000000e+00 7.351669471981074366e+01 0.000000000000000000e+00 1.543222566953739161e+00 0.000000000000000000e+00
1.000000000000000000e+00 7.879324245407516969e+01 0.000000000000000000e+00 1.086253481638226326e+00 0.000000000000000000e+00
1.000000000000000000e+00 8.444850628946576876e+01 0.000000000000000000e+00 1.552996717947724870e+00 0.000000000000000000e+00
1.000000000000000000e+00 9.050966799187864353e+01 0.000000000000000000e+00 1.916858494348331332e+00 0.000000000000000000e+00
1.000000000000000000e+00 9.700586025666605394e+01 0.000000000000000000e+00 1.241568589150070734e+00 0.000000000000000000e+00
1.000000000000000000e+00 1.039683067335988653e+02 0.000000000000000000e+00 2.136032385141855450e+00 0.000000000000000000e+00
1.000000000000000000e+00 1.114304721019046269e+02 0.000000000000000000e+00 1.132964407824151198e+00 0.000000000000000000e+00
1.000000000000000000e+00 1.194282229167121159e+02 0.000000000000000000e+00 2.161136652810674796e+00 0.000000000000000000e+00
1.000000000000000000e+00 1.280000000000009379e+02 0.000000000000000000e+00 1.152093191324076171e+00 0.000000000000000000e+00
