5.000000000000000000e+00 7.812500000000000000e-03 2.999999999999999889e-01 2.191465481317482755e+00 5.951358096787979779e-01
5.000000000000000000e+00 8.373230176064788352e-03 2.999999999999999889e-01 2.008972681646478797e+00 5.316110070646657970e-01
5.000000000000000000e+00 8.974205898414331500e-03 2.999999999999999889e-01 1.895915472872999885e+00 4.705930033230646958e-01
5.000000000000000000e+00 9.618315729257151739e-03 2.999999999999999889e-01 1.772863555306464445e+00 4.574359740779700978e-01
5.000000000000000000e+00 1.030865555291322552e-02 2.999999999999999889e-01 1.657001184827705087e+00 3.712925656313194045e-01
5.000000000000000000e+00 1.104854345603979195e-02 2.999999999999999889e-01 1.585294372580993594e+00 3.735915959447182466e-01
5.000000000000000000e+00 1.184153567586246694e-02 2.999999999999999889e-01 1.483832939104863247e+00 3.377583759746783376e-01
5.000000000000000000e+00 1.269144369306615845e-02 2.999999999999999889e-01 1.385491945790563895e+00 2.854877625219295889e-01
5.000000000000000000e+00 1.360235255150191343e-02 2.999999999999999889e-01 1.346276666221811746e+00 2.693908675606827008e-01
5.000000000000000000e+00 1.457864049276258282e-02 2.999999999999999889e-01 1.293356940796779098e+00 2.537918158208646857e-01
5.000000000000000000e+00 1.562499999999996184e-02 2.999999999999999889e-01 1.255000371776006318e+00 2.437978881615726900e-01
5.000000000000000000e+00 1.674646035212953507e-02 2.999999999999999889e-01 1.224759649153760233e+00 2.483536041564159969e-01
5.000000000000000000e+00 1.794841179682861790e-02 2.999999999999999889e-01 1.183497134780859827e+00 2.094281886949622418e-01
5.000000000000000000e+00 1.923663145851425491e-02 2.999999999999999889e-01 1.146483072884422416e+00 1.678622047375184223e-01
5.000000000000000000e+00 2.061731110582640247e-02 2.999999999999999889e-01 1.133639923653174897e+00 1.733242830770031495e-01
5.000000000000000000e+00 2.209708691207952838e-02 2.999999999999999889e-01 1.117684862727318151e+00 1.724395665863366067e-01
5.000000000000000000e+00 2.368307135172487837e-02 2.999999999999999889e-01 1.092891305075716746e+00 1.367870792799376900e-01
5.000000000000000000e+00 2.538288738613225445e-02 2.999999999999999889e-01 1.073803412258067969e+00 1.140231030372720056e-01
5.000000000000000000e+00 2.720470510300375747e-02 2.999999999999999889e-01 1.063589243513493043e+00 1.074808818310308695e-01
5.000000000000000000e+00 2.915728098552509626e-02 2.999999999999999889e-01 1.052040564719975535e+00 9.445222582578269299e-02
5.000000000000000000e+00 3.124999999999984734e-02 2.999999999999999889e-01 1.039209292474090107e+00 7.376994332702306589e-02
5.000000000000000000e+00 3.349292070425898687e-02 2.999999999999999889e-01 1.034181674024031050e+00 7.196315590821018848e-02
5.000000000000000000e+00 3.589682359365715253e-02 2.999999999999999889e-01 1.025692765999986822e+00 5.598364036488855805e-02
5.000000000000000000e+00 3.847326291702841267e-02 2.999999999999999889e-01 1.020009147381429893e+00 4.599123246391172842e-02
5.000000000000000000e+00 4.123462221165270086e-02 2.999999999999999889e-01 1.015577086167504639e+00 3.752675495136792438e-02
5.000000000000000000e+00 4.419417382415894574e-02 2.999999999999999889e-01 1.012209571661081942e+00 3.070524373482842392e-02
5.000000000000000000e+00 4.736614270344963878e-02 2.999999999999999889e-01 1.009732580700693161e+00 2.531433417793992752e-02
5.000000000000000000e+00 5.076577477226438401e-02 2.999999999999999889e-01 1.007965547652490468e+00 2.126050696885539021e-02
5.000000000000000000e+00 5.440941020600738309e-02 2.999999999999999889e-01 1.006706984307608632e+00 1.818535482891633914e-02
5.000000000000000000e+00 5.831456197105004680e-02 2.999999999999999889e-01 1.005639277181017643e+00 1.537142204394642553e-02
5.000000000000000000e+00 6.249999999999953509e-02 2.999999999999999889e-01 1.004895625791946800e+00 1.334802855448137711e-02
5.000000000000000000e+00 6.698584140851780722e-02 2.999999999999999889e-01 1.004233583312875933e+00 1.147396077613526029e-02
5.000000000000000000e+00 7.179364718731412465e-02 2.999999999999999889e-01 1.003755625136356411e+00 1.010406506946753130e-02
5.000000000000000000e+00 7.694652583405664492e-02 2.999999999999999889e-01 1.003257993582308938e+00 8.653130190904956970e-03
5.000000000000000000e+00 8.246924442330520744e-02 2.999999999999999889e-01 1.002810061630873495e+00 7.340832745120213186e-03
5.000000000000000000e+00 8.838834764831768331e-02 2.999999999999999889e-01 1.002393258995615710e+00 6.116995623962273414e-03
5.000000000000000000e+00 9.473228540689904165e-02 2.999999999999999889e-01 1.002033713558701411e+00 5.061857931731130952e-03
5.000000000000000000e+00 1.015315495445285182e-01 2.999999999999999889e-01 1.001705754512096647e+00 4.099471414520907547e-03
5.000000000000000000e+00 1.088188204120145025e-01 2.999999999999999889e-01 1.001437826729245861e+00 3.315840962683410005e-03
5.000000000000000000e+00 1.166291239420998022e-01 2.999999999999999889e-01 1.001216907595386285e+00 2.672691110243363092e-03
5.000000000000000000e+00 1.249999999999987649e-01 2.999999999999999889e-01 1.001045008225517119e+00 2.176719278526625077e-03
5.000000000000000000e+00 1.339716828170352814e-01 2.999999999999999889e-01 1.000913704910034063e+00 1.803188810247666326e-03
5.000000000000000000e+00 1.435872943746278885e-01 2.999999999999999889e-01 1.000810233684238160e+00 1.514181384091481571e-03
5.000000000000000000e+00 1.538930516681129013e-01 2.999999999999999889e-01 1.000730185411022211e+00 1.296453700077296843e-03
5.000000000000000000e+00 1.649384888466099985e-01 2.999999999999999889e-01 1.000648692194546330e+00 1.075638256302314513e-03
5.000000000000000000e+00 1.767766952966349225e-01 2.999999999999999889e-01 1.000561567068800617e+00 8.389466436539593690e-04
5.000000000000000000e+00 1.894645708137976114e-01 2.999999999999999889e-01 1.000475581523882607e+00 6.059756546669200919e-04
5.000000000000000000e+00 2.030630990890565368e-01 2.999999999999999889e-01 1.000408194812399287e+00 4.269077584055444986e-04
5.000000000000000000e+00 2.176376408240284499e-01 2.999999999999999889e-01 1.000367569675058910e+00 3.208702087897010867e-04
5.000000000000000000e+00 2.332582478841990492e-01 2.999999999999999889e-01 1.000342164458452032e+00 2.475028829590293264e-04
5.000000000000000000e+00 2.499999999999969191e-01 2.999999999999999889e-01 1.000325160437640415e+00 1.790106109027259302e-04
5.000000000000000000e+00 2.679433656340699521e-01 2.999999999999999889e-01 1.000323504107288874e+00 1.212343287252861529e-04
5.000000000000000000e+00 2.871745887492550553e-01 2.999999999999999889e-01 1.000350814802223542e+00 8.996818129850683659e-05
5.000000000000000000e+00 3.077861033362250809e-01 2.999999999999999889e-01 1.000417268745221966e+00 9.265596512899157736e-05
5.000000000000000000e+00 3.298769776932191644e-01 2.999999999999999889e-01 1.000537666541215565e+00 1.471359283378634298e-04
5.000000000000000000e+00 3.535533905932689569e-01 2.999999999999999889e-01 1.000750752283553924e+00 2.754899053827311530e-04
5.000000000000000000e+00 3.789291416275942792e-01 2.999999999999999889e-01 1.001120885641704650e+00 5.193419201148312099e-04
5.000000000000000000e+00 4.061261981781120745e-01 2.999999999999999889e-01 1.001767375764464063e+00 9.771048881489186825e-04
5.000000000000000000e+00 4.352752816480558451e-01 2.999999999999999889e-01 1.002914674155975350e+00 1.857376059952251055e-03
5.000000000000000000e+00 4.665164957683969327e-01 2.999999999999999889e-01 1.004980054440704151e+00 3.584212524256634447e-03
5.000000000000000000e+00 4.999999999999926170e-01 2.999999999999999889e-01 1.008724828195968870e+00 7.018961620619085413e-03
5.000000000000000000e+00 5.358867312681385719e-01 2.999999999999999889e-01 1.015510192046836124e+00 1.380993803251005271e-02
5.000000000000000000e+00 5.743491774985087783e-01 2.999999999999999889e-01 1.026866452860484280e+00 2.593437124171116617e-02
5.000000000000000000e+00 6.155722066724486075e-01 2.999999999999999889e-01 1.042595754346230086e+00 4.258033327580198341e-02
5.000000000000000000e+00 6.597539553864367745e-01 2.999999999999999889e-01 1.059549560066967544e+00 5.746388857378566251e-02
5.000000000000000000e+00 7.071067811865362485e-01 2.999999999999999889e-01 1.075796577234168883e+00 6.469808576711168213e-02
5.000000000000000000e+00 7.578582832551866710e-01 2.999999999999999889e-01 1.091300677342725844e+00 6.986657468392511172e-02
5.000000000000000000e+00 8.122523963562221505e-01 2.999999999999999889e-01 1.110895477565066569e+00 8.432972739457209044e-02
5.000000000000000000e+00 8.705505632961095808e-01 2.999999999999999889e-01 1.132312101582067410e+00 1.010512401243934266e-01
5.000000000000000000e+00 9.330329915367915339e-01 2.999999999999999889e-01 1.150175291106778630e+00 1.202479490483785857e-01
5.000000000000000000e+00 9.999999999999827915e-01 2.999999999999999889e-01 1.165144787125598880e+00 1.360226343378226621e-01
5.000000000000000000e+00 1.071773462536274479e+00 2.999999999999999889e-01 1.181010727097512314e+00 1.520409860818691672e-01
5.000000000000000000e+00 1.148698354997014670e+00 2.999999999999999889e-01 1.190548981806052176e+00 1.607429756430502066e-01
5.000000000000000000e+00 1.231144413344894106e+00 2.999999999999999889e-01 1.186855458226135251e+00 1.484265509939961813e-01
5.000000000000000000e+00 1.319507910772870218e+00 2.999999999999999889e-01 1.174204512495023112e+00 1.226316489120469200e-01
5.000000000000000000e+00 1.414213562373068944e+00 2.999999999999999889e-01 1.165822375531979871e+00 1.003940975433291888e-01
5.000000000000000000e+00 1.515716566510369789e+00 2.999999999999999889e-01 1.162520646902162058e+00 9.055937086153381665e-02
5.000000000000000000e+00 1.624504792712440304e+00 2.999999999999999889e-01 1.163870240136497314e+00 1.069107545360016842e-01
5.000000000000000000e+00 1.741101126592214943e+00 2.999999999999999889e-01 1.166988147571697887e+00 1.213597035171139066e-01
5.000000000000000000e+00 1.866065983073578627e+00 2.999999999999999889e-01 1.183741299492493848e+00 1.468053653173392592e-01
5.000000000000000000e+00 1.999999999999960698e+00 2.999999999999999889e-01 1.178834461097953978e+00 1.349463377176952084e-01
5.000000000000000000e+00 2.143546925072543630e+00 2.999999999999999889e-01 1.169808451069094923e+00 1.134671863266642905e-01
5.000000000000000000e+00 2.297396709994023567e+00 2.999999999999999889e-01 1.186761109030084693e+00 1.322048818222261446e-01
5.000000000000000000e+00 2.462288826689782439e+00 2.999999999999999889e-01 1.195013463383850505e+00 1.616524099441648266e-01
5.000000000000000000e+00 2.639015821545733775e+00 2.999999999999999889e-01 1.199027781799527848e+00 1.651053427649386007e-01
5.000000000000000000e+00 2.828427124746130783e+00 2.999999999999999889e-01 1.196493148679997898e+00 1.525002961098795295e-01
5.000000000000000000e+00 3.031433133020732029e+00 2.999999999999999889e-01 1.186926272501781288e+00 1.385463683410968205e-01
5.000000000000000000e+00 3.249009585424872615e+00 2.999999999999999889e-01 1.216363074608487249e+00 2.226697766106587040e-01
5.000000000000000000e+00 3.482202253184421004e+00 2.999999999999999889e-01 1.203698824371669307e+00 1.959390849652614675e-01
5.000000000000000000e+00 3.732131966147147928e+00 2.999999999999999889e-01 1.157405879699579199e+00 9.380363588370811689e-02
5.000000000000000000e+00 3.999999999999911182e+00 2.999999999999999889e-01 1.131522234985566255e+00 4.687836439706662139e-02
5.000000000000000000e+00 4.287093850145076601e+00 2.999999999999999889e-01 1.161601439383761925e+00 1.355837715411734035e-01
5.000000000000000000e+00 4.594793419988035588e+00 2.999999999999999889e-01 1.147033592806282920e+00 6.343352488217478269e-02
5.000000000000000000e+00 4.924577653379552444e+00 2.999999999999999889e-01 1.169882052856404453e+00 7.096094688300752518e-02
5.000000000000000000e+00 5.278031643091455116e+00 2.999999999999999889e-01 1.153742937137077318e+00 1.215084792883082687e-01
5.000000000000000000e+00 5.656854249492248243e+00 2.999999999999999889e-01 1.137830968489777383e+00 8.296998038465482062e-02
5.000000000000000000e+00 6.062866266041448959e+00 2.999999999999999889e-01 1.173046655697543406e+00 7.835796771880434997e-02
5.000000000000000000e+00 6.498019170849729242e+00 2.999999999999999889e-01 1.155240157819909852e+00 6.633617079198353417e-02
5.000000000000000000e+00 6.964404506368825132e+00 2.999999999999999889e-01 1.143990754279703204e+00 6.077103747681856377e-02
5.000000000000000000e+00 7.464263932294277204e+00 2.999999999999999889e-01 1.167334330402499676e+00 6.162825223647531991e-02
5.000000000000000000e+00 7.999999999999802824e+00 2.999999999999999889e-01 1.145973765453019322e+00 6.357870645257884812e-02
5.000000000000000000e+00 8.574187700290131886e+00 2.999999999999999889e-01 1.170196157001062165e+00 1.097209837450772441e-01
5.000000000000000000e+00 9.189586839976049859e+00 2.999999999999999889e-01 1.156244322710304306e+00 8.120982361876166733e-02
5.000000000000000000e+00 9.849155306759080020e+00 2.999999999999999889e-01 1.201663241492566758e+00 1.122128517090678346e-01
5.000000000000000000e+00 1.055606328618288359e+01 2.999999999999999889e-01 1.231537245671661562e+00 1.311148105606348979e-01
5.000000000000000000e+00 1.131370849898446806e+01 2.999999999999999889e-01 1.185734611687005113e+00 1.064771743482494232e-01
5.000000000000000000e+00 1.212573253208286772e+01 2.999999999999999889e-01 1.168838143758605730e+00 6.418124105390843326e-02
5.000000000000000000e+00 1.299603834169942651e+01 2.999999999999999889e-01 1.204753205477098188e+00 1.084509480771519568e-01
5.000000000000000000e+00 1.392880901273761651e+01 2.999999999999999889e-01 1.174073420184442718e+00 1.118442870779274290e-01
5.000000000000000000e+00 1.492852786458851710e+01 2.999999999999999889e-01 1.156408129202141533e+00 8.557657114330076420e-02
5.000000000000000000e+00 1.599999999999956657e+01 2.999999999999999889e-01 1.187800695667770023e+00 1.631210363768856308e-01
5.000000000000000000e+00 1.714837540058022114e+01 2.999999999999999889e-01 1.166368478775683171e+00 9.298362448182787010e-02
5.000000000000000000e+00 1.837917367995205353e+01 2.999999999999999889e-01 1.193060055057583169e+00 9.020658752934755664e-02
5.000000000000000000e+00 1.969831061351811385e+01 2.999999999999999889e-01 1.164002080640816228e+00 1.210472395166450749e-01
5.000000000000000000e+00 2.111212657236571388e+01 2.999999999999999889e-01 1.163561236153276557e+00 8.087893951945841764e-02
5.000000000000000000e+00 2.262741699796887929e+01 2.999999999999999889e-01 1.139756084272036896e+00 5.516929704729438277e-02
5.000000000000000000e+00 2.425146506416567505e+01 2.999999999999999889e-01 1.143975225266641527e+00 5.009207714682204632e-02
5.000000000000000000e+00 2.599207668339878907e+01 2.999999999999999889e-01 1.206516634416474609e+00 1.579797689569805708e-01
5.000000000000000000e+00 2.785761802547516197e+01 2.999999999999999889e-01 1.174722331224052452e+00 1.224302231004633229e-01
5.000000000000000000e+00 2.985705572917696315e+01 2.999999999999999889e-01 1.163580232730164532e+00 7.229805760677211757e-02
5.000000000000000000e+00 3.199999999999905498e+01 2.999999999999999889e-01 1.164567293973733042e+00 9.217587520037262561e-02
