5.000000000000000000e+00 7.812500000000000000e-03 7.800000000000000266e-01 5.174625621506463879e+00 1.254617749464639997e+00
5.000000000000000000e+00 8.373230176064788352e-03 7.800000000000000266e-01 5.421712644778517998e+00 1.028182776988006975e+00
5.000000000000000000e+00 8.974205898414331500e-03 7.800000000000000266e-01 5.001508839922996330e+00 1.135916089193315326e+00
5.000000000000000000e+00 9.618315729257151739e-03 7.800000000000000266e-01 4.921494043491342119e+00 1.017810374174682675e+00
5.000000000000000000e+00 1.030865555291322552e-02 7.800000000000000266e-01 4.366586826479634809e+00 1.429280116490096120e+00
5.000000000000000000e+00 1.104854345603979195e-02 7.800000000000000266e-01 4.171295580509964296e+00 1.130596459260090780e+00
5.000000000000000000e+00 1.184153567586246694e-02 7.800000000000000266e-01 3.858594833809158242e+00 1.262954852971095665e+00
5.000000000000000000e+00 1.269144369306615845e-02 7.800000000000000266e-01 3.415539410488641181e+00 1.225296336211000980e+00
5.000000000000000000e+00 1.360235255150191343e-02 7.800000000000000266e-01 3.155707766057907371e+00 1.125401207749151311e+00
5.000000000000000000e+00 1.457864049276258282e-02 7.800000000000000266e-01 2.895006161037451342e+00 1.061382167757682682e+00
5.000000000000000000e+00 1.562499999999996184e-02 7.800000000000000266e-01 2.630986586948417028e+00 9.886645629984044392e-01
5.000000000000000000e+00 1.674646035212953507e-02 7.800000000000000266e-01 2.452495207313957870e+00 9.677792519405292726e-01
5.000000000000000000e+00 1.794841179682861790e-02 7.800000000000000266e-01 2.206838502056918561e+00 8.772514949203501500e-01
5.000000000000000000e+00 1.923663145851425491e-02 7.800000000000000266e-01 2.073575256131005240e+00 8.912043366144661860e-01
5.000000000000000000e+00 2.061731110582640247e-02 7.800000000000000266e-01 1.917503747758600330e+00 8.108626404469279070e-01
5.000000000000000000e+00 2.209708691207952838e-02 7.800000000000000266e-01 1.830039329896581801e+00 8.954323342082607384e-01
5.000000000000000000e+00 2.368307135172487837e-02 7.800000000000000266e-01 1.715313821853306608e+00 8.491346390889944473e-01
5.000000000000000000e+00 2.538288738613225445e-02 7.800000000000000266e-01 1.606781882570559095e+00 8.014948472171158356e-01
5.000000000000000000e+00 2.720470510300375747e-02 7.800000000000000266e-01 1.522537201971596144e+00 7.634601083587778669e-01
5.000000000000000000e+00 2.915728098552509626e-02 7.800000000000000266e-01 1.448469930617528378e+00 7.358344858628697027e-01
5.000000000000000000e+00 3.124999999999984734e-02 7.800000000000000266e-01 1.366738889198538143e+00 6.618754820533170324e-01
5.000000000000000000e+00 3.349292070425898687e-02 7.800000000000000266e-01 1.324722628224862309e+00 6.662822840054347662e-01
5.000000000000000000e+00 3.589682359365715253e-02 7.800000000000000266e-01 1.253859154142182408e+00 5.498832795412990082e-01
5.000000000000000000e+00 3.847326291702841267e-02 7.800000000000000266e-01 1.201783423536678441e+00 4.663144530778652874e-01
5.000000000000000000e+00 4.123462221165270086e-02 7.800000000000000266e-01 1.159341475028892621e+00 3.883093277766038742e-01
5.000000000000000000e+00 4.419417382415894574e-02 7.800000000000000266e-01 1.125607473144060178e+00 3.204368590725124588e-01
5.000000000000000000e+00 4.736614270344963878e-02 7.800000000000000266e-01 1.099494312540119756e+00 2.629687595797194910e-01
5.000000000000000000e+00 5.076577477226438401e-02 7.800000000000000266e-01 1.081062724860123891e+00 2.203121455398862338e-01
5.000000000000000000e+00 5.440941020600738309e-02 7.800000000000000266e-01 1.067756532918417545e+00 1.874619632863098184e-01
5.000000000000000000e+00 5.831456197105004680e-02 7.800000000000000266e-01 1.056673316159583598e+00 1.581353636316755740e-01
5.000000000000000000e+00 6.249999999999953509e-02 7.800000000000000266e-01 1.048866740697268707e+00 1.367933889151423388e-01
5.000000000000000000e+00 6.698584140851780722e-02 7.800000000000000266e-01 1.042069485843693188e+00 1.175103974392633227e-01
5.000000000000000000e+00 7.179364718731412465e-02 7.800000000000000266e-01 1.037238281150926422e+00 1.036354816860734218e-01
5.000000000000000000e+00 7.694652583405664492e-02 7.800000000000000266e-01 1.032135504826428463e+00 8.872148179691360936e-02
5.000000000000000000e+00 8.246924442330520744e-02 7.800000000000000266e-01 1.027572890944735473e+00 7.531877797086811155e-02
5.000000000000000000e+00 8.838834764831768331e-02 7.800000000000000266e-01 1.023230233802017164e+00 6.252247422083477557e-02
5.000000000000000000e+00 9.473228540689904165e-02 7.800000000000000266e-01 1.019576506069614030e+00 5.175769057170941795e-02
5.000000000000000000e+00 1.015315495445285182e-01 7.800000000000000266e-01 1.016173029137170447e+00 4.171874940661838421e-02
5.000000000000000000e+00 1.088188204120145025e-01 7.800000000000000266e-01 1.013434870108537167e+00 3.365746878399360903e-02
5.000000000000000000e+00 1.166291239420998022e-01 7.800000000000000266e-01 1.011211499787267432e+00 2.713000174481039126e-02
5.000000000000000000e+00 1.249999999999987649e-01 7.800000000000000266e-01 1.009472920134533824e+00 2.205355984976082803e-02
5.000000000000000000e+00 1.339716828170352814e-01 7.800000000000000266e-01 1.008167497555575221e+00 1.827971737007669586e-02
5.000000000000000000e+00 1.435872943746278885e-01 7.800000000000000266e-01 1.007134267531397009e+00 1.533109477159456252e-02
5.000000000000000000e+00 1.538930516681129013e-01 7.800000000000000266e-01 1.006357336425561355e+00 1.316323305184900067e-02
5.000000000000000000e+00 1.649384888466099985e-01 7.800000000000000266e-01 1.005558255544430013e+00 1.094542487294835643e-02
5.000000000000000000e+00 1.767766952966349225e-01 7.800000000000000266e-01 1.004694808634164049e+00 8.554241481370253308e-03
5.000000000000000000e+00 1.894645708137976114e-01 7.800000000000000266e-01 1.003834724637599596e+00 6.195879545671161524e-03
5.000000000000000000e+00 2.030630990890565368e-01 7.800000000000000266e-01 1.003150009528546382e+00 4.384949589362274226e-03
5.000000000000000000e+00 2.176376408240284499e-01 7.800000000000000266e-01 1.002709730934695731e+00 3.318572108389460703e-03
5.000000000000000000e+00 2.332582478841990492e-01 7.800000000000000266e-01 1.002382031903279902e+00 2.596760576175246010e-03
5.000000000000000000e+00 2.499999999999969191e-01 7.800000000000000266e-01 1.002072563910766378e+00 1.936784656170079414e-03
5.000000000000000000e+00 2.679433656340699521e-01 7.800000000000000266e-01 1.001808617036911819e+00 1.404986132627095716e-03
5.000000000000000000e+00 2.871745887492550553e-01 7.800000000000000266e-01 1.001661811220228460e+00 1.160790058927542185e-03
5.000000000000000000e+00 3.077861033362250809e-01 7.800000000000000266e-01 1.001617316121713452e+00 1.114207058344279366e-03
5.000000000000000000e+00 3.298769776932191644e-01 7.800000000000000266e-01 1.001633690921730491e+00 1.104261229928051469e-03
5.000000000000000000e+00 3.535533905932689569e-01 7.800000000000000266e-01 1.001751745284398254e+00 1.146128867523635341e-03
5.000000000000000000e+00 3.789291416275942792e-01 7.800000000000000266e-01 1.002025420407346212e+00 1.228116684799586194e-03
5.000000000000000000e+00 4.061261981781120745e-01 7.800000000000000266e-01 1.002547503782157845e+00 1.349458132182391763e-03
5.000000000000000000e+00 4.352752816480558451e-01 7.800000000000000266e-01 1.003522709850849681e+00 1.764904878495311951e-03
5.000000000000000000e+00 4.665164957683969327e-01 7.800000000000000266e-01 1.005344946256819361e+00 3.099419655724115156e-03
5.000000000000000000e+00 4.999999999999926170e-01 7.800000000000000266e-01 1.008752755172084736e+00 6.269029535040179443e-03
5.000000000000000000e+00 5.358867312681385719e-01 7.800000000000000266e-01 1.015087064833519293e+00 1.282211840746570568e-02
5.000000000000000000e+00 5.743491774985087783e-01 7.800000000000000266e-01 1.025870958201842154e+00 2.468350628064443567e-02
5.000000000000000000e+00 6.155722066724486075e-01 7.800000000000000266e-01 1.040940852698201358e+00 4.110186358904602266e-02
5.000000000000000000e+00 6.597539553864367745e-01 7.800000000000000266e-01 1.057274995854104338e+00 5.584238882146253663e-02
5.000000000000000000e+00 7.071067811865362485e-01 7.800000000000000266e-01 1.072927655458659979e+00 6.277534088700346959e-02
5.000000000000000000e+00 7.578582832551866710e-01 7.800000000000000266e-01 1.087757422849052080e+00 6.707030339339940805e-02
5.000000000000000000e+00 8.122523963562221505e-01 7.800000000000000266e-01 1.106373154418356375e+00 7.989396448699442876e-02
5.000000000000000000e+00 8.705505632961095808e-01 7.800000000000000266e-01 1.126385359763163230e+00 9.408074114619224826e-02
5.000000000000000000e+00 9.330329915367915339e-01 7.800000000000000266e-01 1.142475899953357743e+00 1.102886409261828182e-01
5.000000000000000000e+00 9.999999999999827915e-01 7.800000000000000266e-01 1.155365126496336492e+00 1.230028608814587449e-01
5.000000000000000000e+00 1.071773462536274479e+00 7.800000000000000266e-01 1.170023904472203391e+00 1.378021464544159913e-01
5.000000000000000000e+00 1.148698354997014670e+00 7.800000000000000266e-01 1.179128758853213110e+00 1.467959599838067342e-01
5.000000000000000000e+00 1.231144413344894106e+00 7.800000000000000266e-01 1.175734981755374609e+00 1.371829965988617950e-01
5.000000000000000000e+00 1.319507910772870218e+00 7.800000000000000266e-01 1.163269128741958536e+00 1.152216647537570998e-01
5.000000000000000000e+00 1.414213562373068944e+00 7.800000000000000266e-01 1.153780068013551707e+00 9.514820160892349665e-02
5.000000000000000000e+00 1.515716566510369789e+00 7.800000000000000266e-01 1.149299963770442412e+00 8.484816779854756352e-02
5.000000000000000000e+00 1.624504792712440304e+00 7.800000000000000266e-01 1.150608007702473401e+00 9.928414088774657753e-02
5.000000000000000000e+00 1.741101126592214943e+00 7.800000000000000266e-01 1.153328513664788835e+00 1.114756141776041265e-01
5.000000000000000000e+00 1.866065983073578627e+00 7.800000000000000266e-01 1.168447070425520540e+00 1.338325469369141818e-01
5.000000000000000000e+00 1.999999999999960698e+00 7.800000000000000266e-01 1.165162679933516188e+00 1.241732443976338168e-01
5.000000000000000000e+00 2.143546925072543630e+00 7.800000000000000266e-01 1.158510042102020687e+00 1.041546363433266537e-01
5.000000000000000000e+00 2.297396709994023567e+00 7.800000000000000266e-01 1.175368018080639398e+00 1.235319658011019145e-01
5.000000000000000000e+00 2.462288826689782439e+00 7.800000000000000266e-01 1.182578485058187967e+00 1.506195933269721676e-01
5.000000000000000000e+00 2.639015821545733775e+00 7.800000000000000266e-01 1.184325859937325642e+00 1.492971220913439923e-01
5.000000000000000000e+00 2.828427124746130783e+00 7.800000000000000266e-01 1.178316619195942883e+00 1.369129235218304041e-01
5.000000000000000000e+00 3.031433133020732029e+00 7.800000000000000266e-01 1.168116752628167054e+00 1.230833925141163743e-01
5.000000000000000000e+00 3.249009585424872615e+00 7.800000000000000266e-01 1.198749776835003056e+00 2.052632120786366809e-01
5.000000000000000000e+00 3.482202253184421004e+00 7.800000000000000266e-01 1.187630475211481906e+00 1.832226252558974422e-01
5.000000000000000000e+00 3.732131966147147928e+00 7.800000000000000266e-01 1.146956395530323913e+00 8.967583799077183393e-02
5.000000000000000000e+00 3.999999999999911182e+00 7.800000000000000266e-01 1.120688074894298669e+00 4.373652514192657992e-02
5.000000000000000000e+00 4.287093850145076601e+00 7.800000000000000266e-01 1.145874625973771321e+00 1.210154568675269882e-01
5.000000000000000000e+00 4.594793419988035588e+00 7.800000000000000266e-01 1.134670704083198922e+00 5.769745759534463531e-02
5.000000000000000000e+00 4.924577653379552444e+00 7.800000000000000266e-01 1.154434315583886317e+00 6.175458486540470054e-02
5.000000000000000000e+00 5.278031643091455116e+00 7.800000000000000266e-01 1.141311046816918751e+00 1.113136147817163774e-01
5.000000000000000000e+00 5.656854249492248243e+00 7.800000000000000266e-01 1.124054461456033938e+00 7.245366780227673054e-02
5.000000000000000000e+00 6.062866266041448959e+00 7.800000000000000266e-01 1.155483032160843582e+00 7.054346794172514090e-02
5.000000000000000000e+00 6.498019170849729242e+00 7.800000000000000266e-01 1.141065945115879998e+00 6.146780880295307781e-02
5.000000000000000000e+00 6.964404506368825132e+00 7.800000000000000266e-01 1.131552976882062911e+00 5.374214025382742510e-02
5.000000000000000000e+00 7.464263932294277204e+00 7.800000000000000266e-01 1.154702351759308465e+00 5.461487516775859197e-02
5.000000000000000000e+00 7.999999999999802824e+00 7.800000000000000266e-01 1.133558341642772138e+00 5.778477471403947047e-02
5.000000000000000000e+00 8.574187700290131886e+00 7.800000000000000266e-01 1.154724936900322962e+00 9.465238935533679121e-02
5.000000000000000000e+00 9.189586839976049859e+00 7.800000000000000266e-01 1.142562856032563801e+00 7.502319180878551375e-02
5.000000000000000000e+00 9.849155306759080020e+00 7.800000000000000266e-01 1.184192960999051802e+00 1.024351935098465477e-01
5.000000000000000000e+00 1.055606328618288359e+01 7.800000000000000266e-01 1.213551617751531086e+00 1.231213533755830536e-01
5.000000000000000000e+00 1.131370849898446806e+01 7.800000000000000266e-01 1.171711819958762613e+00 9.833602450225345515e-02
5.000000000000000000e+00 1.212573253208286772e+01 7.800000000000000266e-01 1.156913563322803373e+00 5.921141240748361428e-02
5.000000000000000000e+00 1.299603834169942651e+01 7.800000000000000266e-01 1.186976250078655371e+00 9.831645213706394215e-02
5.000000000000000000e+00 1.392880901273761651e+01 7.800000000000000266e-01 1.160536856498920910e+00 1.040666760449912992e-01
5.000000000000000000e+00 1.492852786458851710e+01 7.800000000000000266e-01 1.142732486628938116e+00 8.041984240597375988e-02
5.000000000000000000e+00 1.599999999999956657e+01 7.800000000000000266e-01 1.171454674872383972e+00 1.490800460829679319e-01
5.000000000000000000e+00 1.714837540058022114e+01 7.800000000000000266e-01 1.153094588434658396e+00 8.602370717460910976e-02
5.000000000000000000e+00 1.837917367995205353e+01 7.800000000000000266e-01 1.179729902686200704e+00 8.343096044944720013e-02
5.000000000000000000e+00 1.969831061351811385e+01 7.800000000000000266e-01 1.150669165074673206e+00 1.125393687648481023e-01
5.000000000000000000e+00 2.111212657236571388e+01 7.800000000000000266e-01 1.149417105681883156e+00 7.426938725213819148e-02
5.000000000000000000e+00 2.262741699796887929e+01 7.800000000000000266e-01 1.127511184745400907e+00 5.179418728716996684e-02
5.000000000000000000e+00 2.425146506416567505e+01 7.800000000000000266e-01 1.133176243708949205e+00 4.660369969228753129e-02
5.000000000000000000e+00 2.599207668339878907e+01 7.800000000000000266e-01 1.193133156740445955e+00 1.450030947457432717e-01
5.000000000000000000e+00 2.785761802547516197e+01 7.800000000000000266e-01 1.163165173611399483e+00 1.151278724580762775e-01
5.000000000000000000e+00 2.985705572917696315e+01 7.800000000000000266e-01 1.151460642007888557e+00 6.413473485858148249e-02
5.000000000000000000e+00 3.199999999999905498e+01 7.800000000000000266e-01 1.151514440219089552e+00 8.618036656070034163e-02
