5.000000000000000000e+00 7.812500000000000000e-03 3.099999999999999978e-01 2.226685226061716705e+00 6.121797768229187975e-01
5.000000000000000000e+00 8.373230176064788352e-03 3.099999999999999978e-01 2.039682081179391648e+00 5.475560099003613512e-01
5.000000000000000000e+00 8.974205898414331500e-03 3.099999999999999978e-01 1.923168410134636686e+00 4.850658067888968250e-01
5.000000000000000000e+00 9.618315729257151739e-03 3.099999999999999978e-01 1.796394934246676289e+00 4.713121912725686813e-01
5.000000000000000000e+00 1.030865555291322552e-02 3.099999999999999978e-01 1.676728205240034297e+00 3.825160282629015973e-01
5.000000000000000000e+00 1.104854345603979195e-02 3.099999999999999978e-01 1.602900277339413648e+00 3.845855755625730010e-01
5.000000000000000000e+00 1.184153567586246694e-02 3.099999999999999978e-01 1.498432059442015296e+00 3.478400220583741098e-01
5.000000000000000000e+00 1.269144369306615845e-02 3.099999999999999978e-01 1.396973148820628285e+00 2.938080550839432536e-01
5.000000000000000000e+00 1.360235255150191343e-02 3.099999999999999978e-01 1.356582458421361048e+00 2.772755723117971693e-01
5.000000000000000000e+00 1.457864049276258282e-02 3.099999999999999978e-01 1.302135811544461230e+00 2.613519203136322466e-01
5.000000000000000000e+00 1.562499999999996184e-02 3.099999999999999978e-01 1.262531423849550194e+00 2.508524506836886103e-01
5.000000000000000000e+00 1.674646035212953507e-02 3.099999999999999978e-01 1.231446336909826078e+00 2.557050710296622231e-01
5.000000000000000000e+00 1.794841179682861790e-02 3.099999999999999978e-01 1.188941125854593883e+00 2.156071225640834865e-01
5.000000000000000000e+00 1.923663145851425491e-02 3.099999999999999978e-01 1.150863641738291365e+00 1.729187724312964414e-01
5.000000000000000000e+00 2.061731110582640247e-02 3.099999999999999978e-01 1.137609443726472325e+00 1.784695996677048146e-01
5.000000000000000000e+00 2.209708691207952838e-02 3.099999999999999978e-01 1.121210825756306262e+00 1.776366582222312085e-01
5.000000000000000000e+00 2.368307135172487837e-02 3.099999999999999978e-01 1.095676256277776206e+00 1.409143614593133254e-01
5.000000000000000000e+00 2.538288738613225445e-02 3.099999999999999978e-01 1.076017672216142751e+00 1.174595154600459740e-01
5.000000000000000000e+00 2.720470510300375747e-02 3.099999999999999978e-01 1.065501919677928733e+00 1.107254452721764676e-01
5.000000000000000000e+00 2.915728098552509626e-02 3.099999999999999978e-01 1.053607878327658343e+00 9.729969502691881988e-02
5.000000000000000000e+00 3.124999999999984734e-02 3.099999999999999978e-01 1.040391042690367751e+00 7.598746308186449250e-02
5.000000000000000000e+00 3.349292070425898687e-02 3.099999999999999978e-01 1.035216486608164788e+00 7.412936098834355114e-02
5.000000000000000000e+00 3.589682359365715253e-02 3.099999999999999978e-01 1.026471393520517417e+00 5.766023307450147267e-02
5.000000000000000000e+00 3.847326291702841267e-02 3.099999999999999978e-01 1.020616772923749860e+00 4.736225056628569352e-02
5.000000000000000000e+00 4.123462221165270086e-02 3.099999999999999978e-01 1.016052329582797897e+00 3.864218462787088332e-02
5.000000000000000000e+00 4.419417382415894574e-02 3.099999999999999978e-01 1.012584353340882704e+00 3.161518113753968712e-02
5.000000000000000000e+00 4.736614270344963878e-02 3.099999999999999978e-01 1.010033332478733836e+00 2.606203046992357913e-02
5.000000000000000000e+00 5.076577477226438401e-02 3.099999999999999978e-01 1.008213773019437598e+00 2.188716851459478197e-02
5.000000000000000000e+00 5.440941020600738309e-02 3.099999999999999978e-01 1.006917775982806074e+00 1.872027347317422805e-02
5.000000000000000000e+00 5.831456197105004680e-02 3.099999999999999978e-01 1.005818401884623681e+00 1.582287974624284332e-02
5.000000000000000000e+00 6.249999999999953509e-02 3.099999999999999978e-01 1.005052679052317544e+00 1.373950751518043627e-02
5.000000000000000000e+00 6.698584140851780722e-02 3.099999999999999978e-01 1.004370994856868871e+00 1.180999874200510183e-02
5.000000000000000000e+00 7.179364718731412465e-02 3.099999999999999978e-01 1.003878918067284687e+00 1.039985279997902856e-02
5.000000000000000000e+00 7.694652583405664492e-02 3.099999999999999978e-01 1.003366537437555106e+00 8.906178699466206147e-03
5.000000000000000000e+00 8.246924442330520744e-02 3.099999999999999978e-01 1.002905349463703466e+00 7.555357956469267895e-03
5.000000000000000000e+00 8.838834764831768331e-02 3.099999999999999978e-01 1.002476153729487063e+00 6.295493234012542079e-03
5.000000000000000000e+00 9.473228540689904165e-02 3.099999999999999978e-01 1.002105934321430469e+00 5.209450951516239083e-03
5.000000000000000000e+00 1.015315495445285182e-01 3.099999999999999978e-01 1.001768163800281997e+00 4.218756903730705443e-03
5.000000000000000000e+00 1.088188204120145025e-01 3.099999999999999978e-01 1.001492192132649839e+00 3.412156325289195276e-03
5.000000000000000000e+00 1.166291239420998022e-01 3.099999999999999978e-01 1.001264592771519135e+00 2.750196560887800939e-03
5.000000000000000000e+00 1.249999999999987649e-01 3.099999999999999978e-01 1.001087402554143413e+00 2.239678195017650187e-03
5.000000000000000000e+00 1.339716828170352814e-01 3.099999999999999978e-01 1.000951982158130305e+00 1.855241343639806809e-03
5.000000000000000000e+00 1.435872943746278885e-01 3.099999999999999978e-01 1.000845163091677481e+00 1.557780126448072644e-03
5.000000000000000000e+00 1.538930516681129013e-01 3.099999999999999978e-01 1.000762416517841036e+00 1.333704201912704881e-03
5.000000000000000000e+00 1.649384888466099985e-01 3.099999999999999978e-01 1.000678128422201052e+00 1.106474600451133345e-03
5.000000000000000000e+00 1.767766952966349225e-01 3.099999999999999978e-01 1.000587976334051055e+00 8.629619356434287082e-04
5.000000000000000000e+00 1.894645708137976114e-01 3.099999999999999978e-01 1.000498910904100036e+00 6.233850808205681831e-04
5.000000000000000000e+00 2.030630990890565368e-01 3.099999999999999978e-01 1.000428887961634539e+00 4.394133365367840520e-04
5.000000000000000000e+00 2.176376408240284499e-01 3.099999999999999978e-01 1.000386269385812099e+00 3.305801544624018765e-04
5.000000000000000000e+00 2.332582478841990492e-01 3.099999999999999978e-01 1.000359126183388847e+00 2.553693047712418001e-04
5.000000000000000000e+00 2.499999999999969191e-01 3.099999999999999978e-01 1.000340353327226373e+00 1.853291148008467807e-04
5.000000000000000000e+00 2.679433656340699521e-01 3.099999999999999978e-01 1.000336961011233372e+00 1.263521359208296985e-04
5.000000000000000000e+00 2.871745887492550553e-01 3.099999999999999978e-01 1.000362752279624123e+00 9.352879366569699540e-05
5.000000000000000000e+00 3.077861033362250809e-01 3.099999999999999978e-01 1.000427812531198946e+00 9.307051347961630425e-05
5.000000000000000000e+00 3.298769776932191644e-01 3.099999999999999978e-01 1.000546741422152941e+00 1.446543091505896777e-04
5.000000000000000000e+00 3.535533905932689569e-01 3.099999999999999978e-01 1.000758243074207243e+00 2.718527282349304190e-04
5.000000000000000000e+00 3.789291416275942792e-01 3.099999999999999978e-01 1.001126552828488281e+00 5.150784004491280443e-04
5.000000000000000000e+00 4.061261981781120745e-01 3.099999999999999978e-01 1.001770704860196703e+00 9.720971123396794427e-04
5.000000000000000000e+00 4.352752816480558451e-01 3.099999999999999978e-01 1.002914758671235473e+00 1.851148486658131054e-03
5.000000000000000000e+00 4.665164957683969327e-01 3.099999999999999978e-01 1.004975349715426125e+00 3.575782978660405325e-03
5.000000000000000000e+00 4.999999999999926170e-01 3.099999999999999978e-01 1.008712887533283808e+00 7.006564751395272239e-03
5.000000000000000000e+00 5.358867312681385719e-01 3.099999999999999978e-01 1.015487414387343801e+00 1.379100675902969995e-02
5.000000000000000000e+00 5.743491774985087783e-01 3.099999999999999978e-01 1.026828360775818627e+00 2.590669714787978764e-02
5.000000000000000000e+00 6.155722066724486075e-01 3.099999999999999978e-01 1.042538478550371517e+00 4.254468446401130088e-02
5.000000000000000000e+00 6.597539553864367745e-01 3.099999999999999978e-01 1.059472769016746474e+00 5.742351827851347595e-02
5.000000000000000000e+00 7.071067811865362485e-01 3.099999999999999978e-01 1.075699962066306359e+00 6.464894761662882960e-02
5.000000000000000000e+00 7.578582832551866710e-01 3.099999999999999978e-01 1.091179816231085731e+00 6.978843467902848263e-02
5.000000000000000000e+00 8.122523963562221505e-01 3.099999999999999978e-01 1.110740628067891533e+00 8.419717347330349377e-02
5.000000000000000000e+00 8.705505632961095808e-01 3.099999999999999978e-01 1.132111109866285492e+00 1.008391677400565511e-01
5.000000000000000000e+00 9.330329915367915339e-01 3.099999999999999978e-01 1.149916179393023041e+00 1.199388181641471429e-01
5.000000000000000000e+00 9.999999999999827915e-01 3.099999999999999978e-01 1.164817030388307639e+00 1.356106600273771501e-01
5.000000000000000000e+00 1.071773462536274479e+00 3.099999999999999978e-01 1.180644042903227442e+00 1.515853063511660159e-01
5.000000000000000000e+00 1.148698354997014670e+00 3.099999999999999978e-01 1.190173031760134226e+00 1.602954426196974980e-01
5.000000000000000000e+00 1.231144413344894106e+00 3.099999999999999978e-01 1.186497636422630064e+00 1.480630264203275648e-01
5.000000000000000000e+00 1.319507910772870218e+00 3.099999999999999978e-01 1.173861488290802724e+00 1.223840716032258552e-01
5.000000000000000000e+00 1.414213562373068944e+00 3.099999999999999978e-01 1.165456105979906010e+00 1.002125509652198182e-01
5.000000000000000000e+00 1.515716566510369789e+00 3.099999999999999978e-01 1.162118909400165823e+00 9.036282931811007169e-02
5.000000000000000000e+00 1.624504792712440304e+00 3.099999999999999978e-01 1.163457168123327667e+00 1.066530245045879538e-01
5.000000000000000000e+00 1.741101126592214943e+00 3.099999999999999978e-01 1.166554084170527528e+00 1.210327241206836935e-01
5.000000000000000000e+00 1.866065983073578627e+00 3.099999999999999978e-01 1.183260940104855496e+00 1.463913629013862683e-01
5.000000000000000000e+00 1.999999999999960698e+00 3.099999999999999978e-01 1.178406306499858669e+00 1.346060074464915102e-01
5.000000000000000000e+00 2.143546925072543630e+00 3.099999999999999978e-01 1.169450298586538484e+00 1.131836207739389533e-01
5.000000000000000000e+00 2.297396709994023567e+00 3.099999999999999978e-01 1.186395866239560837e+00 1.319472597590263530e-01
5.000000000000000000e+00 2.462288826689782439e+00 3.099999999999999978e-01 1.194606318304793913e+00 1.613124260825352096e-01
5.000000000000000000e+00 2.639015821545733775e+00 3.099999999999999978e-01 1.198541604631007562e+00 1.646031270906688215e-01
5.000000000000000000e+00 2.828427124746130783e+00 3.099999999999999978e-01 1.195902413901394068e+00 1.519975695317794528e-01
5.000000000000000000e+00 3.031433133020732029e+00 3.099999999999999978e-01 1.186313858771555374e+00 1.380387179588388469e-01
5.000000000000000000e+00 3.249009585424872615e+00 3.099999999999999978e-01 1.215784003329270835e+00 2.220791386681671142e-01
5.000000000000000000e+00 3.482202253184421004e+00 3.099999999999999978e-01 1.203183501917173270e+00 1.955243747697334722e-01
5.000000000000000000e+00 3.732131966147147928e+00 3.099999999999999978e-01 1.157064517211680910e+00 9.366659653185473167e-02
5.000000000000000000e+00 3.999999999999911182e+00 3.099999999999999978e-01 1.131177920999827169e+00 4.677245411264235875e-02
5.000000000000000000e+00 4.287093850145076601e+00 3.099999999999999978e-01 1.161097583189614202e+00 1.350978451820492865e-01
5.000000000000000000e+00 4.594793419988035588e+00 3.099999999999999978e-01 1.146637333004133730e+00 6.324002081745694337e-02
5.000000000000000000e+00 4.924577653379552444e+00 3.099999999999999978e-01 1.169380342999913225e+00 7.066528665108931517e-02
5.000000000000000000e+00 5.278031643091455116e+00 3.099999999999999978e-01 1.153336412894406360e+00 1.211798524886927853e-01
5.000000000000000000e+00 5.656854249492248243e+00 3.099999999999999978e-01 1.137404196186156735e+00 8.263875891578231769e-02
5.000000000000000000e+00 6.062866266041448959e+00 3.099999999999999978e-01 1.172488754771915165e+00 7.809819052651734150e-02
5.000000000000000000e+00 6.498019170849729242e+00 3.099999999999999978e-01 1.154779844968557789e+00 6.618764990375958224e-02
5.000000000000000000e+00 6.964404506368825132e+00 3.099999999999999978e-01 1.143584407204087716e+00 6.053032717867450757e-02
5.000000000000000000e+00 7.464263932294277204e+00 3.099999999999999978e-01 1.166929053356546619e+00 6.139089095345205693e-02
5.000000000000000000e+00 7.999999999999802824e+00 3.099999999999999978e-01 1.145590744109168169e+00 6.339666831525177237e-02
5.000000000000000000e+00 8.574187700290131886e+00 3.099999999999999978e-01 1.169706039969858891e+00 1.092310388952545813e-01
5.000000000000000000e+00 9.189586839976049859e+00 3.099999999999999978e-01 1.155808467826343833e+00 8.101778588816199722e-02
5.000000000000000000e+00 9.849155306759080020e+00 3.099999999999999978e-01 1.201105544082422316e+00 1.119040561571798403e-01
5.000000000000000000e+00 1.055606328618288359e+01 3.099999999999999978e-01 1.230951808740426312e+00 1.308540348681732080e-01
5.000000000000000000e+00 1.131370849898446806e+01 3.099999999999999978e-01 1.185283204096062804e+00 1.061936319037452420e-01
5.000000000000000000e+00 1.212573253208286772e+01 3.099999999999999978e-01 1.168449694763891378e+00 6.401835735869035315e-02
5.000000000000000000e+00 1.299603834169942651e+01 3.099999999999999978e-01 1.204200331486875220e+00 1.081358144113909320e-01
5.000000000000000000e+00 1.392880901273761651e+01 3.099999999999999978e-01 1.173652717835131032e+00 1.115989887922270996e-01
5.000000000000000000e+00 1.492852786458851710e+01 3.099999999999999978e-01 1.155972196742733438e+00 8.539514842443078624e-02
5.000000000000000000e+00 1.599999999999956657e+01 3.099999999999999978e-01 1.187270289716677141e+00 1.626644147200429769e-01
5.000000000000000000e+00 1.714837540058022114e+01 3.099999999999999978e-01 1.165940681091937714e+00 9.275361988759854570e-02
5.000000000000000000e+00 1.837917367995205353e+01 3.099999999999999978e-01 1.192628540198542364e+00 8.998202804894424311e-02
5.000000000000000000e+00 1.969831061351811385e+01 3.099999999999999978e-01 1.163573365658618020e+00 1.207551890414409329e-01
5.000000000000000000e+00 2.111212657236571388e+01 3.099999999999999978e-01 1.163096091858824455e+00 8.063596404480878610e-02
5.000000000000000000e+00 2.262741699796887929e+01 3.099999999999999978e-01 1.139357374040212090e+00 5.503325114251324257e-02
5.000000000000000000e+00 2.425146506416567505e+01 3.099999999999999978e-01 1.143620419066934790e+00 4.995171018794086759e-02
5.000000000000000000e+00 2.599207668339878907e+01 3.099999999999999978e-01 1.206066133009707331e+00 1.575262074980303129e-01
5.000000000000000000e+00 2.785761802547516197e+01 3.099999999999999978e-01 1.174345685022478936e+00 1.221765684000708091e-01
5.000000000000000000e+00 2.985705572917696315e+01 3.099999999999999978e-01 1.163181407604698459e+00 7.202386873405808299e-02
5.000000000000000000e+00 3.199999999999905498e+01 3.099999999999999978e-01 1.164151430507475826e+00 9.195525333978560312e-02
