5.000000000000000000e+00 7.812500000000000000e-03 1.199999999999999956e-01 1.739436855361278234e+00 3.676896288850033390e-01
5.000000000000000000e+00 8.373230176064788352e-03 1.199999999999999956e-01 1.621377516274561170e+00 3.253843628461364768e-01
5.000000000000000000e+00 8.974205898414331500e-03 1.199999999999999956e-01 1.552653683692426068e+00 2.863568345614502797e-01
5.000000000000000000e+00 9.618315729257151739e-03 1.199999999999999956e-01 1.476954297953138706e+00 2.804416845212970855e-01
5.000000000000000000e+00 1.030865555291322552e-02 1.199999999999999956e-01 1.408264018984013211e+00 2.290423159685245347e-01
5.000000000000000000e+00 1.104854345603979195e-02 1.199999999999999956e-01 1.363497619736042887e+00 2.323344364856402555e-01
5.000000000000000000e+00 1.184153567586246694e-02 1.199999999999999956e-01 1.300465391080793509e+00 2.093735109367295399e-01
5.000000000000000000e+00 1.269144369306615845e-02 1.199999999999999956e-01 1.240755623101410077e+00 1.788295913689776362e-01
5.000000000000000000e+00 1.360235255150191343e-02 1.199999999999999956e-01 1.216383133641613323e+00 1.684744031005255827e-01
5.000000000000000000e+00 1.457864049276258282e-02 1.199999999999999956e-01 1.183018394140142648e+00 1.579715151059981615e-01
5.000000000000000000e+00 1.562499999999996184e-02 1.199999999999999956e-01 1.159812464590846748e+00 1.532402447909390897e-01
5.000000000000000000e+00 1.674646035212953507e-02 1.199999999999999956e-01 1.140464405161644601e+00 1.548037289187234877e-01
5.000000000000000000e+00 1.794841179682861790e-02 1.199999999999999956e-01 1.114862649021884256e+00 1.309371376440857659e-01
5.000000000000000000e+00 1.923663145851425491e-02 1.199999999999999956e-01 1.091528023839440475e+00 1.044085985149751233e-01
5.000000000000000000e+00 2.061731110582640247e-02 1.199999999999999956e-01 1.083657421846120572e+00 1.082896991473821097e-01
5.000000000000000000e+00 2.209708691207952838e-02 1.199999999999999956e-01 1.073431125019919330e+00 1.071962937359735302e-01
5.000000000000000000e+00 2.368307135172487837e-02 1.199999999999999956e-01 1.057979472068351301e+00 8.511674932274640448e-02
5.000000000000000000e+00 2.538288738613225445e-02 1.199999999999999956e-01 1.046059711416212235e+00 7.104299467022472114e-02
5.000000000000000000e+00 2.720470510300375747e-02 1.199999999999999956e-01 1.039631352200411474e+00 6.691719104183577183e-02
5.000000000000000000e+00 2.915728098552509626e-02 1.199999999999999956e-01 1.032414777389178306e+00 5.886597512839904234e-02
5.000000000000000000e+00 3.124999999999984734e-02 1.199999999999999956e-01 1.024409860293248986e+00 4.605580596339628463e-02
5.000000000000000000e+00 3.349292070425898687e-02 1.199999999999999956e-01 1.021234043859273077e+00 4.490785613201157822e-02
5.000000000000000000e+00 3.589682359365715253e-02 1.199999999999999956e-01 1.015941392176331615e+00 3.501229591275334396e-02
5.000000000000000000e+00 3.847326291702841267e-02 1.199999999999999956e-01 1.012392588503815416e+00 2.881778564061044517e-02
5.000000000000000000e+00 4.123462221165270086e-02 1.199999999999999956e-01 1.009617322638365344e+00 2.354278398771553205e-02
5.000000000000000000e+00 4.419417382415894574e-02 1.199999999999999956e-01 1.007507125027318873e+00 1.928595268545574976e-02
5.000000000000000000e+00 4.736614270344963878e-02 1.199999999999999956e-01 1.005956399436968907e+00 1.592093312787599274e-02
5.000000000000000000e+00 5.076577477226438401e-02 1.199999999999999956e-01 1.004847772780782744e+00 1.338228944170425337e-02
5.000000000000000000e+00 5.440941020600738309e-02 1.199999999999999956e-01 1.004058594907949464e+00 1.145638744376995671e-02
5.000000000000000000e+00 5.831456197105004680e-02 1.199999999999999956e-01 1.003388413230926757e+00 9.689851669545326493e-03
5.000000000000000000e+00 6.249999999999953509e-02 1.199999999999999956e-01 1.002921949048707129e+00 8.419547815457784079e-03
5.000000000000000000e+00 6.698584140851780722e-02 1.199999999999999956e-01 1.002506810167675733e+00 7.242410800792631331e-03
5.000000000000000000e+00 7.179364718731412465e-02 1.199999999999999956e-01 1.002206613142896607e+00 6.379361679656554186e-03
5.000000000000000000e+00 7.694652583405664492e-02 1.199999999999999956e-01 1.001894548196495371e+00 5.466262867577472914e-03
5.000000000000000000e+00 8.246924442330520744e-02 1.199999999999999956e-01 1.001613526710771973e+00 4.639172021612421488e-03
5.000000000000000000e+00 8.838834764831768331e-02 1.199999999999999956e-01 1.001352670561552305e+00 3.868866245489473686e-03
5.000000000000000000e+00 9.473228540689904165e-02 1.199999999999999956e-01 1.001127577160150661e+00 3.203249660894545280e-03
5.000000000000000000e+00 1.015315495445285182e-01 1.199999999999999956e-01 1.000923114479209231e+00 2.597467208370397764e-03
5.000000000000000000e+00 1.088188204120145025e-01 1.199999999999999956e-01 1.000756460594737884e+00 2.103396780958275477e-03
5.000000000000000000e+00 1.166291239420998022e-01 1.199999999999999956e-01 1.000619697595208635e+00 1.697653197003897710e-03
5.000000000000000000e+00 1.249999999999987649e-01 1.199999999999999956e-01 1.000514400423514250e+00 1.385280402589970277e-03
5.000000000000000000e+00 1.339716828170352814e-01 1.199999999999999956e-01 1.000434941366678432e+00 1.149606405605154346e-03
5.000000000000000000e+00 1.435872943746278885e-01 1.199999999999999956e-01 1.000373603008025913e+00 9.675203610660576201e-04
5.000000000000000000e+00 1.538930516681129013e-01 1.199999999999999956e-01 1.000327510712886392e+00 8.301868410854203965e-04
5.000000000000000000e+00 1.649384888466099985e-01 1.199999999999999956e-01 1.000281188031079127e+00 6.907471274115541994e-04
5.000000000000000000e+00 1.767766952966349225e-01 1.199999999999999956e-01 1.000232152717856593e+00 5.409025903979595854e-04
5.000000000000000000e+00 1.894645708137976114e-01 1.199999999999999956e-01 1.000184921222774692e+00 3.927127256232143234e-04
5.000000000000000000e+00 2.030630990890565368e-01 1.199999999999999956e-01 1.000150711025517003e+00 2.776972961943572162e-04
5.000000000000000000e+00 2.176376408240284499e-01 1.199999999999999956e-01 1.000135189418944748e+00 2.092127871665672959e-04
5.000000000000000000e+00 2.332582478841990492e-01 1.199999999999999956e-01 1.000131730523844187e+00 1.618010395403136686e-04
5.000000000000000000e+00 2.499999999999969191e-01 1.199999999999999956e-01 1.000137155960120428e+00 1.178384981212787005e-04
5.000000000000000000e+00 2.679433656340699521e-01 1.199999999999999956e-01 1.000157673846523654e+00 8.506125453255406854e-05
5.000000000000000000e+00 2.871745887492550553e-01 1.199999999999999956e-01 1.000204692309532017e+00 8.422471794094731870e-05
5.000000000000000000e+00 3.077861033362250809e-01 1.199999999999999956e-01 1.000289713154253857e+00 1.186288729514926708e-04
5.000000000000000000e+00 3.298769776932191644e-01 1.199999999999999956e-01 1.000430342845015863e+00 1.925934404921404209e-04
5.000000000000000000e+00 3.535533905932689569e-01 1.199999999999999956e-01 1.000666330259840420e+00 3.296691837820275644e-04
5.000000000000000000e+00 3.789291416275942792e-01 1.199999999999999956e-01 1.001064459746208835e+00 5.818048100777831752e-04
5.000000000000000000e+00 4.061261981781120745e-01 1.199999999999999956e-01 1.001749126421493941e+00 1.053024740156347297e-03
5.000000000000000000e+00 4.352752816480558451e-01 1.199999999999999956e-01 1.002952609874209200e+00 1.957626572565384932e-03
5.000000000000000000e+00 4.665164957683969327e-01 1.199999999999999956e-01 1.005105253983181957e+00 3.729836315463643318e-03
5.000000000000000000e+00 4.999999999999926170e-01 1.199999999999999956e-01 1.008987542574622420e+00 7.246859130153104032e-03
5.000000000000000000e+00 5.358867312681385719e-01 1.199999999999999956e-01 1.015985949243678910e+00 1.417315985902158591e-02
5.000000000000000000e+00 5.743491774985087783e-01 1.199999999999999956e-01 1.027650564643252773e+00 2.647835546562388523e-02
5.000000000000000000e+00 6.155722066724486075e-01 1.199999999999999956e-01 1.043772773238371032e+00 4.328927673480522514e-02
5.000000000000000000e+00 6.597539553864367745e-01 1.199999999999999956e-01 1.061134890198523584e+00 5.826720300383660817e-02
5.000000000000000000e+00 7.071067811865362485e-01 1.199999999999999956e-01 1.077803794053077358e+00 6.567573805860871250e-02
5.000000000000000000e+00 7.578582832551866710e-01 1.199999999999999956e-01 1.093831275245282786e+00 7.145102113407209021e-02
5.000000000000000000e+00 8.122523963562221505e-01 1.199999999999999956e-01 1.114153221433055174e+00 8.705296594455076697e-02
5.000000000000000000e+00 8.705505632961095808e-01 1.199999999999999956e-01 1.136541252138359770e+00 1.054078627563815179e-01
5.000000000000000000e+00 9.330329915367915339e-01 1.199999999999999956e-01 1.155616560508012647e+00 1.266026755560519523e-01
5.000000000000000000e+00 9.999999999999827915e-01 1.199999999999999956e-01 1.172019522830818783e+00 1.445174142435349252e-01
5.000000000000000000e+00 1.071773462536274479e+00 1.199999999999999956e-01 1.188724134588306836e+00 1.615026956359632282e-01
5.000000000000000000e+00 1.148698354997014670e+00 1.199999999999999956e-01 1.198459811706752864e+00 1.700648040563685348e-01
5.000000000000000000e+00 1.231144413344894106e+00 1.199999999999999956e-01 1.194337709385138613e+00 1.559958861363050786e-01
5.000000000000000000e+00 1.319507910772870218e+00 1.199999999999999956e-01 1.181339613779143205e+00 1.278488963017339053e-01
5.000000000000000000e+00 1.414213562373068944e+00 1.199999999999999956e-01 1.173379814540432164e+00 1.042679450940938585e-01
5.000000000000000000e+00 1.515716566510369789e+00 1.199999999999999956e-01 1.170799936464112623e+00 9.476610215973073348e-02
5.000000000000000000e+00 1.624504792712440304e+00 1.199999999999999956e-01 1.172453415539709720e+00 1.123971715598492127e-01
5.000000000000000000e+00 1.741101126592214943e+00 1.199999999999999956e-01 1.176074652702329359e+00 1.282843548188770388e-01
5.000000000000000000e+00 1.866065983073578627e+00 1.199999999999999956e-01 1.193736305352109728e+00 1.554378149791082186e-01
5.000000000000000000e+00 1.999999999999960698e+00 1.199999999999999956e-01 1.187752280881248623e+00 1.420338874266046658e-01
5.000000000000000000e+00 2.143546925072543630e+00 1.199999999999999956e-01 1.177306586157105484e+00 1.193051502510723838e-01
5.000000000000000000e+00 2.297396709994023567e+00 1.199999999999999956e-01 1.194430197976834807e+00 1.374929906987457651e-01
5.000000000000000000e+00 2.462288826689782439e+00 1.199999999999999956e-01 1.203577923659642668e+00 1.686600135419653312e-01
5.000000000000000000e+00 2.639015821545733775e+00 1.199999999999999956e-01 1.209288048179078423e+00 1.755768867007621026e-01
5.000000000000000000e+00 2.828427124746130783e+00 1.199999999999999956e-01 1.208902915217955121e+00 1.630444463159152202e-01
5.000000000000000000e+00 3.031433133020732029e+00 1.199999999999999956e-01 1.199827520607136488e+00 1.492869275118826611e-01
5.000000000000000000e+00 3.249009585424872615e+00 1.199999999999999956e-01 1.228578761550519705e+00 2.351818049320880955e-01
5.000000000000000000e+00 3.482202253184421004e+00 1.199999999999999956e-01 1.214482487822896140e+00 2.046510733990930808e-01
5.000000000000000000e+00 3.732131966147147928e+00 1.199999999999999956e-01 1.164612894045509828e+00 9.672828688021699317e-02
5.000000000000000000e+00 3.999999999999911182e+00 1.199999999999999956e-01 1.138728384931743332e+00 4.917564566364614198e-02
5.000000000000000000e+00 4.287093850145076601e+00 1.199999999999999956e-01 1.172156615014497305e+00 1.458950113848858365e-01
5.000000000000000000e+00 4.594793419988035588e+00 1.199999999999999956e-01 1.155336087056996419e+00 6.758289112699665535e-02
5.000000000000000000e+00 4.924577653379552444e+00 1.199999999999999956e-01 1.180417197413320407e+00 7.715621518668405732e-02
5.000000000000000000e+00 5.278031643091455116e+00 1.199999999999999956e-01 1.162333325712744836e+00 1.284458511202696829e-01
5.000000000000000000e+00 5.656854249492248243e+00 1.199999999999999956e-01 1.146702312070770002e+00 8.990255727851399759e-02
5.000000000000000000e+00 6.062866266041448959e+00 1.199999999999999956e-01 1.184719719927035841e+00 8.388885944230548009e-02
5.000000000000000000e+00 6.498019170849729242e+00 1.199999999999999956e-01 1.164946125521407971e+00 6.949167946290236986e-02
5.000000000000000000e+00 6.964404506368825132e+00 1.199999999999999956e-01 1.152564775768435412e+00 6.595426446044486135e-02
5.000000000000000000e+00 7.464263932294277204e+00 1.199999999999999956e-01 1.175842516368923230e+00 6.669351464505045290e-02
5.000000000000000000e+00 7.999999999999802824e+00 1.199999999999999956e-01 1.153926068552019624e+00 6.739575793841144635e-02
5.000000000000000000e+00 8.574187700290131886e+00 1.199999999999999956e-01 1.180443631354356482e+00 1.200132133059407802e-01
5.000000000000000000e+00 9.189586839976049859e+00 1.199999999999999956e-01 1.165384692202604988e+00 8.524780459633464480e-02
5.000000000000000000e+00 9.849155306759080020e+00 1.199999999999999956e-01 1.213335018354728234e+00 1.187053407933010285e-01
5.000000000000000000e+00 1.055606328618288359e+01 1.199999999999999956e-01 1.243854055451842244e+00 1.366427351266827350e-01
5.000000000000000000e+00 1.131370849898446806e+01 1.199999999999999956e-01 1.195203589711009817e+00 1.125674669645447684e-01
5.000000000000000000e+00 1.212573253208286772e+01 1.199999999999999956e-01 1.177004041681316782e+00 6.763386887018535409e-02
5.000000000000000000e+00 1.299603834169942651e+01 1.199999999999999956e-01 1.216239476950650600e+00 1.150790324564138351e-01
5.000000000000000000e+00 1.392880901273761651e+01 1.199999999999999956e-01 1.182816960169180032e+00 1.169542668473653041e-01
5.000000000000000000e+00 1.492852786458851710e+01 1.199999999999999956e-01 1.165528039747177669e+00 8.948098043410500357e-02
5.000000000000000000e+00 1.599999999999956657e+01 1.199999999999999956e-01 1.198963420163621008e+00 1.727621705873745028e-01
5.000000000000000000e+00 1.714837540058022114e+01 1.199999999999999956e-01 1.175341634327959017e+00 9.787299030428454893e-02
5.000000000000000000e+00 1.837917367995205353e+01 1.199999999999999956e-01 1.202132855267468825e+00 9.496175571076835575e-02
5.000000000000000000e+00 1.969831061351811385e+01 1.199999999999999956e-01 1.172995799266657979e+00 1.272627065099319887e-01
5.000000000000000000e+00 2.111212657236571388e+01 1.199999999999999956e-01 1.173378606598130647e+00 8.619975663773658814e-02
5.000000000000000000e+00 2.262741699796887929e+01 1.199999999999999956e-01 1.148163984141422400e+00 5.830115289588203714e-02
5.000000000000000000e+00 2.425146506416567505e+01 1.199999999999999956e-01 1.151461464767086884e+00 5.320330448256423844e-02
5.000000000000000000e+00 2.599207668339878907e+01 1.199999999999999956e-01 1.216070035930471693e+00 1.676948735421345260e-01
5.000000000000000000e+00 2.785761802547516197e+01 1.199999999999999956e-01 1.182675842661693233e+00 1.279165018575807999e-01
5.000000000000000000e+00 2.985705572917696315e+01 1.199999999999999956e-01 1.172015691968305795e+00 7.818189711640448347e-02
5.000000000000000000e+00 3.199999999999905498e+01 1.199999999999999956e-01 1.173297108109049747e+00 9.701123563970157071e-02
