5.000000000000000000e+00 7.812500000000000000e-03 5.200000000000000178e-01 3.370976840678048259e+00 1.065148732068218695e+00
5.000000000000000000e+00 8.373230176064788352e-03 5.200000000000000178e-01 3.097496673107114962e+00 1.019958198459664844e+00
5.000000000000000000e+00 8.974205898414331500e-03 5.200000000000000178e-01 2.872202328672524452e+00 9.432503311010436153e-01
5.000000000000000000e+00 9.618315729257151739e-03 5.200000000000000178e-01 2.625461691875638159e+00 9.142860341615782760e-01
5.000000000000000000e+00 1.030865555291322552e-02 5.200000000000000178e-01 2.376768358930546388e+00 7.690174821585618048e-01
5.000000000000000000e+00 1.104854345603979195e-02 5.200000000000000178e-01 2.229936546100849348e+00 7.433299599038086791e-01
5.000000000000000000e+00 1.184153567586246694e-02 5.200000000000000178e-01 2.026051315970453182e+00 6.874979136385365175e-01
5.000000000000000000e+00 1.269144369306615845e-02 5.200000000000000178e-01 1.811071489863814943e+00 5.732422508487892143e-01
5.000000000000000000e+00 1.360235255150191343e-02 5.200000000000000178e-01 1.728813700666285147e+00 5.412991203058661327e-01
5.000000000000000000e+00 1.457864049276258282e-02 5.200000000000000178e-01 1.622379707264324677e+00 5.231082231259974735e-01
5.000000000000000000e+00 1.562499999999996184e-02 5.200000000000000178e-01 1.533116952905016150e+00 4.860351145065583411e-01
5.000000000000000000e+00 1.674646035212953507e-02 5.200000000000000178e-01 1.473067759889017614e+00 5.058354375589422247e-01
5.000000000000000000e+00 1.794841179682861790e-02 5.200000000000000178e-01 1.386623422858765498e+00 4.297472714173291575e-01
5.000000000000000000e+00 1.923663145851425491e-02 5.200000000000000178e-01 1.313632590771317110e+00 3.578222427289700636e-01
5.000000000000000000e+00 2.061731110582640247e-02 5.200000000000000178e-01 1.282987546077995589e+00 3.614506961812972707e-01
5.000000000000000000e+00 2.209708691207952838e-02 5.200000000000000178e-01 1.251608428394779704e+00 3.669537383468027825e-01
5.000000000000000000e+00 2.368307135172487837e-02 5.200000000000000178e-01 1.199726298384092171e+00 2.944154109256769125e-01
5.000000000000000000e+00 2.538288738613225445e-02 5.200000000000000178e-01 1.159155565213741301e+00 2.465696387795680566e-01
5.000000000000000000e+00 2.720470510300375747e-02 5.200000000000000178e-01 1.137333254747523892e+00 2.328351375700828674e-01
5.000000000000000000e+00 2.915728098552509626e-02 5.200000000000000178e-01 1.112627166307741611e+00 2.050721361088096439e-01
5.000000000000000000e+00 3.124999999999984734e-02 5.200000000000000178e-01 1.084989079878724505e+00 1.604206562997298469e-01
5.000000000000000000e+00 3.349292070425898687e-02 5.200000000000000178e-01 1.074338469153972575e+00 1.568174084826166326e-01
5.000000000000000000e+00 3.589682359365715253e-02 5.200000000000000178e-01 1.055827586771102000e+00 1.215805722735470440e-01
5.000000000000000000e+00 3.847326291702841267e-02 5.200000000000000178e-01 1.043443584238354926e+00 9.952396226448244343e-02
5.000000000000000000e+00 4.123462221165270086e-02 5.200000000000000178e-01 1.033842592015692174e+00 8.102196680180956401e-02
5.000000000000000000e+00 4.419417382415894574e-02 5.200000000000000178e-01 1.026548474361969721e+00 6.612026495493053546e-02
5.000000000000000000e+00 4.736614270344963878e-02 5.200000000000000178e-01 1.021173327701496270e+00 5.434526195615748539e-02
5.000000000000000000e+00 5.076577477226438401e-02 5.200000000000000178e-01 1.017358400803366036e+00 4.555568936434321869e-02
5.000000000000000000e+00 5.440941020600738309e-02 5.200000000000000178e-01 1.014641261489208635e+00 3.889530466322148328e-02
5.000000000000000000e+00 5.831456197105004680e-02 5.200000000000000178e-01 1.012343582079686888e+00 3.283388677886119739e-02
5.000000000000000000e+00 6.249999999999953509e-02 5.200000000000000178e-01 1.010743056193326606e+00 2.847722298974571936e-02
5.000000000000000000e+00 6.698584140851780722e-02 5.200000000000000178e-01 1.009321375502321372e+00 2.445496332781298132e-02
5.000000000000000000e+00 7.179364718731412465e-02 5.200000000000000178e-01 1.008299765024866401e+00 2.153114049345108277e-02
5.000000000000000000e+00 7.694652583405664492e-02 5.200000000000000178e-01 1.007233524132772340e+00 1.842775779842613024e-02
5.000000000000000000e+00 8.246924442330520744e-02 5.200000000000000178e-01 1.006275939353366233e+00 1.562905521191509245e-02
5.000000000000000000e+00 8.838834764831768331e-02 5.200000000000000178e-01 1.005381716536904113e+00 1.301115577074486024e-02
5.000000000000000000e+00 9.473228540689904165e-02 5.200000000000000178e-01 1.004613218657838702e+00 1.076517396275443635e-02
5.000000000000000000e+00 1.015315495445285182e-01 5.200000000000000178e-01 1.003908756387101864e+00 8.708651749507113904e-03
5.000000000000000000e+00 1.088188204120145025e-01 5.200000000000000178e-01 1.003333568670931486e+00 7.038853513729534904e-03
5.000000000000000000e+00 1.166291239420998022e-01 5.200000000000000178e-01 1.002858909856851222e+00 5.671519411949794455e-03
5.000000000000000000e+00 1.249999999999987649e-01 5.200000000000000178e-01 1.002486920942797566e+00 4.614673061218159573e-03
5.000000000000000000e+00 1.339716828170352814e-01 5.200000000000000178e-01 1.002201514238629798e+00 3.821408429604926382e-03
5.000000000000000000e+00 1.435872943746278885e-01 5.200000000000000178e-01 1.001973912188949711e+00 3.206658105446552349e-03
5.000000000000000000e+00 1.538930516681129013e-01 5.200000000000000178e-01 1.001795598269463294e+00 2.745255482466856228e-03
5.000000000000000000e+00 1.649384888466099985e-01 5.200000000000000178e-01 1.001612644389457518e+00 2.277705596562014725e-03
5.000000000000000000e+00 1.767766952966349225e-01 5.200000000000000178e-01 1.001415706644490866e+00 1.777747674385193183e-03
5.000000000000000000e+00 1.894645708137976114e-01 5.200000000000000178e-01 1.001218590997003943e+00 1.288656019071720768e-03
5.000000000000000000e+00 2.030630990890565368e-01 5.200000000000000178e-01 1.001057912920529258e+00 9.180309227000815059e-04
5.000000000000000000e+00 2.176376408240284499e-01 5.200000000000000178e-01 1.000949518532474158e+00 7.024132668629823805e-04
5.000000000000000000e+00 2.332582478841990492e-01 5.200000000000000178e-01 1.000867005231534490e+00 5.572172723029192960e-04
5.000000000000000000e+00 2.499999999999969191e-01 5.200000000000000178e-01 1.000792588256648630e+00 4.282534206334559848e-04
5.000000000000000000e+00 2.679433656340699521e-01 5.200000000000000178e-01 1.000735760474165570e+00 3.265743703075344676e-04
5.000000000000000000e+00 2.871745887492550553e-01 5.200000000000000178e-01 1.000717361929790217e+00 2.641494336260822879e-04
5.000000000000000000e+00 3.077861033362250809e-01 5.200000000000000178e-01 1.000744393281867373e+00 2.191938174930142141e-04
5.000000000000000000e+00 3.298769776932191644e-01 5.200000000000000178e-01 1.000824460007261774e+00 1.853644260020511356e-04
5.000000000000000000e+00 3.535533905932689569e-01 5.200000000000000178e-01 1.000995898215400803e+00 2.269527892599962446e-04
5.000000000000000000e+00 3.789291416275942792e-01 5.200000000000000178e-01 1.001320345159918856e+00 4.237458893879647538e-04
5.000000000000000000e+00 4.061261981781120745e-01 5.200000000000000178e-01 1.001910646290985918e+00 8.506831863654343425e-04
5.000000000000000000e+00 4.352752816480558451e-01 5.200000000000000178e-01 1.002983425416312357e+00 1.699129505762035077e-03
5.000000000000000000e+00 4.665164957683969327e-01 5.200000000000000178e-01 1.004943887351858134e+00 3.380630981484476511e-03
5.000000000000000000e+00 4.999999999999926170e-01 5.200000000000000178e-01 1.008537477949458694e+00 6.740335497365890736e-03
5.000000000000000000e+00 5.358867312681385719e-01 5.200000000000000178e-01 1.015106251887170519e+00 1.340980040674868458e-02
5.000000000000000000e+00 5.743491774985087783e-01 5.200000000000000178e-01 1.026167075920316307e+00 2.537201670807116491e-02
5.000000000000000000e+00 6.155722066724486075e-01 5.200000000000000178e-01 1.041535664921563464e+00 4.187039354905971317e-02
5.000000000000000000e+00 6.597539553864367745e-01 5.200000000000000178e-01 1.058132644686657908e+00 5.666320468036430830e-02
5.000000000000000000e+00 7.071067811865362485e-01 5.200000000000000178e-01 1.074024393667561972e+00 6.372685399921923510e-02
5.000000000000000000e+00 7.578582832551866710e-01 5.200000000000000178e-01 1.089103257654530088e+00 6.836519184944624128e-02
5.000000000000000000e+00 8.122523963562221505e-01 5.200000000000000178e-01 1.108092757575946719e+00 8.183435865825856859e-02
5.000000000000000000e+00 8.705505632961095808e-01 5.200000000000000178e-01 1.128669210025764036e+00 9.707120430582587278e-02
5.000000000000000000e+00 9.330329915367915339e-01 5.200000000000000178e-01 1.145467945438560564e+00 1.144724324796643627e-01
5.000000000000000000e+00 9.999999999999827915e-01 5.200000000000000178e-01 1.159182391471369700e+00 1.283700794370815357e-01
5.000000000000000000e+00 1.071773462536274479e+00 5.200000000000000178e-01 1.174343833477988985e+00 1.436251587694383214e-01
5.000000000000000000e+00 1.148698354997014670e+00 5.200000000000000178e-01 1.183693273144750702e+00 1.524947376050415360e-01
5.000000000000000000e+00 1.231144413344894106e+00 5.200000000000000178e-01 1.180275033829633058e+00 1.417364301501733703e-01
5.000000000000000000e+00 1.319507910772870218e+00 5.200000000000000178e-01 1.167841563050097786e+00 1.181362197219800320e-01
5.000000000000000000e+00 1.414213562373068944e+00 5.200000000000000178e-01 1.158950479325098204e+00 9.714386755510800997e-02
5.000000000000000000e+00 1.515716566510369789e+00 5.200000000000000178e-01 1.154977848468776047e+00 8.704243075849656119e-02
5.000000000000000000e+00 1.624504792712440304e+00 5.200000000000000178e-01 1.156190821523853218e+00 1.022656995701126670e-01
5.000000000000000000e+00 1.741101126592214943e+00 5.200000000000000178e-01 1.158986082975353327e+00 1.154221830769544266e-01
5.000000000000000000e+00 1.866065983073578627e+00 5.200000000000000178e-01 1.174835270004856325e+00 1.391677015775834858e-01
5.000000000000000000e+00 1.999999999999960698e+00 5.200000000000000178e-01 1.170893768910044930e+00 1.286471860728420069e-01
5.000000000000000000e+00 2.143546925072543630e+00 5.200000000000000178e-01 1.163201549475504581e+00 1.081433781270354499e-01
5.000000000000000000e+00 2.297396709994023567e+00 5.200000000000000178e-01 1.180050973379594526e+00 1.273317531581851236e-01
5.000000000000000000e+00 2.462288826689782439e+00 5.200000000000000178e-01 1.187576598746773904e+00 1.552898189583314104e-01
5.000000000000000000e+00 2.639015821545733775e+00 5.200000000000000178e-01 1.190182474589868811e+00 1.558301260577798220e-01
5.000000000000000000e+00 2.828427124746130783e+00 5.200000000000000178e-01 1.185678112192168898e+00 1.432767946292394790e-01
5.000000000000000000e+00 3.031433133020732029e+00 5.200000000000000178e-01 1.175734406245256380e+00 1.293093997612539126e-01
5.000000000000000000e+00 3.249009585424872615e+00 5.200000000000000178e-01 1.205811296802770549e+00 2.120065196465834023e-01
5.000000000000000000e+00 3.482202253184421004e+00 5.200000000000000178e-01 1.194215910026807714e+00 1.883538004673114274e-01
5.000000000000000000e+00 3.732131966147147928e+00 5.200000000000000178e-01 1.151179537784181139e+00 9.132624408454115272e-02
5.000000000000000000e+00 3.999999999999911182e+00 5.200000000000000178e-01 1.125174005105015862e+00 4.498699752751967457e-02
5.000000000000000000e+00 4.287093850145076601e+00 5.200000000000000178e-01 1.152333177157944144e+00 1.267860293440344899e-01
5.000000000000000000e+00 4.594793419988035588e+00 5.200000000000000178e-01 1.139744983342039664e+00 5.996202965935500812e-02
5.000000000000000000e+00 4.924577653379552444e+00 5.200000000000000178e-01 1.160692977921220059e+00 6.552916713337945953e-02
5.000000000000000000e+00 5.278031643091455116e+00 5.200000000000000178e-01 1.146330212880472654e+00 1.154966566343851309e-01
5.000000000000000000e+00 5.656854249492248243e+00 5.200000000000000178e-01 1.129885747682282560e+00 7.685546039978030652e-02
5.000000000000000000e+00 6.062866266041448959e+00 5.200000000000000178e-01 1.162755260769271048e+00 7.366220247130393639e-02
5.000000000000000000e+00 6.498019170849729242e+00 5.200000000000000178e-01 1.146827217016480382e+00 6.359359504193322354e-02
5.000000000000000000e+00 6.964404506368825132e+00 5.200000000000000178e-01 1.136575265481534647e+00 5.647273093703981950e-02
5.000000000000000000e+00 7.464263932294277204e+00 5.200000000000000178e-01 1.159888756642145413e+00 5.735779794348859484e-02
5.000000000000000000e+00 7.999999999999802824e+00 5.200000000000000178e-01 1.138832145555255471e+00 6.021644435769794856e-02
5.000000000000000000e+00 8.574187700290131886e+00 5.200000000000000178e-01 1.161147219031148037e+00 1.007538991337522949e-01
5.000000000000000000e+00 9.189586839976049859e+00 5.200000000000000178e-01 1.148220174809450267e+00 7.765654798259019609e-02
5.000000000000000000e+00 9.849155306759080020e+00 5.200000000000000178e-01 1.191388921224947994e+00 1.065228106996303908e-01
5.000000000000000000e+00 1.055606328618288359e+01 5.200000000000000178e-01 1.220827782365036640e+00 1.263655752343029737e-01
5.000000000000000000e+00 1.131370849898446806e+01 5.200000000000000178e-01 1.177442184226799471e+00 1.014280916482378087e-01
5.000000000000000000e+00 1.212573253208286772e+01 5.200000000000000178e-01 1.161730874554123716e+00 6.121954337558706272e-02
5.000000000000000000e+00 1.299603834169942651e+01 5.200000000000000178e-01 1.194470220501709257e+00 1.026245273736549890e-01
5.000000000000000000e+00 1.392880901273761651e+01 5.200000000000000178e-01 1.166246832851723703e+00 1.073022449992830640e-01
5.000000000000000000e+00 1.492852786458851710e+01 5.200000000000000178e-01 1.148373073817686052e+00 8.235599475150108539e-02
5.000000000000000000e+00 1.599999999999956657e+01 5.200000000000000178e-01 1.178094781821859893e+00 1.547835750820870382e-01
5.000000000000000000e+00 1.714837540058022114e+01 5.200000000000000178e-01 1.158513280077548613e+00 8.881364376200527599e-02
5.000000000000000000e+00 1.837917367995205353e+01 5.200000000000000178e-01 1.185153104100316712e+00 8.612888994915847418e-02
5.000000000000000000e+00 1.969831061351811385e+01 5.200000000000000178e-01 1.156127224121180408e+00 1.158024551403501606e-01
5.000000000000000000e+00 2.111212657236571388e+01 5.200000000000000178e-01 1.155086820526369351e+00 7.664428860403089960e-02
5.000000000000000000e+00 2.262741699796887929e+01 5.200000000000000178e-01 1.132472794766411051e+00 5.291273797428965031e-02
5.000000000000000000e+00 2.425146506416567505e+01 5.200000000000000178e-01 1.137508308914147559e+00 4.770696371175334877e-02
5.000000000000000000e+00 2.599207668339878907e+01 5.200000000000000178e-01 1.198370870933784804e+00 1.498911762826992122e-01
5.000000000000000000e+00 2.785761802547516197e+01 5.200000000000000178e-01 1.167847819551906863e+00 1.179236915741784658e-01
5.000000000000000000e+00 2.985705572917696315e+01 5.200000000000000178e-01 1.156322724593437323e+00 6.737023329131414107e-02
5.000000000000000000e+00 3.199999999999905498e+01 5.200000000000000178e-01 1.156914589326618170e+00 8.833310287923522297e-02
