5.000000000000000000e+00 7.812500000000000000e-03 5.799999999999999600e-01 3.859468128147271138e+00 1.177830629943716456e+00
5.000000000000000000e+00 8.373230176064788352e-03 5.799999999999999600e-01 3.596910608142518839e+00 1.164512869621630253e+00
5.000000000000000000e+00 8.974205898414331500e-03 5.799999999999999600e-01 3.327500929318592426e+00 1.109471877090155267e+00
5.000000000000000000e+00 9.618315729257151739e-03 5.799999999999999600e-01 3.035450285199547071e+00 1.079748004921422089e+00
5.000000000000000000e+00 1.030865555291322552e-02 5.799999999999999600e-01 2.732689878299610520e+00 9.529011531955208225e-01
5.000000000000000000e+00 1.104854345603979195e-02 5.799999999999999600e-01 2.551674053138486720e+00 8.977321407526606123e-01
5.000000000000000000e+00 1.184153567586246694e-02 5.799999999999999600e-01 2.304497705986253475e+00 8.422387036543584893e-01
5.000000000000000000e+00 1.269144369306615845e-02 5.799999999999999600e-01 2.031831033853197521e+00 7.037393491150563118e-01
5.000000000000000000e+00 1.360235255150191343e-02 5.799999999999999600e-01 1.927422604013964591e+00 6.612351177603831287e-01
5.000000000000000000e+00 1.457864049276258282e-02 5.799999999999999600e-01 1.795691646916980577e+00 6.477998181587455440e-01
5.000000000000000000e+00 1.562499999999996184e-02 5.799999999999999600e-01 1.676965361281743894e+00 5.919442734847862875e-01
5.000000000000000000e+00 1.674646035212953507e-02 5.799999999999999600e-01 1.602092535652865024e+00 6.204932316970322992e-01
5.000000000000000000e+00 1.794841179682861790e-02 5.799999999999999600e-01 1.493480368883052911e+00 5.326150442426956788e-01
5.000000000000000000e+00 1.923663145851425491e-02 5.799999999999999600e-01 1.405669532542034528e+00 4.569539946902854699e-01
5.000000000000000000e+00 2.061731110582640247e-02 5.799999999999999600e-01 1.363042365964179936e+00 4.543337217634220160e-01
5.000000000000000000e+00 2.209708691207952838e-02 5.799999999999999600e-01 1.324494950840954921e+00 4.674205294971632285e-01
5.000000000000000000e+00 2.368307135172487837e-02 5.799999999999999600e-01 1.259414780564715342e+00 3.802024579675207794e-01
5.000000000000000000e+00 2.538288738613225445e-02 5.799999999999999600e-01 1.207525917033827501e+00 3.207294680171285939e-01
5.000000000000000000e+00 2.720470510300375747e-02 5.799999999999999600e-01 1.179138629516554460e+00 3.032123263994551121e-01
5.000000000000000000e+00 2.915728098552509626e-02 5.799999999999999600e-01 1.147265640191377667e+00 2.681929333238932123e-01
5.000000000000000000e+00 3.124999999999984734e-02 5.799999999999999600e-01 1.111433070194500772e+00 2.108265451579203476e-01
5.000000000000000000e+00 3.349292070425898687e-02 5.799999999999999600e-01 1.097606059368535725e+00 2.064263552878015384e-01
5.000000000000000000e+00 3.589682359365715253e-02 5.799999999999999600e-01 1.073289146984664821e+00 1.600517731841129276e-01
5.000000000000000000e+00 3.847326291702841267e-02 5.799999999999999600e-01 1.056988389820855856e+00 1.309174186943730112e-01
5.000000000000000000e+00 4.123462221165270086e-02 5.799999999999999600e-01 1.044366603337858912e+00 1.065212686780568768e-01
5.000000000000000000e+00 4.419417382415894574e-02 5.799999999999999600e-01 1.034768883149922658e+00 8.684808040393583728e-02
5.000000000000000000e+00 4.736614270344963878e-02 5.799999999999999600e-01 1.027685613484123905e+00 7.128533452567575868e-02
5.000000000000000000e+00 5.076577477226438401e-02 5.799999999999999600e-01 1.022669760540286132e+00 5.970534044381577143e-02
5.000000000000000000e+00 5.440941020600738309e-02 5.799999999999999600e-01 1.019097271025807494e+00 5.093400659878542097e-02
5.000000000000000000e+00 5.831456197105004680e-02 5.799999999999999600e-01 1.016081610883040165e+00 4.297228326499874518e-02
5.000000000000000000e+00 6.249999999999953509e-02 5.799999999999999600e-01 1.013980763272325003e+00 3.724960448989150796e-02
5.000000000000000000e+00 6.698584140851780722e-02 5.799999999999999600e-01 1.012118187580649975e+00 3.197761704816938499e-02
5.000000000000000000e+00 7.179364718731412465e-02 5.799999999999999600e-01 1.010782734027848795e+00 2.815388104802700117e-02
5.000000000000000000e+00 7.694652583405664492e-02 5.799999999999999600e-01 1.009387665726952488e+00 2.409151763167101043e-02
5.000000000000000000e+00 8.246924442330520744e-02 5.799999999999999600e-01 1.008136345638973363e+00 2.043238253349951780e-02
5.000000000000000000e+00 8.838834764831768331e-02 5.799999999999999600e-01 1.006965967438688825e+00 1.700371393325732922e-02
5.000000000000000000e+00 9.473228540689904165e-02 5.799999999999999600e-01 1.005962773884454986e+00 1.406946318739576637e-02
5.000000000000000000e+00 1.015315495445285182e-01 5.799999999999999600e-01 1.005041588384040230e+00 1.137746552513889398e-02
5.000000000000000000e+00 1.088188204120145025e-01 5.799999999999999600e-01 1.004290659322742751e+00 9.194474858144466300e-03
5.000000000000000000e+00 1.166291239420998022e-01 5.799999999999999600e-01 1.003671943991686355e+00 7.408909179443283997e-03
5.000000000000000000e+00 1.249999999999987649e-01 5.799999999999999600e-01 1.003186953651863611e+00 6.027415316165982660e-03
5.000000000000000000e+00 1.339716828170352814e-01 5.799999999999999600e-01 1.002815659664092918e+00 4.991715000384047696e-03
5.000000000000000000e+00 1.435872943746278885e-01 5.799999999999999600e-01 1.002519662157995484e+00 4.188312841903430242e-03
5.000000000000000000e+00 1.538930516681129013e-01 5.799999999999999600e-01 1.002288543205865690e+00 3.586575641507445088e-03
5.000000000000000000e+00 1.649384888466099985e-01 5.799999999999999600e-01 1.002051257162202447e+00 2.976273915566208118e-03
5.000000000000000000e+00 1.767766952966349225e-01 5.799999999999999600e-01 1.001795555513796288e+00 2.322986735022375838e-03
5.000000000000000000e+00 1.894645708137976114e-01 5.799999999999999600e-01 1.001539415983732750e+00 1.683181972357427388e-03
5.000000000000000000e+00 2.030630990890565368e-01 5.799999999999999600e-01 1.001330509884810205e+00 1.197697734599373039e-03
5.000000000000000000e+00 2.176376408240284499e-01 5.799999999999999600e-01 1.001189102245722218e+00 9.151149100962639423e-04
5.000000000000000000e+00 2.332582478841990492e-01 5.799999999999999600e-01 1.001080223148937076e+00 7.253066030105527300e-04
5.000000000000000000e+00 2.499999999999969191e-01 5.799999999999999600e-01 1.000979787365707807e+00 5.569315407997561980e-04
5.000000000000000000e+00 2.679433656340699521e-01 5.799999999999999600e-01 1.000898765899810972e+00 4.252504900671458905e-04
5.000000000000000000e+00 2.871745887492550553e-01 5.799999999999999600e-01 1.000862177221888194e+00 3.486634542600971273e-04
5.000000000000000000e+00 3.077861033362250809e-01 5.799999999999999600e-01 1.000875259880987134e+00 2.980416632154146901e-04
5.000000000000000000e+00 3.298769776932191644e-01 5.799999999999999600e-01 1.000941611960528999e+00 2.533807371324626979e-04
5.000000000000000000e+00 3.535533905932689569e-01 5.799999999999999600e-01 1.001099683427560727e+00 2.623692441430298841e-04
5.000000000000000000e+00 3.789291416275942792e-01 5.799999999999999600e-01 1.001410230320503691e+00 4.187128181108359243e-04
5.000000000000000000e+00 4.061261981781120745e-01 5.799999999999999600e-01 1.001983824916159893e+00 8.180758303430128026e-04
5.000000000000000000e+00 4.352752816480558451e-01 5.799999999999999600e-01 1.003035098061989761e+00 1.647967563819983721e-03
5.000000000000000000e+00 4.665164957683969327e-01 5.799999999999999600e-01 1.004966596583347194e+00 3.314105991467718604e-03
5.000000000000000000e+00 4.999999999999926170e-01 5.799999999999999600e-01 1.008520914941468227e+00 6.656204114405887308e-03
5.000000000000000000e+00 5.358867312681385719e-01 5.799999999999999600e-01 1.015037299533124271e+00 1.330035765850302344e-02
5.000000000000000000e+00 5.743491774985087783e-01 5.799999999999999600e-01 1.026031293716577864e+00 2.522956599844079426e-02
5.000000000000000000e+00 6.155722066724486075e-01 5.799999999999999600e-01 1.041322478349254954e+00 4.169822709596135435e-02
5.000000000000000000e+00 6.597539553864367745e-01 5.799999999999999600e-01 1.057846985349729652e+00 5.647167081797326016e-02
5.000000000000000000e+00 7.071067811865362485e-01 5.799999999999999600e-01 1.073669350484183660e+00 6.349720672393541210e-02
5.000000000000000000e+00 7.578582832551866710e-01 5.799999999999999600e-01 1.088669317806088666e+00 6.802893061180659284e-02
5.000000000000000000e+00 8.122523963562221505e-01 5.799999999999999600e-01 1.107542636111562340e+00 8.129849305415087768e-02
5.000000000000000000e+00 8.705505632961095808e-01 5.799999999999999600e-01 1.127950424850511224e+00 9.622514607556155453e-02
5.000000000000000000e+00 9.330329915367915339e-01 5.799999999999999600e-01 1.144534716857061429e+00 1.132605895605311025e-01
5.000000000000000000e+00 9.999999999999827915e-01 5.799999999999999600e-01 1.157997301753781461e+00 1.267855689120447604e-01
5.000000000000000000e+00 1.071773462536274479e+00 5.799999999999999600e-01 1.173015177309509660e+00 1.418963926650405882e-01
5.000000000000000000e+00 1.148698354997014670e+00 5.799999999999999600e-01 1.182313416813656870e+00 1.508036050154788199e-01
5.000000000000000000e+00 1.231144413344894106e+00 5.799999999999999600e-01 1.178928211265276804e+00 1.403720210259714329e-01
5.000000000000000000e+00 1.319507910772870218e+00 5.799999999999999600e-01 1.166514995375499408e+00 1.172413659884010417e-01
5.000000000000000000e+00 1.414213562373068944e+00 5.799999999999999600e-01 1.157485673226525291e+00 9.651372825503365394e-02
5.000000000000000000e+00 1.515716566510369789e+00 5.799999999999999600e-01 1.153369035276114341e+00 8.635797937358757892e-02
5.000000000000000000e+00 1.624504792712440304e+00 5.799999999999999600e-01 1.154581574446029490e+00 1.013489723865279996e-01
5.000000000000000000e+00 1.741101126592214943e+00 5.799999999999999600e-01 1.157333504742377617e+00 1.142316222356985628e-01
5.000000000000000000e+00 1.866065983073578627e+00 5.799999999999999600e-01 1.172980278527281151e+00 1.375952512774996916e-01
5.000000000000000000e+00 1.999999999999960698e+00 5.799999999999999600e-01 1.169236315611368981e+00 1.273405039627956981e-01
5.000000000000000000e+00 2.143546925072543630e+00 5.799999999999999600e-01 1.161834615767893597e+00 1.070094412817852864e-01
5.000000000000000000e+00 2.297396709994023567e+00 5.799999999999999600e-01 1.178673945126394562e+00 1.262754624049087782e-01
5.000000000000000000e+00 2.462288826689782439e+00 5.799999999999999600e-01 1.186073549039344588e+00 1.539458255696185551e-01
5.000000000000000000e+00 2.639015821545733775e+00 5.799999999999999600e-01 1.188408056450898753e+00 1.539143885475373896e-01
5.000000000000000000e+00 2.828427124746130783e+00 5.799999999999999600e-01 1.183480688534240377e+00 1.413930146166257618e-01
5.000000000000000000e+00 3.031433133020732029e+00 5.799999999999999600e-01 1.173463580540985873e+00 1.274472307286928230e-01
5.000000000000000000e+00 3.249009585424872615e+00 5.799999999999999600e-01 1.203685448220747523e+00 2.099074312880409576e-01
5.000000000000000000e+00 3.482202253184421004e+00 5.799999999999999600e-01 1.192270076418392222e+00 1.868166388447567994e-01
5.000000000000000000e+00 3.732131966147147928e+00 5.799999999999999600e-01 1.149919476543877161e+00 9.083085162414870906e-02
5.000000000000000000e+00 3.999999999999911182e+00 5.799999999999999600e-01 1.123863058195410547e+00 4.461336127042482558e-02
5.000000000000000000e+00 4.287093850145076601e+00 5.799999999999999600e-01 1.150430279847137971e+00 1.250328240275431213e-01
5.000000000000000000e+00 4.594793419988035588e+00 5.799999999999999600e-01 1.138248795387861056e+00 5.927714621135916212e-02
5.000000000000000000e+00 4.924577653379552444e+00 5.799999999999999600e-01 1.158824793405867748e+00 6.441659680382549880e-02
5.000000000000000000e+00 5.278031643091455116e+00 5.799999999999999600e-01 1.144830238359071162e+00 1.142687960047949064e-01
5.000000000000000000e+00 5.656854249492248243e+00 5.799999999999999600e-01 1.128213466079543981e+00 7.558609788346044855e-02
5.000000000000000000e+00 6.062866266041448959e+00 5.799999999999999600e-01 1.160628346164462865e+00 7.272563139677433453e-02
5.000000000000000000e+00 6.498019170849729242e+00 5.799999999999999600e-01 1.145117143617351285e+00 6.301090950980135774e-02
5.000000000000000000e+00 6.964404506368825132e+00 5.799999999999999600e-01 1.135074264153876689e+00 5.563344606029976130e-02
5.000000000000000000e+00 7.464263932294277204e+00 5.799999999999999600e-01 1.158361540497451436e+00 5.651615685372424897e-02
5.000000000000000000e+00 7.999999999999802824e+00 5.799999999999999600e-01 1.137325024074757884e+00 5.951636474434627427e-02
5.000000000000000000e+00 8.574187700290131886e+00 5.799999999999999600e-01 1.159273949198639686e+00 9.893277736594910388e-02
5.000000000000000000e+00 9.189586839976049859e+00 5.799999999999999600e-01 1.146565980957105602e+00 7.691007151929342422e-02
5.000000000000000000e+00 9.849155306759080020e+00 5.799999999999999600e-01 1.189273475628954913e+00 1.053423765063954687e-01
5.000000000000000000e+00 1.055606328618288359e+01 5.799999999999999600e-01 1.218653589929920678e+00 1.254035391805543576e-01
5.000000000000000000e+00 1.131370849898446806e+01 5.799999999999999600e-01 1.175744359688024598e+00 1.004553960161072013e-01
5.000000000000000000e+00 1.212573253208286772e+01 5.799999999999999600e-01 1.160288746465534704e+00 6.062209646712490851e-02
5.000000000000000000e+00 1.299603834169942651e+01 5.799999999999999600e-01 1.192313064882832174e+00 1.014022705012366521e-01
5.000000000000000000e+00 1.392880901273761651e+01 5.799999999999999600e-01 1.164603817929639407e+00 1.063587466637593432e-01
5.000000000000000000e+00 1.492852786458851710e+01 5.799999999999999600e-01 1.146716920817733243e+00 8.173987607567519131e-02
5.000000000000000000e+00 1.599999999999956657e+01 5.799999999999999600e-01 1.176120485375153013e+00 1.530907123902953415e-01
5.000000000000000000e+00 1.714837540058022114e+01 5.799999999999999600e-01 1.156906921893684714e+00 8.797704469443748398e-02
5.000000000000000000e+00 1.837917367995205353e+01 5.799999999999999600e-01 1.183541376829960301e+00 8.531212952440780928e-02
5.000000000000000000e+00 1.969831061351811385e+01 5.799999999999999600e-01 1.154514441473369235e+00 1.147794631414744554e-01
5.000000000000000000e+00 2.111212657236571388e+01 5.799999999999999600e-01 1.153379596544766850e+00 7.586124142520170310e-02
5.000000000000000000e+00 2.262741699796887929e+01 5.799999999999999600e-01 1.130994995386731317e+00 5.252759221504283565e-02
5.000000000000000000e+00 2.425146506416567505e+01 5.799999999999999600e-01 1.136204573302799670e+00 4.729607786056103103e-02
5.000000000000000000e+00 2.599207668339878907e+01 5.799999999999999600e-01 1.196757548857273479e+00 1.483345376088817114e-01
5.000000000000000000e+00 2.785761802547516197e+01 5.799999999999999600e-01 1.166453891950889332e+00 1.170530362534385888e-01
5.000000000000000000e+00 2.985705572917696315e+01 5.799999999999999600e-01 1.154861315937415256e+00 6.639419090703592430e-02
5.000000000000000000e+00 3.199999999999905498e+01 5.799999999999999600e-01 1.155336892773813462e+00 8.762306660957476512e-02
