5.000000000000000000e+00 7.812500000000000000e-03 3.800000000000000044e-01 2.515291604694827043e+00 7.463990533113529224e-01
5.000000000000000000e+00 8.373230176064788352e-03 3.800000000000000044e-01 2.294801160448798338e+00 6.764854636395429832e-01
5.000000000000000000e+00 8.974205898414331500e-03 3.800000000000000044e-01 2.150106416376957874e+00 6.037466858292489524e-01
5.000000000000000000e+00 9.618315729257151739e-03 3.800000000000000044e-01 1.992730505917759798e+00 5.851596316909326578e-01
5.000000000000000000e+00 1.030865555291322552e-02 3.800000000000000044e-01 1.841310072899420947e+00 4.755972385735334207e-01
5.000000000000000000e+00 1.104854345603979195e-02 3.800000000000000044e-01 1.749893090396755557e+00 4.747112327690383715e-01
5.000000000000000000e+00 1.184153567586246694e-02 3.800000000000000044e-01 1.620683262116832335e+00 4.311065690527217109e-01
5.000000000000000000e+00 1.269144369306615845e-02 3.800000000000000044e-01 1.492959717701103362e+00 3.623286626877658678e-01
5.000000000000000000e+00 1.360235255150191343e-02 3.800000000000000044e-01 1.442770391696221122e+00 3.422474528809177907e-01
5.000000000000000000e+00 1.457864049276258282e-02 3.800000000000000044e-01 1.375723401353867725e+00 3.241466166470165500e-01
5.000000000000000000e+00 1.562499999999996184e-02 3.800000000000000044e-01 1.325409132863613504e+00 3.089025715777065084e-01
5.000000000000000000e+00 1.674646035212953507e-02 3.800000000000000044e-01 1.287368377328311997e+00 3.165532918976869392e-01
5.000000000000000000e+00 1.794841179682861790e-02 3.800000000000000044e-01 1.234497418842902317e+00 2.669001430999790592e-01
5.000000000000000000e+00 1.923663145851425491e-02 3.800000000000000044e-01 1.187688068629705551e+00 2.153536099169815754e-01
5.000000000000000000e+00 2.061731110582640247e-02 3.800000000000000044e-01 1.170875859638150107e+00 2.213954022207495209e-01
5.000000000000000000e+00 2.209708691207952838e-02 3.800000000000000044e-01 1.150828718729263844e+00 2.212258133458387399e-01
5.000000000000000000e+00 2.368307135172487837e-02 3.800000000000000044e-01 1.119106159725905769e+00 1.756490596177138208e-01
5.000000000000000000e+00 2.538288738613225445e-02 3.800000000000000044e-01 1.094658615661903367e+00 1.464233048566728201e-01
5.000000000000000000e+00 2.720470510300375747e-02 3.800000000000000044e-01 1.081605088778866852e+00 1.380817433702685448e-01
5.000000000000000000e+00 2.915728098552509626e-02 3.800000000000000044e-01 1.066807546008261331e+00 1.213264464898558548e-01
5.000000000000000000e+00 3.124999999999984734e-02 3.800000000000000044e-01 1.050343656435601458e+00 9.471089722122578991e-02
5.000000000000000000e+00 3.349292070425898687e-02 3.800000000000000044e-01 1.043935332569584151e+00 9.242923827709011164e-02
5.000000000000000000e+00 3.589682359365715253e-02 3.800000000000000044e-01 1.033025494129112154e+00 7.181396480823903916e-02
5.000000000000000000e+00 3.847326291702841267e-02 3.800000000000000044e-01 1.025726045019788701e+00 5.892750962454234437e-02
5.000000000000000000e+00 4.123462221165270086e-02 3.800000000000000044e-01 1.020044574223395673e+00 4.804697192153298962e-02
5.000000000000000000e+00 4.419417382415894574e-02 3.800000000000000044e-01 1.015728829542393630e+00 3.928285961874707077e-02
5.000000000000000000e+00 4.736614270344963878e-02 3.800000000000000044e-01 1.012552934310733566e+00 3.235837133691325807e-02
5.000000000000000000e+00 5.076577477226438401e-02 3.800000000000000044e-01 1.010290521420824428e+00 2.716209835220775165e-02
5.000000000000000000e+00 5.440941020600738309e-02 3.800000000000000044e-01 1.008678990155805755e+00 2.322129344759304992e-02
5.000000000000000000e+00 5.831456197105004680e-02 3.800000000000000044e-01 1.007312910809613937e+00 1.962066637318660850e-02
5.000000000000000000e+00 6.249999999999953509e-02 3.800000000000000044e-01 1.006361338854999676e+00 1.703199779987437865e-02
5.000000000000000000e+00 6.698584140851780722e-02 3.800000000000000044e-01 1.005514416225062213e+00 1.463586978121349767e-02
5.000000000000000000e+00 7.179364718731412465e-02 3.800000000000000044e-01 1.004903710234066994e+00 1.288731102330534749e-02
5.000000000000000000e+00 7.694652583405664492e-02 3.800000000000000044e-01 1.004267360332959047e+00 1.103415155106135699e-02
5.000000000000000000e+00 8.246924442330520744e-02 3.800000000000000044e-01 1.003694834924543589e+00 9.359492742607273055e-03
5.000000000000000000e+00 8.838834764831768331e-02 3.800000000000000044e-01 1.003161503549858669e+00 7.796575168513033421e-03
5.000000000000000000e+00 9.473228540689904165e-02 3.800000000000000044e-01 1.002701714370758834e+00 6.450845125096942544e-03
5.000000000000000000e+00 1.015315495445285182e-01 3.800000000000000044e-01 1.002281582332833931e+00 5.222120800353959556e-03
5.000000000000000000e+00 1.088188204120145025e-01 3.800000000000000044e-01 1.001938161977111275e+00 4.222465194604362905e-03
5.000000000000000000e+00 1.166291239420998022e-01 3.800000000000000044e-01 1.001654628513166223e+00 3.402515200735951352e-03
5.000000000000000000e+00 1.249999999999987649e-01 3.800000000000000044e-01 1.001433184600498461e+00 2.769781263385873247e-03
5.000000000000000000e+00 1.339716828170352814e-01 3.800000000000000044e-01 1.001263417617933582e+00 2.293773318286226187e-03
5.000000000000000000e+00 1.435872943746278885e-01 3.800000000000000044e-01 1.001128735917578672e+00 1.925328033206214710e-03
5.000000000000000000e+00 1.538930516681129013e-01 3.800000000000000044e-01 1.001023629619224975e+00 1.648003650810192077e-03
5.000000000000000000e+00 1.649384888466099985e-01 3.800000000000000044e-01 1.000916201247767479e+00 1.366969113373909866e-03
5.000000000000000000e+00 1.767766952966349225e-01 3.800000000000000044e-01 1.000800991918426863e+00 1.066236448661011258e-03
5.000000000000000000e+00 1.894645708137976114e-01 3.800000000000000044e-01 1.000686464553363964e+00 7.712761082436208736e-04
5.000000000000000000e+00 2.030630990890565368e-01 3.800000000000000044e-01 1.000594751011252059e+00 5.462609234446398924e-04
5.000000000000000000e+00 2.176376408240284499e-01 3.800000000000000044e-01 1.000535888986308075e+00 4.141372707751831144e-04
5.000000000000000000e+00 2.332582478841990492e-01 3.800000000000000044e-01 1.000494701054513547e+00 3.237227179360428926e-04
5.000000000000000000e+00 2.499999999999969191e-01 3.800000000000000044e-01 1.000461682129246688e+00 2.411680169988009864e-04
5.000000000000000000e+00 2.679433656340699521e-01 3.800000000000000044e-01 1.000444388556005704e+00 1.731796953923865807e-04
5.000000000000000000e+00 2.871745887492550553e-01 3.800000000000000044e-01 1.000458184325295763e+00 1.310018471720158356e-04
5.000000000000000000e+00 3.077861033362250809e-01 3.800000000000000044e-01 1.000512425537263272e+00 1.100241086510394346e-04
5.000000000000000000e+00 3.298769776932191644e-01 3.800000000000000044e-01 1.000620077738519464e+00 1.333571012316828034e-04
5.000000000000000000e+00 3.535533905932689569e-01 3.800000000000000044e-01 1.000819616751691843e+00 2.465994514977170498e-04
5.000000000000000000e+00 3.789291416275942792e-01 3.800000000000000044e-01 1.001174424426348741e+00 4.835437718170768995e-04
5.000000000000000000e+00 4.061261981781120745e-01 3.800000000000000044e-01 1.001801598136205396e+00 9.347080988530351558e-04
5.000000000000000000e+00 4.352752816480558451e-01 3.800000000000000044e-01 1.002922565484734019e+00 1.805227046651603330e-03
5.000000000000000000e+00 4.665164957683969327e-01 3.800000000000000044e-01 1.004949743268289009e+00 3.515150348005644573e-03
5.000000000000000000e+00 4.999999999999926170e-01 3.800000000000000044e-01 1.008637706873093176e+00 6.919783095901659541e-03
5.000000000000000000e+00 5.358867312681385719e-01 3.800000000000000044e-01 1.015339162629963488e+00 1.366123032891639749e-02
5.000000000000000000e+00 5.743491774985087783e-01 3.800000000000000044e-01 1.026578089294583496e+00 2.571938876366798576e-02
5.000000000000000000e+00 6.155722066724486075e-01 3.800000000000000044e-01 1.042161514063638883e+00 4.230492896628321176e-02
5.000000000000000000e+00 6.597539553864367745e-01 3.800000000000000044e-01 1.058968197148018708e+00 5.715224968307264231e-02
5.000000000000000000e+00 7.071067811865362485e-01 3.800000000000000044e-01 1.075066718946724675e+00 6.431899275509246616e-02
5.000000000000000000e+00 7.578582832551866710e-01 3.800000000000000044e-01 1.090390339916357920e+00 6.926879893780381325e-02
5.000000000000000000e+00 8.122523963562221505e-01 3.800000000000000044e-01 1.109731013662530241e+00 8.332173011380751559e-02
5.000000000000000000e+00 8.705505632961095808e-01 3.800000000000000044e-01 1.130800281855575351e+00 9.943950012600129285e-02
5.000000000000000000e+00 9.330329915367915339e-01 3.800000000000000044e-01 1.148224844503064501e+00 1.179008938514909399e-01
5.000000000000000000e+00 9.999999999999827915e-01 3.800000000000000044e-01 1.162676549371520096e+00 1.328997472390495149e-01
5.000000000000000000e+00 1.071773462536274479e+00 3.800000000000000044e-01 1.178250754529249544e+00 1.485941077139033839e-01
5.000000000000000000e+00 1.148698354997014670e+00 3.800000000000000044e-01 1.187717688777629066e+00 1.573606120915678752e-01
5.000000000000000000e+00 1.231144413344894106e+00 3.800000000000000044e-01 1.184153667334137960e+00 1.456797468451486999e-01
5.000000000000000000e+00 1.319507910772870218e+00 3.800000000000000044e-01 1.171607958175144404e+00 1.207691692510675097e-01
5.000000000000000000e+00 1.414213562373068944e+00 3.800000000000000044e-01 1.163040233983694716e+00 9.903462512545485597e-02
5.000000000000000000e+00 1.515716566510369789e+00 3.800000000000000044e-01 1.159468165333618961e+00 8.908844372235628917e-02
5.000000000000000000e+00 1.624504792712440304e+00 3.800000000000000044e-01 1.160741556569391042e+00 1.049775351205818053e-01
5.000000000000000000e+00 1.741101126592214943e+00 3.800000000000000044e-01 1.163709535518319571e+00 1.189015249751409903e-01
5.000000000000000000e+00 1.866065983073578627e+00 3.800000000000000044e-01 1.180105725154780183e+00 1.436761959112898834e-01
5.000000000000000000e+00 1.999999999999960698e+00 3.800000000000000044e-01 1.175594180560622259e+00 1.323717436979798545e-01
5.000000000000000000e+00 2.143546925072543630e+00 3.800000000000000044e-01 1.167102846164775221e+00 1.113123466385782523e-01
5.000000000000000000e+00 2.297396709994023567e+00 3.800000000000000044e-01 1.184005397346069355e+00 1.302433365883906569e-01
5.000000000000000000e+00 2.462288826689782439e+00 3.800000000000000044e-01 1.191945982863818587e+00 1.590708888421080713e-01
5.000000000000000000e+00 2.639015821545733775e+00 3.800000000000000044e-01 1.195369488540565017e+00 1.613085360874868812e-01
5.000000000000000000e+00 2.828427124746130783e+00 3.800000000000000044e-01 1.192039607429006720e+00 1.487079443657705335e-01
5.000000000000000000e+00 3.031433133020732029e+00 3.800000000000000044e-01 1.182312788732639453e+00 1.347279483735706052e-01
5.000000000000000000e+00 3.249009585424872615e+00 3.800000000000000044e-01 1.212004176471122241e+00 2.182347365627833324e-01
5.000000000000000000e+00 3.482202253184421004e+00 3.800000000000000044e-01 1.199807595336999766e+00 1.928132404527981569e-01
5.000000000000000000e+00 3.732131966147147928e+00 3.800000000000000044e-01 1.154836123959842364e+00 9.277542030485849689e-02
5.000000000000000000e+00 3.999999999999911182e+00 3.800000000000000044e-01 1.128921371019716791e+00 4.608758233132266569e-02
5.000000000000000000e+00 4.287093850145076601e+00 3.800000000000000044e-01 1.157797712503715548e+00 1.319338880209877940e-01
5.000000000000000000e+00 4.594793419988035588e+00 3.800000000000000044e-01 1.144042209433387081e+00 6.198514568680941333e-02
5.000000000000000000e+00 4.924577653379552444e+00 3.800000000000000044e-01 1.166099104775692341e+00 6.872971708073981334e-02
5.000000000000000000e+00 5.278031643091455116e+00 3.800000000000000044e-01 1.150683134550307685e+00 1.190330817140701491e-01
5.000000000000000000e+00 5.656854249492248243e+00 3.800000000000000044e-01 1.134597721126383574e+00 8.046757261169107389e-02
5.000000000000000000e+00 6.062866266041448959e+00 3.800000000000000044e-01 1.168831744349509982e+00 7.640834663751902567e-02
5.000000000000000000e+00 6.498019170849729242e+00 3.800000000000000044e-01 1.151772914959209304e+00 6.521644922839425762e-02
5.000000000000000000e+00 6.964404506368825132e+00 3.800000000000000044e-01 1.140931131626504280e+00 5.897191288036275625e-02
5.000000000000000000e+00 7.464263932294277204e+00 3.800000000000000044e-01 1.164276460375857969e+00 5.984911080204738387e-02
5.000000000000000000e+00 7.999999999999802824e+00 3.800000000000000044e-01 1.143070534494691426e+00 6.220351683593502989e-02
5.000000000000000000e+00 8.574187700290131886e+00 3.800000000000000044e-01 1.166492317126779144e+00 1.060276258303744085e-01
5.000000000000000000e+00 9.189586839976049859e+00 3.800000000000000044e-01 1.152953870684782167e+00 7.975910483875010837e-02
5.000000000000000000e+00 9.849155306759080020e+00 3.800000000000000044e-01 1.197451080850306049e+00 1.098820274701195754e-01
5.000000000000000000e+00 1.055606328618288359e+01 3.800000000000000044e-01 1.227125160974225748e+00 1.291533981368682138e-01
5.000000000000000000e+00 1.131370849898446806e+01 3.800000000000000044e-01 1.182328290847108665e+00 1.043582663282476702e-01
5.000000000000000000e+00 1.212573253208286772e+01 3.800000000000000044e-01 1.165910214356176589e+00 6.295655472484518178e-02
5.000000000000000000e+00 1.299603834169942651e+01 3.800000000000000044e-01 1.200565167612597461e+00 1.060708493840611250e-01
5.000000000000000000e+00 1.392880901273761651e+01 3.800000000000000044e-01 1.170886493418594743e+00 1.099885127871416818e-01
5.000000000000000000e+00 1.492852786458851710e+01 3.800000000000000044e-01 1.153115145230732885e+00 8.422205177040131829e-02
5.000000000000000000e+00 1.599999999999956657e+01 3.800000000000000044e-01 1.183803358312024656e+00 1.596828903990502868e-01
5.000000000000000000e+00 1.714837540058022114e+01 3.800000000000000044e-01 1.163140620234390354e+00 9.125594250229573934e-02
5.000000000000000000e+00 1.837917367995205353e+01 3.800000000000000044e-01 1.189806554928435123e+00 8.851827499088001094e-02
5.000000000000000000e+00 1.969831061351811385e+01 3.800000000000000044e-01 1.160767160345439475e+00 1.188581086402084319e-01
5.000000000000000000e+00 2.111212657236571388e+01 3.800000000000000044e-01 1.160060220690126931e+00 7.907597417649343818e-02
5.000000000000000000e+00 2.262741699796887929e+01 3.800000000000000044e-01 1.136753155330870513e+00 5.417728786785924039e-02
5.000000000000000000e+00 2.425146506416567505e+01 3.800000000000000044e-01 1.141304323899217765e+00 4.905747980024702942e-02
5.000000000000000000e+00 2.599207668339878907e+01 3.800000000000000044e-01 1.203133233212306363e+00 1.545877356623718835e-01
5.000000000000000000e+00 2.785761802547516197e+01 3.800000000000000044e-01 1.171886585946055659e+00 1.205373584261411612e-01
5.000000000000000000e+00 2.985705572917696315e+01 3.800000000000000044e-01 1.160580019537183372e+00 7.024488797503666837e-02
5.000000000000000000e+00 3.199999999999905498e+01 3.800000000000000044e-01 1.161428488521678570e+00 9.053916469546154089e-02
