5.000000000000000000e+00 7.812500000000000000e-03 1.000000000000000056e-01 1.704983915633313529e+00 3.499372928681446226e-01
5.000000000000000000e+00 8.373230176064788352e-03 1.000000000000000056e-01 1.592240690781169921e+00 3.096699445504671466e-01
5.000000000000000000e+00 8.974205898414331500e-03 1.000000000000000056e-01 1.526871167543461638e+00 2.724897404909105703e-01
5.000000000000000000e+00 9.618315729257151739e-03 1.000000000000000056e-01 1.454744914559002344e+00 2.670645098621320379e-01
5.000000000000000000e+00 1.030865555291322552e-02 1.000000000000000056e-01 1.389511523911225011e+00 2.182967764537651623e-01
5.000000000000000000e+00 1.104854345603979195e-02 1.000000000000000056e-01 1.346788663229879113e+00 2.215411488879405200e-01
5.000000000000000000e+00 1.184153567586246694e-02 1.000000000000000056e-01 1.286678553072783338e+00 1.996325818276089847e-01
5.000000000000000000e+00 1.269144369306615845e-02 1.000000000000000056e-01 1.229824039754946252e+00 1.706706373135576105e-01
5.000000000000000000e+00 1.360235255150191343e-02 1.000000000000000056e-01 1.206571949371155528e+00 1.607676672895622105e-01
5.000000000000000000e+00 1.457864049276258282e-02 1.000000000000000056e-01 1.174704118471205261e+00 1.507134562676916700e-01
5.000000000000000000e+00 1.562499999999996184e-02 1.000000000000000056e-01 1.152601312341008821e+00 1.462988519870220550e-01
5.000000000000000000e+00 1.674646035212953507e-02 1.000000000000000056e-01 1.134095800941308019e+00 1.476942185685873599e-01
5.000000000000000000e+00 1.794841179682861790e-02 1.000000000000000056e-01 1.109673770969990869e+00 1.249716755148016362e-01
5.000000000000000000e+00 1.923663145851425491e-02 1.000000000000000056e-01 1.087389480898245386e+00 9.963229304970033784e-02
5.000000000000000000e+00 2.061731110582640247e-02 1.000000000000000056e-01 1.079881808205342519e+00 1.033634298373250077e-01
5.000000000000000000e+00 2.209708691207952838e-02 1.000000000000000056e-01 1.070099129707650087e+00 1.022844484106560925e-01
5.000000000000000000e+00 2.368307135172487837e-02 1.000000000000000056e-01 1.055352729671898526e+00 8.123159398509907647e-02
5.000000000000000000e+00 2.538288738613225445e-02 1.000000000000000056e-01 1.043973410099794608e+00 6.781165202443406592e-02
5.000000000000000000e+00 2.720470510300375747e-02 1.000000000000000056e-01 1.037830995819349678e+00 6.386859295198089870e-02
5.000000000000000000e+00 2.915728098552509626e-02 1.000000000000000056e-01 1.030940875438844273e+00 5.619098287547045351e-02
5.000000000000000000e+00 3.124999999999984734e-02 1.000000000000000056e-01 1.023299019451728409e+00 4.397109785188291903e-02
5.000000000000000000e+00 3.349292070425898687e-02 1.000000000000000056e-01 1.020263686629980571e+00 4.287379027369694895e-02
5.000000000000000000e+00 3.589682359365715253e-02 1.000000000000000056e-01 1.015210939980477622e+00 3.343274065928071581e-02
5.000000000000000000e+00 3.847326291702841267e-02 1.000000000000000056e-01 1.011822519454941727e+00 2.752212868015809638e-02
5.000000000000000000e+00 4.123462221165270086e-02 1.000000000000000056e-01 1.009172080871663990e+00 2.248667526890392801e-02
5.000000000000000000e+00 4.419417382415894574e-02 1.000000000000000056e-01 1.007156621859058854e+00 1.842251292385780129e-02
5.000000000000000000e+00 4.736614270344963878e-02 1.000000000000000056e-01 1.005675669188268895e+00 1.520979657956078764e-02
5.000000000000000000e+00 5.076577477226438401e-02 1.000000000000000056e-01 1.004616731355170156e+00 1.278537065697094022e-02
5.000000000000000000e+00 5.440941020600738309e-02 1.000000000000000056e-01 1.003862986189978157e+00 1.094616305082608300e-02
5.000000000000000000e+00 5.831456197105004680e-02 1.000000000000000056e-01 1.003222841011889299e+00 9.258793374278671828e-03
5.000000000000000000e+00 6.249999999999953509e-02 1.000000000000000056e-01 1.002777328783170718e+00 8.045459834298992335e-03
5.000000000000000000e+00 6.698584140851780722e-02 1.000000000000000056e-01 1.002380857589105556e+00 6.921089635374199495e-03
5.000000000000000000e+00 7.179364718731412465e-02 1.000000000000000056e-01 1.002094113546937892e+00 6.096487923690652004e-03
5.000000000000000000e+00 7.694652583405664492e-02 1.000000000000000056e-01 1.001796077536170504e+00 5.224157532039612993e-03
5.000000000000000000e+00 8.246924442330520744e-02 1.000000000000000056e-01 1.001527675210546198e+00 4.433875669421075312e-03
5.000000000000000000e+00 8.838834764831768331e-02 1.000000000000000056e-01 1.001278599384521240e+00 3.697975470532519678e-03
5.000000000000000000e+00 9.473228540689904165e-02 1.000000000000000056e-01 1.001063654860037122e+00 3.061928098707471669e-03
5.000000000000000000e+00 1.015315495445285182e-01 1.000000000000000056e-01 1.000868500763280933e+00 2.483218202939163882e-03
5.000000000000000000e+00 1.088188204120145025e-01 1.000000000000000056e-01 1.000709461376025011e+00 2.011138436384969381e-03
5.000000000000000000e+00 1.166291239420998022e-01 1.000000000000000056e-01 1.000579009235927463e+00 1.623446760921156340e-03
5.000000000000000000e+00 1.249999999999987649e-01 1.000000000000000056e-01 1.000478677904094393e+00 1.325036871562190830e-03
5.000000000000000000e+00 1.339716828170352814e-01 1.000000000000000056e-01 1.000403056415108072e+00 1.099861915862897829e-03
5.000000000000000000e+00 1.435872943746278885e-01 1.000000000000000056e-01 1.000344806519536389e+00 9.259252796203242594e-04
5.000000000000000000e+00 1.538930516681129013e-01 1.000000000000000056e-01 1.000301168808615193e+00 7.947193021025866994e-04
5.000000000000000000e+00 1.649384888466099985e-01 1.000000000000000056e-01 1.000257380530579665e+00 6.615011965917111120e-04
5.000000000000000000e+00 1.767766952966349225e-01 1.000000000000000056e-01 1.000211087808702493e+00 5.183367783717990817e-04
5.000000000000000000e+00 1.894645708137976114e-01 1.000000000000000056e-01 1.000166634419256129e+00 3.767450968503167192e-04
5.000000000000000000e+00 2.030630990890565368e-01 1.000000000000000056e-01 1.000134766089804561e+00 2.668353882587279455e-04
5.000000000000000000e+00 2.176376408240284499e-01 1.000000000000000056e-01 1.000120962564825744e+00 2.014380996196117048e-04
5.000000000000000000e+00 2.332582478841990492e-01 1.000000000000000056e-01 1.000118976107909230e+00 1.562570255442679863e-04
5.000000000000000000e+00 2.499999999999969191e-01 1.000000000000000056e-01 1.000125909705234850e+00 1.146308947240509300e-04
5.000000000000000000e+00 2.679433656340699521e-01 1.000000000000000056e-01 1.000147925072440325e+00 8.450556133813917051e-05
5.000000000000000000e+00 2.871745887492550553e-01 1.000000000000000056e-01 1.000196278211454182e+00 8.590957292347430800e-05
5.000000000000000000e+00 3.077861033362250809e-01 1.000000000000000056e-01 1.000282597641190208e+00 1.214660280540590679e-04
5.000000000000000000e+00 3.298769776932191644e-01 1.000000000000000056e-01 1.000424741056551214e+00 1.961343973003106412e-04
5.000000000000000000e+00 3.535533905932689569e-01 1.000000000000000056e-01 1.000662600675173319e+00 3.338304282860200052e-04
5.000000000000000000e+00 3.789291416275942792e-01 1.000000000000000056e-01 1.001063257309320553e+00 5.869258778844481557e-04
5.000000000000000000e+00 4.061261981781120745e-01 1.000000000000000056e-01 1.001751700036163317e+00 1.059845292483385182e-03
5.000000000000000000e+00 4.352752816480558451e-01 1.000000000000000056e-01 1.002961174153353063e+00 1.967553492121620722e-03
5.000000000000000000e+00 4.665164957683969327e-01 1.000000000000000056e-01 1.005123665848256964e+00 3.745567642091762999e-03
5.000000000000000000e+00 4.999999999999926170e-01 1.000000000000000056e-01 1.009022133954001088e+00 7.273086838993139507e-03
5.000000000000000000e+00 5.358867312681385719e-01 1.000000000000000056e-01 1.016046385774908245e+00 1.421660364562686053e-02
5.000000000000000000e+00 5.743491774985087783e-01 1.000000000000000056e-01 1.027749167961402588e+00 2.654474683107653152e-02
5.000000000000000000e+00 6.155722066724486075e-01 1.000000000000000056e-01 1.043920704246824593e+00 4.337661032965474395e-02
5.000000000000000000e+00 6.597539553864367745e-01 1.000000000000000056e-01 1.061335059083989174e+00 5.836614742734568678e-02
5.000000000000000000e+00 7.071067811865362485e-01 1.000000000000000056e-01 1.078058790692766555e+00 6.579600956091567754e-02
5.000000000000000000e+00 7.578582832551866710e-01 1.000000000000000056e-01 1.094155068964861588e+00 7.164896245675335396e-02
5.000000000000000000e+00 8.122523963562221505e-01 1.000000000000000056e-01 1.114572027721425718e+00 8.739669064315998270e-02
5.000000000000000000e+00 8.705505632961095808e-01 1.000000000000000056e-01 1.137085319897285673e+00 1.059571183663229887e-01
5.000000000000000000e+00 9.330329915367915339e-01 1.000000000000000056e-01 1.156315286858372815e+00 1.274032796881213181e-01
5.000000000000000000e+00 9.999999999999827915e-01 1.000000000000000056e-01 1.172901363844685019e+00 1.455898176029755131e-01
5.000000000000000000e+00 1.071773462536274479e+00 1.000000000000000056e-01 1.189717238613109851e+00 1.627062203440564347e-01
5.000000000000000000e+00 1.148698354997014670e+00 1.000000000000000056e-01 1.199479879055350251e+00 1.712547681181848525e-01
5.000000000000000000e+00 1.231144413344894106e+00 1.000000000000000056e-01 1.195297404209492598e+00 1.569612426602130795e-01
5.000000000000000000e+00 1.319507910772870218e+00 1.000000000000000056e-01 1.182251239176834945e+00 1.285218298499549161e-01
5.000000000000000000e+00 1.414213562373068944e+00 1.000000000000000056e-01 1.174339047249542078e+00 1.047734695693655071e-01
5.000000000000000000e+00 1.515716566510369789e+00 1.000000000000000056e-01 1.171849264002588153e+00 9.531712383842792791e-02
5.000000000000000000e+00 1.624504792712440304e+00 1.000000000000000056e-01 1.173549445692020354e+00 1.131126204775255023e-01
5.000000000000000000e+00 1.741101126592214943e+00 1.000000000000000056e-01 1.177242947662623607e+00 1.291835920927726644e-01
5.000000000000000000e+00 1.866065983073578627e+00 1.000000000000000056e-01 1.195013615642456672e+00 1.565418907271338977e-01
5.000000000000000000e+00 1.999999999999960698e+00 1.000000000000000056e-01 1.188893791385174925e+00 1.429401830104637394e-01
5.000000000000000000e+00 2.143546925072543630e+00 1.000000000000000056e-01 1.178271137244463640e+00 1.200439184297654865e-01
5.000000000000000000e+00 2.297396709994023567e+00 1.000000000000000056e-01 1.195419101905133674e+00 1.381614305539591026e-01
5.000000000000000000e+00 2.462288826689782439e+00 1.000000000000000056e-01 1.204682635548310010e+00 1.695472637749413647e-01
5.000000000000000000e+00 2.639015821545733775e+00 1.000000000000000056e-01 1.210615376970170409e+00 1.769167700325964543e-01
5.000000000000000000e+00 2.828427124746130783e+00 1.000000000000000056e-01 1.210502051159302095e+00 1.644009382449642120e-01
5.000000000000000000e+00 3.031433133020732029e+00 1.000000000000000056e-01 1.201495152110776843e+00 1.506807609531524150e-01
5.000000000000000000e+00 3.249009585424872615e+00 1.000000000000000056e-01 1.230159041449850665e+00 2.368040858132283433e-01
5.000000000000000000e+00 3.482202253184421004e+00 1.000000000000000056e-01 1.215867562543157199e+00 2.057732182208421301e-01
5.000000000000000000e+00 3.732131966147147928e+00 1.000000000000000056e-01 1.165546527701478263e+00 9.711143799302433821e-02
5.000000000000000000e+00 3.999999999999911182e+00 1.000000000000000056e-01 1.139654726832640019e+00 4.948151335639176807e-02
5.000000000000000000e+00 4.287093850145076601e+00 1.000000000000000056e-01 1.173514073339225972e+00 1.472361106862091762e-01
5.000000000000000000e+00 4.594793419988035588e+00 1.000000000000000056e-01 1.156404101051266675e+00 6.812783252364344733e-02
5.000000000000000000e+00 4.924577653379552444e+00 1.000000000000000056e-01 1.181774242145661624e+00 7.795259322955142012e-02
5.000000000000000000e+00 5.278031643091455116e+00 1.000000000000000056e-01 1.163447512088813252e+00 1.293453689152107289e-01
5.000000000000000000e+00 5.656854249492248243e+00 1.000000000000000056e-01 1.147836430707788402e+00 9.079386179771123389e-02
5.000000000000000000e+00 6.062866266041448959e+00 1.000000000000000056e-01 1.186220117466389556e+00 8.461091430056461027e-02
5.000000000000000000e+00 6.498019170849729242e+00 1.000000000000000056e-01 1.166202241092542113e+00 6.990537777394141561e-02
5.000000000000000000e+00 6.964404506368825132e+00 1.000000000000000056e-01 1.153675046599783149e+00 6.663793322801470076e-02
5.000000000000000000e+00 7.464263932294277204e+00 1.000000000000000056e-01 1.176939423967172216e+00 6.735568760436551339e-02
5.000000000000000000e+00 7.999999999999802824e+00 1.000000000000000056e-01 1.154941733531066550e+00 6.788794877674973749e-02
5.000000000000000000e+00 8.574187700290131886e+00 1.000000000000000056e-01 1.181759953118204809e+00 1.213390449851912273e-01
5.000000000000000000e+00 9.189586839976049859e+00 1.000000000000000056e-01 1.166562277965994099e+00 8.577081407326549167e-02
5.000000000000000000e+00 9.849155306759080020e+00 1.000000000000000056e-01 1.214835154502921011e+00 1.195449824367044445e-01
5.000000000000000000e+00 1.055606328618288359e+01 1.000000000000000056e-01 1.245444177983729750e+00 1.373623510344571808e-01
5.000000000000000000e+00 1.131370849898446806e+01 1.000000000000000056e-01 1.196423102014178674e+00 1.133675726464205419e-01
5.000000000000000000e+00 1.212573253208286772e+01 1.000000000000000056e-01 1.178057169066442089e+00 6.808296164675249618e-02
5.000000000000000000e+00 1.299603834169942651e+01 1.000000000000000056e-01 1.217706137651570319e+00 1.159374491590819678e-01
5.000000000000000000e+00 1.392880901273761651e+01 1.000000000000000056e-01 1.183934282192931509e+00 1.176080742859807876e-01
5.000000000000000000e+00 1.492852786458851710e+01 1.000000000000000056e-01 1.166699748757381805e+00 8.999459165253047288e-02
5.000000000000000000e+00 1.599999999999956657e+01 1.000000000000000056e-01 1.200405193050122277e+00 1.740117780846861528e-01
5.000000000000000000e+00 1.714837540058022114e+01 1.000000000000000056e-01 1.176496931162975157e+00 9.851078942110191861e-02
5.000000000000000000e+00 1.837917367995205353e+01 1.000000000000000056e-01 1.203303998171274092e+00 9.557937385165597710e-02
5.000000000000000000e+00 1.969831061351811385e+01 1.000000000000000056e-01 1.174154069972298320e+00 1.280718929879105517e-01
5.000000000000000000e+00 2.111212657236571388e+01 1.000000000000000056e-01 1.174649545698655428e+00 8.691125502953897519e-02
5.000000000000000000e+00 2.262741699796887929e+01 1.000000000000000056e-01 1.149252180079319618e+00 5.873892203533213202e-02
5.000000000000000000e+00 2.425146506416567505e+01 1.000000000000000056e-01 1.152430433993548053e+00 5.362237971831679967e-02
5.000000000000000000e+00 2.599207668339878907e+01 1.000000000000000056e-01 1.217311324456011645e+00 1.689676312347808129e-01
5.000000000000000000e+00 2.785761802547516197e+01 1.000000000000000056e-01 1.183706847867928902e+00 1.286433414318967350e-01
5.000000000000000000e+00 2.985705572917696315e+01 1.000000000000000056e-01 1.173110317927321233e+00 7.895659066009710902e-02
5.000000000000000000e+00 3.199999999999905498e+01 1.000000000000000056e-01 1.174423096382059217e+00 9.765839607966501912e-02
