5.000000000000000000e+00 7.812500000000000000e-03 8.800000000000000044e-01 4.791327147781490048e+00 1.266641143052935625e+00
5.000000000000000000e+00 8.373230176064788352e-03 8.800000000000000044e-01 5.216024425565260358e+00 9.572636365846192152e-01
5.000000000000000000e+00 8.974205898414331500e-03 8.800000000000000044e-01 4.827504525336154373e+00 1.068092999181457170e+00
5.000000000000000000e+00 9.618315729257151739e-03 8.800000000000000044e-01 5.134349960848058281e+00 9.232402822639376172e-01
5.000000000000000000e+00 1.030865555291322552e-02 8.800000000000000044e-01 4.526739963643424680e+00 1.398249952387162320e+00
5.000000000000000000e+00 1.104854345603979195e-02 8.800000000000000044e-01 4.637080832017415055e+00 9.696033189559296606e-01
5.000000000000000000e+00 1.184153567586246694e-02 8.800000000000000044e-01 4.470975890218665150e+00 1.183833902545350369e+00
5.000000000000000000e+00 1.269144369306615845e-02 8.800000000000000044e-01 4.272310611394507518e+00 1.147157075600171217e+00
5.000000000000000000e+00 1.360235255150191343e-02 8.800000000000000044e-01 3.813511503697345262e+00 1.157534467805487743e+00
5.000000000000000000e+00 1.457864049276258282e-02 8.800000000000000044e-01 3.608119741537183955e+00 1.071425970753408174e+00
5.000000000000000000e+00 1.562499999999996184e-02 8.800000000000000044e-01 3.419431583660937690e+00 1.114846367362238189e+00
5.000000000000000000e+00 1.674646035212953507e-02 8.800000000000000044e-01 3.204037213482140878e+00 1.098681083755783217e+00
5.000000000000000000e+00 1.794841179682861790e-02 8.800000000000000044e-01 2.900450073116529026e+00 9.860544201130443387e-01
5.000000000000000000e+00 1.923663145851425491e-02 8.800000000000000044e-01 2.740362798134984068e+00 9.597257945361616915e-01
5.000000000000000000e+00 2.061731110582640247e-02 8.800000000000000044e-01 2.519662465997921874e+00 8.816627902424613028e-01
5.000000000000000000e+00 2.209708691207952838e-02 8.800000000000000044e-01 2.360359716893307702e+00 8.777443384739138654e-01
5.000000000000000000e+00 2.368307135172487837e-02 8.800000000000000044e-01 2.193897529500833166e+00 8.598135506738706635e-01
5.000000000000000000e+00 2.538288738613225445e-02 8.800000000000000044e-01 2.050846221320555163e+00 8.525270832141284005e-01
5.000000000000000000e+00 2.720470510300375747e-02 8.800000000000000044e-01 1.908078111078249872e+00 8.213437915773971199e-01
5.000000000000000000e+00 2.915728098552509626e-02 8.800000000000000044e-01 1.794366519954862182e+00 8.561449257727826723e-01
5.000000000000000000e+00 3.124999999999984734e-02 8.800000000000000044e-01 1.690758851151988207e+00 8.915775894141674263e-01
5.000000000000000000e+00 3.349292070425898687e-02 8.800000000000000044e-01 1.602760988517905272e+00 9.252827246515764603e-01
5.000000000000000000e+00 3.589682359365715253e-02 8.800000000000000044e-01 1.505396822441525284e+00 8.770879008968790469e-01
5.000000000000000000e+00 3.847326291702841267e-02 8.800000000000000044e-01 1.428969265384724574e+00 8.545523200940968733e-01
5.000000000000000000e+00 4.123462221165270086e-02 8.800000000000000044e-01 1.361786269188605347e+00 8.045492639625515530e-01
5.000000000000000000e+00 4.419417382415894574e-02 8.800000000000000044e-01 1.305580386799803927e+00 7.430502385367585561e-01
5.000000000000000000e+00 4.736614270344963878e-02 8.800000000000000044e-01 1.253291021399590921e+00 6.558085186118293164e-01
5.000000000000000000e+00 5.076577477226438401e-02 8.800000000000000044e-01 1.214976496342339285e+00 5.830609008403031535e-01
5.000000000000000000e+00 5.440941020600738309e-02 8.800000000000000044e-01 1.184513661635028914e+00 5.153189515260911957e-01
5.000000000000000000e+00 5.831456197105004680e-02 8.800000000000000044e-01 1.160438360351324638e+00 4.561877478350671034e-01
5.000000000000000000e+00 6.249999999999953509e-02 8.800000000000000044e-01 1.141562073521405818e+00 4.064709445133039001e-01
5.000000000000000000e+00 6.698584140851780722e-02 8.800000000000000044e-01 1.125859356112734133e+00 3.630064907880043434e-01
5.000000000000000000e+00 7.179364718731412465e-02 8.800000000000000044e-01 1.113997022893139732e+00 3.294093077267170599e-01
5.000000000000000000e+00 7.694652583405664492e-02 8.800000000000000044e-01 1.100320547432194429e+00 2.896028127350596115e-01
5.000000000000000000e+00 8.246924442330520744e-02 8.800000000000000044e-01 1.087146465041017862e+00 2.509237004450963759e-01
5.000000000000000000e+00 8.838834764831768331e-02 8.800000000000000044e-01 1.073303206102238949e+00 2.100415032860148135e-01
5.000000000000000000e+00 9.473228540689904165e-02 8.800000000000000044e-01 1.061529185473592873e+00 1.752312894479688410e-01
5.000000000000000000e+00 1.015315495445285182e-01 8.800000000000000044e-01 1.049933923714577277e+00 1.408532221946570961e-01
5.000000000000000000e+00 1.088188204120145025e-01 8.800000000000000044e-01 1.040654653608650060e+00 1.133393064350524532e-01
5.000000000000000000e+00 1.166291239420998022e-01 8.800000000000000044e-01 1.033259209762637632e+00 9.141630595748950761e-02
5.000000000000000000e+00 1.249999999999987649e-01 8.800000000000000044e-01 1.027444236179920534e+00 7.419615080780160576e-02
5.000000000000000000e+00 1.339716828170352814e-01 8.800000000000000044e-01 1.023160152646353849e+00 6.155030018368860822e-02
5.000000000000000000e+00 1.435872943746278885e-01 8.800000000000000044e-01 1.019751980527595858e+00 5.152971454882632196e-02
5.000000000000000000e+00 1.538930516681129013e-01 8.800000000000000044e-01 1.017310663962323058e+00 4.441769289093024098e-02
5.000000000000000000e+00 1.649384888466099985e-01 8.800000000000000044e-01 1.014773891811004969e+00 3.703529368110385772e-02
5.000000000000000000e+00 1.767766952966349225e-01 8.800000000000000044e-01 1.012023502930668784e+00 2.903262260615446441e-02
5.000000000000000000e+00 1.894645708137976114e-01 8.800000000000000044e-01 1.009299482869326470e+00 2.113272410512991029e-02
5.000000000000000000e+00 2.030630990890565368e-01 8.800000000000000044e-01 1.007176554938084223e+00 1.505961443375210089e-02
5.000000000000000000e+00 2.176376408240284499e-01 8.800000000000000044e-01 1.005876997837917841e+00 1.147494309888098633e-02
5.000000000000000000e+00 2.332582478841990492e-01 8.800000000000000044e-01 1.004953980973243732e+00 9.034382179507192620e-03
5.000000000000000000e+00 2.499999999999969191e-01 8.800000000000000044e-01 1.004089969834656371e+00 6.780928953202721918e-03
5.000000000000000000e+00 2.679433656340699521e-01 8.800000000000000044e-01 1.003364160938174487e+00 4.937624075083899867e-03
5.000000000000000000e+00 2.871745887492550553e-01 8.800000000000000044e-01 1.002998609514089479e+00 4.133771305572233809e-03
5.000000000000000000e+00 3.077861033362250809e-01 8.800000000000000044e-01 1.002912585765154185e+00 4.085367159431014736e-03
5.000000000000000000e+00 3.298769776932191644e-01 8.800000000000000044e-01 1.002917790953064880e+00 4.173278067103909986e-03
5.000000000000000000e+00 3.535533905932689569e-01 8.800000000000000044e-01 1.003062517081186655e+00 4.425824926401683741e-03
5.000000000000000000e+00 3.789291416275942792e-01 8.800000000000000044e-01 1.003380732615928750e+00 4.747161833990836202e-03
5.000000000000000000e+00 4.061261981781120745e-01 8.800000000000000044e-01 1.003914807369245876e+00 4.908380519262012243e-03
5.000000000000000000e+00 4.352752816480558451e-01 8.800000000000000044e-01 1.004846362473827082e+00 4.854747699801520953e-03
5.000000000000000000e+00 4.665164957683969327e-01 8.800000000000000044e-01 1.006558500297189296e+00 4.904455629823172187e-03
5.000000000000000000e+00 4.999999999999926170e-01 8.800000000000000044e-01 1.009794707816638715e+00 6.571889132368586607e-03
5.000000000000000000e+00 5.358867312681385719e-01 8.800000000000000044e-01 1.015918125094537494e+00 1.237502840953789637e-02
5.000000000000000000e+00 5.743491774985087783e-01 8.800000000000000044e-01 1.026481364977998689e+00 2.406101683653363507e-02
5.000000000000000000e+00 6.155722066724486075e-01 8.800000000000000044e-01 1.041346856604949078e+00 4.049248353615823859e-02
5.000000000000000000e+00 6.597539553864367745e-01 8.800000000000000044e-01 1.057516839465206804e+00 5.527585089735604501e-02
5.000000000000000000e+00 7.071067811865362485e-01 8.800000000000000044e-01 1.073040255829629919e+00 6.221227788863779862e-02
5.000000000000000000e+00 7.578582832551866710e-01 8.800000000000000044e-01 1.087774911929284993e+00 6.648937113936208287e-02
5.000000000000000000e+00 8.122523963562221505e-01 8.800000000000000044e-01 1.106286509744421442e+00 7.926015076232834078e-02
5.000000000000000000e+00 8.705505632961095808e-01 8.800000000000000044e-01 1.126156505238516292e+00 9.328474719941089177e-02
5.000000000000000000e+00 9.330329915367915339e-01 8.800000000000000044e-01 1.142097480377731289e+00 1.093402890472615907e-01
5.000000000000000000e+00 9.999999999999827915e-01 8.800000000000000044e-01 1.154829555147041553e+00 1.219215818981815025e-01
5.000000000000000000e+00 1.071773462536274479e+00 8.800000000000000044e-01 1.169354418713657973e+00 1.366724673869707252e-01
5.000000000000000000e+00 1.148698354997014670e+00 8.800000000000000044e-01 1.178333434875857177e+00 1.456932164349583891e-01
5.000000000000000000e+00 1.231144413344894106e+00 8.800000000000000044e-01 1.174865200088453632e+00 1.363489391038567589e-01
5.000000000000000000e+00 1.319507910772870218e+00 8.800000000000000044e-01 1.162301575768496686e+00 1.147477717887555593e-01
5.000000000000000000e+00 1.414213562373068944e+00 8.800000000000000044e-01 1.152582370815052659e+00 9.487267274106395143e-02
5.000000000000000000e+00 1.515716566510369789e+00 8.800000000000000044e-01 1.147985962832396512e+00 8.451610299535339266e-02
5.000000000000000000e+00 1.624504792712440304e+00 8.800000000000000044e-01 1.149392912279048717e+00 9.879814705500652994e-02
5.000000000000000000e+00 1.741101126592214943e+00 8.800000000000000044e-01 1.152155599819487897e+00 1.107661468519980236e-01
5.000000000000000000e+00 1.866065983073578627e+00 8.800000000000000044e-01 1.167097034917266241e+00 1.327757971333424769e-01
5.000000000000000000e+00 1.999999999999960698e+00 8.800000000000000044e-01 1.163929022399803337e+00 1.232522173190104819e-01
5.000000000000000000e+00 2.143546925072543630e+00 8.800000000000000044e-01 1.157526526403800160e+00 1.032454414804217097e-01
5.000000000000000000e+00 2.297396709994023567e+00 8.800000000000000044e-01 1.174424166457588070e+00 1.225906432870900453e-01
5.000000000000000000e+00 2.462288826689782439e+00 8.800000000000000044e-01 1.181677028568043131e+00 1.496091123197147710e-01
5.000000000000000000e+00 2.639015821545733775e+00 8.800000000000000044e-01 1.183303971472733362e+00 1.479704702101359848e-01
5.000000000000000000e+00 2.828427124746130783e+00 8.800000000000000044e-01 1.176935964778993204e+00 1.356636319141196478e-01
5.000000000000000000e+00 3.031433133020732029e+00 8.800000000000000044e-01 1.166672656737309355e+00 1.219115147292898216e-01
5.000000000000000000e+00 3.249009585424872615e+00 8.800000000000000044e-01 1.197475966808447811e+00 2.042610782111353995e-01
5.000000000000000000e+00 3.482202253184421004e+00 8.800000000000000044e-01 1.186340856825811807e+00 1.822760861060946369e-01
5.000000000000000000e+00 3.732131966147147928e+00 8.800000000000000044e-01 1.146156019986429797e+00 8.936799545543618051e-02
5.000000000000000000e+00 3.999999999999911182e+00 8.800000000000000044e-01 1.119760390729547472e+00 4.349125576111290831e-02
5.000000000000000000e+00 4.287093850145076601e+00 8.800000000000000044e-01 1.144588468767315792e+00 1.200127868758065347e-01
5.000000000000000000e+00 4.594793419988035588e+00 8.800000000000000044e-01 1.133667155217743527e+00 5.727717209896453221e-02
5.000000000000000000e+00 4.924577653379552444e+00 8.800000000000000044e-01 1.153268754147287245e+00 6.098665264988864521e-02
5.000000000000000000e+00 5.278031643091455116e+00 8.800000000000000044e-01 1.140398556891291548e+00 1.104243061894374517e-01
5.000000000000000000e+00 5.656854249492248243e+00 8.800000000000000044e-01 1.122795599658086063e+00 7.143725157578063867e-02
5.000000000000000000e+00 6.062866266041448959e+00 8.800000000000000044e-01 1.154019211010774981e+00 6.990522089604460365e-02
5.000000000000000000e+00 6.498019170849729242e+00 8.800000000000000044e-01 1.139952056879058429e+00 6.088696637286119401e-02
5.000000000000000000e+00 6.964404506368825132e+00 8.800000000000000044e-01 1.130613162317069875e+00 5.328519585422600291e-02
5.000000000000000000e+00 7.464263932294277204e+00 8.800000000000000044e-01 1.153665353159532447e+00 5.415911484116182201e-02
5.000000000000000000e+00 7.999999999999802824e+00 8.800000000000000044e-01 1.132372665898081943e+00 5.724713344460514997e-02
5.000000000000000000e+00 8.574187700290131886e+00 8.800000000000000044e-01 1.153390182289871113e+00 9.350556459558925781e-02
5.000000000000000000e+00 9.189586839976049859e+00 8.800000000000000044e-01 1.141394721175448712e+00 7.440308527848815690e-02
5.000000000000000000e+00 9.849155306759080020e+00 8.800000000000000044e-01 1.182751546848793023e+00 1.015403359674989792e-01
5.000000000000000000e+00 1.055606328618288359e+01 8.800000000000000044e-01 1.212205690360790067e+00 1.224748054227959848e-01
5.000000000000000000e+00 1.131370849898446806e+01 8.800000000000000044e-01 1.170636394651216827e+00 9.784589388251492548e-02
5.000000000000000000e+00 1.212573253208286772e+01 8.800000000000000044e-01 1.156033640187425382e+00 5.880691177045086621e-02
5.000000000000000000e+00 1.299603834169942651e+01 8.800000000000000044e-01 1.185336738299130444e+00 9.730435001221338087e-02
5.000000000000000000e+00 1.392880901273761651e+01 8.800000000000000044e-01 1.159288891194227622e+00 1.033975176828338255e-01
5.000000000000000000e+00 1.492852786458851710e+01 8.800000000000000044e-01 1.141600853446078201e+00 8.015416116894663601e-02
5.000000000000000000e+00 1.599999999999956657e+01 8.800000000000000044e-01 1.170183460722485247e+00 1.479683927995773252e-01
5.000000000000000000e+00 1.714837540058022114e+01 8.800000000000000044e-01 1.152056735951014321e+00 8.549377093998733468e-02
5.000000000000000000e+00 1.837917367995205353e+01 8.800000000000000044e-01 1.178696629458059864e+00 8.295390988827691658e-02
5.000000000000000000e+00 1.969831061351811385e+01 8.800000000000000044e-01 1.149598793549963416e+00 1.120670117846664648e-01
5.000000000000000000e+00 2.111212657236571388e+01 8.800000000000000044e-01 1.148399385481407409e+00 7.402142993710007779e-02
5.000000000000000000e+00 2.262741699796887929e+01 8.800000000000000044e-01 1.126568610849019825e+00 5.169575850949815338e-02
5.000000000000000000e+00 2.425146506416567505e+01 8.800000000000000044e-01 1.132397046267695773e+00 4.662935268237341363e-02
5.000000000000000000e+00 2.599207668339878907e+01 8.800000000000000044e-01 1.192307667567147345e+00 1.443633593781993851e-01
5.000000000000000000e+00 2.785761802547516197e+01 8.800000000000000044e-01 1.162269715032921757e+00 1.146922956096029372e-01
5.000000000000000000e+00 2.985705572917696315e+01 8.800000000000000044e-01 1.150586424150021880e+00 6.351636239506551485e-02
5.000000000000000000e+00 3.199999999999905498e+01 8.800000000000000044e-01 1.150398590230887530e+00 8.595525388870013661e-02
