5.000000000000000000e+00 7.812500000000000000e-03 5.999999999999999778e-01 4.033384330366694748e+00 1.204079072434428355e+00
5.000000000000000000e+00 8.373230176064788352e-03 5.999999999999999778e-01 3.784362164997650435e+00 1.201191820286219736e+00
5.000000000000000000e+00 8.974205898414331500e-03 5.999999999999999778e-01 3.499154350077117392e+00 1.158875734268565827e+00
5.000000000000000000e+00 9.618315729257151739e-03 5.999999999999999778e-01 3.193606750328255917e+00 1.129840987096494276e+00
5.000000000000000000e+00 1.030865555291322552e-02 5.999999999999999778e-01 2.872356775163595888e+00 1.021517965696442154e+00
5.000000000000000000e+00 1.104854345603979195e-02 5.999999999999999778e-01 2.678930884951745917e+00 9.525194343146442533e-01
5.000000000000000000e+00 1.184153567586246694e-02 5.999999999999999778e-01 2.416421700374926651e+00 8.990705924509184710e-01
5.000000000000000000e+00 1.269144369306615845e-02 5.999999999999999778e-01 2.121651363991769124e+00 7.532886822485836964e-01
5.000000000000000000e+00 1.360235255150191343e-02 5.999999999999999778e-01 2.008153641425349356e+00 7.054902146531409901e-01
5.000000000000000000e+00 1.457864049276258282e-02 5.999999999999999778e-01 1.866489483752700851e+00 6.943387645713972045e-01
5.000000000000000000e+00 1.562499999999996184e-02 5.999999999999999778e-01 1.735495612542285571e+00 6.306926611958346696e-01
5.000000000000000000e+00 1.674646035212953507e-02 5.999999999999999778e-01 1.654563798275753728e+00 6.622327655693723836e-01
5.000000000000000000e+00 1.794841179682861790e-02 5.999999999999999778e-01 1.537225122436464364e+00 5.712458704004965693e-01
5.000000000000000000e+00 1.923663145851425491e-02 5.999999999999999778e-01 1.444303605451873196e+00 4.967555243680730204e-01
5.000000000000000000e+00 2.061731110582640247e-02 5.999999999999999778e-01 1.396160271108236373e+00 4.904035904029739878e-01
5.000000000000000000e+00 2.209708691207952838e-02 5.999999999999999778e-01 1.354850702957691944e+00 5.074625952530472661e-01
5.000000000000000000e+00 2.368307135172487837e-02 5.999999999999999778e-01 1.284720054294513636e+00 4.156774379228179717e-01
5.000000000000000000e+00 2.538288738613225445e-02 5.999999999999999778e-01 1.228250747474791238e+00 3.520346381308727679e-01
5.000000000000000000e+00 2.720470510300375747e-02 5.999999999999999778e-01 1.197052045597720715e+00 3.329837701284715235e-01
5.000000000000000000e+00 2.915728098552509626e-02 5.999999999999999778e-01 1.162206888895848333e+00 2.952320150355111084e-01
5.000000000000000000e+00 3.124999999999984734e-02 5.999999999999999778e-01 1.122944629424041718e+00 2.327604160797679123e-01
5.000000000000000000e+00 3.349292070425898687e-02 5.999999999999999778e-01 1.107752887215515347e+00 2.280840438593778885e-01
5.000000000000000000e+00 3.589682359365715253e-02 5.999999999999999778e-01 1.080923553281129434e+00 1.769241038682906608e-01
5.000000000000000000e+00 3.847326291702841267e-02 5.999999999999999778e-01 1.062913340508242266e+00 1.447104289077237593e-01
5.000000000000000000e+00 4.123462221165270086e-02 5.999999999999999778e-01 1.048969403847615167e+00 1.177352709175192164e-01
5.000000000000000000e+00 4.419417382415894574e-02 5.999999999999999778e-01 1.038359987869183154e+00 9.596323421476773974e-02
5.000000000000000000e+00 4.736614270344963878e-02 5.999999999999999778e-01 1.030523784591163450e+00 7.872676525507715795e-02
5.000000000000000000e+00 5.076577477226438401e-02 5.999999999999999778e-01 1.024979520073564077e+00 6.591672429398655331e-02
5.000000000000000000e+00 5.440941020600738309e-02 5.999999999999999778e-01 1.021030455288744365e+00 5.621450621680740972e-02
5.000000000000000000e+00 5.831456197105004680e-02 5.999999999999999778e-01 1.017699368564261686e+00 4.741715495018242188e-02
5.000000000000000000e+00 6.249999999999953509e-02 5.999999999999999778e-01 1.015378586648651327e+00 4.109340217861413153e-02
5.000000000000000000e+00 6.698584140851780722e-02 5.999999999999999778e-01 1.013322757371697636e+00 3.527321438592149333e-02
5.000000000000000000e+00 7.179364718731412465e-02 5.999999999999999778e-01 1.011850014460943470e+00 3.105542373406747214e-02
5.000000000000000000e+00 7.694652583405664492e-02 5.999999999999999778e-01 1.010310964162790981e+00 2.657269277117600345e-02
5.000000000000000000e+00 8.246924442330520744e-02 5.999999999999999778e-01 1.008931179438436354e+00 2.253673696930406575e-02
5.000000000000000000e+00 8.838834764831768331e-02 5.999999999999999778e-01 1.007639783892329222e+00 1.875216830128466350e-02
5.000000000000000000e+00 9.473228540689904165e-02 5.999999999999999778e-01 1.006534085103722997e+00 1.551664960110596923e-02
5.000000000000000000e+00 1.015315495445285182e-01 5.999999999999999778e-01 1.005518084380290667e+00 1.254586054914691440e-02
5.000000000000000000e+00 1.088188204120145025e-01 5.999999999999999778e-01 1.004690463594251071e+00 1.013805145629530918e-02
5.000000000000000000e+00 1.166291239420998022e-01 5.999999999999999778e-01 1.004009062093255134e+00 8.169519948244528124e-03
5.000000000000000000e+00 1.249999999999987649e-01 5.999999999999999778e-01 1.003474974526703090e+00 6.645882178377509469e-03
5.000000000000000000e+00 1.339716828170352814e-01 5.999999999999999778e-01 1.003066535580538154e+00 5.504144492322748418e-03
5.000000000000000000e+00 1.435872943746278885e-01 5.999999999999999778e-01 1.002741058033825627e+00 4.618129988039410168e-03
5.000000000000000000e+00 1.538930516681129013e-01 5.999999999999999778e-01 1.002487389098615456e+00 3.955106948270240008e-03
5.000000000000000000e+00 1.649384888466099985e-01 5.999999999999999778e-01 1.002226919431735919e+00 3.282347734710122297e-03
5.000000000000000000e+00 1.767766952966349225e-01 5.999999999999999778e-01 1.001946146527884718e+00 2.561829721631792792e-03
5.000000000000000000e+00 1.894645708137976114e-01 5.999999999999999778e-01 1.001664892430833342e+00 1.855739444723532869e-03
5.000000000000000000e+00 2.030630990890565368e-01 5.999999999999999778e-01 1.001435660746202938e+00 1.319452234235861214e-03
5.000000000000000000e+00 2.176376408240284499e-01 5.999999999999999778e-01 1.001280643143817040e+00 1.007066367822098338e-03
5.000000000000000000e+00 2.332582478841990492e-01 5.999999999999999778e-01 1.001161122522108204e+00 7.972758258835943275e-04
5.000000000000000000e+00 2.499999999999969191e-01 5.999999999999999778e-01 1.001050263515814720e+00 6.109694168616814020e-04
5.000000000000000000e+00 2.679433656340699521e-01 5.999999999999999778e-01 1.000959681032219661e+00 4.653748381446280898e-04
5.000000000000000000e+00 2.871745887492550553e-01 5.999999999999999778e-01 1.000916216524466718e+00 3.825811244414664648e-04
5.000000000000000000e+00 3.077861033362250809e-01 5.999999999999999778e-01 1.000924338453222484e+00 3.305870923278017332e-04
5.000000000000000000e+00 3.298769776932191644e-01 5.999999999999999778e-01 1.000985898414318509e+00 2.842418930847309157e-04
5.000000000000000000e+00 3.535533905932689569e-01 5.999999999999999778e-01 1.001139416903616297e+00 2.855561076049957297e-04
5.000000000000000000e+00 3.789291416275942792e-01 5.999999999999999778e-01 1.001445313434680351e+00 4.255086208693785389e-04
5.000000000000000000e+00 4.061261981781120745e-01 5.999999999999999778e-01 1.002013279779874200e+00 8.103880200146269938e-04
5.000000000000000000e+00 4.352752816480558451e-01 5.999999999999999778e-01 1.003057265066100268e+00 1.630755312178784350e-03
5.000000000000000000e+00 4.665164957683969327e-01 5.999999999999999778e-01 1.004978974534269875e+00 3.290263809413016948e-03
5.000000000000000000e+00 4.999999999999926170e-01 5.999999999999999778e-01 1.008520199781847815e+00 6.626303514388774685e-03
5.000000000000000000e+00 5.358867312681385719e-01 5.999999999999999778e-01 1.015019510907041456e+00 1.326270644930760238e-02
5.000000000000000000e+00 5.743491774985087783e-01 5.999999999999999778e-01 1.025992275362269890e+00 2.518209077405234725e-02
5.000000000000000000e+00 6.155722066724486075e-01 5.999999999999999778e-01 1.041259404799194765e+00 4.164198673857583133e-02
5.000000000000000000e+00 6.597539553864367745e-01 5.999999999999999778e-01 1.057761871097787409e+00 5.640962214592459834e-02
5.000000000000000000e+00 7.071067811865362485e-01 5.999999999999999778e-01 1.073563465853824228e+00 6.342332237240576320e-02
5.000000000000000000e+00 7.578582832551866710e-01 5.999999999999999778e-01 1.088540387162831191e+00 6.792304077351660196e-02
5.000000000000000000e+00 8.122523963562221505e-01 5.999999999999999778e-01 1.107379318847435012e+00 8.113269804256016682e-02
5.000000000000000000e+00 8.705505632961095808e-01 5.999999999999999778e-01 1.127736321274701581e+00 9.596487105944206952e-02
5.000000000000000000e+00 9.330329915367915339e-01 5.999999999999999778e-01 1.144256147630506204e+00 1.128902535164311716e-01
5.000000000000000000e+00 9.999999999999827915e-01 5.999999999999999778e-01 1.157643161241732388e+00 1.263042076161551841e-01
5.000000000000000000e+00 1.071773462536274479e+00 5.999999999999999778e-01 1.172617193646977363e+00 1.413723492864102094e-01
5.000000000000000000e+00 1.148698354997014670e+00 5.999999999999999778e-01 1.181897919407978614e+00 1.502910080847550123e-01
5.000000000000000000e+00 1.231144413344894106e+00 5.999999999999999778e-01 1.178519978862415440e+00 1.399596645822171193e-01
5.000000000000000000e+00 1.319507910772870218e+00 5.999999999999999778e-01 1.166109816859312920e+00 1.169733011249276811e-01
5.000000000000000000e+00 1.414213562373068944e+00 5.999999999999999778e-01 1.157034450838061890e+00 9.632683397105831768e-02
5.000000000000000000e+00 1.515716566510369789e+00 5.999999999999999778e-01 1.152873440114654091e+00 8.615430954019748233e-02
5.000000000000000000e+00 1.624504792712440304e+00 5.999999999999999778e-01 1.154088974184710681e+00 1.010747384506045093e-01
5.000000000000000000e+00 1.741101126592214943e+00 5.999999999999999778e-01 1.156830176913107078e+00 1.138731279657559936e-01
5.000000000000000000e+00 1.866065983073578627e+00 5.999999999999999778e-01 1.172413898402999699e+00 1.371175531484280508e-01
5.000000000000000000e+00 1.999999999999960698e+00 5.999999999999999778e-01 1.168729614657182392e+00 1.269422827673916676e-01
5.000000000000000000e+00 2.143546925072543630e+00 5.999999999999999778e-01 1.161417936226350589e+00 1.066604611618527793e-01
5.000000000000000000e+00 2.297396709994023567e+00 5.999999999999999778e-01 1.178255529811558899e+00 1.259479024046385731e-01
5.000000000000000000e+00 2.462288826689782439e+00 5.999999999999999778e-01 1.185620139293112718e+00 1.535338169871751646e-01
5.000000000000000000e+00 2.639015821545733775e+00 5.999999999999999778e-01 1.187874265517870898e+00 1.533314724409635121e-01
5.000000000000000000e+00 2.828427124746130783e+00 5.999999999999999778e-01 1.182816230281100722e+00 1.408219544520752653e-01
5.000000000000000000e+00 3.031433133020732029e+00 5.999999999999999778e-01 1.172776826411603190e+00 1.268850084476844664e-01
5.000000000000000000e+00 3.249009585424872615e+00 5.999999999999999778e-01 1.203044608117712411e+00 2.092814635862428607e-01
5.000000000000000000e+00 3.482202253184421004e+00 5.999999999999999778e-01 1.191679503703085397e+00 1.863523966408988375e-01
5.000000000000000000e+00 3.732131966147147928e+00 5.999999999999999778e-01 1.149538620045451154e+00 9.068155359463042631e-02
5.000000000000000000e+00 3.999999999999911182e+00 5.999999999999999778e-01 1.123463829497010735e+00 4.450081447712661564e-02
5.000000000000000000e+00 4.287093850145076601e+00 5.999999999999999778e-01 1.149852325317017199e+00 1.245062274801931324e-01
5.000000000000000000e+00 4.594793419988035588e+00 5.999999999999999778e-01 1.137794434414898470e+00 5.907155883244728095e-02
5.000000000000000000e+00 4.924577653379552444e+00 5.999999999999999778e-01 1.158259814073669514e+00 6.407890340904494331e-02
5.000000000000000000e+00 5.278031643091455116e+00 5.999999999999999778e-01 1.144376908182853203e+00 1.138959031589701076e-01
5.000000000000000000e+00 5.656854249492248243e+00 5.999999999999999778e-01 1.127700508337877050e+00 7.519825389818619865e-02
5.000000000000000000e+00 6.062866266041448959e+00 5.999999999999999778e-01 1.159980547917259353e+00 7.244374367279136917e-02
5.000000000000000000e+00 6.498019170849729242e+00 5.999999999999999778e-01 1.144599321089478705e+00 6.283006592523929235e-02
5.000000000000000000e+00 6.964404506368825132e+00 5.999999999999999778e-01 1.134620722005099891e+00 5.538272492176064821e-02
5.000000000000000000e+00 7.464263932294277204e+00 5.999999999999999778e-01 1.157897663813179490e+00 5.626432139092431978e-02
5.000000000000000000e+00 7.999999999999802824e+00 5.999999999999999778e-01 1.136862289810405491e+00 5.930216852871653815e-02
5.000000000000000000e+00 8.574187700290131886e+00 5.999999999999999778e-01 1.158703010711226167e+00 9.838213650726988779e-02
5.000000000000000000e+00 9.189586839976049859e+00 5.999999999999999778e-01 1.146062384332352968e+00 7.668054274585391072e-02
5.000000000000000000e+00 9.849155306759080020e+00 5.999999999999999778e-01 1.188630349484241622e+00 1.049816341068215420e-01
5.000000000000000000e+00 1.055606328618288359e+01 5.999999999999999778e-01 1.217996295898410519e+00 1.251123105887365361e-01
5.000000000000000000e+00 1.131370849898446806e+01 5.999999999999999778e-01 1.175229385956408468e+00 1.001670949656706944e-01
5.000000000000000000e+00 1.212573253208286772e+01 5.999999999999999778e-01 1.159852981983741760e+00 6.044153615299918680e-02
5.000000000000000000e+00 1.299603834169942651e+01 5.999999999999999778e-01 1.191652431188442218e+00 1.010266098272165486e-01
5.000000000000000000e+00 1.392880901273761651e+01 5.999999999999999778e-01 1.164100518716619792e+00 1.060710259661409999e-01
5.000000000000000000e+00 1.492852786458851710e+01 5.999999999999999778e-01 1.146213197212920365e+00 8.155783869629147642e-02
5.000000000000000000e+00 1.599999999999956657e+01 5.999999999999999778e-01 1.175522841939348639e+00 1.525781923153406439e-01
5.000000000000000000e+00 1.714837540058022114e+01 5.999999999999999778e-01 1.156419925228088674e+00 8.772478099014879849e-02
5.000000000000000000e+00 1.837917367995205353e+01 5.999999999999999778e-01 1.183053251757852031e+00 8.506642076217046933e-02
5.000000000000000000e+00 1.969831061351811385e+01 5.999999999999999778e-01 1.154025063218167890e+00 1.144753195035363436e-01
5.000000000000000000e+00 2.111212657236571388e+01 5.999999999999999778e-01 1.152864953200228637e+00 7.563279262061506358e-02
5.000000000000000000e+00 2.262741699796887929e+01 5.999999999999999778e-01 1.130547961314464001e+00 5.241770266497065150e-02
5.000000000000000000e+00 2.425146506416567505e+01 5.999999999999999778e-01 1.135811472895986274e+00 4.718053918948490744e-02
5.000000000000000000e+00 2.599207668339878907e+01 5.999999999999999778e-01 1.196274825354400440e+00 1.478742003652878390e-01
5.000000000000000000e+00 2.785761802547516197e+01 5.999999999999999778e-01 1.166032212221944420e+00 1.167941039954882854e-01
5.000000000000000000e+00 2.985705572917696315e+01 5.999999999999999778e-01 1.154420579015059234e+00 6.610086002749332446e-02
5.000000000000000000e+00 3.199999999999905498e+01 5.999999999999999778e-01 1.154856456375291440e+00 8.741595584784010720e-02
