5.000000000000000000e+00 7.812500000000000000e-03 4.600000000000000200e-01 2.953690207863380213e+00 9.268012158295597658e-01
5.000000000000000000e+00 8.373230176064788352e-03 4.600000000000000200e-01 2.696269893705966147e+00 8.623785399438655963e-01
5.000000000000000000e+00 8.974205898414331500e-03 4.600000000000000200e-01 2.509624253069536959e+00 7.818466885126501564e-01
5.000000000000000000e+00 9.618315729257151739e-03 4.600000000000000200e-01 2.305821168852423941e+00 7.568311898603364840e-01
5.000000000000000000e+00 1.030865555291322552e-02 4.600000000000000200e-01 2.104749652481157529e+00 6.220034880924844023e-01
5.000000000000000000e+00 1.104854345603979195e-02 4.600000000000000200e-01 1.985654644593406459e+00 6.119847673692840884e-01
5.000000000000000000e+00 1.184153567586246694e-02 4.600000000000000200e-01 1.818441984285436019e+00 5.604148953456788984e-01
5.000000000000000000e+00 1.269144369306615845e-02 4.600000000000000200e-01 1.647978984454595119e+00 4.684377679060517385e-01
5.000000000000000000e+00 1.360235255150191343e-02 4.600000000000000200e-01 1.582093456345624372e+00 4.427719841903289266e-01
5.000000000000000000e+00 1.457864049276258282e-02 4.600000000000000200e-01 1.495384399393118180e+00 4.233015950182879017e-01
5.000000000000000000e+00 1.562499999999996184e-02 4.600000000000000200e-01 1.426723274311505696e+00 3.984922005859836691e-01
5.000000000000000000e+00 1.674646035212953507e-02 4.600000000000000200e-01 1.377793251915395700e+00 4.116709445784044186e-01
5.000000000000000000e+00 1.794841179682861790e-02 4.600000000000000200e-01 1.308364000580610753e+00 3.479277009832075218e-01
5.000000000000000000e+00 1.923663145851425491e-02 4.600000000000000200e-01 1.248186455461927524e+00 2.844906256552399704e-01
5.000000000000000000e+00 2.061731110582640247e-02 4.600000000000000200e-01 1.225077014623488170e+00 2.902223442498238493e-01
5.000000000000000000e+00 2.209708691207952838e-02 4.600000000000000200e-01 1.199360757210461426e+00 2.920951256038568644e-01
5.000000000000000000e+00 2.368307135172487837e-02 4.600000000000000200e-01 1.157713269149075463e+00 2.327736953989461843e-01
5.000000000000000000e+00 2.538288738613225445e-02 4.600000000000000200e-01 1.125455260150462822e+00 1.943191937880392739e-01
5.000000000000000000e+00 2.720470510300375747e-02 4.600000000000000200e-01 1.108212415857321442e+00 1.833627472627085975e-01
5.000000000000000000e+00 2.915728098552509626e-02 4.600000000000000200e-01 1.088647661962736768e+00 1.612163006551548539e-01
5.000000000000000000e+00 3.124999999999984734e-02 4.600000000000000200e-01 1.066827553262582828e+00 1.258925983460535414e-01
5.000000000000000000e+00 3.349292070425898687e-02 4.600000000000000200e-01 1.058390165288835227e+00 1.229488417769796921e-01
5.000000000000000000e+00 3.589682359365715253e-02 4.600000000000000200e-01 1.043872020808144452e+00 9.539792782044330399e-02
5.000000000000000000e+00 3.847326291702841267e-02 4.600000000000000200e-01 1.034162535199394828e+00 7.817314889863821725e-02
5.000000000000000000e+00 4.123462221165270086e-02 4.600000000000000200e-01 1.026622030930026686e+00 6.368407459756471323e-02
5.000000000000000000e+00 4.419417382415894574e-02 4.600000000000000200e-01 1.020894633829446230e+00 5.201681845151946704e-02
5.000000000000000000e+00 4.736614270344963878e-02 4.600000000000000200e-01 1.016677328789811652e+00 4.279979753366768003e-02
5.000000000000000000e+00 5.076577477226438401e-02 4.600000000000000200e-01 1.013678692096639411e+00 3.590181143012818876e-02
5.000000000000000000e+00 5.440941020600738309e-02 4.600000000000000200e-01 1.011542808094632928e+00 3.067263584069880936e-02
5.000000000000000000e+00 5.831456197105004680e-02 4.600000000000000200e-01 1.009734362082352899e+00 2.590431879644247010e-02
5.000000000000000000e+00 6.249999999999953509e-02 4.600000000000000200e-01 1.008474628675158025e+00 2.247674721627614808e-02
5.000000000000000000e+00 6.698584140851780722e-02 4.600000000000000200e-01 1.007354349070058053e+00 1.930776548408220938e-02
5.000000000000000000e+00 7.179364718731412465e-02 4.600000000000000200e-01 1.006547915920658509e+00 1.699992818383093407e-02
5.000000000000000000e+00 7.694652583405664492e-02 4.600000000000000200e-01 1.005706884393599010e+00 1.455214176106817310e-02
5.000000000000000000e+00 8.246924442330520744e-02 4.600000000000000200e-01 1.004950842976410907e+00 1.234248372107635792e-02
5.000000000000000000e+00 8.838834764831768331e-02 4.600000000000000200e-01 1.004245666079429666e+00 1.027804605445525529e-02
5.000000000000000000e+00 9.473228540689904165e-02 4.600000000000000200e-01 1.003638562700495784e+00 8.503641661359298207e-03
5.000000000000000000e+00 1.015315495445285182e-01 4.600000000000000200e-01 1.003082847597212668e+00 6.881255523074583831e-03
5.000000000000000000e+00 1.088188204120145025e-01 4.600000000000000200e-01 1.002628710987552907e+00 5.562674946895274954e-03
5.000000000000000000e+00 1.166291239420998022e-01 4.600000000000000200e-01 1.002253684137341727e+00 4.482039370804883488e-03
5.000000000000000000e+00 1.249999999999987649e-01 4.600000000000000200e-01 1.001960057019164685e+00 3.647458354754885314e-03
5.000000000000000000e+00 1.339716828170352814e-01 4.600000000000000200e-01 1.001734630715622298e+00 3.020377738413083154e-03
5.000000000000000000e+00 1.435872943746278885e-01 4.600000000000000200e-01 1.001555070971327899e+00 2.534731500772511269e-03
5.000000000000000000e+00 1.538930516681129013e-01 4.600000000000000200e-01 1.001414358831105522e+00 2.169689722779376100e-03
5.000000000000000000e+00 1.649384888466099985e-01 4.600000000000000200e-01 1.001270157494001944e+00 1.799892889775766940e-03
5.000000000000000000e+00 1.767766952966349225e-01 4.600000000000000200e-01 1.001115146249330845e+00 1.404541891173390761e-03
5.000000000000000000e+00 1.894645708137976114e-01 4.600000000000000200e-01 1.000960313629693621e+00 1.017685545493667108e-03
5.000000000000000000e+00 2.030630990890565368e-01 4.600000000000000200e-01 1.000834689615557993e+00 7.241600872428433262e-04
5.000000000000000000e+00 2.176376408240284499e-01 4.600000000000000200e-01 1.000751080315846142e+00 5.529956807622655969e-04
5.000000000000000000e+00 2.332582478841990492e-01 4.600000000000000200e-01 1.000688959216051055e+00 4.371037400452714751e-04
5.000000000000000000e+00 2.499999999999969191e-01 4.600000000000000200e-01 1.000634872703344724e+00 3.333289076643584188e-04
5.000000000000000000e+00 2.679433656340699521e-01 4.600000000000000200e-01 1.000597297061248891e+00 2.502355202028338447e-04
5.000000000000000000e+00 2.871745887492550553e-01 4.600000000000000200e-01 1.000594201216598700e+00 1.977637721324517774e-04
5.000000000000000000e+00 3.077861033362250809e-01 4.600000000000000200e-01 1.000633803944841249e+00 1.607827658073449398e-04
5.000000000000000000e+00 3.298769776932191644e-01 4.600000000000000200e-01 1.000726487159715683e+00 1.468625281815168248e-04
5.000000000000000000e+00 3.535533905932689569e-01 4.600000000000000200e-01 1.000910587958762532e+00 2.252351168756039021e-04
5.000000000000000000e+00 3.789291416275942792e-01 4.600000000000000200e-01 1.001248516556259904e+00 4.464825193446674218e-04
5.000000000000000000e+00 4.061261981781120745e-01 4.600000000000000200e-01 1.001855050424478755e+00 8.874873504373648452e-04
5.000000000000000000e+00 4.352752816480558451e-01 4.600000000000000200e-01 1.002948816637214247e+00 1.747113860783478358e-03
5.000000000000000000e+00 4.665164957683969327e-01 4.600000000000000200e-01 1.004937922213986257e+00 3.441100445983081083e-03
5.000000000000000000e+00 4.999999999999926170e-01 4.600000000000000200e-01 1.008571307622490920e+00 6.819039249150613165e-03
5.000000000000000000e+00 5.358867312681385719e-01 4.600000000000000200e-01 1.015194918129195045e+00 1.351710174639824714e-02
5.000000000000000000e+00 5.743491774985087783e-01 4.600000000000000200e-01 1.026328019581097761e+00 2.551729017349377293e-02
5.000000000000000000e+00 6.155722066724486075e-01 4.600000000000000200e-01 1.041782570179594192e+00 4.205008717036936433e-02
5.000000000000000000e+00 6.597539553864367745e-01 4.600000000000000200e-01 1.058462211526818519e+00 5.686479022537912348e-02
5.000000000000000000e+00 7.071067811865362485e-01 4.600000000000000200e-01 1.074434605815886012e+00 6.397025767376568472e-02
5.000000000000000000e+00 7.578582832551866710e-01 4.600000000000000200e-01 1.089607658484285313e+00 6.873120944587027270e-02
5.000000000000000000e+00 8.122523963562221505e-01 4.600000000000000200e-01 1.108733569122532847e+00 8.243008283889442789e-02
5.000000000000000000e+00 8.705505632961095808e-01 4.600000000000000200e-01 1.129503831102856237e+00 9.801737807279362058e-02
5.000000000000000000e+00 9.330329915367915339e-01 4.600000000000000200e-01 1.146549027039165836e+00 1.158375977031702864e-01
5.000000000000000000e+00 9.999999999999827915e-01 4.600000000000000200e-01 1.160553525556496712e+00 1.301673850218287853e-01
5.000000000000000000e+00 1.071773462536274479e+00 4.600000000000000200e-01 1.175877781686934131e+00 1.455922594252177793e-01
5.000000000000000000e+00 1.148698354997014670e+00 4.600000000000000200e-01 1.185277330738518708e+00 1.544198655087012650e-01
5.000000000000000000e+00 1.231144413344894106e+00 4.600000000000000200e-01 1.181808712774280901e+00 1.432944830530705760e-01
5.000000000000000000e+00 1.319507910772870218e+00 4.600000000000000200e-01 1.169338306812175654e+00 1.191695676369704110e-01
5.000000000000000000e+00 1.414213562373068944e+00 4.600000000000000200e-01 1.160585643755856378e+00 9.788055673582791993e-02
5.000000000000000000e+00 1.515716566510369789e+00 4.600000000000000200e-01 1.156773517882575764e+00 8.784024178737351307e-02
5.000000000000000000e+00 1.624504792712440304e+00 4.600000000000000200e-01 1.158001743273002315e+00 1.033272308873711409e-01
5.000000000000000000e+00 1.741101126592214943e+00 4.600000000000000200e-01 1.160858084425066661e+00 1.167900171157902761e-01
5.000000000000000000e+00 1.866065983073578627e+00 4.600000000000000200e-01 1.176929164839311870e+00 1.409533151499881565e-01
5.000000000000000000e+00 1.999999999999960698e+00 4.600000000000000200e-01 1.172762180602958448e+00 1.301253276213351351e-01
5.000000000000000000e+00 2.143546925072543630e+00 4.600000000000000200e-01 1.164748460942433450e+00 1.094102265411959346e-01
5.000000000000000000e+00 2.297396709994023567e+00 4.600000000000000200e-01 1.181615466191896946e+00 1.285011741694291887e-01
5.000000000000000000e+00 2.462288826689782439e+00 4.600000000000000200e-01 1.189298368189888322e+00 1.567980951133479406e-01
5.000000000000000000e+00 2.639015821545733775e+00 4.600000000000000200e-01 1.192222220951520750e+00 1.580016871295752134e-01
5.000000000000000000e+00 2.828427124746130783e+00 4.600000000000000200e-01 1.188188399371051585e+00 1.454228143865930467e-01
5.000000000000000000e+00 3.031433133020732029e+00 4.600000000000000200e-01 1.178329047423332998e+00 1.314425590713967362e-01
5.000000000000000000e+00 3.249009585424872615e+00 4.600000000000000200e-01 1.208249318466442013e+00 2.144435419308834412e-01
5.000000000000000000e+00 3.482202253184421004e+00 4.600000000000000200e-01 1.196428425664908035e+00 1.901123008099274703e-01
5.000000000000000000e+00 3.732131966147147928e+00 4.600000000000000200e-01 1.152620656151048140e+00 9.189538532406643645e-02
5.000000000000000000e+00 3.999999999999911182e+00 4.600000000000000200e-01 1.126659158299729402e+00 4.541753971766011866e-02
5.000000000000000000e+00 4.287093850145076601e+00 4.600000000000000200e-01 1.154495574327743634e+00 1.288064045475024455e-01
5.000000000000000000e+00 4.594793419988035588e+00 4.600000000000000200e-01 1.141445403840794626e+00 6.075346183020237378e-02
5.000000000000000000e+00 4.924577653379552444e+00 4.600000000000000200e-01 1.162826654412978389e+00 6.679477758222072958e-02
5.000000000000000000e+00 5.278031643091455116e+00 4.600000000000000200e-01 1.148045738812337735e+00 1.168936926666864357e-01
5.000000000000000000e+00 5.656854249492248243e+00 4.600000000000000200e-01 1.131763007003709465e+00 7.828879777617515912e-02
5.000000000000000000e+00 6.062866266041448959e+00 4.600000000000000200e-01 1.165164084972485581e+00 7.473996530814626393e-02
5.000000000000000000e+00 6.498019170849729242e+00 4.600000000000000200e-01 1.148778707069217475e+00 6.424106386589514828e-02
5.000000000000000000e+00 6.964404506368825132e+00 4.600000000000000200e-01 1.138292176206093576e+00 5.744777359484896234e-02
5.000000000000000000e+00 7.464263932294277204e+00 4.600000000000000200e-01 1.161624489873091859e+00 5.833252904588847459e-02
5.000000000000000000e+00 7.999999999999802824e+00 4.600000000000000200e-01 1.140521973071767503e+00 6.100558168301533496e-02
5.000000000000000000e+00 8.574187700290131886e+00 4.600000000000000200e-01 1.163267066994165377e+00 1.028346343812794883e-01
5.000000000000000000e+00 9.189586839976049859e+00 4.600000000000000200e-01 1.150095266719653342e+00 7.849342457809217743e-02
5.000000000000000000e+00 9.849155306759080020e+00 4.600000000000000200e-01 1.193789735493516968e+00 1.078555046534044326e-01
5.000000000000000000e+00 1.055606328618288359e+01 4.600000000000000200e-01 1.223312201391874465e+00 1.274644176993358913e-01
5.000000000000000000e+00 1.131370849898446806e+01 4.600000000000000200e-01 1.179374314806165058e+00 1.025674846539951918e-01
5.000000000000000000e+00 1.212573253208286772e+01 4.600000000000000200e-01 1.163379516655651091e+00 6.190341044727357828e-02
5.000000000000000000e+00 1.299603834169942651e+01 4.600000000000000200e-01 1.196896342900533039e+00 1.039956822453924346e-01
5.000000000000000000e+00 1.392880901273761651e+01 4.600000000000000200e-01 1.168094053997004389e+00 1.083687245163895002e-01
5.000000000000000000e+00 1.492852786458851710e+01 4.600000000000000200e-01 1.150251623248340183e+00 8.308026037204339909e-02
5.000000000000000000e+00 1.599999999999956657e+01 4.600000000000000200e-01 1.180347920740356660e+00 1.567161179396835691e-01
5.000000000000000000e+00 1.714837540058022114e+01 4.600000000000000200e-01 1.160342473633646510e+00 8.977377796650343189e-02
5.000000000000000000e+00 1.837917367995205353e+01 4.600000000000000200e-01 1.186990945882577586e+00 8.706803300650953203e-02
5.000000000000000000e+00 1.969831061351811385e+01 4.600000000000000200e-01 1.157962063576154943e+00 1.169949775595712921e-01
5.000000000000000000e+00 2.111212657236571388e+01 4.600000000000000200e-01 1.157044729061240007e+00 7.757926036498100086e-02
5.000000000000000000e+00 2.262741699796887929e+01 4.600000000000000200e-01 1.134161007792320985e+00 5.338771099897308969e-02
5.000000000000000000e+00 2.425146506416567505e+01 4.600000000000000200e-01 1.139003016047995587e+00 4.821685465584173852e-02
5.000000000000000000e+00 2.599207668339878907e+01 4.600000000000000200e-01 1.200237203001037312e+00 1.517174099185564229e-01
5.000000000000000000e+00 2.785761802547516197e+01 4.600000000000000200e-01 1.169440393650319709e+00 1.189405029110942313e-01
5.000000000000000000e+00 2.985705572917696315e+01 4.600000000000000200e-01 1.157998367756584601e+00 6.849611177417468111e-02
5.000000000000000000e+00 3.199999999999905498e+01 4.600000000000000200e-01 1.158702583439252809e+00 8.918113275480517299e-02
