1.000000000000000000e+00 6.250000000000000000e-02 0.000000000000000000e+00 1.029475785568264135e+00 4.643553839229504904e-02
1.000000000000000000e+00 6.698584140851832069e-02 0.000000000000000000e+00 1.020126112709632382e+00 3.121446587402227496e-02
1.000000000000000000e+00 7.179364718731469364e-02 0.000000000000000000e+00 1.013757176853034236e+00 2.074793714708979969e-02
1.000000000000000000e+00 7.694652583405728330e-02 0.000000000000000000e+00 1.009441153797427715e+00 1.355742283810318187e-02
1.000000000000000000e+00 8.246924442330591520e-02 0.000000000000000000e+00 1.006681331864665907e+00 9.105773152027997128e-03
1.000000000000000000e+00 8.838834764831847435e-02 0.000000000000000000e+00 1.004931787942624499e+00 6.389650358051975412e-03
1.000000000000000000e+00 9.473228540689991595e-02 0.000000000000000000e+00 1.003881010796416673e+00 5.017446410841982021e-03
1.000000000000000000e+00 1.015315495445294897e-01 0.000000000000000000e+00 1.003255025810054324e+00 4.392433962923642139e-03
1.000000000000000000e+00 1.088188204120155711e-01 0.000000000000000000e+00 1.002851812024021960e+00 4.041771937765481146e-03
1.000000000000000000e+00 1.166291239421009956e-01 0.000000000000000000e+00 1.002518171453724571e+00 3.739487902962861272e-03
1.000000000000000000e+00 1.250000000000000833e-01 0.000000000000000000e+00 1.002195680443872527e+00 3.403387535900386906e-03
1.000000000000000000e+00 1.339716828170367247e-01 0.000000000000000000e+00 1.001854445396400672e+00 2.978070005117414935e-03
1.000000000000000000e+00 1.435872943746294705e-01 0.000000000000000000e+00 1.001513681509875076e+00 2.500394399384186714e-03
1.000000000000000000e+00 1.538930516681146499e-01 0.000000000000000000e+00 1.001184763148422752e+00 1.994297210671598566e-03
1.000000000000000000e+00 1.649384888466119137e-01 0.000000000000000000e+00 1.000884064296140297e+00 1.507560065692364979e-03
1.000000000000000000e+00 1.767766952966370320e-01 0.000000000000000000e+00 1.000629877039620919e+00 1.072879544129933709e-03
1.000000000000000000e+00 1.894645708137999429e-01 0.000000000000000000e+00 1.000425788076453548e+00 7.154586993871276182e-04
1.000000000000000000e+00 2.030630990890590903e-01 0.000000000000000000e+00 1.000277278429878347e+00 4.583900008260824010e-04
1.000000000000000000e+00 2.176376408240312810e-01 0.000000000000000000e+00 1.000174275715594474e+00 2.811973965404608524e-04
1.000000000000000000e+00 2.332582478842021301e-01 0.000000000000000000e+00 1.000106935406044784e+00 1.662764210505475416e-04
1.000000000000000000e+00 2.500000000000003331e-01 0.000000000000000000e+00 1.000067576996353846e+00 9.561307920275356200e-05
1.000000000000000000e+00 2.679433656340736158e-01 0.000000000000000000e+00 1.000047888472910707e+00 5.462318820484887005e-05
1.000000000000000000e+00 2.871745887492591631e-01 0.000000000000000000e+00 1.000042588251473408e+00 4.279204303955543969e-05
1.000000000000000000e+00 3.077861033362295218e-01 0.000000000000000000e+00 1.000049932292567778e+00 6.074495542232090920e-05
1.000000000000000000e+00 3.298769776932240494e-01 0.000000000000000000e+00 1.000070022522542512e+00 9.739721788238692645e-05
1.000000000000000000e+00 3.535533905932742860e-01 0.000000000000000000e+00 1.000106251760335185e+00 1.545657842450593096e-04
1.000000000000000000e+00 3.789291416276001079e-01 0.000000000000000000e+00 1.000166159684507949e+00 2.440107728849430198e-04
1.000000000000000000e+00 4.061261981781184582e-01 0.000000000000000000e+00 1.000263307562562431e+00 3.867454803676313312e-04
1.000000000000000000e+00 4.352752816480628395e-01 0.000000000000000000e+00 1.000421677681919252e+00 6.181995621192250224e-04
1.000000000000000000e+00 4.665164957684045377e-01 0.000000000000000000e+00 1.000682774232333649e+00 9.998802722979453425e-04
1.000000000000000000e+00 5.000000000000008882e-01 0.000000000000000000e+00 1.001122472339399661e+00 1.637658275862477562e-03
1.000000000000000000e+00 5.358867312681475648e-01 0.000000000000000000e+00 1.001878899624863095e+00 2.717616406818005020e-03
1.000000000000000000e+00 5.743491774985186593e-01 0.000000000000000000e+00 1.003216172863981015e+00 4.575279116981688897e-03
1.000000000000000000e+00 6.155722066724593766e-01 0.000000000000000000e+00 1.005665435590998857e+00 7.832695610437544892e-03
1.000000000000000000e+00 6.597539553864485429e-01 0.000000000000000000e+00 1.010371659201861672e+00 1.373534688240070877e-02
1.000000000000000000e+00 7.071067811865490160e-01 0.000000000000000000e+00 1.019903208278445161e+00 2.542395550435229759e-02
1.000000000000000000e+00 7.578582832552007709e-01 0.000000000000000000e+00 1.038490468281596080e+00 5.021712805850347960e-02
1.000000000000000000e+00 8.122523963562373606e-01 0.000000000000000000e+00 1.062073129256551063e+00 7.783537517249498883e-02
1.000000000000000000e+00 8.705505632961261231e-01 0.000000000000000000e+00 1.085697269010130084e+00 9.673668922887390664e-02
1.000000000000000000e+00 9.330329915368096305e-01 0.000000000000000000e+00 1.116078234561703297e+00 1.231116228782764416e-01
1.000000000000000000e+00 1.000000000000002442e+00 0.000000000000000000e+00 1.152230733103618343e+00 1.490391684306986431e-01
1.000000000000000000e+00 1.071773462536295574e+00 0.000000000000000000e+00 1.218654472992625637e+00 2.018548399390779347e-01
1.000000000000000000e+00 1.148698354997037985e+00 0.000000000000000000e+00 1.233007576574445263e+00 2.252203687264357768e-01
1.000000000000000000e+00 1.231144413344919863e+00 0.000000000000000000e+00 1.205481753953393076e+00 1.921548353064201076e-01
1.000000000000000000e+00 1.319507910772897752e+00 0.000000000000000000e+00 1.220064688744801673e+00 2.206665344463727696e-01
1.000000000000000000e+00 1.414213562373098476e+00 0.000000000000000000e+00 1.259047525463109052e+00 2.803172381065231478e-01
1.000000000000000000e+00 1.515716566510402430e+00 0.000000000000000000e+00 1.245023525012217691e+00 2.483304711239358586e-01
1.000000000000000000e+00 1.624504792712476275e+00 0.000000000000000000e+00 1.308644540833858949e+00 2.368209446082331360e-01
1.000000000000000000e+00 1.741101126592253356e+00 0.000000000000000000e+00 1.317192689922952464e+00 2.637836594046156224e-01
1.000000000000000000e+00 1.866065983073619927e+00 0.000000000000000000e+00 1.298018037789553158e+00 3.160120580555990100e-01
1.000000000000000000e+00 2.000000000000006217e+00 0.000000000000000000e+00 1.215710779867449798e+00 1.857421221415151980e-01
1.000000000000000000e+00 2.143546925072593812e+00 0.000000000000000000e+00 1.253825447823230244e+00 2.861584799067560803e-01
1.000000000000000000e+00 2.297396709994077302e+00 0.000000000000000000e+00 1.238522156371167027e+00 2.037815796980460281e-01
1.000000000000000000e+00 2.462288826689839727e+00 0.000000000000000000e+00 1.252679817564665843e+00 2.310391964310419821e-01
1.000000000000000000e+00 2.639015821545797280e+00 0.000000000000000000e+00 1.201974809491502150e+00 1.958298668630493455e-01
1.000000000000000000e+00 2.828427124746200505e+00 0.000000000000000000e+00 1.197853759865335599e+00 1.886293852378806146e-01
1.000000000000000000e+00 3.031433133020806636e+00 0.000000000000000000e+00 1.171980505996641941e+00 1.237825016513698223e-01
1.000000000000000000e+00 3.249009585424952551e+00 0.000000000000000000e+00 1.174614209219696281e+00 1.004657408899678889e-01
1.000000000000000000e+00 3.482202253184508933e+00 0.000000000000000000e+00 1.263095575985634822e+00 2.563009985181921024e-01
1.000000000000000000e+00 3.732131966147244295e+00 0.000000000000000000e+00 1.223773261566040604e+00 2.558619068378915618e-01
1.000000000000000000e+00 4.000000000000015099e+00 0.000000000000000000e+00 1.313973062949647108e+00 3.461241702020618205e-01
1.000000000000000000e+00 4.287093850145187623e+00 0.000000000000000000e+00 1.311408846461143529e+00 2.254400042094904522e-01
1.000000000000000000e+00 4.594793419988157268e+00 0.000000000000000000e+00 1.278735212716364256e+00 2.207263469546469903e-01
1.000000000000000000e+00 4.924577653379685671e+00 0.000000000000000000e+00 1.289223796834005897e+00 3.809065154872878223e-01
1.000000000000000000e+00 5.278031643091598113e+00 0.000000000000000000e+00 1.151895265331559282e+00 1.359861217372599074e-01
1.000000000000000000e+00 5.656854249492401010e+00 0.000000000000000000e+00 1.202903832734662837e+00 2.132646271594788034e-01
1.000000000000000000e+00 6.062866266041616825e+00 0.000000000000000000e+00 1.304988823097891659e+00 2.275552986404680289e-01
1.000000000000000000e+00 6.498019170849913095e+00 0.000000000000000000e+00 1.255613281423537675e+00 1.566097781181132464e-01
1.000000000000000000e+00 6.964404506369022307e+00 0.000000000000000000e+00 1.219133201554974733e+00 1.560676454798954060e-01
1.000000000000000000e+00 7.464263932294488590e+00 0.000000000000000000e+00 1.201600676656552569e+00 1.311990631340826108e-01
1.000000000000000000e+00 8.000000000000033751e+00 0.000000000000000000e+00 1.236944240318957222e+00 1.564005993257686356e-01
1.000000000000000000e+00 8.574187700290385905e+00 0.000000000000000000e+00 1.344661460412048815e+00 2.005841475168682886e-01
1.000000000000000000e+00 9.189586839976321642e+00 0.000000000000000000e+00 1.220106545742801307e+00 1.147051120555573067e-01
1.000000000000000000e+00 9.849155306759371342e+00 0.000000000000000000e+00 1.400128142009005039e+00 3.551648730860580971e-01
1.000000000000000000e+00 1.055606328618320155e+01 0.000000000000000000e+00 1.247350209796902920e+00 3.229207817797222213e-01
1.000000000000000000e+00 1.131370849898481623e+01 0.000000000000000000e+00 1.381428970666688461e+00 4.285788658987224053e-01
1.000000000000000000e+00 1.212573253208324076e+01 0.000000000000000000e+00 1.428487854641723453e+00 5.777268873088239332e-01
1.000000000000000000e+00 1.299603834169982619e+01 0.000000000000000000e+00 1.241071709776399690e+00 1.532641443567197559e-01
1.000000000000000000e+00 1.392880901273805350e+01 0.000000000000000000e+00 1.186628060617223479e+00 1.277756344561781221e-01
1.000000000000000000e+00 1.492852786458899672e+01 0.000000000000000000e+00 1.364712822043911755e+00 5.411245108785999181e-01
1.000000000000000000e+00 1.600000000000007816e+01 0.000000000000000000e+00 1.180294749457093006e+00 1.076479148806831210e-01
1.000000000000000000e+00 1.714837540058077181e+01 0.000000000000000000e+00 1.351929917737270781e+00 3.573620460401222831e-01
1.000000000000000000e+00 1.837917367995264328e+01 0.000000000000000000e+00 1.179183271808672107e+00 1.056535927774543554e-01
1.000000000000000000e+00 1.969831061351876755e+01 0.000000000000000000e+00 1.182045856272315287e+00 1.279075067639046936e-01
1.000000000000000000e+00 2.111212657236641732e+01 0.000000000000000000e+00 1.360611346827758972e+00 3.964358313957997426e-01
1.000000000000000000e+00 2.262741699796963246e+01 0.000000000000000000e+00 1.507095373037966812e+00 5.235615984048249683e-01
1.000000000000000000e+00 2.425146506416651349e+01 0.000000000000000000e+00 1.212282116311475644e+00 2.228112836188229084e-01
1.000000000000000000e+00 2.599207668339968436e+01 0.000000000000000000e+00 1.318764923715028292e+00 3.180115503867969595e-01
1.000000000000000000e+00 2.785761802547612476e+01 0.000000000000000000e+00 1.267814616250758863e+00 2.472268850041609844e-01
1.000000000000000000e+00 2.985705572917799344e+01 0.000000000000000000e+00 1.275837785703642480e+00 3.178397585537850456e-01
1.000000000000000000e+00 3.200000000000015632e+01 0.000000000000000000e+00 1.159608063608677408e+00 1.050357831967153599e-01
1.000000000000000000e+00 3.429675080116158625e+01 0.000000000000000000e+00 1.183808449835175969e+00 1.086984451388925688e-01
1.000000000000000000e+00 3.675834735990532920e+01 0.000000000000000000e+00 1.208211484545099079e+00 1.281763350373648636e-01
1.000000000000000000e+00 3.939662122703753511e+01 0.000000000000000000e+00 1.276901365916259579e+00 2.117596442422182146e-01
1.000000000000000000e+00 4.222425314473288438e+01 0.000000000000000000e+00 1.303743256339470857e+00 3.912648471915600723e-01
1.000000000000000000e+00 4.525483399593932177e+01 0.000000000000000000e+00 1.239935821520656178e+00 2.747590208493188579e-01
1.000000000000000000e+00 4.850293012833302697e+01 0.000000000000000000e+00 1.348126543816774880e+00 3.800155077921871793e-01
1.000000000000000000e+00 5.198415336679936871e+01 0.000000000000000000e+00 1.150068326926815043e+00 1.163605543328986719e-01
1.000000000000000000e+00 5.571523605095224951e+01 0.000000000000000000e+00 1.235327027551630596e+00 1.541964997412116622e-01
1.000000000000000000e+00 5.971411145835605794e+01 0.000000000000000000e+00 1.332416686890236512e+00 2.902279876304783013e-01
1.000000000000000000e+00 6.400000000000039790e+01 0.000000000000000000e+00 1.349499321426361753e+00 3.708560934095476158e-01
1.000000000000000000e+00 6.859350160232317251e+01 0.000000000000000000e+00 1.338674950086659488e+00 3.702812420845905117e-01
1.000000000000000000e+00 7.351669471981074366e+01 0.000000000000000000e+00 1.169639330621100815e+00 1.861647310076339212e-01
1.000000000000000000e+00 7.879324245407516969e+01 0.000000000000000000e+00 1.276270748955170564e+00 3.004509740802269180e-01
1.000000000000000000e+00 8.444850628946576876e+01 0.000000000000000000e+00 1.256010162153170739e+00 2.783656224483145314e-01
1.000000000000000000e+00 9.050966799187864353e+01 0.000000000000000000e+00 1.184013997127362883e+00 1.574790626443966501e-01
1.000000000000000000e+00 9.700586025666605394e+01 0.000000000000000000e+00 1.311230061519855994e+00 2.748577248285730135e-01
1.000000000000000000e+00 1.039683067335988653e+02 0.000000000000000000e+00 1.341973010603645156e+00 2.966348615705626801e-01
1.000000000000000000e+00 1.114304721019046269e+02 0.000000000000000000e+00 1.233090661000386890e+00 1.129367178374019454e-01
1.000000000000000000e+00 1.194282229167121159e+02 0.000000000000000000e+00 1.245663944036453197e+00 2.737220861013765494e-01
1.000000000000000000e+00 1.280000000000009379e+02 0.000000000000000000e+00 1.188035634563165743e+00 1.143518519574230619e-01
