5.000000000000000000e+00 7.812500000000000000e-03 9.499999999999999556e-01 4.423284622382498199e+00 1.246484665362576738e+00
5.000000000000000000e+00 8.373230176064788352e-03 9.499999999999999556e-01 4.762462310826522938e+00 9.713635384663577010e-01
5.000000000000000000e+00 8.974205898414331500e-03 9.499999999999999556e-01 4.375738814440078173e+00 1.069376741233438510e+00
5.000000000000000000e+00 9.618315729257151739e-03 9.499999999999999556e-01 4.616952778484390230e+00 9.004864122068060306e-01
5.000000000000000000e+00 1.030865555291322552e-02 9.499999999999999556e-01 4.048650501986474026e+00 1.351596718494805449e+00
5.000000000000000000e+00 1.104854345603979195e-02 9.499999999999999556e-01 4.187844687690757794e+00 9.639273978349662819e-01
5.000000000000000000e+00 1.184153567586246694e-02 9.499999999999999556e-01 4.060640962202482385e+00 1.163795247504699537e+00
5.000000000000000000e+00 1.269144369306615845e-02 9.499999999999999556e-01 4.047598818722614844e+00 1.158233198595921332e+00
5.000000000000000000e+00 1.360235255150191343e-02 9.499999999999999556e-01 3.565391822573964475e+00 1.154089125493022783e+00
5.000000000000000000e+00 1.457864049276258282e-02 9.499999999999999556e-01 3.385846766044118716e+00 9.921364325949110219e-01
5.000000000000000000e+00 1.562499999999996184e-02 9.499999999999999556e-01 3.443013816389073778e+00 1.067223554331857560e+00
5.000000000000000000e+00 1.674646035212953507e-02 9.499999999999999556e-01 3.334542127370244025e+00 9.605582290504136589e-01
5.000000000000000000e+00 1.794841179682861790e-02 9.499999999999999556e-01 3.045068777850079567e+00 8.029546456424612177e-01
5.000000000000000000e+00 1.923663145851425491e-02 9.499999999999999556e-01 2.872034263078053762e+00 7.948762116116462328e-01
5.000000000000000000e+00 2.061731110582640247e-02 9.499999999999999556e-01 2.698378079905111804e+00 8.045749391310997867e-01
5.000000000000000000e+00 2.209708691207952838e-02 9.499999999999999556e-01 2.652414893753866743e+00 8.501113249905504210e-01
5.000000000000000000e+00 2.368307135172487837e-02 9.499999999999999556e-01 2.517194613472996334e+00 8.549374536361300514e-01
5.000000000000000000e+00 2.538288738613225445e-02 9.499999999999999556e-01 2.486268893535260815e+00 8.193593975478455915e-01
5.000000000000000000e+00 2.720470510300375747e-02 9.499999999999999556e-01 2.422296557333742495e+00 8.105145865503472491e-01
5.000000000000000000e+00 2.915728098552509626e-02 9.499999999999999556e-01 2.318475615593227346e+00 7.449772760441306652e-01
5.000000000000000000e+00 3.124999999999984734e-02 9.499999999999999556e-01 2.223445566605669388e+00 7.517464956932554676e-01
5.000000000000000000e+00 3.349292070425898687e-02 9.499999999999999556e-01 2.062802811593754448e+00 7.944766897738160250e-01
5.000000000000000000e+00 3.589682359365715253e-02 9.499999999999999556e-01 1.884384216451538308e+00 7.564470627389071611e-01
5.000000000000000000e+00 3.847326291702841267e-02 9.499999999999999556e-01 1.725041619307438934e+00 7.704084250920151256e-01
5.000000000000000000e+00 4.123462221165270086e-02 9.499999999999999556e-01 1.586950298578573282e+00 7.606105859913732115e-01
5.000000000000000000e+00 4.419417382415894574e-02 9.499999999999999556e-01 1.474134794823144023e+00 7.161869655959837155e-01
5.000000000000000000e+00 4.736614270344963878e-02 9.499999999999999556e-01 1.362282572436840145e+00 6.222683862048249415e-01
5.000000000000000000e+00 5.076577477226438401e-02 9.499999999999999556e-01 1.281919405268783008e+00 5.577654892675979470e-01
5.000000000000000000e+00 5.440941020600738309e-02 9.499999999999999556e-01 1.226734798336692744e+00 5.083585186624706154e-01
5.000000000000000000e+00 5.831456197105004680e-02 9.499999999999999556e-01 1.199553449281835160e+00 4.965912129094184890e-01
5.000000000000000000e+00 6.249999999999953509e-02 9.499999999999999556e-01 1.183365349108476794e+00 4.864565282039704508e-01
5.000000000000000000e+00 6.698584140851780722e-02 9.499999999999999556e-01 1.184036186318616179e+00 5.089614073689164853e-01
5.000000000000000000e+00 7.179364718731412465e-02 9.499999999999999556e-01 1.188273270227697243e+00 5.328306297389320267e-01
5.000000000000000000e+00 7.694652583405664492e-02 9.499999999999999556e-01 1.197512070850768495e+00 5.672915062261115748e-01
5.000000000000000000e+00 8.246924442330520744e-02 9.499999999999999556e-01 1.204938503355258650e+00 5.941064796648102275e-01
5.000000000000000000e+00 8.838834764831768331e-02 9.499999999999999556e-01 1.204180159485243040e+00 5.952031912125377300e-01
5.000000000000000000e+00 9.473228540689904165e-02 9.499999999999999556e-01 1.195703248861108126e+00 5.723206764067015895e-01
5.000000000000000000e+00 1.015315495445285182e-01 9.499999999999999556e-01 1.175248379113966068e+00 5.128537916888000758e-01
5.000000000000000000e+00 1.088188204120145025e-01 9.499999999999999556e-01 1.152387176713845607e+00 4.456269354081709433e-01
5.000000000000000000e+00 1.166291239420998022e-01 9.499999999999999556e-01 1.132957229016042788e+00 3.882794223860789318e-01
5.000000000000000000e+00 1.249999999999987649e-01 9.499999999999999556e-01 1.114550234098091064e+00 3.337053305261883374e-01
5.000000000000000000e+00 1.339716828170352814e-01 9.499999999999999556e-01 1.099915830307261366e+00 2.902632858750045508e-01
5.000000000000000000e+00 1.435872943746278885e-01 9.499999999999999556e-01 1.086277720706692707e+00 2.497078546472367433e-01
5.000000000000000000e+00 1.538930516681129013e-01 9.499999999999999556e-01 1.077439873486459643e+00 2.235070511010440186e-01
5.000000000000000000e+00 1.649384888466099985e-01 9.499999999999999556e-01 1.067178553573209454e+00 1.930233105195878762e-01
5.000000000000000000e+00 1.767766952966349225e-01 9.499999999999999556e-01 1.055025506547484726e+00 1.568699214404757902e-01
5.000000000000000000e+00 1.894645708137976114e-01 9.499999999999999556e-01 1.041953034170965076e+00 1.179738295845845775e-01
5.000000000000000000e+00 2.030630990890565368e-01 9.499999999999999556e-01 1.031260320799765928e+00 8.623746082655289746e-02
5.000000000000000000e+00 2.176376408240284499e-01 9.499999999999999556e-01 1.024645728689783652e+00 6.675645367416978282e-02
5.000000000000000000e+00 2.332582478841990492e-01 9.499999999999999556e-01 1.019969669372635002e+00 5.311000125429107821e-02
5.000000000000000000e+00 2.499999999999969191e-01 9.499999999999999556e-01 1.015592957972023314e+00 4.037418303843093997e-02
5.000000000000000000e+00 2.679433656340699521e-01 9.499999999999999556e-01 1.011952468746341482e+00 2.984621372061757247e-02
5.000000000000000000e+00 2.871745887492550553e-01 9.499999999999999556e-01 1.010301437758472476e+00 2.525960371645235431e-02
5.000000000000000000e+00 3.077861033362250809e-01 9.499999999999999556e-01 1.010128626683030273e+00 2.503996972975343349e-02
5.000000000000000000e+00 3.298769776932191644e-01 9.499999999999999556e-01 1.010257860769961713e+00 2.559458562080087207e-02
5.000000000000000000e+00 3.535533905932689569e-01 9.499999999999999556e-01 1.010785317265684879e+00 2.709207287853755697e-02
5.000000000000000000e+00 3.789291416275942792e-01 9.499999999999999556e-01 1.011610532453019795e+00 2.902589287003683183e-02
5.000000000000000000e+00 4.061261981781120745e-01 9.499999999999999556e-01 1.012446784437338376e+00 3.015861895915464969e-02
5.000000000000000000e+00 4.352752816480558451e-01 9.499999999999999556e-01 1.013319658859910266e+00 2.987641127283869463e-02
5.000000000000000000e+00 4.665164957683969327e-01 9.499999999999999556e-01 1.014553530011089943e+00 2.790611458393211369e-02
5.000000000000000000e+00 4.999999999999926170e-01 9.499999999999999556e-01 1.016927175178520715e+00 2.452679806739984161e-02
5.000000000000000000e+00 5.358867312681385719e-01 9.499999999999999556e-01 1.021943873162278527e+00 2.178151886849820709e-02
5.000000000000000000e+00 5.743491774985087783e-01 9.499999999999999556e-01 1.031334256843362551e+00 2.587318777104962580e-02
5.000000000000000000e+00 6.155722066724486075e-01 9.499999999999999556e-01 1.045108899850569761e+00 3.934798160029252811e-02
5.000000000000000000e+00 6.597539553864367745e-01 9.499999999999999556e-01 1.060359072045752749e+00 5.347591223435503582e-02
5.000000000000000000e+00 7.071067811865362485e-01 9.499999999999999556e-01 1.075149869504389954e+00 6.029756156008543588e-02
5.000000000000000000e+00 7.578582832551866710e-01 9.499999999999999556e-01 1.089326846351695632e+00 6.470266510396531501e-02
5.000000000000000000e+00 8.122523963562221505e-01 9.499999999999999556e-01 1.107400264537796053e+00 7.779169487692473572e-02
5.000000000000000000e+00 8.705505632961095808e-01 9.499999999999999556e-01 1.126896995313481309e+00 9.206657633744212699e-02
5.000000000000000000e+00 9.330329915367915339e-01 9.499999999999999556e-01 1.142545599502423403e+00 1.083840308287462167e-01
5.000000000000000000e+00 9.999999999999827915e-01 9.499999999999999556e-01 1.155045436887041976e+00 1.211726756580286946e-01
5.000000000000000000e+00 1.071773462536274479e+00 9.499999999999999556e-01 1.169368772490725572e+00 1.360689390550852973e-01
5.000000000000000000e+00 1.148698354997014670e+00 9.499999999999999556e-01 1.178166975603790467e+00 1.451857249966249652e-01
5.000000000000000000e+00 1.231144413344894106e+00 9.499999999999999556e-01 1.174575300162976399e+00 1.360205660852693843e-01
5.000000000000000000e+00 1.319507910772870218e+00 9.499999999999999556e-01 1.161894148343509237e+00 1.146043986223411193e-01
5.000000000000000000e+00 1.414213562373068944e+00 9.499999999999999556e-01 1.152004500654799868e+00 9.482961567976724848e-02
5.000000000000000000e+00 1.515716566510369789e+00 9.499999999999999556e-01 1.147348265035042836e+00 8.444274533684130446e-02
5.000000000000000000e+00 1.624504792712440304e+00 9.499999999999999556e-01 1.148842027655857745e+00 9.866700239064096767e-02
5.000000000000000000e+00 1.741101126592214943e+00 9.499999999999999556e-01 1.151654824728226112e+00 1.105260000891661182e-01
5.000000000000000000e+00 1.866065983073578627e+00 9.499999999999999556e-01 1.166506961490887395e+00 1.323551848067582859e-01
5.000000000000000000e+00 1.999999999999960698e+00 9.499999999999999556e-01 1.163375430782282782e+00 1.228641495939149231e-01
5.000000000000000000e+00 2.143546925072543630e+00 9.499999999999999556e-01 1.157099217514568235e+00 1.028108396151364290e-01
5.000000000000000000e+00 2.297396709994023567e+00 9.499999999999999556e-01 1.174037339952852310e+00 1.220977336757688159e-01
5.000000000000000000e+00 2.462288826689782439e+00 9.499999999999999556e-01 1.181375970978310708e+00 1.491582005781758313e-01
5.000000000000000000e+00 2.639015821545733775e+00 9.499999999999999556e-01 1.182984367065074593e+00 1.474200224653339220e-01
5.000000000000000000e+00 2.828427124746130783e+00 9.499999999999999556e-01 1.176435678577852695e+00 1.351676716173783044e-01
5.000000000000000000e+00 3.031433133020732029e+00 9.499999999999999556e-01 1.166137140303470598e+00 1.214775043005504040e-01
5.000000000000000000e+00 3.249009585424872615e+00 9.499999999999999556e-01 1.197047881207056408e+00 2.040749345629913336e-01
5.000000000000000000e+00 3.482202253184421004e+00 9.499999999999999556e-01 1.185839620686056861e+00 1.819420268438869948e-01
5.000000000000000000e+00 3.732131966147147928e+00 9.499999999999999556e-01 1.145858734479246355e+00 8.925420028679634243e-02
5.000000000000000000e+00 3.999999999999911182e+00 9.499999999999999556e-01 1.119366589509947829e+00 4.338892674278373163e-02
5.000000000000000000e+00 4.287093850145076601e+00 9.499999999999999556e-01 1.144075473892644190e+00 1.196946429774323195e-01
5.000000000000000000e+00 4.594793419988035588e+00 9.499999999999999556e-01 1.133278731949318940e+00 5.710376450887499900e-02
5.000000000000000000e+00 4.924577653379552444e+00 9.499999999999999556e-01 1.152892019565908699e+00 6.059319140961703237e-02
5.000000000000000000e+00 5.278031643091455116e+00 9.499999999999999556e-01 1.140260453217568415e+00 1.098406569357494866e-01
5.000000000000000000e+00 5.656854249492248243e+00 9.499999999999999556e-01 1.122452928781301429e+00 7.066580723492482674e-02
5.000000000000000000e+00 6.062866266041448959e+00 9.499999999999999556e-01 1.153612007473058698e+00 6.929712222858168402e-02
5.000000000000000000e+00 6.498019170849729242e+00 9.499999999999999556e-01 1.139546300565724479e+00 6.051086660644140053e-02
5.000000000000000000e+00 6.964404506368825132e+00 9.499999999999999556e-01 1.130275032865684093e+00 5.314766461128193897e-02
5.000000000000000000e+00 7.464263932294277204e+00 9.499999999999999556e-01 1.153246765636446902e+00 5.402845926906621465e-02
5.000000000000000000e+00 7.999999999999802824e+00 9.499999999999999556e-01 1.131814417132063211e+00 5.699402742701333013e-02
5.000000000000000000e+00 8.574187700290131886e+00 9.499999999999999556e-01 1.152822914430259527e+00 9.308363262048015285e-02
5.000000000000000000e+00 9.189586839976049859e+00 9.499999999999999556e-01 1.140902781616903727e+00 7.408558897864865600e-02
5.000000000000000000e+00 9.849155306759080020e+00 9.499999999999999556e-01 1.182176248925008277e+00 1.011180731214753742e-01
5.000000000000000000e+00 1.055606328618288359e+01 9.499999999999999556e-01 1.211775098418056196e+00 1.221512598567833230e-01
5.000000000000000000e+00 1.131370849898446806e+01 9.499999999999999556e-01 1.170424980929511305e+00 9.748777723998014455e-02
5.000000000000000000e+00 1.212573253208286772e+01 9.499999999999999556e-01 1.155768317763574915e+00 5.856586464573598771e-02
5.000000000000000000e+00 1.299603834169942651e+01 9.499999999999999556e-01 1.184589510332245910e+00 9.679467589841042607e-02
5.000000000000000000e+00 1.392880901273761651e+01 9.499999999999999556e-01 1.158724263399314669e+00 1.031123517698895875e-01
5.000000000000000000e+00 1.492852786458851710e+01 9.499999999999999556e-01 1.141171631949245535e+00 8.008359135021046737e-02
5.000000000000000000e+00 1.599999999999956657e+01 9.499999999999999556e-01 1.169714672470218320e+00 1.475235009184430734e-01
5.000000000000000000e+00 1.714837540058022114e+01 9.499999999999999556e-01 1.151708030793045401e+00 8.523886479662590165e-02
5.000000000000000000e+00 1.837917367995205353e+01 9.499999999999999556e-01 1.178325923873578818e+00 8.278118687117939911e-02
5.000000000000000000e+00 1.969831061351811385e+01 9.499999999999999556e-01 1.149187095883047238e+00 1.119792508838273193e-01
5.000000000000000000e+00 2.111212657236571388e+01 9.499999999999999556e-01 1.148074434940852484e+00 7.403885465466326921e-02
5.000000000000000000e+00 2.262741699796887929e+01 9.499999999999999556e-01 1.126228301076984240e+00 5.170936953571270145e-02
5.000000000000000000e+00 2.425146506416567505e+01 9.499999999999999556e-01 1.132146960105645972e+00 4.677911062036690243e-02
5.000000000000000000e+00 2.599207668339878907e+01 9.499999999999999556e-01 1.192146715247017541e+00 1.442811240911047455e-01
5.000000000000000000e+00 2.785761802547516197e+01 9.499999999999999556e-01 1.161932622263073256e+00 1.145863113320491622e-01
5.000000000000000000e+00 2.985705572917696315e+01 9.499999999999999556e-01 1.150358846125158596e+00 6.316032330772876346e-02
5.000000000000000000e+00 3.199999999999905498e+01 9.499999999999999556e-01 1.149942669282179475e+00 8.596653745232749055e-02
