5.000000000000000000e+00 7.812500000000000000e-03 9.399999999999999467e-01 4.462229066189180138e+00 1.248491303756065873e+00
5.000000000000000000e+00 8.373230176064788352e-03 9.399999999999999467e-01 4.813509090933896672e+00 9.680178451218880431e-01
5.000000000000000000e+00 8.974205898414331500e-03 9.399999999999999467e-01 4.427515908640845765e+00 1.067476187751240646e+00
5.000000000000000000e+00 9.618315729257151739e-03 9.399999999999999467e-01 4.683782620139972153e+00 9.011942276196337476e-01
5.000000000000000000e+00 1.030865555291322552e-02 9.399999999999999467e-01 4.113977990740887769e+00 1.357978114083689292e+00
5.000000000000000000e+00 1.104854345603979195e-02 9.399999999999999467e-01 4.268234532360895450e+00 9.803989867977573880e-01
5.000000000000000000e+00 1.184153567586246694e-02 9.399999999999999467e-01 4.149588304655826398e+00 1.178423861965413044e+00
5.000000000000000000e+00 1.269144369306615845e-02 9.399999999999999467e-01 4.146580424515695640e+00 1.186073573576751583e+00
5.000000000000000000e+00 1.360235255150191343e-02 9.399999999999999467e-01 3.662479145089017063e+00 1.173256360922923847e+00
5.000000000000000000e+00 1.457864049276258282e-02 9.399999999999999467e-01 3.487094081800039103e+00 1.003352200482281908e+00
5.000000000000000000e+00 1.562499999999996184e-02 9.399999999999999467e-01 3.506753876293051686e+00 1.042843818940976552e+00
5.000000000000000000e+00 1.674646035212953507e-02 9.399999999999999467e-01 3.350760904242749749e+00 9.337029336012362402e-01
5.000000000000000000e+00 1.794841179682861790e-02 9.399999999999999467e-01 3.060631628627539236e+00 8.275618875619976667e-01
5.000000000000000000e+00 1.923663145851425491e-02 9.399999999999999467e-01 2.914537086381710829e+00 8.597418824888710676e-01
5.000000000000000000e+00 2.061731110582640247e-02 9.399999999999999467e-01 2.741478017804767742e+00 8.759535917755192358e-01
5.000000000000000000e+00 2.209708691207952838e-02 9.399999999999999467e-01 2.686208424501630443e+00 9.032395024586373777e-01
5.000000000000000000e+00 2.368307135172487837e-02 9.399999999999999467e-01 2.545256775281041328e+00 8.968703634634599409e-01
5.000000000000000000e+00 2.538288738613225445e-02 9.399999999999999467e-01 2.476289924884487181e+00 8.329092333202622322e-01
5.000000000000000000e+00 2.720470510300375747e-02 9.399999999999999467e-01 2.379872452285942686e+00 8.046438738016579162e-01
5.000000000000000000e+00 2.915728098552509626e-02 9.399999999999999467e-01 2.241008634109313835e+00 7.508594726112404194e-01
5.000000000000000000e+00 3.124999999999984734e-02 9.399999999999999467e-01 2.108688530955788565e+00 7.644517144314171286e-01
5.000000000000000000e+00 3.349292070425898687e-02 9.399999999999999467e-01 1.946339853912814721e+00 8.137394263421328100e-01
5.000000000000000000e+00 3.589682359365715253e-02 9.399999999999999467e-01 1.784414793722795434e+00 7.960123545570366721e-01
5.000000000000000000e+00 3.847326291702841267e-02 9.399999999999999467e-01 1.650483849277814219e+00 8.099648499005532853e-01
5.000000000000000000e+00 4.123462221165270086e-02 9.399999999999999467e-01 1.530764630489992228e+00 7.798619052457478329e-01
5.000000000000000000e+00 4.419417382415894574e-02 9.399999999999999467e-01 1.429406541901147465e+00 7.283187128486037221e-01
5.000000000000000000e+00 4.736614270344963878e-02 9.399999999999999467e-01 1.335411445237829176e+00 6.522111525288991629e-01
5.000000000000000000e+00 5.076577477226438401e-02 9.399999999999999467e-01 1.272489577264362737e+00 6.056486460480677847e-01
5.000000000000000000e+00 5.440941020600738309e-02 9.399999999999999467e-01 1.229165464443934930e+00 5.628474901659694662e-01
5.000000000000000000e+00 5.831456197105004680e-02 9.399999999999999467e-01 1.208720867605684868e+00 5.517997652241212192e-01
5.000000000000000000e+00 6.249999999999953509e-02 9.399999999999999467e-01 1.195386043408390275e+00 5.389000604147226037e-01
5.000000000000000000e+00 6.698584140851780722e-02 9.399999999999999467e-01 1.196001345009988004e+00 5.550814325011422801e-01
5.000000000000000000e+00 7.179364718731412465e-02 9.399999999999999467e-01 1.198534345632243703e+00 5.704661385194456091e-01
5.000000000000000000e+00 7.694652583405664492e-02 9.399999999999999467e-01 1.202689138490791620e+00 5.876411121868018173e-01
5.000000000000000000e+00 8.246924442330520744e-02 9.399999999999999467e-01 1.202851825031461264e+00 5.913045533213626692e-01
5.000000000000000000e+00 8.838834764831768331e-02 9.399999999999999467e-01 1.193034279538556008e+00 5.642205141430740589e-01
5.000000000000000000e+00 9.473228540689904165e-02 9.399999999999999467e-01 1.177697543939836944e+00 5.200091265824562381e-01
5.000000000000000000e+00 1.015315495445285182e-01 9.399999999999999467e-01 1.152889739815624148e+00 4.469359114650542364e-01
5.000000000000000000e+00 1.088188204120145025e-01 9.399999999999999467e-01 1.128823289508826155e+00 3.757149736306650278e-01
5.000000000000000000e+00 1.166291239420998022e-01 9.399999999999999467e-01 1.108809704448386668e+00 3.163693726828136765e-01
5.000000000000000000e+00 1.249999999999987649e-01 9.399999999999999467e-01 1.091236640765986365e+00 2.641453403378236087e-01
5.000000000000000000e+00 1.339716828170352814e-01 9.399999999999999467e-01 1.077848401675947754e+00 2.243525445075754687e-01
5.000000000000000000e+00 1.435872943746278885e-01 9.399999999999999467e-01 1.066241395839083284e+00 1.898387651991980674e-01
5.000000000000000000e+00 1.538930516681129013e-01 9.399999999999999467e-01 1.058524354870352902e+00 1.669695489601232818e-01
5.000000000000000000e+00 1.649384888466099985e-01 9.399999999999999467e-01 1.049988388874330214e+00 1.416422903132031619e-01
5.000000000000000000e+00 1.767766952966349225e-01 9.399999999999999467e-01 1.040337560202899692e+00 1.129821372998653511e-01
5.000000000000000000e+00 1.894645708137976114e-01 9.399999999999999467e-01 1.030441757903028499e+00 8.360606916545423872e-02
5.000000000000000000e+00 2.030630990890565368e-01 9.399999999999999467e-01 1.022612206405363100e+00 6.045090707240272088e-02
5.000000000000000000e+00 2.176376408240284499e-01 9.399999999999999467e-01 1.017855698052512636e+00 4.653621771009350955e-02
5.000000000000000000e+00 2.332582478841990492e-01 9.399999999999999467e-01 1.014523208689050993e+00 3.691226808652021962e-02
5.000000000000000000e+00 2.499999999999969191e-01 9.399999999999999467e-01 1.011417319832592643e+00 2.798041641366919366e-02
5.000000000000000000e+00 2.679433656340699521e-01 9.399999999999999467e-01 1.008838758826532844e+00 2.062918391907803822e-02
5.000000000000000000e+00 2.871745887492550553e-01 9.399999999999999467e-01 1.007655042225183761e+00 1.743374801897083423e-02
5.000000000000000000e+00 3.077861033362250809e-01 9.399999999999999467e-01 1.007508948083783995e+00 1.728168441699190830e-02
5.000000000000000000e+00 3.298769776932191644e-01 9.399999999999999467e-01 1.007587266783990243e+00 1.767022357273742919e-02
5.000000000000000000e+00 3.535533905932689569e-01 9.399999999999999467e-01 1.007968530304917953e+00 1.871538772168125989e-02
5.000000000000000000e+00 3.789291416275942792e-01 9.399999999999999467e-01 1.008602021334588983e+00 2.006058357760347188e-02
5.000000000000000000e+00 4.061261981781120745e-01 9.399999999999999467e-01 1.009321264617612401e+00 2.083094899927502228e-02
5.000000000000000000e+00 4.352752816480558451e-01 9.399999999999999467e-01 1.010209533841738505e+00 2.059323219590724480e-02
5.000000000000000000e+00 4.665164957683969327e-01 9.399999999999999467e-01 1.011612235348744004e+00 1.917322049696935232e-02
5.000000000000000000e+00 4.999999999999926170e-01 9.399999999999999467e-01 1.014295629398296761e+00 1.699620406158410674e-02
5.000000000000000000e+00 5.358867312681385719e-01 9.399999999999999467e-01 1.019712515290065236e+00 1.669093605001156083e-02
5.000000000000000000e+00 5.743491774985087783e-01 9.399999999999999467e-01 1.029529105171387515e+00 2.417574427669345535e-02
5.000000000000000000e+00 6.155722066724486075e-01 9.399999999999999467e-01 1.043701885295661658e+00 3.935878699764473743e-02
5.000000000000000000e+00 6.597539553864367745e-01 9.399999999999999467e-01 1.059290348163856255e+00 5.395319982039405160e-02
5.000000000000000000e+00 7.071067811865362485e-01 9.399999999999999467e-01 1.074351882187310370e+00 6.089457648357557429e-02
5.000000000000000000e+00 7.578582832551866710e-01 9.399999999999999467e-01 1.088737517513158171e+00 6.528445830268228556e-02
5.000000000000000000e+00 8.122523963562221505e-01 9.399999999999999467e-01 1.106972205367691808e+00 7.826511017409160109e-02
5.000000000000000000e+00 8.705505632961095808e-01 9.399999999999999467e-01 1.126599237663848507e+00 9.243298765242427550e-02
5.000000000000000000e+00 9.330329915367915339e-01 9.399999999999999467e-01 1.142347495914730615e+00 1.086408367105351908e-01
5.000000000000000000e+00 9.999999999999827915e-01 9.399999999999999467e-01 1.154923759913999204e+00 1.213447248370673331e-01
5.000000000000000000e+00 1.071773462536274479e+00 9.399999999999999467e-01 1.169307876150002867e+00 1.361820390913577594e-01
5.000000000000000000e+00 1.148698354997014670e+00 9.399999999999999467e-01 1.178153648039478751e+00 1.452631695931202449e-01
5.000000000000000000e+00 1.231144413344894106e+00 9.399999999999999467e-01 1.174592747333711440e+00 1.360634290741843111e-01
5.000000000000000000e+00 1.319507910772870218e+00 9.399999999999999467e-01 1.161935335438844863e+00 1.146196112834611536e-01
5.000000000000000000e+00 1.414213562373068944e+00 9.399999999999999467e-01 1.152072518511772836e+00 9.482988726314856009e-02
5.000000000000000000e+00 1.515716566510369789e+00 9.399999999999999467e-01 1.147424590637143194e+00 8.444589477323262428e-02
5.000000000000000000e+00 1.624504792712440304e+00 9.399999999999999467e-01 1.148905409826977086e+00 9.867557273241354954e-02
5.000000000000000000e+00 1.741101126592214943e+00 9.399999999999999467e-01 1.151710132267982134e+00 1.105476882729541643e-01
5.000000000000000000e+00 1.866065983073578627e+00 9.399999999999999467e-01 1.166573348289309475e+00 1.323994018454948129e-01
5.000000000000000000e+00 1.999999999999960698e+00 9.399999999999999467e-01 1.163438921901043033e+00 1.229067888791088164e-01
5.000000000000000000e+00 2.143546925072543630e+00 9.399999999999999467e-01 1.157147139217856724e+00 1.028628318390880786e-01
5.000000000000000000e+00 2.297396709994023567e+00 9.399999999999999467e-01 1.174078813622276174e+00 1.221598842605501473e-01
5.000000000000000000e+00 2.462288826689782439e+00 9.399999999999999467e-01 1.181402308909129895e+00 1.492097511206071925e-01
5.000000000000000000e+00 2.639015821545733775e+00 9.399999999999999467e-01 1.183010035353165623e+00 1.474798784647986527e-01
5.000000000000000000e+00 2.828427124746130783e+00 9.399999999999999467e-01 1.176483622072679314e+00 1.352197926332631972e-01
5.000000000000000000e+00 3.031433133020732029e+00 9.399999999999999467e-01 1.166189685328020698e+00 1.215203104712253707e-01
5.000000000000000000e+00 3.249009585424872615e+00 9.399999999999999467e-01 1.197085597311469130e+00 2.040756906654611624e-01
5.000000000000000000e+00 3.482202253184421004e+00 9.399999999999999467e-01 1.185890895689496904e+00 1.819733922818887739e-01
5.000000000000000000e+00 3.732131966147147928e+00 9.399999999999999467e-01 1.145887863096365811e+00 8.926558370190101899e-02
5.000000000000000000e+00 3.999999999999911182e+00 9.399999999999999467e-01 1.119409782806086495e+00 4.340055345499781170e-02
5.000000000000000000e+00 4.287093850145076601e+00 9.399999999999999467e-01 1.144128660693247257e+00 1.197214911317638075e-01
5.000000000000000000e+00 4.594793419988035588e+00 9.399999999999999467e-01 1.133316917644789701e+00 5.712533184038820488e-02
5.000000000000000000e+00 4.924577653379552444e+00 9.399999999999999467e-01 1.152916727263496588e+00 6.065493778098868943e-02
5.000000000000000000e+00 5.278031643091455116e+00 9.399999999999999467e-01 1.140222325109223167e+00 1.099568553824420564e-01
5.000000000000000000e+00 5.656854249492248243e+00 9.399999999999999467e-01 1.122433054053882273e+00 7.082890014363217579e-02
5.000000000000000000e+00 6.062866266041448959e+00 9.399999999999999467e-01 1.153603543154150035e+00 6.945454281537109809e-02
5.000000000000000000e+00 6.498019170849729242e+00 9.399999999999999467e-01 1.139581533880298370e+00 6.056938403389311443e-02
5.000000000000000000e+00 6.964404506368825132e+00 9.399999999999999467e-01 1.130306914422950060e+00 5.315882006985006569e-02
5.000000000000000000e+00 7.464263932294277204e+00 9.399999999999999467e-01 1.153291010495476110e+00 5.403789255416167198e-02
5.000000000000000000e+00 7.999999999999802824e+00 9.399999999999999467e-01 1.131880290154444246e+00 5.702441385574581051e-02
5.000000000000000000e+00 8.574187700290131886e+00 9.399999999999999467e-01 1.152884933647116972e+00 9.312546540437105502e-02
5.000000000000000000e+00 9.189586839976049859e+00 9.399999999999999467e-01 1.140955928678684117e+00 7.412622450349436176e-02
5.000000000000000000e+00 9.849155306759080020e+00 9.399999999999999467e-01 1.182235565516517317e+00 1.011697914100390810e-01
5.000000000000000000e+00 1.055606328618288359e+01 9.399999999999999467e-01 1.211803869996392669e+00 1.222012414811754211e-01
5.000000000000000000e+00 1.131370849898446806e+01 9.399999999999999467e-01 1.170396848155874192e+00 9.758080371850458290e-02
5.000000000000000000e+00 1.212573253208286772e+01 9.399999999999999467e-01 1.155782697132114345e+00 5.861017250754730484e-02
5.000000000000000000e+00 1.299603834169942651e+01 9.399999999999999467e-01 1.184675769299629922e+00 9.685801154943939062e-02
5.000000000000000000e+00 1.392880901273761651e+01 9.399999999999999467e-01 1.158788803636625619e+00 1.031443654182649661e-01
5.000000000000000000e+00 1.492852786458851710e+01 9.399999999999999467e-01 1.141209992248889860e+00 8.009373718402802711e-02
5.000000000000000000e+00 1.599999999999956657e+01 9.399999999999999467e-01 1.169758727084161842e+00 1.475718755004497562e-01
5.000000000000000000e+00 1.714837540058022114e+01 9.399999999999999467e-01 1.151732225298429668e+00 8.527882234550138163e-02
5.000000000000000000e+00 1.837917367995205353e+01 9.399999999999999467e-01 1.178359085327133959e+00 8.280076554190553273e-02
5.000000000000000000e+00 1.969831061351811385e+01 9.399999999999999467e-01 1.149227889104878164e+00 1.119807654734889246e-01
5.000000000000000000e+00 2.111212657236571388e+01 9.399999999999999467e-01 1.148099220507891038e+00 7.402965546700396304e-02
5.000000000000000000e+00 2.262741699796887929e+01 9.399999999999999467e-01 1.126259198894760782e+00 5.170526045410038518e-02
5.000000000000000000e+00 2.425146506416567505e+01 9.399999999999999467e-01 1.132166264773060593e+00 4.675302501061565086e-02
5.000000000000000000e+00 2.599207668339878907e+01 9.399999999999999467e-01 1.192143426702877651e+00 1.442799464834573220e-01
5.000000000000000000e+00 2.785761802547516197e+01 9.399999999999999467e-01 1.161966117271763244e+00 1.145916563090864648e-01
5.000000000000000000e+00 2.985705572917696315e+01 9.399999999999999467e-01 1.150360990298481489e+00 6.322716824450110018e-02
5.000000000000000000e+00 3.199999999999905498e+01 9.399999999999999467e-01 1.149988499027649658e+00 8.595973879921779692e-02
