5.000000000000000000e+00 7.812500000000000000e-03 4.000000000000000083e-02 1.614462971185437468e+00 3.032215991497247409e-01
5.000000000000000000e+00 8.373230176064788352e-03 4.000000000000000083e-02 1.515884461533093308e+00 2.684796063113412679e-01
5.000000000000000000e+00 8.974205898414331500e-03 4.000000000000000083e-02 1.459291945453326855e+00 2.362173908401216105e-01
5.000000000000000000e+00 9.618315729257151739e-03 4.000000000000000083e-02 1.396527907833470028e+00 2.320121916442491050e-01
5.000000000000000000e+00 1.030865555291322552e-02 4.000000000000000083e-02 1.340274989551156093e+00 1.901004012228648121e-01
5.000000000000000000e+00 1.104854345603979195e-02 4.000000000000000083e-02 1.302924456964047462e+00 1.931515338152343109e-01
5.000000000000000000e+00 1.184153567586246694e-02 4.000000000000000083e-02 1.250492296189370967e+00 1.740413585416496767e-01
5.000000000000000000e+00 1.269144369306615845e-02 4.000000000000000083e-02 1.201092693750420937e+00 1.491802670727353231e-01
5.000000000000000000e+00 1.360235255150191343e-02 4.000000000000000083e-02 1.180782931037100969e+00 1.404764868263194133e-01
5.000000000000000000e+00 1.457864049276258282e-02 4.000000000000000083e-02 1.152860903449297592e+00 1.316339098842438937e-01
5.000000000000000000e+00 1.562499999999996184e-02 4.000000000000000083e-02 1.133632537138216767e+00 1.280001632533299960e-01
5.000000000000000000e+00 1.674646035212953507e-02 4.000000000000000083e-02 1.117356020063982935e+00 1.289924601031205154e-01
5.000000000000000000e+00 1.794841179682861790e-02 4.000000000000000083e-02 1.096031032784636094e+00 1.092706032146743278e-01
5.000000000000000000e+00 1.923663145851425491e-02 4.000000000000000083e-02 1.076516771232161940e+00 8.708266404698090934e-02
5.000000000000000000e+00 2.061731110582640247e-02 4.000000000000000083e-02 1.069957105942587416e+00 9.040200885731371205e-02
5.000000000000000000e+00 2.209708691207952838e-02 4.000000000000000083e-02 1.061348516970517686e+00 8.937857222895430331e-02
5.000000000000000000e+00 2.368307135172487837e-02 4.000000000000000083e-02 1.048455693850901538e+00 7.102210530685225398e-02
5.000000000000000000e+00 2.538288738613225445e-02 4.000000000000000083e-02 1.038497333398377798e+00 5.931843500360798466e-02
5.000000000000000000e+00 2.720470510300375747e-02 4.000000000000000083e-02 1.033107618506783343e+00 5.585620994481022700e-02
5.000000000000000000e+00 2.915728098552509626e-02 4.000000000000000083e-02 1.027075892034380766e+00 4.915898262252098999e-02
5.000000000000000000e+00 3.124999999999984734e-02 4.000000000000000083e-02 1.020388357800000811e+00 3.848873354226307886e-02
5.000000000000000000e+00 3.349292070425898687e-02 4.000000000000000083e-02 1.017723274499481745e+00 3.752503538269388178e-02
5.000000000000000000e+00 3.589682359365715253e-02 4.000000000000000083e-02 1.013300981614076779e+00 2.927674457004601077e-02
5.000000000000000000e+00 3.847326291702841267e-02 4.000000000000000083e-02 1.010334164895194009e+00 2.411133267115585233e-02
5.000000000000000000e+00 4.123462221165270086e-02 4.000000000000000083e-02 1.008012132494864543e+00 1.970553978778130655e-02
5.000000000000000000e+00 4.419417382415894574e-02 4.000000000000000083e-02 1.006245930515327291e+00 1.614785313924136170e-02
5.000000000000000000e+00 4.736614270344963878e-02 4.000000000000000083e-02 1.004948524151701106e+00 1.333559727813650800e-02
5.000000000000000000e+00 5.076577477226438401e-02 4.000000000000000083e-02 1.004020359744695057e+00 1.121171389811369788e-02
5.000000000000000000e+00 5.440941020600738309e-02 4.000000000000000083e-02 1.003359865404358731e+00 9.600669908511298353e-03
5.000000000000000000e+00 5.831456197105004680e-02 4.000000000000000083e-02 1.002798777346340042e+00 8.121769473636603065e-03
5.000000000000000000e+00 6.249999999999953509e-02 4.000000000000000083e-02 1.002408411080156769e+00 7.058515350240135086e-03
5.000000000000000000e+00 6.698584140851780722e-02 4.000000000000000083e-02 1.002061056376461368e+00 6.073156829966288098e-03
5.000000000000000000e+00 7.179364718731412465e-02 4.000000000000000083e-02 1.001809699022170097e+00 5.349896183711918760e-03
5.000000000000000000e+00 7.694652583405664492e-02 4.000000000000000083e-02 1.001548547105757470e+00 4.585000144794512851e-03
5.000000000000000000e+00 8.246924442330520744e-02 4.000000000000000083e-02 1.001313305638356965e+00 3.891731014451000996e-03
5.000000000000000000e+00 8.838834764831768331e-02 4.000000000000000083e-02 1.001095172645878550e+00 3.246530424124353335e-03
5.000000000000000000e+00 9.473228540689904165e-02 4.000000000000000083e-02 1.000906848915452674e+00 2.688416194991072230e-03
5.000000000000000000e+00 1.015315495445285182e-01 4.000000000000000083e-02 1.000736088643494615e+00 2.181077100802266289e-03
5.000000000000000000e+00 1.088188204120145025e-01 4.000000000000000083e-02 1.000596952702110354e+00 1.766957798225834379e-03
5.000000000000000000e+00 1.166291239420998022e-01 4.000000000000000083e-02 1.000482946802804252e+00 1.426848411431978422e-03
5.000000000000000000e+00 1.249999999999987649e-01 4.000000000000000083e-02 1.000395490497350881e+00 1.165236954703267229e-03
5.000000000000000000e+00 1.339716828170352814e-01 4.000000000000000083e-02 1.000329744263291243e+00 9.677294875513698996e-04
5.000000000000000000e+00 1.435872943746278885e-01 4.000000000000000083e-02 1.000279366494822186e+00 8.152643917622492747e-04
5.000000000000000000e+00 1.538930516681129013e-01 4.000000000000000083e-02 1.000241895930526592e+00 7.001837129587651061e-04
5.000000000000000000e+00 1.649384888466099985e-01 4.000000000000000083e-02 1.000204453645241243e+00 5.833498170923367586e-04
5.000000000000000000e+00 1.767766952966349225e-01 4.000000000000000083e-02 1.000165022321269026e+00 4.578013962391377771e-04
5.000000000000000000e+00 1.894645708137976114e-01 4.000000000000000083e-02 1.000127486605278504e+00 3.336391716185835429e-04
5.000000000000000000e+00 2.030630990890565368e-01 4.000000000000000083e-02 1.000101351020041385e+00 2.372512501240750526e-04
5.000000000000000000e+00 2.176376408240284499e-01 4.000000000000000083e-02 1.000091603163347331e+00 1.800210119241082562e-04
5.000000000000000000e+00 2.332582478841990492e-01 4.000000000000000083e-02 1.000092999198912924e+00 1.407206949468414411e-04
5.000000000000000000e+00 2.499999999999969191e-01 4.000000000000000083e-02 1.000103391578987422e+00 1.052549276688747741e-04
5.000000000000000000e+00 2.679433656340699521e-01 4.000000000000000083e-02 1.000128833648212590e+00 8.196171022585372462e-05
5.000000000000000000e+00 2.871745887492550553e-01 4.000000000000000083e-02 1.000180203360786502e+00 8.872786059807374025e-05
5.000000000000000000e+00 3.077861033362250809e-01 4.000000000000000083e-02 1.000269500085237073e+00 1.271321950226203014e-04
5.000000000000000000e+00 3.298769776932191644e-01 4.000000000000000083e-02 1.000415296427950462e+00 2.039089963892820492e-04
5.000000000000000000e+00 3.535533905932689569e-01 4.000000000000000083e-02 1.000657951116583844e+00 3.437307940723624881e-04
5.000000000000000000e+00 3.789291416275942792e-01 4.000000000000000083e-02 1.001065472261652101e+00 6.000354259532888731e-04
5.000000000000000000e+00 4.061261981781120745e-01 4.000000000000000083e-02 1.001764678759201388e+00 1.078458914793583570e-03
5.000000000000000000e+00 4.352752816480558451e-01 4.000000000000000083e-02 1.002991834392112702e+00 1.996086188364359915e-03
5.000000000000000000e+00 4.665164957683969327e-01 4.000000000000000083e-02 1.005184086642204822e+00 3.792535129441831476e-03
5.000000000000000000e+00 4.999999999999926170e-01 4.000000000000000083e-02 1.009132236335017030e+00 7.353295818024075704e-03
5.000000000000000000e+00 5.358867312681385719e-01 4.000000000000000083e-02 1.016236724305387362e+00 1.435126354406905842e-02
5.000000000000000000e+00 5.743491774985087783e-01 4.000000000000000083e-02 1.028058801972912217e+00 2.675190914765310929e-02
5.000000000000000000e+00 6.155722066724486075e-01 4.000000000000000083e-02 1.044385278616438484e+00 4.364993464488325925e-02
5.000000000000000000e+00 6.597539553864367745e-01 4.000000000000000083e-02 1.061964904688844857e+00 5.867573110188509244e-02
5.000000000000000000e+00 7.071067811865362485e-01 4.000000000000000083e-02 1.078863219142005336e+00 6.617197978360092603e-02
5.000000000000000000e+00 7.578582832551866710e-01 4.000000000000000083e-02 1.095179441245190732e+00 7.227075810229517672e-02
5.000000000000000000e+00 8.122523963562221505e-01 4.000000000000000083e-02 1.115899734697026524e+00 8.847989237550547836e-02
5.000000000000000000e+00 8.705505632961095808e-01 4.000000000000000083e-02 1.138811074570030391e+00 1.076863895541626398e-01
5.000000000000000000e+00 9.330329915367915339e-01 4.000000000000000083e-02 1.158529981218825888e+00 1.299217587411865826e-01
5.000000000000000000e+00 9.999999999999827915e-01 4.000000000000000083e-02 1.175695231702774457e+00 1.489648604643937779e-01
5.000000000000000000e+00 1.071773462536274479e+00 4.000000000000000083e-02 1.192869903278313881e+00 1.665075099174832540e-01
5.000000000000000000e+00 1.148698354997014670e+00 4.000000000000000083e-02 1.202721870279225502e+00 1.750198049146564350e-01
5.000000000000000000e+00 1.231144413344894106e+00 4.000000000000000083e-02 1.198341670289805094e+00 1.600137692059185879e-01
5.000000000000000000e+00 1.319507910772870218e+00 4.000000000000000083e-02 1.185139833761684303e+00 1.306596656786316868e-01
5.000000000000000000e+00 1.414213562373068944e+00 4.000000000000000083e-02 1.177371741083596879e+00 1.063873382087828640e-01
5.000000000000000000e+00 1.515716566510369789e+00 4.000000000000000083e-02 1.175164259256167965e+00 9.707956089279132228e-02
5.000000000000000000e+00 1.624504792712440304e+00 4.000000000000000083e-02 1.177022222877385671e+00 1.153974876218089585e-01
5.000000000000000000e+00 1.741101126592214943e+00 4.000000000000000083e-02 1.180954900066715885e+00 1.320512258285801155e-01
5.000000000000000000e+00 1.866065983073578627e+00 4.000000000000000083e-02 1.199061094850946363e+00 1.600395335083386050e-01
5.000000000000000000e+00 1.999999999999960698e+00 4.000000000000000083e-02 1.192514630522497399e+00 1.458124627447690835e-01
5.000000000000000000e+00 2.143546925072543630e+00 4.000000000000000083e-02 1.181337086182481233e+00 1.223755849313224453e-01
5.000000000000000000e+00 2.297396709994023567e+00 4.000000000000000083e-02 1.198564974170036823e+00 1.402718270380825805e-01
5.000000000000000000e+00 2.462288826689782439e+00 4.000000000000000083e-02 1.208195260017678407e+00 1.723476346219006972e-01
5.000000000000000000e+00 2.639015821545733775e+00 4.000000000000000083e-02 1.214840782590780544e+00 1.811631918626214199e-01
5.000000000000000000e+00 2.828427124746130783e+00 4.000000000000000083e-02 1.215585279163050370e+00 1.687092060853439546e-01
5.000000000000000000e+00 3.031433133020732029e+00 4.000000000000000083e-02 1.206803978410326161e+00 1.551246587359408902e-01
5.000000000000000000e+00 3.249009585424872615e+00 4.000000000000000083e-02 1.235190413783896712e+00 2.419703340037863137e-01
5.000000000000000000e+00 3.482202253184421004e+00 4.000000000000000083e-02 1.220265283488682240e+00 2.093387734773333730e-01
5.000000000000000000e+00 3.732131966147147928e+00 4.000000000000000083e-02 1.168521557895155993e+00 9.833866820388942331e-02
5.000000000000000000e+00 3.999999999999911182e+00 4.000000000000000083e-02 1.142597775494545553e+00 5.046797540361971229e-02
5.000000000000000000e+00 4.287093850145076601e+00 4.000000000000000083e-02 1.177826810922401268e+00 1.515150058796840560e-01
5.000000000000000000e+00 4.594793419988035588e+00 4.000000000000000083e-02 1.159797794442483987e+00 6.987301525304745464e-02
5.000000000000000000e+00 4.924577653379552444e+00 4.000000000000000083e-02 1.186087297970539023e+00 8.048120422466979729e-02
5.000000000000000000e+00 5.278031643091455116e+00 4.000000000000000083e-02 1.167000328485421345e+00 1.322139481629737712e-01
5.000000000000000000e+00 5.656854249492248243e+00 4.000000000000000083e-02 1.151432864943079393e+00 9.362546607418018030e-02
5.000000000000000000e+00 6.062866266041448959e+00 4.000000000000000083e-02 1.190987208166640166e+00 8.691881963978059789e-02
5.000000000000000000e+00 6.498019170849729242e+00 4.000000000000000083e-02 1.170203518527782816e+00 7.123306007782621851e-02
5.000000000000000000e+00 6.964404506368825132e+00 4.000000000000000083e-02 1.157212765207265681e+00 6.883208800083732981e-02
5.000000000000000000e+00 7.464263932294277204e+00 4.000000000000000083e-02 1.180428677464604892e+00 6.947265649375763963e-02
5.000000000000000000e+00 7.999999999999802824e+00 4.000000000000000083e-02 1.158161697943100199e+00 6.945445001794289808e-02
5.000000000000000000e+00 8.574187700290131886e+00 4.000000000000000083e-02 1.185941172709630731e+00 1.255520758552971794e-01
5.000000000000000000e+00 9.189586839976049859e+00 4.000000000000000083e-02 1.170307541454802314e+00 8.743978441015538838e-02
5.000000000000000000e+00 9.849155306759080020e+00 4.000000000000000083e-02 1.219600786298044470e+00 1.222212242473721400e-01
5.000000000000000000e+00 1.055606328618288359e+01 4.000000000000000083e-02 1.250503939131199838e+00 1.396610701130456544e-01
5.000000000000000000e+00 1.131370849898446806e+01 4.000000000000000083e-02 1.200300322821637344e+00 1.159295840178271447e-01
5.000000000000000000e+00 1.212573253208286772e+01 4.000000000000000083e-02 1.181406280742428594e+00 6.951654839822320187e-02
5.000000000000000000e+00 1.299603834169942651e+01 4.000000000000000083e-02 1.222353339508086778e+00 1.186761211532754573e-01
5.000000000000000000e+00 1.392880901273761651e+01 4.000000000000000083e-02 1.187476659405066082e+00 1.196809392423455326e-01
5.000000000000000000e+00 1.492852786458851710e+01 4.000000000000000083e-02 1.170421370399517880e+00 9.163968887258923390e-02
5.000000000000000000e+00 1.599999999999956657e+01 4.000000000000000083e-02 1.204993864704026585e+00 1.779952909894038926e-01
5.000000000000000000e+00 1.714837540058022114e+01 4.000000000000000083e-02 1.180169054203273671e+00 1.005493878717547973e-01
5.000000000000000000e+00 1.837917367995205353e+01 4.000000000000000083e-02 1.207031168037950630e+00 9.754953338067670621e-02
5.000000000000000000e+00 1.969831061351811385e+01 4.000000000000000083e-02 1.177836239997446466e+00 1.306527911908794415e-01
5.000000000000000000e+00 2.111212657236571388e+01 4.000000000000000083e-02 1.178697796081230598e+00 8.920628646519457305e-02
5.000000000000000000e+00 2.262741699796887929e+01 4.000000000000000083e-02 1.152718772157320215e+00 6.017612247258399133e-02
5.000000000000000000e+00 2.425146506416567505e+01 4.000000000000000083e-02 1.155516830117377491e+00 5.497632939636309946e-02
5.000000000000000000e+00 2.599207668339878907e+01 4.000000000000000083e-02 1.221269907936504362e+00 1.730385292901162608e-01
5.000000000000000000e+00 2.785761802547516197e+01 4.000000000000000083e-02 1.186993835116166185e+00 1.309809442116307843e-01
5.000000000000000000e+00 2.985705572917696315e+01 4.000000000000000083e-02 1.176600943125062582e+00 8.144291051612528864e-02
5.000000000000000000e+00 3.199999999999905498e+01 4.000000000000000083e-02 1.178006220800923431e+00 9.974677046360200250e-02
