5.000000000000000000e+00 7.812500000000000000e-03 1.100000000000000006e-01 1.721916002861282546e+00 3.586648298857508244e-01
5.000000000000000000e+00 8.373230176064788352e-03 1.100000000000000006e-01 1.606554571163886225e+00 3.173908092755472476e-01
5.000000000000000000e+00 8.974205898414331500e-03 1.100000000000000006e-01 1.539537394331269349e+00 2.793007748459216399e-01
5.000000000000000000e+00 9.618315729257151739e-03 1.100000000000000006e-01 1.465655782646773542e+00 2.736363956819064525e-01
5.000000000000000000e+00 1.030865555291322552e-02 1.100000000000000006e-01 1.398726122263636906e+00 2.235766440334664151e-01
5.000000000000000000e+00 1.104854345603979195e-02 1.100000000000000006e-01 1.354998923493243357e+00 2.268463217029673129e-01
5.000000000000000000e+00 1.184153567586246694e-02 1.100000000000000006e-01 1.293452741152473440e+00 2.044196108352963337e-01
5.000000000000000000e+00 1.269144369306615845e-02 1.100000000000000006e-01 1.235196298714806851e+00 1.746816239868810294e-01
5.000000000000000000e+00 1.360235255150191343e-02 1.100000000000000006e-01 1.211393649675263973e+00 1.645561207364615308e-01
5.000000000000000000e+00 1.457864049276258282e-02 1.100000000000000006e-01 1.178789865825636829e+00 1.542805061363652086e-01
5.000000000000000000e+00 1.562499999999996184e-02 1.100000000000000006e-01 1.156145606374185286e+00 1.497116409811715121e-01
5.000000000000000000e+00 1.674646035212953507e-02 1.100000000000000006e-01 1.137225657956274505e+00 1.511886070022392115e-01
5.000000000000000000e+00 1.794841179682861790e-02 1.100000000000000006e-01 1.112223949623475594e+00 1.279039400962537765e-01
5.000000000000000000e+00 1.923663145851425491e-02 1.100000000000000006e-01 1.089423224773766741e+00 1.019794275869276567e-01
5.000000000000000000e+00 2.061731110582640247e-02 1.100000000000000006e-01 1.081737360895280720e+00 1.057847371453070201e-01
5.000000000000000000e+00 2.209708691207952838e-02 1.100000000000000006e-01 1.071736461775208316e+00 1.046981912948892063e-01
5.000000000000000000e+00 2.368307135172487837e-02 1.100000000000000006e-01 1.056643473945381162e+00 8.314081870894120263e-02
5.000000000000000000e+00 2.538288738613225445e-02 1.100000000000000006e-01 1.044998552238255218e+00 6.939962059625234825e-02
5.000000000000000000e+00 2.720470510300375747e-02 1.100000000000000006e-01 1.038715588829978831e+00 6.536674109987139492e-02
5.000000000000000000e+00 2.915728098552509626e-02 1.100000000000000006e-01 1.031665030034842667e+00 5.750556638068713561e-02
5.000000000000000000e+00 3.124999999999984734e-02 1.100000000000000006e-01 1.023844754162060999e+00 4.499564440688626904e-02
5.000000000000000000e+00 3.349292070425898687e-02 1.100000000000000006e-01 1.020740358418427363e+00 4.387343476190014302e-02
5.000000000000000000e+00 3.589682359365715253e-02 1.100000000000000006e-01 1.015569719672822613e+00 3.420907573619296621e-02
5.000000000000000000e+00 3.847326291702841267e-02 1.100000000000000006e-01 1.012102481771461893e+00 2.815897488624467121e-02
5.000000000000000000e+00 4.123462221165270086e-02 1.100000000000000006e-01 1.009390692155093916e+00 2.300580088155867314e-02
5.000000000000000000e+00 4.419417382415894574e-02 1.100000000000000006e-01 1.007328670051931052e+00 1.884695469437540349e-02
5.000000000000000000e+00 4.736614270344963878e-02 1.100000000000000006e-01 1.005813425234212355e+00 1.555938912982368118e-02
5.000000000000000000e+00 5.076577477226438401e-02 1.100000000000000006e-01 1.004730064602686879e+00 1.307882528197147794e-02
5.000000000000000000e+00 5.440941020600738309e-02 1.100000000000000006e-01 1.003958903717760087e+00 1.119700632908549390e-02
5.000000000000000000e+00 5.831456197105004680e-02 1.100000000000000006e-01 1.003303994832041690e+00 9.470722552027721272e-03
5.000000000000000000e+00 6.249999999999953509e-02 1.100000000000000006e-01 1.002848184124146780e+00 8.229383903545911538e-03
5.000000000000000000e+00 6.698584140851780722e-02 1.100000000000000006e-01 1.002442537512786114e+00 7.079074586267327523e-03
5.000000000000000000e+00 7.179364718731412465e-02 1.100000000000000006e-01 1.002149181227847352e+00 6.235571517742678239e-03
5.000000000000000000e+00 7.694652583405664492e-02 1.100000000000000006e-01 1.001844250284912974e+00 5.343199327312518968e-03
5.000000000000000000e+00 8.246924442330520744e-02 1.100000000000000006e-01 1.001569646187326468e+00 4.534821725555914472e-03
5.000000000000000000e+00 8.838834764831768331e-02 1.100000000000000006e-01 1.001314781127659037e+00 3.782006923011768662e-03
5.000000000000000000e+00 9.473228540689904165e-02 1.100000000000000006e-01 1.001094849805440612e+00 3.131422802378225519e-03
5.000000000000000000e+00 1.015315495445285182e-01 1.100000000000000006e-01 1.000895122267617454e+00 2.539403186773559699e-03
5.000000000000000000e+00 1.088188204120145025e-01 1.100000000000000006e-01 1.000732342765878968e+00 2.056512278429028888e-03
5.000000000000000000e+00 1.166291239420998022e-01 1.100000000000000006e-01 1.000598791792235875e+00 1.659945619524100333e-03
5.000000000000000000e+00 1.249999999999987649e-01 1.100000000000000006e-01 1.000496023387048350e+00 1.354671097370657761e-03
5.000000000000000000e+00 1.339716828170352814e-01 1.100000000000000006e-01 1.000418519997660072e+00 1.124334369211271853e-03
5.000000000000000000e+00 1.435872943746278885e-01 1.100000000000000006e-01 1.000358757038598112e+00 9.463911351656964380e-04
5.000000000000000000e+00 1.538930516681129013e-01 1.100000000000000006e-01 1.000313918562070192e+00 8.121729121971043132e-04
5.000000000000000000e+00 1.649384888466099985e-01 1.100000000000000006e-01 1.000268890892871188e+00 6.758959516527352721e-04
5.000000000000000000e+00 1.767766952966349225e-01 1.100000000000000006e-01 1.000221257084493498e+00 5.294464802245104794e-04
5.000000000000000000e+00 1.894645708137976114e-01 1.100000000000000006e-01 1.000175445881552827e+00 3.846088495987620985e-04
5.000000000000000000e+00 2.030630990890565368e-01 1.100000000000000006e-01 1.000142434881358788e+00 2.721857509589234469e-04
5.000000000000000000e+00 2.176376408240284499e-01 1.100000000000000006e-01 1.000127795979889544e+00 2.052680643895048911e-04
5.000000000000000000e+00 2.332582478841990492e-01 1.100000000000000006e-01 1.000125095381865226e+00 1.589880259865122480e-04
5.000000000000000000e+00 2.499999999999969191e-01 1.100000000000000006e-01 1.000131297581513756e+00 1.162094405232926741e-04
5.000000000000000000e+00 2.679433656340699521e-01 1.100000000000000006e-01 1.000152586804163857e+00 8.477952261485054771e-05
5.000000000000000000e+00 2.871745887492550553e-01 1.100000000000000006e-01 1.000200293342203617e+00 8.509834443626850561e-05
5.000000000000000000e+00 3.077861033362250809e-01 1.100000000000000006e-01 1.000285982614974367e+00 1.200999668893338598e-04
5.000000000000000000e+00 3.298769776932191644e-01 1.100000000000000006e-01 1.000427387650087097e+00 1.944207854483375809e-04
5.000000000000000000e+00 3.535533905932689569e-01 1.100000000000000006e-01 1.000664328229217359e+00 3.318028519681553859e-04
5.000000000000000000e+00 3.789291416275942792e-01 1.100000000000000006e-01 1.001063736166407647e+00 5.844123175304504749e-04
5.000000000000000000e+00 4.061261981781120745e-01 1.100000000000000006e-01 1.001750302618011901e+00 1.056474065807774983e-03
5.000000000000000000e+00 4.352752816480558451e-01 1.100000000000000006e-01 1.002956787528071825e+00 1.962617040653318653e-03
5.000000000000000000e+00 4.665164957683969327e-01 1.100000000000000006e-01 1.005114351079877677e+00 3.737708219444390353e-03
5.000000000000000000e+00 4.999999999999926170e-01 1.100000000000000006e-01 1.009004705938547186e+00 7.259943440197101465e-03
5.000000000000000000e+00 5.358867312681385719e-01 1.100000000000000006e-01 1.016015979403412262e+00 1.419479494963722319e-02
5.000000000000000000e+00 5.743491774985087783e-01 1.100000000000000006e-01 1.027699578885366893e+00 2.651138948024288344e-02
5.000000000000000000e+00 6.155722066724486075e-01 1.100000000000000006e-01 1.043846307244717497e+00 4.333271362785765662e-02
5.000000000000000000e+00 6.597539553864367745e-01 1.100000000000000006e-01 1.061234366714398858e+00 5.831641615211841101e-02
5.000000000000000000e+00 7.071067811865362485e-01 1.100000000000000006e-01 1.077930477387716524e+00 6.573556504855287974e-02
5.000000000000000000e+00 7.578582832551866710e-01 1.100000000000000006e-01 1.093992079493574021e+00 7.154941901113502645e-02
5.000000000000000000e+00 8.122523963562221505e-01 1.100000000000000006e-01 1.114361158389276962e+00 8.722375984469189769e-02
5.000000000000000000e+00 8.705505632961095808e-01 1.100000000000000006e-01 1.136811365147686326e+00 1.056808115246798546e-01
5.000000000000000000e+00 9.330329915367915339e-01 1.100000000000000006e-01 1.155963488921150750e+00 1.270005657793822906e-01
5.000000000000000000e+00 9.999999999999827915e-01 1.100000000000000006e-01 1.172457394764620853e+00 1.450503484273840127e-01
5.000000000000000000e+00 1.071773462536274479e+00 1.100000000000000006e-01 1.189217137490696130e+00 1.621005329133970996e-01
5.000000000000000000e+00 1.148698354997014670e+00 1.100000000000000006e-01 1.198966135044632342e+00 1.706557814417981878e-01
5.000000000000000000e+00 1.231144413344894106e+00 1.100000000000000006e-01 1.194814184615686559e+00 1.564753491873420443e-01
5.000000000000000000e+00 1.319507910772870218e+00 1.100000000000000006e-01 1.181792292762550378e+00 1.281829267351699830e-01
5.000000000000000000e+00 1.414213562373068944e+00 1.100000000000000006e-01 1.173856273753092871e+00 1.045187244685280847e-01
5.000000000000000000e+00 1.515716566510369789e+00 1.100000000000000006e-01 1.171321193336136268e+00 9.503938969402349335e-02
5.000000000000000000e+00 1.624504792712440304e+00 1.100000000000000006e-01 1.172997668753952283e+00 1.127520809538671287e-01
5.000000000000000000e+00 1.741101126592214943e+00 1.100000000000000006e-01 1.176654588871456131e+00 1.287305201559230117e-01
5.000000000000000000e+00 1.866065983073578627e+00 1.100000000000000006e-01 1.194370565214613489e+00 1.559860602543020336e-01
5.000000000000000000e+00 1.999999999999960698e+00 1.100000000000000006e-01 1.188319042891621269e+00 1.424839065411368233e-01
5.000000000000000000e+00 2.143546925072543630e+00 1.100000000000000006e-01 1.177785362741002650e+00 1.196721752095770280e-01
5.000000000000000000e+00 2.297396709994023567e+00 1.100000000000000006e-01 1.194921010383700688e+00 1.378250707176590373e-01
5.000000000000000000e+00 2.462288826689782439e+00 1.100000000000000006e-01 1.204126235978448367e+00 1.691008020518914856e-01
5.000000000000000000e+00 2.639015821545733775e+00 1.100000000000000006e-01 1.209946757259912520e+00 1.762421965912002730e-01
5.000000000000000000e+00 2.828427124746130783e+00 1.100000000000000006e-01 1.209696661750040203e+00 1.637178204409315552e-01
5.000000000000000000e+00 3.031433133020732029e+00 1.100000000000000006e-01 1.200655117002003891e+00 1.499785113198132402e-01
5.000000000000000000e+00 3.249009585424872615e+00 1.100000000000000006e-01 1.229362990903176467e+00 2.359868378066428685e-01
5.000000000000000000e+00 3.482202253184421004e+00 1.100000000000000006e-01 1.215170086522271209e+00 2.052080847354519066e-01
5.000000000000000000e+00 3.732131966147147928e+00 1.100000000000000006e-01 1.165076174014015198e+00 9.691829124134156148e-02
5.000000000000000000e+00 3.999999999999911182e+00 1.100000000000000006e-01 1.139188220641241589e+00 4.932719395299727666e-02
5.000000000000000000e+00 4.287093850145076601e+00 1.100000000000000006e-01 1.172830453079230395e+00 1.465603657982842978e-01
5.000000000000000000e+00 4.594793419988035588e+00 1.100000000000000006e-01 1.155866236435367789e+00 6.785312032754932388e-02
5.000000000000000000e+00 4.924577653379552444e+00 1.100000000000000006e-01 1.181090792402908596e+00 7.755155866314696056e-02
5.000000000000000000e+00 5.278031643091455116e+00 1.100000000000000006e-01 1.162886153889554519e+00 1.288921636527656789e-01
5.000000000000000000e+00 5.656854249492248243e+00 1.100000000000000006e-01 1.147265427045444541e+00 9.034499986388572212e-02
5.000000000000000000e+00 6.062866266041448959e+00 1.100000000000000006e-01 1.185464514693676419e+00 8.424701193230041407e-02
5.000000000000000000e+00 6.498019170849729242e+00 1.100000000000000006e-01 1.165569452115606364e+00 6.969678950403501716e-02
5.000000000000000000e+00 6.964404506368825132e+00 1.100000000000000006e-01 1.153115711332399318e+00 6.629320068488392392e-02
5.000000000000000000e+00 7.464263932294277204e+00 1.100000000000000006e-01 1.176386937540596644e+00 6.702195191734128255e-02
5.000000000000000000e+00 7.999999999999802824e+00 1.100000000000000006e-01 1.154430387715180251e+00 6.764003028495482739e-02
5.000000000000000000e+00 8.574187700290131886e+00 1.100000000000000006e-01 1.181097071569855217e+00 1.206713253458594898e-01
5.000000000000000000e+00 9.189586839976049859e+00 1.100000000000000006e-01 1.165969170159999013e+00 8.550729275378810001e-02
5.000000000000000000e+00 9.849155306759080020e+00 1.100000000000000006e-01 1.214079693751088929e+00 1.191219794080123906e-01
5.000000000000000000e+00 1.055606328618288359e+01 1.100000000000000006e-01 1.244643234026173717e+00 1.369997113565133706e-01
5.000000000000000000e+00 1.131370849898446806e+01 1.100000000000000006e-01 1.195808900821735632e+00 1.129642346586143820e-01
5.000000000000000000e+00 1.212573253208286772e+01 1.100000000000000006e-01 1.177526744538076819e+00 6.785666473610953153e-02
5.000000000000000000e+00 1.299603834169942651e+01 1.100000000000000006e-01 1.216967772625652255e+00 1.155049399524020054e-01
5.000000000000000000e+00 1.392880901273761651e+01 1.100000000000000006e-01 1.183371750563062097e+00 1.172788994446595789e-01
5.000000000000000000e+00 1.492852786458851710e+01 1.100000000000000006e-01 1.166109694568713273e+00 8.973566580689079641e-02
5.000000000000000000e+00 1.599999999999956657e+01 1.100000000000000006e-01 1.199678953932900249e+00 1.733822123792088110e-01
5.000000000000000000e+00 1.714837540058022114e+01 1.100000000000000006e-01 1.175915087573248252e+00 9.818935382021813651e-02
5.000000000000000000e+00 1.837917367995205353e+01 1.100000000000000006e-01 1.202714086738119859e+00 9.526818435941977747e-02
5.000000000000000000e+00 1.969831061351811385e+01 1.100000000000000006e-01 1.173570717562451682e+00 1.276641732632698700e-01
5.000000000000000000e+00 2.111212657236571388e+01 1.100000000000000006e-01 1.174009291236662644e+00 8.655226081693874474e-02
5.000000000000000000e+00 2.262741699796887929e+01 1.100000000000000006e-01 1.148703980501137867e+00 5.851755283706607663e-02
5.000000000000000000e+00 2.425146506416567505e+01 1.100000000000000006e-01 1.151942303087834185e+00 5.341088088382813653e-02
5.000000000000000000e+00 2.599207668339878907e+01 1.100000000000000006e-01 1.216685908713119435e+00 1.683261181391877970e-01
5.000000000000000000e+00 2.785761802547516197e+01 1.100000000000000006e-01 1.183187411158541646e+00 1.282767499796434452e-01
5.000000000000000000e+00 2.985705572917696315e+01 1.100000000000000006e-01 1.172558809018730219e+00 7.856596957885177146e-02
5.000000000000000000e+00 3.199999999999905498e+01 1.100000000000000006e-01 1.173855938926550824e+00 9.733184782936128709e-02
