5.000000000000000000e+00 7.812500000000000000e-03 4.500000000000000111e-01 2.891709725486435012e+00 9.033000671082827004e-01
5.000000000000000000e+00 8.373230176064788352e-03 4.500000000000000111e-01 2.638360043234199814e+00 8.371123076117259476e-01
5.000000000000000000e+00 8.974205898414331500e-03 4.500000000000000111e-01 2.457565078604789566e+00 7.570146978270091420e-01
5.000000000000000000e+00 9.618315729257151739e-03 4.500000000000000111e-01 2.260285360040610314e+00 7.327960433228837278e-01
5.000000000000000000e+00 1.030865555291322552e-02 4.500000000000000111e-01 2.066295011455268060e+00 6.008585643096503448e-01
5.000000000000000000e+00 1.104854345603979195e-02 4.500000000000000111e-01 1.951197531148370690e+00 5.925372269020995342e-01
5.000000000000000000e+00 1.184153567586246694e-02 4.500000000000000111e-01 1.789391115200270388e+00 5.418926939600349213e-01
5.000000000000000000e+00 1.269144369306615845e-02 4.500000000000000111e-01 1.625203958847282193e+00 4.532325716687060080e-01
5.000000000000000000e+00 1.360235255150191343e-02 4.500000000000000111e-01 1.561614540733756940e+00 4.283932841327741103e-01
5.000000000000000000e+00 1.457864049276258282e-02 4.500000000000000111e-01 1.477738274632947491e+00 4.089570387839317478e-01
5.000000000000000000e+00 1.562499999999996184e-02 4.500000000000000111e-01 1.411852184901972285e+00 3.856926912044935651e-01
5.000000000000000000e+00 1.674646035212953507e-02 4.500000000000000111e-01 1.364498895031624581e+00 3.979963828036885420e-01
5.000000000000000000e+00 1.794841179682861790e-02 4.500000000000000111e-01 1.297482485694876786e+00 3.361948335169348545e-01
5.000000000000000000e+00 1.923663145851425491e-02 4.500000000000000111e-01 1.239203179378377540e+00 2.742902740150571228e-01
5.000000000000000000e+00 2.061731110582640247e-02 4.500000000000000111e-01 1.217067469127748769e+00 2.801631507187590242e-01
5.000000000000000000e+00 2.209708691207952838e-02 4.500000000000000111e-01 1.192166764670322454e+00 2.816542711848794012e-01
5.000000000000000000e+00 2.368307135172487837e-02 4.500000000000000111e-01 1.151968770202315362e+00 2.242937006790678700e-01
5.000000000000000000e+00 2.538288738613225445e-02 4.500000000000000111e-01 1.120864305224315460e+00 1.871823484447862618e-01
5.000000000000000000e+00 2.720470510300375747e-02 4.500000000000000111e-01 1.104245718603597659e+00 1.766117119201711938e-01
5.000000000000000000e+00 2.915728098552509626e-02 4.500000000000000111e-01 1.085388282558494399e+00 1.552564234527317455e-01
5.000000000000000000e+00 3.124999999999984734e-02 4.500000000000000111e-01 1.064365055164656848e+00 1.212229026543879956e-01
5.000000000000000000e+00 3.349292070425898687e-02 4.500000000000000111e-01 1.056229609548559711e+00 1.183745440345429362e-01
5.000000000000000000e+00 3.589682359365715253e-02 4.500000000000000111e-01 1.042251863692720715e+00 9.186357489048979641e-02
5.000000000000000000e+00 3.847326291702841267e-02 4.500000000000000111e-01 1.032903608044889898e+00 7.529031176819400706e-02
5.000000000000000000e+00 4.123462221165270086e-02 4.500000000000000111e-01 1.025641521239193166e+00 6.134253619629278370e-02
5.000000000000000000e+00 4.419417382415894574e-02 4.500000000000000111e-01 1.020125627780108513e+00 5.011100187454225335e-02
5.000000000000000000e+00 4.736614270344963878e-02 4.500000000000000111e-01 1.016064446816071554e+00 4.123819762264270550e-02
5.000000000000000000e+00 5.076577477226438401e-02 4.500000000000000111e-01 1.013176049559068925e+00 3.459529686521101849e-02
5.000000000000000000e+00 5.440941020600738309e-02 4.500000000000000111e-01 1.011118669020769634e+00 2.955918350784231957e-02
5.000000000000000000e+00 5.831456197105004680e-02 4.500000000000000111e-01 1.009376387576158773e+00 2.496561607861924603e-02
5.000000000000000000e+00 6.249999999999953509e-02 4.500000000000000111e-01 1.008162742176645477e+00 2.166358936196386906e-02
5.000000000000000000e+00 6.698584140851780722e-02 4.500000000000000111e-01 1.007083295128118117e+00 1.861012107049463127e-02
5.000000000000000000e+00 7.179364718731412465e-02 4.500000000000000111e-01 1.006306061015008968e+00 1.638578745281978749e-02
5.000000000000000000e+00 7.694652583405664492e-02 4.500000000000000111e-01 1.005495574904444966e+00 1.402682111843966094e-02
5.000000000000000000e+00 8.246924442330520744e-02 4.500000000000000111e-01 1.004766897656963920e+00 1.189702854738801559e-02
5.000000000000000000e+00 8.838834764831768331e-02 4.500000000000000111e-01 1.004087361728317473e+00 9.907529092625559988e-03
5.000000000000000000e+00 9.473228540689904165e-02 4.500000000000000111e-01 1.003502200703127567e+00 8.197093855249975788e-03
5.000000000000000000e+00 1.015315495445285182e-01 4.500000000000000111e-01 1.002966691328339488e+00 6.633512334172860653e-03
5.000000000000000000e+00 1.088188204120145025e-01 4.500000000000000111e-01 1.002529030187590209e+00 5.362544774258050373e-03
5.000000000000000000e+00 1.166291239420998022e-01 4.500000000000000111e-01 1.002167594256384131e+00 4.320805725482350021e-03
5.000000000000000000e+00 1.249999999999987649e-01 4.500000000000000111e-01 1.001884674498309868e+00 3.516358062057007780e-03
5.000000000000000000e+00 1.339716828170352814e-01 4.500000000000000111e-01 1.001667477432751197e+00 2.911820715573313137e-03
5.000000000000000000e+00 1.435872943746278885e-01 4.500000000000000111e-01 1.001494532847097663e+00 2.443673049039275184e-03
5.000000000000000000e+00 1.538930516681129013e-01 4.500000000000000111e-01 1.001359037935956486e+00 2.091712884609458079e-03
5.000000000000000000e+00 1.649384888466099985e-01 4.500000000000000111e-01 1.001220219492655605e+00 1.735166981149012522e-03
5.000000000000000000e+00 1.767766952966349225e-01 4.500000000000000111e-01 1.001071033321405679e+00 1.353964257139316386e-03
5.000000000000000000e+00 1.894645708137976114e-01 4.500000000000000111e-01 1.000922088791839304e+00 9.808854937729874750e-04
5.000000000000000000e+00 2.030630990890565368e-01 4.500000000000000111e-01 1.000801386514995173e+00 6.976814299539309825e-04
5.000000000000000000e+00 2.176376408240284499e-01 4.500000000000000111e-01 1.000721319646101115e+00 5.324270911543342198e-04
5.000000000000000000e+00 2.332582478841990492e-01 4.500000000000000111e-01 1.000662159287233122e+00 4.204070485470200028e-04
5.000000000000000000e+00 2.499999999999969191e-01 4.500000000000000111e-01 1.000611040285104059e+00 3.199018465794262298e-04
5.000000000000000000e+00 2.679433656340699521e-01 4.500000000000000111e-01 1.000576301098295762e+00 2.391722838391829853e-04
5.000000000000000000e+00 2.871745887492550553e-01 4.500000000000000111e-01 1.000575521160118386e+00 1.881072941135919540e-04
5.000000000000000000e+00 3.077861033362250809e-01 4.500000000000000111e-01 1.000617086253439814e+00 1.527306490283675993e-04
5.000000000000000000e+00 3.298769776932191644e-01 4.500000000000000111e-01 1.000711758767485859e+00 1.429929021789289913e-04
5.000000000000000000e+00 3.535533905932689569e-01 4.500000000000000111e-01 1.000897885195050296e+00 2.269108558454488260e-04
5.000000000000000000e+00 3.789291416275942792e-01 4.500000000000000111e-01 1.001237999182312155e+00 4.509466231379038277e-04
5.000000000000000000e+00 4.061261981781120745e-01 4.500000000000000111e-01 1.001847179909157060e+00 8.935917856646392529e-04
5.000000000000000000e+00 4.352752816480558451e-01 4.500000000000000111e-01 1.002944394664748717e+00 1.754738273551319661e-03
5.000000000000000000e+00 4.665164957683969327e-01 4.500000000000000111e-01 1.004938260700516839e+00 3.450714204253908617e-03
5.000000000000000000e+00 4.999999999999926170e-01 4.500000000000000111e-01 1.008578362243349513e+00 6.831823229335331864e-03
5.000000000000000000e+00 5.358867312681385719e-01 4.500000000000000111e-01 1.015211393013911723e+00 1.353497843640945851e-02
5.000000000000000000e+00 5.743491774985087783e-01 4.500000000000000111e-01 1.026357115916920915e+00 2.554195879674442740e-02
5.000000000000000000e+00 6.155722066724486075e-01 4.500000000000000111e-01 1.041826869150013879e+00 4.208092634015754563e-02
5.000000000000000000e+00 6.597539553864367745e-01 4.500000000000000111e-01 1.058521321904394519e+00 5.689949987310006368e-02
5.000000000000000000e+00 7.071067811865362485e-01 4.500000000000000111e-01 1.074508298890638702e+00 6.401228536133103664e-02
5.000000000000000000e+00 7.578582832551866710e-01 4.500000000000000111e-01 1.089698586902191346e+00 6.879524551026688917e-02
5.000000000000000000e+00 8.122523963562221505e-01 4.500000000000000111e-01 1.108849257442482195e+00 8.253536532457772523e-02
5.000000000000000000e+00 8.705505632961095808e-01 4.500000000000000111e-01 1.129654325527679415e+00 9.818500361863878589e-02
5.000000000000000000e+00 9.330329915367915339e-01 4.500000000000000111e-01 1.146743749406624824e+00 1.160802163907520279e-01
5.000000000000000000e+00 9.999999999999827915e-01 4.500000000000000111e-01 1.160800345366606479e+00 1.304878223892601552e-01
5.000000000000000000e+00 1.071773462536274479e+00 4.500000000000000111e-01 1.176153723151891040e+00 1.459436074772466896e-01
5.000000000000000000e+00 1.148698354997014670e+00 4.500000000000000111e-01 1.185561606693760650e+00 1.547638582641970850e-01
5.000000000000000000e+00 1.231144413344894106e+00 4.500000000000000111e-01 1.182082857274167287e+00 1.435732440624313544e-01
5.000000000000000000e+00 1.319507910772870218e+00 4.500000000000000111e-01 1.169604669500469596e+00 1.193555049908939375e-01
5.000000000000000000e+00 1.414213562373068944e+00 4.500000000000000111e-01 1.160875097426622649e+00 9.801393300665942054e-02
5.000000000000000000e+00 1.515716566510369789e+00 4.500000000000000111e-01 1.157091341832934717e+00 8.798454766104861491e-02
5.000000000000000000e+00 1.624504792712440304e+00 4.500000000000000111e-01 1.158323618931395016e+00 1.035186065972444336e-01
5.000000000000000000e+00 1.741101126592214943e+00 4.500000000000000111e-01 1.161191966670464648e+00 1.170356889587450822e-01
5.000000000000000000e+00 1.866065983073578627e+00 4.500000000000000111e-01 1.177301882535791488e+00 1.412720499744309077e-01
5.000000000000000000e+00 1.999999999999960698e+00 4.500000000000000111e-01 1.173094582815882303e+00 1.303886971369250802e-01
5.000000000000000000e+00 2.143546925072543630e+00 4.500000000000000111e-01 1.165024238370587328e+00 1.096345318161877774e-01
5.000000000000000000e+00 2.297396709994023567e+00 4.500000000000000111e-01 1.181894918997447252e+00 1.287073466673846200e-01
5.000000000000000000e+00 2.462288826689782439e+00 4.500000000000000111e-01 1.189607046130123580e+00 1.570656848539419281e-01
5.000000000000000000e+00 2.639015821545733775e+00 4.500000000000000111e-01 1.192588550715587115e+00 1.583890119076545033e-01
5.000000000000000000e+00 2.828427124746130783e+00 4.500000000000000111e-01 1.188637875840927949e+00 1.458066000866657663e-01
5.000000000000000000e+00 3.031433133020732029e+00 4.500000000000000111e-01 1.178793765222063028e+00 1.318251971937010880e-01
5.000000000000000000e+00 3.249009585424872615e+00 4.500000000000000111e-01 1.208686724595999795e+00 2.148831901010733458e-01
5.000000000000000000e+00 3.482202253184421004e+00 4.500000000000000111e-01 1.196823659178930743e+00 1.904273685940292005e-01
5.000000000000000000e+00 3.732131966147147928e+00 4.500000000000000111e-01 1.152878924553966566e+00 9.199766251607331691e-02
5.000000000000000000e+00 3.999999999999911182e+00 4.500000000000000111e-01 1.126924048993978689e+00 4.549511946633963411e-02
5.000000000000000000e+00 4.287093850145076601e+00 4.500000000000000111e-01 1.154881795887888307e+00 1.291698100005578553e-01
5.000000000000000000e+00 4.594793419988035588e+00 4.500000000000000111e-01 1.141749122930125981e+00 6.089614783657622960e-02
5.000000000000000000e+00 4.924577653379552444e+00 4.500000000000000111e-01 1.163208642804913984e+00 6.702096043143157544e-02
5.000000000000000000e+00 5.278031643091455116e+00 4.500000000000000111e-01 1.148353184007355310e+00 1.171435072714625963e-01
5.000000000000000000e+00 5.656854249492248243e+00 4.500000000000000111e-01 1.132096307744285157e+00 7.854412641155214536e-02
5.000000000000000000e+00 6.062866266041448959e+00 4.500000000000000111e-01 1.165593634661427958e+00 7.493378089149696497e-02
5.000000000000000000e+00 6.498019170849729242e+00 4.500000000000000111e-01 1.149128074651164511e+00 6.435571765099104558e-02
5.000000000000000000e+00 6.964404506368825132e+00 4.500000000000000111e-01 1.138599856139610456e+00 5.762398235339882824e-02
5.000000000000000000e+00 7.464263932294277204e+00 4.500000000000000111e-01 1.161934566200115926e+00 5.850830924681551387e-02
5.000000000000000000e+00 7.999999999999802824e+00 4.500000000000000111e-01 1.140821809040786228e+00 6.114604359353909696e-02
5.000000000000000000e+00 8.574187700290131886e+00 4.500000000000000111e-01 1.163644937666730383e+00 1.032072411219039920e-01
5.000000000000000000e+00 9.189586839976049859e+00 4.500000000000000111e-01 1.150429835234463516e+00 7.864205032909565851e-02
5.000000000000000000e+00 9.849155306759080020e+00 4.500000000000000111e-01 1.194218247034851021e+00 1.080929178257818285e-01
5.000000000000000000e+00 1.055606328618288359e+01 4.500000000000000111e-01 1.223757118925365539e+00 1.276612866243543587e-01
5.000000000000000000e+00 1.131370849898446806e+01 4.500000000000000111e-01 1.179719627578427188e+00 1.027740722382558952e-01
5.000000000000000000e+00 1.212573253208286772e+01 4.500000000000000111e-01 1.163674801881203091e+00 6.202605982114907379e-02
5.000000000000000000e+00 1.299603834169942651e+01 4.500000000000000111e-01 1.197327452109110624e+00 1.042392806098087210e-01
5.000000000000000000e+00 1.392880901273761651e+01 4.500000000000000111e-01 1.168422234228827516e+00 1.085586786845072899e-01
5.000000000000000000e+00 1.492852786458851710e+01 4.500000000000000111e-01 1.150586832931587589e+00 8.321179333888360785e-02
5.000000000000000000e+00 1.599999999999956657e+01 4.500000000000000111e-01 1.180751232114314320e+00 1.570621793502555708e-01
5.000000000000000000e+00 1.714837540058022114e+01 4.500000000000000111e-01 1.160669489172046154e+00 8.994619160984360096e-02
5.000000000000000000e+00 1.837917367995205353e+01 4.500000000000000111e-01 1.187319752868608358e+00 8.723675121419589840e-02
5.000000000000000000e+00 1.969831061351811385e+01 4.500000000000000111e-01 1.158289970424779991e+00 1.172105787100808927e-01
5.000000000000000000e+00 2.111212657236571388e+01 4.500000000000000111e-01 1.157395998405171822e+00 7.775039393470480065e-02
5.000000000000000000e+00 2.262741699796887929e+01 4.500000000000000111e-01 1.134463371446284174e+00 5.347625442173421784e-02
5.000000000000000000e+00 2.425146506416567505e+01 4.500000000000000111e-01 1.139271136693696507e+00 4.831172337138139178e-02
5.000000000000000000e+00 2.599207668339878907e+01 4.500000000000000111e-01 1.200573395499214158e+00 1.520486106187870778e-01
5.000000000000000000e+00 2.785761802547516197e+01 4.500000000000000111e-01 1.169725668110086048e+00 1.191247152898371880e-01
5.000000000000000000e+00 2.985705572917696315e+01 4.500000000000000111e-01 1.158299019058012247e+00 6.869889175473105347e-02
5.000000000000000000e+00 3.199999999999905498e+01 4.500000000000000111e-01 1.159021600930055351e+00 8.933637891596479808e-02
