1.000000000000000000e+00 6.250000000000000000e-02 0.000000000000000000e+00 1.000065978043566561e+00 0.000000000000000000e+00
1.000000000000000000e+00 6.698584140851832069e-02 0.000000000000000000e+00 1.000033168146419182e+00 0.000000000000000000e+00
1.000000000000000000e+00 7.179364718731469364e-02 0.000000000000000000e+00 1.000020258879291690e+00 0.000000000000000000e+00
1.000000000000000000e+00 7.694652583405728330e-02 0.000000000000000000e+00 1.000020739568301398e+00 0.000000000000000000e+00
1.000000000000000000e+00 8.246924442330591520e-02 0.000000000000000000e+00 1.000029553440948016e+00 0.000000000000000000e+00
1.000000000000000000e+00 8.838834764831847435e-02 0.000000000000000000e+00 1.000046834787613692e+00 0.000000000000000000e+00
1.000000000000000000e+00 9.473228540689991595e-02 0.000000000000000000e+00 1.000077050101775722e+00 0.000000000000000000e+00
1.000000000000000000e+00 1.015315495445294897e-01 0.000000000000000000e+00 1.000126912568126469e+00 0.000000000000000000e+00
1.000000000000000000e+00 1.088188204120155711e-01 0.000000000000000000e+00 1.000210901978446865e+00 0.000000000000000000e+00
1.000000000000000000e+00 1.166291239421009956e-01 0.000000000000000000e+00 1.000346985287710933e+00 0.000000000000000000e+00
1.000000000000000000e+00 1.250000000000000833e-01 0.000000000000000000e+00 1.000585590741337016e+00 0.000000000000000000e+00
1.000000000000000000e+00 1.339716828170367247e-01 0.000000000000000000e+00 1.001022701082723732e+00 0.000000000000000000e+00
1.000000000000000000e+00 1.435872943746294705e-01 0.000000000000000000e+00 1.001838904280122788e+00 0.000000000000000000e+00
1.000000000000000000e+00 1.538930516681146499e-01 0.000000000000000000e+00 1.003403383485071076e+00 0.000000000000000000e+00
1.000000000000000000e+00 1.649384888466119137e-01 0.000000000000000000e+00 1.006634154439304041e+00 0.000000000000000000e+00
1.000000000000000000e+00 1.767766952966370320e-01 0.000000000000000000e+00 1.013442228126756106e+00 0.000000000000000000e+00
1.000000000000000000e+00 1.894645708137999429e-01 0.000000000000000000e+00 1.027741316445791586e+00 0.000000000000000000e+00
1.000000000000000000e+00 2.030630990890590903e-01 0.000000000000000000e+00 1.065518233555382555e+00 0.000000000000000000e+00
1.000000000000000000e+00 2.176376408240312810e-01 0.000000000000000000e+00 1.150034183114106545e+00 0.000000000000000000e+00
1.000000000000000000e+00 2.332582478842021301e-01 0.000000000000000000e+00 1.290409845769450170e+00 0.000000000000000000e+00
1.000000000000000000e+00 2.500000000000003331e-01 0.000000000000000000e+00 1.409201362911060240e+00 0.000000000000000000e+00
1.000000000000000000e+00 2.679433656340736158e-01 0.000000000000000000e+00 1.393753829580941739e+00 0.000000000000000000e+00
1.000000000000000000e+00 2.871745887492591631e-01 0.000000000000000000e+00 1.279390786603727959e+00 0.000000000000000000e+00
1.000000000000000000e+00 3.077861033362295218e-01 0.000000000000000000e+00 1.156384774044458608e+00 0.000000000000000000e+00
1.000000000000000000e+00 3.298769776932240494e-01 0.000000000000000000e+00 1.079066391391287905e+00 0.000000000000000000e+00
1.000000000000000000e+00 3.535533905932742860e-01 0.000000000000000000e+00 1.049809179679486171e+00 0.000000000000000000e+00
1.000000000000000000e+00 3.789291416276001079e-01 0.000000000000000000e+00 1.043865257117785328e+00 0.000000000000000000e+00
1.000000000000000000e+00 4.061261981781184582e-01 0.000000000000000000e+00 1.033893676490037272e+00 0.000000000000000000e+00
1.000000000000000000e+00 4.352752816480628395e-01 0.000000000000000000e+00 1.019605628279423692e+00 0.000000000000000000e+00
1.000000000000000000e+00 4.665164957684045377e-01 0.000000000000000000e+00 1.009467039943520161e+00 0.000000000000000000e+00
1.000000000000000000e+00 5.000000000000008882e-01 0.000000000000000000e+00 1.007253365690289115e+00 0.000000000000000000e+00
1.000000000000000000e+00 5.358867312681475648e-01 0.000000000000000000e+00 1.013409612246231273e+00 0.000000000000000000e+00
1.000000000000000000e+00 5.743491774985186593e-01 0.000000000000000000e+00 1.023580854990293165e+00 0.000000000000000000e+00
1.000000000000000000e+00 6.155722066724593766e-01 0.000000000000000000e+00 1.014347617770885890e+00 0.000000000000000000e+00
1.000000000000000000e+00 6.597539553864485429e-01 0.000000000000000000e+00 1.018389324790898831e+00 0.000000000000000000e+00
1.000000000000000000e+00 7.071067811865490160e-01 0.000000000000000000e+00 1.021854613213277974e+00 0.000000000000000000e+00
1.000000000000000000e+00 7.578582832552007709e-01 0.000000000000000000e+00 1.013274753189554289e+00 0.000000000000000000e+00
1.000000000000000000e+00 8.122523963562373606e-01 0.000000000000000000e+00 1.019640500314198173e+00 0.000000000000000000e+00
1.000000000000000000e+00 8.705505632961261231e-01 0.000000000000000000e+00 1.022319462139063662e+00 0.000000000000000000e+00
1.000000000000000000e+00 9.330329915368096305e-01 0.000000000000000000e+00 1.104362613612973387e+00 0.000000000000000000e+00
1.000000000000000000e+00 1.000000000000002442e+00 0.000000000000000000e+00 1.540393037142663957e+00 0.000000000000000000e+00
1.000000000000000000e+00 1.071773462536295574e+00 0.000000000000000000e+00 1.535014396449783547e+00 0.000000000000000000e+00
1.000000000000000000e+00 1.148698354997037985e+00 0.000000000000000000e+00 1.060899846085877840e+00 0.000000000000000000e+00
1.000000000000000000e+00 1.231144413344919863e+00 0.000000000000000000e+00 1.020587967831531495e+00 0.000000000000000000e+00
1.000000000000000000e+00 1.319507910772897752e+00 0.000000000000000000e+00 1.007780700834395970e+00 0.000000000000000000e+00
1.000000000000000000e+00 1.414213562373098476e+00 0.000000000000000000e+00 1.037426355461663841e+00 0.000000000000000000e+00
1.000000000000000000e+00 1.515716566510402430e+00 0.000000000000000000e+00 1.131279447031181773e+00 0.000000000000000000e+00
1.000000000000000000e+00 1.624504792712476275e+00 0.000000000000000000e+00 1.092157425304074225e+00 0.000000000000000000e+00
1.000000000000000000e+00 1.741101126592253356e+00 0.000000000000000000e+00 1.033672881643034946e+00 0.000000000000000000e+00
1.000000000000000000e+00 1.866065983073619927e+00 0.000000000000000000e+00 1.040378701578275500e+00 0.000000000000000000e+00
1.000000000000000000e+00 2.000000000000006217e+00 0.000000000000000000e+00 1.034901425151064425e+00 0.000000000000000000e+00
1.000000000000000000e+00 2.143546925072593812e+00 0.000000000000000000e+00 1.027799197098499873e+00 0.000000000000000000e+00
1.000000000000000000e+00 2.297396709994077302e+00 0.000000000000000000e+00 1.259706723327176592e+00 0.000000000000000000e+00
1.000000000000000000e+00 2.462288826689839727e+00 0.000000000000000000e+00 1.075401125368754984e+00 0.000000000000000000e+00
1.000000000000000000e+00 2.639015821545797280e+00 0.000000000000000000e+00 1.012439384005379139e+00 0.000000000000000000e+00
1.000000000000000000e+00 2.828427124746200505e+00 0.000000000000000000e+00 1.104614425069349926e+00 0.000000000000000000e+00
1.000000000000000000e+00 3.031433133020806636e+00 0.000000000000000000e+00 1.055831271473009592e+00 0.000000000000000000e+00
1.000000000000000000e+00 3.249009585424952551e+00 0.000000000000000000e+00 1.046979630483663826e+00 0.000000000000000000e+00
1.000000000000000000e+00 3.482202253184508933e+00 0.000000000000000000e+00 1.046724576541030460e+00 0.000000000000000000e+00
1.000000000000000000e+00 3.732131966147244295e+00 0.000000000000000000e+00 1.073778232318635117e+00 0.000000000000000000e+00
1.000000000000000000e+00 4.000000000000015099e+00 0.000000000000000000e+00 1.034918719889401428e+00 0.000000000000000000e+00
1.000000000000000000e+00 4.287093850145187623e+00 0.000000000000000000e+00 1.061083438531538414e+00 0.000000000000000000e+00
1.000000000000000000e+00 4.594793419988157268e+00 0.000000000000000000e+00 1.141047032116597304e+00 0.000000000000000000e+00
1.000000000000000000e+00 4.924577653379685671e+00 0.000000000000000000e+00 1.085296126506238634e+00 0.000000000000000000e+00
1.000000000000000000e+00 5.278031643091598113e+00 0.000000000000000000e+00 1.033552718967011730e+00 0.000000000000000000e+00
1.000000000000000000e+00 5.656854249492401010e+00 0.000000000000000000e+00 1.023847891962407219e+00 0.000000000000000000e+00
1.000000000000000000e+00 6.062866266041616825e+00 0.000000000000000000e+00 1.045943819424916654e+00 0.000000000000000000e+00
1.000000000000000000e+00 6.498019170849913095e+00 0.000000000000000000e+00 1.027958247839273254e+00 0.000000000000000000e+00
1.000000000000000000e+00 6.964404506369022307e+00 0.000000000000000000e+00 1.130346487870177441e+00 0.000000000000000000e+00
1.000000000000000000e+00 7.464263932294488590e+00 0.000000000000000000e+00 1.159208312426329712e+00 0.000000000000000000e+00
1.000000000000000000e+00 8.000000000000033751e+00 0.000000000000000000e+00 1.029433849126611067e+00 0.000000000000000000e+00
1.000000000000000000e+00 8.574187700290385905e+00 0.000000000000000000e+00 1.019611980527074024e+00 0.000000000000000000e+00
1.000000000000000000e+00 9.189586839976321642e+00 0.000000000000000000e+00 1.041752607414311749e+00 0.000000000000000000e+00
1.000000000000000000e+00 9.849155306759371342e+00 0.000000000000000000e+00 1.058241824384306584e+00 0.000000000000000000e+00
1.000000000000000000e+00 1.055606328618320155e+01 0.000000000000000000e+00 1.054942379994197266e+00 0.000000000000000000e+00
1.000000000000000000e+00 1.131370849898481623e+01 0.000000000000000000e+00 1.044137468353868003e+00 0.000000000000000000e+00
1.000000000000000000e+00 1.212573253208324076e+01 0.000000000000000000e+00 1.076940526539901466e+00 0.000000000000000000e+00
1.000000000000000000e+00 1.299603834169982619e+01 0.000000000000000000e+00 1.048729030708950960e+00 0.000000000000000000e+00
1.000000000000000000e+00 1.392880901273805350e+01 0.000000000000000000e+00 1.084652948712334641e+00 0.000000000000000000e+00
1.000000000000000000e+00 1.492852786458899672e+01 0.000000000000000000e+00 1.030056323335783564e+00 0.000000000000000000e+00
1.000000000000000000e+00 1.600000000000007816e+01 0.000000000000000000e+00 1.059674622725577109e+00 0.000000000000000000e+00
1.000000000000000000e+00 1.714837540058077181e+01 0.000000000000000000e+00 1.023532990903570417e+00 0.000000000000000000e+00
1.000000000000000000e+00 1.837917367995264328e+01 0.000000000000000000e+00 1.011931811756503707e+00 0.000000000000000000e+00
1.000000000000000000e+00 1.969831061351876755e+01 0.000000000000000000e+00 1.010571682411295580e+00 0.000000000000000000e+00
1.000000000000000000e+00 2.111212657236641732e+01 0.000000000000000000e+00 1.047311171743164016e+00 0.000000000000000000e+00
1.000000000000000000e+00 2.262741699796963246e+01 0.000000000000000000e+00 1.076918444917442041e+00 0.000000000000000000e+00
1.000000000000000000e+00 2.425146506416651349e+01 0.000000000000000000e+00 1.061562391061823485e+00 0.000000000000000000e+00
1.000000000000000000e+00 2.599207668339968436e+01 0.000000000000000000e+00 1.053880804902507018e+00 0.000000000000000000e+00
1.000000000000000000e+00 2.785761802547612476e+01 0.000000000000000000e+00 1.148730867811936340e+00 0.000000000000000000e+00
1.000000000000000000e+00 2.985705572917799344e+01 0.000000000000000000e+00 1.110878543899059379e+00 0.000000000000000000e+00
1.000000000000000000e+00 3.200000000000015632e+01 0.000000000000000000e+00 1.066425075852611037e+00 0.000000000000000000e+00
1.000000000000000000e+00 3.429675080116158625e+01 0.000000000000000000e+00 1.080407149491281249e+00 0.000000000000000000e+00
1.000000000000000000e+00 3.675834735990532920e+01 0.000000000000000000e+00 1.026120547542890282e+00 0.000000000000000000e+00
1.000000000000000000e+00 3.939662122703753511e+01 0.000000000000000000e+00 1.010894104789846759e+00 0.000000000000000000e+00
1.000000000000000000e+00 4.222425314473288438e+01 0.000000000000000000e+00 1.053687912531053206e+00 0.000000000000000000e+00
1.000000000000000000e+00 4.525483399593932177e+01 0.000000000000000000e+00 1.052806776440492476e+00 0.000000000000000000e+00
1.000000000000000000e+00 4.850293012833302697e+01 0.000000000000000000e+00 1.047735262191323402e+00 0.000000000000000000e+00
1.000000000000000000e+00 5.198415336679936871e+01 0.000000000000000000e+00 1.017710367108628500e+00 0.000000000000000000e+00
1.000000000000000000e+00 5.571523605095224951e+01 0.000000000000000000e+00 1.070016615460718912e+00 0.000000000000000000e+00
1.000000000000000000e+00 5.971411145835605794e+01 0.000000000000000000e+00 1.017601444928056376e+00 0.000000000000000000e+00
1.000000000000000000e+00 6.400000000000039790e+01 0.000000000000000000e+00 1.240942729060508398e+00 0.000000000000000000e+00
1.000000000000000000e+00 6.859350160232317251e+01 0.000000000000000000e+00 1.046685863030846209e+00 0.000000000000000000e+00
1.000000000000000000e+00 7.351669471981074366e+01 0.000000000000000000e+00 1.041220275863955047e+00 0.000000000000000000e+00
1.000000000000000000e+00 7.879324245407516969e+01 0.000000000000000000e+00 1.038999087670225085e+00 0.000000000000000000e+00
1.000000000000000000e+00 8.444850628946576876e+01 0.000000000000000000e+00 1.101711856200305650e+00 0.000000000000000000e+00
1.000000000000000000e+00 9.050966799187864353e+01 0.000000000000000000e+00 1.087601673249353862e+00 0.000000000000000000e+00
1.000000000000000000e+00 9.700586025666605394e+01 0.000000000000000000e+00 1.024210669145298569e+00 0.000000000000000000e+00
1.000000000000000000e+00 1.039683067335988653e+02 0.000000000000000000e+00 1.043367988613752573e+00 0.000000000000000000e+00
1.000000000000000000e+00 1.114304721019046269e+02 0.000000000000000000e+00 1.074158113610154786e+00 0.000000000000000000e+00
1.000000000000000000e+00 1.194282229167121159e+02 0.000000000000000000e+00 1.080205734727994527e+00 0.000000000000000000e+00
1.000000000000000000e+00 1.280000000000009379e+02 0.000000000000000000e+00 1.023379328618719164e+00 0.000000000000000000e+00
