5.000000000000000000e+00 7.812500000000000000e-03 4.299999999999999933e-01 2.774112793330040461e+00 8.568034943295049777e-01
5.000000000000000000e+00 8.373230176064788352e-03 4.299999999999999933e-01 2.529573384461596852e+00 7.881453387622894269e-01
5.000000000000000000e+00 8.974205898414331500e-03 4.299999999999999933e-01 2.359956086405582187e+00 7.095097440501524355e-01
5.000000000000000000e+00 9.618315729257151739e-03 4.299999999999999933e-01 2.175105655405198402e+00 6.869198555235458414e-01
5.000000000000000000e+00 1.030865555291322552e-02 4.299999999999999933e-01 1.994511582652203074e+00 5.611714143413972788e-01
5.000000000000000000e+00 1.104854345603979195e-02 4.299999999999999933e-01 1.886917936302867860e+00 5.556787177754912710e-01
5.000000000000000000e+00 1.184153567586246694e-02 4.299999999999999933e-01 1.735338229644846297e+00 5.069789013235536101e-01
5.000000000000000000e+00 1.269144369306615845e-02 4.299999999999999933e-01 1.582838406211484861e+00 4.245877308126828065e-01
5.000000000000000000e+00 1.360235255150191343e-02 4.299999999999999933e-01 1.523528860532408880e+00 4.012732320214673076e-01
5.000000000000000000e+00 1.457864049276258282e-02 4.299999999999999933e-01 1.444973812810246283e+00 3.820518791597012354e-01
5.000000000000000000e+00 1.562499999999996184e-02 4.299999999999999933e-01 1.384178041713474361e+00 3.615374498706088180e-01
5.000000000000000000e+00 1.674646035212953507e-02 4.299999999999999933e-01 1.339777498037529435e+00 3.722647309337979715e-01
5.000000000000000000e+00 1.794841179682861790e-02 4.299999999999999933e-01 1.277269488604802827e+00 3.142007179806224348e-01
5.000000000000000000e+00 1.923663145851425491e-02 4.299999999999999933e-01 1.222584694339178268e+00 2.553527042256814039e-01
5.000000000000000000e+00 2.061731110582640247e-02 4.299999999999999933e-01 1.202213764260925632e+00 2.613969810391514326e-01
5.000000000000000000e+00 2.209708691207952838e-02 4.299999999999999933e-01 1.178846079079756581e+00 2.622551041227952906e-01
5.000000000000000000e+00 2.368307135172487837e-02 4.299999999999999933e-01 1.141353664336266727e+00 2.086014739005966623e-01
5.000000000000000000e+00 2.538288738613225445e-02 4.299999999999999933e-01 1.112389522445132561e+00 1.740025242178876996e-01
5.000000000000000000e+00 2.720470510300375747e-02 4.299999999999999933e-01 1.096923541989900608e+00 1.641480404060058074e-01
5.000000000000000000e+00 2.915728098552509626e-02 4.299999999999999933e-01 1.079375238610711829e+00 1.442661092508167320e-01
5.000000000000000000e+00 3.124999999999984734e-02 4.299999999999999933e-01 1.059824840968536019e+00 1.126229316169301137e-01
5.000000000000000000e+00 3.349292070425898687e-02 4.299999999999999933e-01 1.052247203520519481e+00 1.099538373349645826e-01
5.000000000000000000e+00 3.589682359365715253e-02 4.299999999999999933e-01 1.039264739482026467e+00 8.535732199041275170e-02
5.000000000000000000e+00 3.847326291702841267e-02 4.299999999999999933e-01 1.030581457507084631e+00 6.998237935322901282e-02
5.000000000000000000e+00 4.123462221165270086e-02 4.299999999999999933e-01 1.023832067398842804e+00 5.703064730538350696e-02
5.000000000000000000e+00 4.419417382415894574e-02 4.299999999999999933e-01 1.018705559003938887e+00 4.660063073987736476e-02
5.000000000000000000e+00 4.736614270344963878e-02 4.299999999999999933e-01 1.014931714423118247e+00 3.836086085701262416e-02
5.000000000000000000e+00 5.076577477226438401e-02 4.299999999999999933e-01 1.012246323130887360e+00 3.218745053379924032e-02
5.000000000000000000e+00 5.440941020600738309e-02 4.299999999999999933e-01 1.010333515085930500e+00 2.750672533005598872e-02
5.000000000000000000e+00 5.831456197105004680e-02 4.299999999999999933e-01 1.008713141033812377e+00 2.323504307042647404e-02
5.000000000000000000e+00 6.249999999999953509e-02 4.299999999999999933e-01 1.007584414222379543e+00 2.016426514255276886e-02
5.000000000000000000e+00 6.698584140851780722e-02 4.299999999999999933e-01 1.006580248389727039e+00 1.732370319855769392e-02
5.000000000000000000e+00 7.179364718731412465e-02 4.299999999999999933e-01 1.005856880488057437e+00 1.525335583150665315e-02
5.000000000000000000e+00 7.694652583405664492e-02 4.299999999999999933e-01 1.005102734862087788e+00 1.305814475692008633e-02
5.000000000000000000e+00 8.246924442330520744e-02 4.299999999999999933e-01 1.004424550367714497e+00 1.107564061359680822e-02
5.000000000000000000e+00 8.838834764831768331e-02 4.299999999999999933e-01 1.003792311540692150e+00 9.224277559956389760e-03
5.000000000000000000e+00 9.473228540689904165e-02 4.299999999999999933e-01 1.003247659795674096e+00 7.631835787332395468e-03
5.000000000000000000e+00 1.015315495445285182e-01 4.299999999999999933e-01 1.002749443417547459e+00 6.176666228814246123e-03
5.000000000000000000e+00 1.088188204120145025e-01 4.299999999999999933e-01 1.002342212337315130e+00 4.993503042054981723e-03
5.000000000000000000e+00 1.166291239420998022e-01 4.299999999999999933e-01 1.002005900083131618e+00 4.023513540494128016e-03
5.000000000000000000e+00 1.249999999999987649e-01 4.299999999999999933e-01 1.001742786797174656e+00 3.274636016309439082e-03
5.000000000000000000e+00 1.339716828170352814e-01 4.299999999999999933e-01 1.001540836069610307e+00 2.711680343147285059e-03
5.000000000000000000e+00 1.435872943746278885e-01 4.299999999999999933e-01 1.001380164983123322e+00 2.275799993756397709e-03
5.000000000000000000e+00 1.538930516681129013e-01 4.299999999999999933e-01 1.001254377759050573e+00 1.947975812803420283e-03
5.000000000000000000e+00 1.649384888466099985e-01 4.299999999999999933e-01 1.001125579880338234e+00 1.615865484462318752e-03
5.000000000000000000e+00 1.767766952966349225e-01 4.299999999999999933e-01 1.000987238447565542e+00 1.260731454443685335e-03
5.000000000000000000e+00 1.894645708137976114e-01 4.299999999999999933e-01 1.000849265500767027e+00 9.130040428830974927e-04
5.000000000000000000e+00 2.030630990890565368e-01 4.299999999999999933e-01 1.000737762841001466e+00 6.487445677262684840e-04
5.000000000000000000e+00 2.176376408240284499e-01 4.299999999999999933e-01 1.000664361681195880e+00 4.943104727927308305e-04
5.000000000000000000e+00 2.332582478841990492e-01 4.299999999999999933e-01 1.000610804815932564e+00 3.893636869721926112e-04
5.000000000000000000e+00 2.499999999999969191e-01 4.299999999999999933e-01 1.000565313173694904e+00 2.947899090827726552e-04
5.000000000000000000e+00 2.679433656340699521e-01 4.299999999999999933e-01 1.000535971295182458e+00 2.183135312694696418e-04
5.000000000000000000e+00 2.871745887492550553e-01 4.299999999999999933e-01 1.000539640571027844e+00 1.699193760378738915e-04
5.000000000000000000e+00 3.077861033362250809e-01 4.299999999999999933e-01 1.000585016752095324e+00 1.380490817481421428e-04
5.000000000000000000e+00 3.298769776932191644e-01 4.299999999999999933e-01 1.000683567777530758e+00 1.372756129034108201e-04
5.000000000000000000e+00 3.535533905932689569e-01 4.299999999999999933e-01 1.000873666057909173e+00 2.313484431784180171e-04
5.000000000000000000e+00 3.789291416275942792e-01 4.299999999999999933e-01 1.001218089562355917e+00 4.601236059170573582e-04
5.000000000000000000e+00 4.061261981781120745e-01 4.299999999999999933e-01 1.001832508717927173e+00 9.056590630705825670e-04
5.000000000000000000e+00 4.352752816480558451e-01 4.299999999999999933e-01 1.002936578822402947e+00 1.769669974205056225e-03
5.000000000000000000e+00 4.665164957683969327e-01 4.299999999999999933e-01 1.004939961511419622e+00 3.469606418210975044e-03
5.000000000000000000e+00 4.999999999999926170e-01 4.299999999999999933e-01 1.008593580640656295e+00 6.857190740875576153e-03
5.000000000000000000e+00 5.358867312681385719e-01 4.299999999999999933e-01 1.015245710513591693e+00 1.357081331154131633e-02
5.000000000000000000e+00 5.743491774985087783e-01 4.299999999999999933e-01 1.026417188366820055e+00 2.559176838124464434e-02
5.000000000000000000e+00 6.155722066724486075e-01 4.299999999999999933e-01 1.041918116024858509e+00 4.214344114846911571e-02
5.000000000000000000e+00 6.597539553864367745e-01 4.299999999999999933e-01 1.058643098371008451e+00 5.696993642083487269e-02
5.000000000000000000e+00 7.071067811865362485e-01 4.299999999999999933e-01 1.074660243033229934e+00 6.409765218677211662e-02
5.000000000000000000e+00 7.578582832551866710e-01 4.299999999999999933e-01 1.089886346479118640e+00 6.892599055883139036e-02
5.000000000000000000e+00 8.122523963562221505e-01 4.299999999999999933e-01 1.109088305723666235e+00 8.275116781791484744e-02
5.000000000000000000e+00 8.705505632961095808e-01 4.299999999999999933e-01 1.129965168264199127e+00 9.852888132090857620e-02
5.000000000000000000e+00 9.330329915367915339e-01 4.299999999999999933e-01 1.147145771772169365e+00 1.165784996472459950e-01
5.000000000000000000e+00 9.999999999999827915e-01 4.299999999999999933e-01 1.161309807427648000e+00 1.311467205152637150e-01
5.000000000000000000e+00 1.071773462536274479e+00 4.299999999999999933e-01 1.176723203814457719e+00 1.466666520471537338e-01
5.000000000000000000e+00 1.148698354997014670e+00 4.299999999999999933e-01 1.186147798485936988e+00 1.554719250059620472e-01
5.000000000000000000e+00 1.231144413344894106e+00 4.299999999999999933e-01 1.182647267395110058e+00 1.441472920643060707e-01
5.000000000000000000e+00 1.319507910772870218e+00 4.299999999999999933e-01 1.170152119553233172e+00 1.197392941057365406e-01
5.000000000000000000e+00 1.414213562373068944e+00 4.299999999999999933e-01 1.161468750034945430e+00 9.828992037590358888e-02
5.000000000000000000e+00 1.515716566510369789e+00 4.299999999999999933e-01 1.157743132615590032e+00 8.828308177659223432e-02
5.000000000000000000e+00 1.624504792712440304e+00 4.299999999999999933e-01 1.158984852158993828e+00 1.039139919358676445e-01
5.000000000000000000e+00 1.741101126592214943e+00 4.299999999999999933e-01 1.161878843920868487e+00 1.175425066232918259e-01
5.000000000000000000e+00 1.866065983073578627e+00 4.299999999999999933e-01 1.178067992477161763e+00 1.419278972539049222e-01
5.000000000000000000e+00 1.999999999999960698e+00 4.299999999999999933e-01 1.173777706682956445e+00 1.309302424860144531e-01
5.000000000000000000e+00 2.143546925072543630e+00 4.299999999999999933e-01 1.165591486683156264e+00 1.100945837148282758e-01
5.000000000000000000e+00 2.297396709994023567e+00 4.299999999999999933e-01 1.182470168760739071e+00 1.291295266092000460e-01
5.000000000000000000e+00 2.462288826689782439e+00 4.299999999999999933e-01 1.190243313102966161e+00 1.576149177085056363e-01
5.000000000000000000e+00 2.639015821545733775e+00 4.299999999999999933e-01 1.193344191814305955e+00 1.591857706033143749e-01
5.000000000000000000e+00 2.828427124746130783e+00 4.299999999999999933e-01 1.189563924561272579e+00 1.465969538180799669e-01
5.000000000000000000e+00 3.031433133020732029e+00 4.299999999999999933e-01 1.179751386498306243e+00 1.326142069021845338e-01
5.000000000000000000e+00 3.249009585424872615e+00 4.299999999999999933e-01 1.209588638111216863e+00 2.157915931561525114e-01
5.000000000000000000e+00 3.482202253184421004e+00 4.299999999999999933e-01 1.197637187472748721e+00 1.910766502210843321e-01
5.000000000000000000e+00 3.732131966147147928e+00 4.299999999999999933e-01 1.153411271907593072e+00 9.220874090381588062e-02
5.000000000000000000e+00 3.999999999999911182e+00 4.299999999999999933e-01 1.127468993205632319e+00 4.565545863191315668e-02
5.000000000000000000e+00 4.287093850145076601e+00 4.299999999999999933e-01 1.155676758675235005e+00 1.299199426619297437e-01
5.000000000000000000e+00 4.594793419988035588e+00 4.299999999999999933e-01 1.142374276225014640e+00 6.119102704219046840e-02
5.000000000000000000e+00 4.924577653379552444e+00 4.299999999999999933e-01 1.163995596573905278e+00 6.748663063215629143e-02
5.000000000000000000e+00 5.278031643091455116e+00 4.299999999999999933e-01 1.148986899081759550e+00 1.176580262310038261e-01
5.000000000000000000e+00 5.656854249492248243e+00 4.299999999999999933e-01 1.132780742999482060e+00 7.906918681894957446e-02
5.000000000000000000e+00 6.062866266041448959e+00 4.299999999999999933e-01 1.166477243444969503e+00 7.533386595895391613e-02
5.000000000000000000e+00 6.498019170849729242e+00 4.299999999999999933e-01 1.149847905300176665e+00 6.459108791718037867e-02
5.000000000000000000e+00 6.964404506368825132e+00 4.299999999999999933e-01 1.139234021135585806e+00 5.798846949186146904e-02
5.000000000000000000e+00 7.464263932294277204e+00 4.299999999999999933e-01 1.162572874001799317e+00 5.887154128522857632e-02
5.000000000000000000e+00 7.999999999999802824e+00 4.299999999999999933e-01 1.141437364975012914e+00 6.143481182051828415e-02
5.000000000000000000e+00 8.574187700290131886e+00 4.299999999999999933e-01 1.164422118449707222e+00 1.039749584211396294e-01
5.000000000000000000e+00 9.189586839976049859e+00 4.299999999999999933e-01 1.151118250958216516e+00 7.894737535830455288e-02
5.000000000000000000e+00 9.849155306759080020e+00 4.299999999999999933e-01 1.195100008005274050e+00 1.085811791955502426e-01
5.000000000000000000e+00 1.055606328618288359e+01 4.299999999999999933e-01 1.224673849376944679e+00 1.280670718434654132e-01
5.000000000000000000e+00 1.131370849898446806e+01 4.299999999999999933e-01 1.180430558297381527e+00 1.032018589769773120e-01
5.000000000000000000e+00 1.212573253208286772e+01 4.299999999999999933e-01 1.164283241012780579e+00 6.227896410213145523e-02
5.000000000000000000e+00 1.299603834169942651e+01 4.299999999999999933e-01 1.198212998360168147e+00 1.047397845060710070e-01
5.000000000000000000e+00 1.392880901273761651e+01 4.299999999999999933e-01 1.169096303936727033e+00 1.089492165656567729e-01
5.000000000000000000e+00 1.492852786458851710e+01 4.299999999999999933e-01 1.151276536985134991e+00 8.348433322144920010e-02
5.000000000000000000e+00 1.599999999999956657e+01 4.299999999999999933e-01 1.181582116455209830e+00 1.577752837909288108e-01
5.000000000000000000e+00 1.714837540058022114e+01 4.299999999999999933e-01 1.161342826685726859e+00 9.030188858291461618e-02
5.000000000000000000e+00 1.837917367995205353e+01 4.299999999999999933e-01 1.187996994867316136e+00 8.758483545137292492e-02
5.000000000000000000e+00 1.969831061351811385e+01 4.299999999999999933e-01 1.158965063003352558e+00 1.176564585386395273e-01
5.000000000000000000e+00 2.111212657236571388e+01 4.299999999999999933e-01 1.158120305097450453e+00 7.810612740256420161e-02
5.000000000000000000e+00 2.262741699796887929e+01 4.299999999999999933e-01 1.135086446421075035e+00 5.366179760973201207e-02
5.000000000000000000e+00 2.425146506416567505e+01 4.299999999999999933e-01 1.139823953527943967e+00 4.851010708360776330e-02
5.000000000000000000e+00 2.599207668339878907e+01 4.299999999999999933e-01 1.201267684662268964e+00 1.527344135255506163e-01
5.000000000000000000e+00 2.785761802547516197e+01 4.299999999999999933e-01 1.170313576269309541e+00 1.195061253572612253e-01
5.000000000000000000e+00 2.985705572917696315e+01 4.299999999999999933e-01 1.158919006351479819e+00 6.911778914029892418e-02
5.000000000000000000e+00 3.199999999999905498e+01 4.299999999999999933e-01 1.159678026514079363e+00 8.965911275960826432e-02
