5.000000000000000000e+00 7.812500000000000000e-03 6.800000000000000488e-01 4.716473281402900675e+00 1.240392779647832455e+00
5.000000000000000000e+00 8.373230176064788352e-03 6.800000000000000488e-01 4.599334024615612471e+00 1.228702173006349208e+00
5.000000000000000000e+00 8.974205898414331500e-03 6.800000000000000488e-01 4.245406327162099203e+00 1.263059670714582694e+00
5.000000000000000000e+00 9.618315729257151739e-03 6.800000000000000488e-01 3.924176540511182587e+00 1.232810115422352748e+00
5.000000000000000000e+00 1.030865555291322552e-02 6.800000000000000488e-01 3.527878653901939110e+00 1.298320415106591685e+00
5.000000000000000000e+00 1.104854345603979195e-02 6.800000000000000488e-01 3.290686693067076618e+00 1.154347640397645147e+00
5.000000000000000000e+00 1.184153567586246694e-02 6.800000000000000488e-01 2.972373791855955627e+00 1.130915632611868782e+00
5.000000000000000000e+00 1.269144369306615845e-02 6.800000000000000488e-01 2.583418592444673756e+00 9.789662138978644235e-01
5.000000000000000000e+00 1.360235255150191343e-02 6.800000000000000488e-01 2.421599674212523645e+00 8.953367293148545292e-01
5.000000000000000000e+00 1.457864049276258282e-02 6.800000000000000488e-01 2.230583851181501931e+00 8.882768833834698841e-01
5.000000000000000000e+00 1.562499999999996184e-02 6.800000000000000488e-01 2.038479721095032282e+00 7.929002468429101613e-01
5.000000000000000000e+00 1.674646035212953507e-02 6.800000000000000488e-01 1.924872099244503643e+00 8.281598523889428520e-01
5.000000000000000000e+00 1.794841179682861790e-02 6.800000000000000488e-01 1.764355870254945557e+00 7.339969052317445453e-01
5.000000000000000000e+00 1.923663145851425491e-02 6.800000000000000488e-01 1.653151397814096146e+00 6.865742791307786197e-01
5.000000000000000000e+00 2.061731110582640247e-02 6.800000000000000488e-01 1.570940182496889159e+00 6.518077452751505074e-01
5.000000000000000000e+00 2.209708691207952838e-02 6.800000000000000488e-01 1.516211713354754353e+00 6.955028700416998610e-01
5.000000000000000000e+00 2.368307135172487837e-02 6.800000000000000488e-01 1.424369582810895540e+00 5.970871795462620035e-01
5.000000000000000000e+00 2.538288738613225445e-02 6.800000000000000488e-01 1.345568615505005283e+00 5.206485937367653083e-01
5.000000000000000000e+00 2.720470510300375747e-02 6.800000000000000488e-01 1.298404402489246268e+00 4.940239227924271836e-01
5.000000000000000000e+00 2.915728098552509626e-02 6.800000000000000488e-01 1.248209907465989810e+00 4.465369540613458033e-01
5.000000000000000000e+00 3.124999999999984734e-02 6.800000000000000488e-01 1.190982494886929199e+00 3.611460452665845033e-01
5.000000000000000000e+00 3.349292070425898687e-02 6.800000000000000488e-01 1.167952948032709326e+00 3.559254363031256752e-01
5.000000000000000000e+00 3.589682359365715253e-02 6.800000000000000488e-01 1.126712396300203922e+00 2.781947859248417032e-01
5.000000000000000000e+00 3.847326291702841267e-02 6.800000000000000488e-01 1.098624322568833023e+00 2.281941645056299872e-01
5.000000000000000000e+00 4.123462221165270086e-02 6.800000000000000488e-01 1.076784396844711722e+00 1.859441802504006314e-01
5.000000000000000000e+00 4.419417382415894574e-02 6.800000000000000488e-01 1.060066290072834150e+00 1.515185470021121750e-01
5.000000000000000000e+00 4.736614270344963878e-02 6.800000000000000488e-01 1.047632951174261251e+00 1.240377043645202598e-01
5.000000000000000000e+00 5.076577477226438401e-02 6.800000000000000488e-01 1.038868400076768950e+00 1.037158572248465527e-01
5.000000000000000000e+00 5.440941020600738309e-02 6.800000000000000488e-01 1.032618256218006625e+00 8.831225254314446771e-02
5.000000000000000000e+00 5.831456197105004680e-02 6.800000000000000488e-01 1.027367268948942813e+00 7.442261825041680823e-02
5.000000000000000000e+00 6.249999999999953509e-02 6.800000000000000488e-01 1.023704792819955189e+00 6.442697065426848668e-02
5.000000000000000000e+00 6.698584140851780722e-02 6.800000000000000488e-01 1.020476489195857317e+00 5.527771933669755472e-02
5.000000000000000000e+00 7.179364718731412465e-02 6.800000000000000488e-01 1.018173135526317274e+00 4.867299111554437840e-02
5.000000000000000000e+00 7.694652583405664492e-02 6.800000000000000488e-01 1.015760921467887767e+00 4.163747956694013180e-02
5.000000000000000000e+00 8.246924442330520744e-02 6.800000000000000488e-01 1.013603136416906247e+00 3.531559378713571007e-02
5.000000000000000000e+00 8.838834764831768331e-02 6.800000000000000488e-01 1.011575629617249117e+00 2.936160851789960599e-02
5.000000000000000000e+00 9.473228540689904165e-02 6.800000000000000488e-01 1.009849929195929086e+00 2.429892994437961307e-02
5.000000000000000000e+00 1.015315495445285182e-01 6.800000000000000488e-01 1.008258390337875898e+00 1.963004378197303473e-02
5.000000000000000000e+00 1.088188204120145025e-01 6.800000000000000488e-01 1.006967149383075855e+00 1.585670077205326989e-02
5.000000000000000000e+00 1.166291239420998022e-01 6.800000000000000488e-01 1.005908538005775510e+00 1.277998038661751039e-02
5.000000000000000000e+00 1.249999999999987649e-01 6.800000000000000488e-01 1.005079513120245682e+00 1.039435694818737280e-02
5.000000000000000000e+00 1.339716828170352814e-01 6.800000000000000488e-01 1.004449407014009088e+00 8.610977104999285869e-03
5.000000000000000000e+00 1.435872943746278885e-01 6.800000000000000488e-01 1.003948665094829051e+00 7.224057972355939564e-03
5.000000000000000000e+00 1.538930516681129013e-01 6.800000000000000488e-01 1.003562770480735722e+00 6.191417559013747025e-03
5.000000000000000000e+00 1.649384888466099985e-01 6.800000000000000488e-01 1.003166414739238954e+00 5.140914161937119864e-03
5.000000000000000000e+00 1.767766952966349225e-01 6.800000000000000488e-01 1.002738695944775049e+00 4.012796381053575744e-03
5.000000000000000000e+00 1.894645708137976114e-01 6.800000000000000488e-01 1.002310794219099632e+00 2.903770609977571453e-03
5.000000000000000000e+00 2.030630990890565368e-01 6.800000000000000488e-01 1.001964420129945355e+00 2.057072000839310459e-03
5.000000000000000000e+00 2.176376408240284499e-01 6.800000000000000488e-01 1.001733350208683815e+00 1.561484341821080040e-03
5.000000000000000000e+00 2.332582478841990492e-01 6.800000000000000488e-01 1.001556180570227328e+00 1.227938788548801376e-03
5.000000000000000000e+00 2.499999999999969191e-01 6.800000000000000488e-01 1.001389493775853179e+00 9.285410737889871402e-04
5.000000000000000000e+00 2.679433656340699521e-01 6.800000000000000488e-01 1.001248771732899945e+00 6.928491923013264941e-04
5.000000000000000000e+00 2.871745887492550553e-01 6.800000000000000488e-01 1.001171839663060892e+00 5.717676310951561036e-04
5.000000000000000000e+00 3.077861033362250809e-01 6.800000000000000488e-01 1.001158490812226631e+00 5.177646455874346243e-04
5.000000000000000000e+00 3.298769776932191644e-01 6.800000000000000488e-01 1.001200025362451118e+00 4.748750470696424370e-04
5.000000000000000000e+00 3.535533905932689569e-01 6.800000000000000488e-01 1.001335485729500707e+00 4.678557018658960082e-04
5.000000000000000000e+00 3.789291416275942792e-01 6.800000000000000488e-01 1.001623525793458924e+00 5.474890122740448065e-04
5.000000000000000000e+00 4.061261981781120745e-01 6.800000000000000488e-01 1.002169186550011970e+00 8.334810448292407541e-04
5.000000000000000000e+00 4.352752816480558451e-01 6.800000000000000488e-01 1.003183383130534123e+00 1.574845460256602643e-03
5.000000000000000000e+00 4.665164957683969327e-01 6.800000000000000488e-01 1.005064572557087477e+00 3.186270928023684969e-03
5.000000000000000000e+00 4.999999999999926170e-01 6.800000000000000488e-01 1.008552126374603342e+00 6.491564018467304090e-03
5.000000000000000000e+00 5.358867312681385719e-01 6.800000000000000488e-01 1.014983422661997592e+00 1.309926660944122842e-02
5.000000000000000000e+00 5.743491774985087783e-01 6.800000000000000488e-01 1.025874730486489916e+00 2.498596072747190366e-02
5.000000000000000000e+00 6.155722066724486075e-01 6.800000000000000488e-01 1.041052703908420085e+00 4.141756627971084764e-02
5.000000000000000000e+00 6.597539553864367745e-01 6.800000000000000488e-01 1.057476097002667093e+00 5.616613189673527740e-02
5.000000000000000000e+00 7.071067811865362485e-01 6.800000000000000488e-01 1.073205062668449283e+00 6.313735203168663324e-02
5.000000000000000000e+00 7.578582832551866710e-01 6.800000000000000488e-01 1.088104853261166793e+00 6.752686810110705706e-02
5.000000000000000000e+00 8.122523963562221505e-01 6.800000000000000488e-01 1.106826798336975504e+00 8.053010761124561323e-02
5.000000000000000000e+00 8.705505632961095808e-01 6.800000000000000488e-01 1.127006778020468447e+00 9.502912028715575221e-02
5.000000000000000000e+00 9.330329915367915339e-01 6.800000000000000488e-01 1.143303112424173262e+00 1.115740869494189491e-01
5.000000000000000000e+00 9.999999999999827915e-01 6.800000000000000488e-01 1.156429074687445269e+00 1.246100217812398381e-01
5.000000000000000000e+00 1.071773462536274479e+00 6.800000000000000488e-01 1.171246365269908107e+00 1.395333036268975035e-01
5.000000000000000000e+00 1.148698354997014670e+00 6.800000000000000488e-01 1.180453711730484967e+00 1.484916788671725996e-01
5.000000000000000000e+00 1.231144413344894106e+00 6.800000000000000488e-01 1.177086604537865622e+00 1.385195286586767827e-01
5.000000000000000000e+00 1.319507910772870218e+00 6.800000000000000488e-01 1.164670199144257179e+00 1.160493792978434247e-01
5.000000000000000000e+00 1.414213562373068944e+00 6.800000000000000488e-01 1.155410823911628970e+00 9.569244613712583891e-02
5.000000000000000000e+00 1.515716566510369789e+00 6.800000000000000488e-01 1.151090274138518499e+00 8.545852406554847736e-02
5.000000000000000000e+00 1.624504792712440304e+00 6.800000000000000488e-01 1.152332737150932207e+00 1.001304285960412932e-01
5.000000000000000000e+00 1.741101126592214943e+00 6.800000000000000488e-01 1.155048476033050830e+00 1.126259055951023963e-01
5.000000000000000000e+00 1.866065983073578627e+00 6.800000000000000488e-01 1.170402512712180876e+00 1.354344864728363740e-01
5.000000000000000000e+00 1.999999999999960698e+00 6.800000000000000488e-01 1.166926336194262115e+00 1.255323810438779275e-01
5.000000000000000000e+00 2.143546925072543630e+00 6.800000000000000488e-01 1.159940980674280642e+00 1.054069388276916153e-01
5.000000000000000000e+00 2.297396709994023567e+00 6.800000000000000488e-01 1.176779650892614049e+00 1.247573994516522899e-01
5.000000000000000000e+00 2.462288826689782439e+00 6.800000000000000488e-01 1.184039749766220506e+00 1.520633183647058240e-01
5.000000000000000000e+00 2.639015821545733775e+00 6.800000000000000488e-01 1.186021288035500110e+00 1.512722102336820085e-01
5.000000000000000000e+00 2.828427124746130783e+00 6.800000000000000488e-01 1.180491123169097101e+00 1.388149400087384244e-01
5.000000000000000000e+00 3.031433133020732029e+00 6.800000000000000488e-01 1.170372113546091386e+00 1.249201282959591930e-01
5.000000000000000000e+00 3.249009585424872615e+00 6.800000000000000488e-01 1.200812394288403251e+00 2.071397350768177381e-01
5.000000000000000000e+00 3.482202253184421004e+00 6.800000000000000488e-01 1.189601504911985241e+00 1.847310317864643558e-01
5.000000000000000000e+00 3.732131966147147928e+00 6.800000000000000488e-01 1.148205759423615246e+00 9.016082634725332279e-02
5.000000000000000000e+00 3.999999999999911182e+00 6.800000000000000488e-01 1.122050961894949905e+00 4.410746792955402146e-02
5.000000000000000000e+00 4.287093850145076601e+00 6.800000000000000488e-01 1.147815764454412246e+00 1.226812051977504564e-01
5.000000000000000000e+00 4.594793419988035588e+00 6.800000000000000488e-01 1.136193944135713396e+00 5.835776033570942711e-02
5.000000000000000000e+00 4.924577653379552444e+00 6.800000000000000488e-01 1.156282632112087372e+00 6.288956831207150044e-02
5.000000000000000000e+00 5.278031643091455116e+00 6.800000000000000488e-01 1.142791201638658105e+00 1.125800858928531073e-01
5.000000000000000000e+00 5.656854249492248243e+00 6.800000000000000488e-01 1.125866114437774845e+00 7.381692809466833261e-02
5.000000000000000000e+00 6.062866266041448959e+00 6.800000000000000488e-01 1.157688353928153280e+00 7.146183253548148151e-02
5.000000000000000000e+00 6.498019170849729242e+00 6.800000000000000488e-01 1.142781988696060624e+00 6.216848103725049896e-02
5.000000000000000000e+00 6.964404506368825132e+00 6.800000000000000488e-01 1.133034775120575821e+00 5.451950874907900146e-02
5.000000000000000000e+00 7.464263932294277204e+00 6.800000000000000488e-01 1.156262606550298777e+00 5.539628609569956230e-02
5.000000000000000000e+00 7.999999999999802824e+00 6.800000000000000488e-01 1.135204914694622813e+00 5.853813466785363906e-02
5.000000000000000000e+00 8.574187700290131886e+00 6.800000000000000488e-01 1.156680314724188641e+00 9.645523690023929952e-02
5.000000000000000000e+00 9.189586839976049859e+00 6.800000000000000488e-01 1.144280708799229052e+00 7.585508959219765257e-02
5.000000000000000000e+00 9.849155306759080020e+00 6.800000000000000488e-01 1.186361282271082285e+00 1.036969903430780549e-01
5.000000000000000000e+00 1.055606328618288359e+01 6.800000000000000488e-01 1.215697248507185524e+00 1.240899687230121451e-01
5.000000000000000000e+00 1.131370849898446806e+01 6.800000000000000488e-01 1.173419446737615335e+00 9.918757375686608480e-02
5.000000000000000000e+00 1.212573253208286772e+01 6.800000000000000488e-01 1.158330230417827789e+00 5.980902928644116906e-02
5.000000000000000000e+00 1.299603834169942651e+01 6.800000000000000488e-01 1.189295370834113408e+00 9.967628122485835962e-02
5.000000000000000000e+00 1.392880901273761651e+01 6.800000000000000488e-01 1.162304361118104534e+00 1.050514317796499841e-01
5.000000000000000000e+00 1.492852786458851710e+01 6.800000000000000488e-01 1.144434726139043068e+00 8.094284141904049823e-02
5.000000000000000000e+00 1.599999999999956657e+01 6.800000000000000488e-01 1.173427199106377161e+00 1.507795943028595598e-01
5.000000000000000000e+00 1.714837540058022114e+01 6.800000000000000488e-01 1.154709231924553547e+00 8.684454050481023313e-02
5.000000000000000000e+00 1.837917367995205353e+01 6.800000000000000488e-01 1.181341006324441611e+00 8.421317571355163567e-02
5.000000000000000000e+00 1.969831061351811385e+01 6.800000000000000488e-01 1.152303205901307637e+00 1.134389511723204458e-01
5.000000000000000000e+00 2.111212657236571388e+01 6.800000000000000488e-01 1.151072435734678656e+00 7.487596395977356989e-02
5.000000000000000000e+00 2.262741699796887929e+01 6.800000000000000488e-01 1.128981892699202794e+00 5.206324415269275585e-02
5.000000000000000000e+00 2.425146506416567505e+01 6.800000000000000488e-01 1.134441881210045855e+00 4.682270594816676651e-02
5.000000000000000000e+00 2.599207668339878907e+01 6.800000000000000488e-01 1.194613714858560716e+00 1.463189251014999359e-01
5.000000000000000000e+00 2.785761802547516197e+01 6.800000000000000488e-01 1.164554591428162977e+00 1.159089565458128884e-01
5.000000000000000000e+00 2.985705572917696315e+01 6.800000000000000488e-01 1.152883920667718831e+00 6.508109550200796845e-02
5.000000000000000000e+00 3.199999999999905498e+01 6.800000000000000488e-01 1.153155899708712573e+00 8.672996610518840521e-02
