5.000000000000000000e+00 7.812500000000000000e-03 1.499999999999999944e-01 1.795794412101192616e+00 3.966631691592619191e-01
5.000000000000000000e+00 8.373230176064788352e-03 1.499999999999999944e-01 1.669139813224203461e+00 3.511199252930378156e-01
5.000000000000000000e+00 8.974205898414331500e-03 1.499999999999999944e-01 1.594915755293859316e+00 3.091073241898177892e-01
5.000000000000000000e+00 9.618315729257151739e-03 1.499999999999999944e-01 1.513359845763625922e+00 3.023642819220832556e-01
5.000000000000000000e+00 1.030865555291322552e-02 1.499999999999999944e-01 1.438969834307302742e+00 2.466400936903520025e-01
5.000000000000000000e+00 1.104854345603979195e-02 1.499999999999999944e-01 1.390860562099346831e+00 2.499777844852733577e-01
5.000000000000000000e+00 1.184153567586246694e-02 1.499999999999999944e-01 1.323047724009499992e+00 2.253128281136759781e-01
5.000000000000000000e+00 1.269144369306615845e-02 1.499999999999999944e-01 1.258644122403443699e+00 1.921568452877085442e-01
5.000000000000000000e+00 1.360235255150191343e-02 1.499999999999999944e-01 1.232437379037229830e+00 1.810668565802195373e-01
5.000000000000000000e+00 1.457864049276258282e-02 1.499999999999999944e-01 1.196628474219286087e+00 1.698459937846734935e-01
5.000000000000000000e+00 1.562499999999996184e-02 1.499999999999999944e-01 1.171605644977499194e+00 1.645728364018097245e-01
5.000000000000000000e+00 1.674646035212953507e-02 1.499999999999999944e-01 1.150885172799893219e+00 1.664290777345658334e-01
5.000000000000000000e+00 1.794841179682861790e-02 1.499999999999999944e-01 1.123351413649522401e+00 1.406890518165066772e-01
5.000000000000000000e+00 1.923663145851425491e-02 1.499999999999999944e-01 1.098302502769791023e+00 1.122276640707864370e-01
5.000000000000000000e+00 2.061731110582640247e-02 1.499999999999999944e-01 1.089834940854026879e+00 1.163458324767741581e-01
5.000000000000000000e+00 2.209708691207952838e-02 1.499999999999999944e-01 1.078886222997400779e+00 1.152371920601045346e-01
5.000000000000000000e+00 2.368307135172487837e-02 1.499999999999999944e-01 1.062280390630699900e+00 9.147699743340816092e-02
5.000000000000000000e+00 2.538288738613225445e-02 1.499999999999999944e-01 1.049476268671824863e+00 7.633238652517924938e-02
5.000000000000000000e+00 2.720470510300375747e-02 1.499999999999999944e-01 1.042580315711006733e+00 7.190771803255939509e-02
5.000000000000000000e+00 2.915728098552509626e-02 1.499999999999999944e-01 1.034829548455413528e+00 6.324440908883434409e-02
5.000000000000000000e+00 3.124999999999984734e-02 1.499999999999999944e-01 1.026230373575635069e+00 4.946728186998217841e-02
5.000000000000000000e+00 3.349292070425898687e-02 1.499999999999999944e-01 1.022825030039060668e+00 4.823671389072402282e-02
5.000000000000000000e+00 3.589682359365715253e-02 1.499999999999999944e-01 1.017139604442399037e+00 3.759630923484020421e-02
5.000000000000000000e+00 3.847326291702841267e-02 1.499999999999999944e-01 1.013328275198775996e+00 3.093662482313239148e-02
5.000000000000000000e+00 4.123462221165270086e-02 1.499999999999999944e-01 1.010348802108136379e+00 2.526949816473350943e-02
5.000000000000000000e+00 4.419417382415894574e-02 1.499999999999999944e-01 1.008083624255228461e+00 2.069729757007866475e-02
5.000000000000000000e+00 4.736614270344963878e-02 1.499999999999999944e-01 1.006418750479767921e+00 1.708302198331296956e-02
5.000000000000000000e+00 5.076577477226438401e-02 1.499999999999999944e-01 1.005228861412370112e+00 1.435755038912705887e-02
5.000000000000000000e+00 5.440941020600738309e-02 1.499999999999999944e-01 1.004381736912902223e+00 1.228986036202853356e-02
5.000000000000000000e+00 5.831456197105004680e-02 1.499999999999999944e-01 1.003662439728330913e+00 1.039389979112005473e-02
5.000000000000000000e+00 6.249999999999953509e-02 1.499999999999999944e-01 1.003161716529969327e+00 9.030479356429158000e-03
5.000000000000000000e+00 6.698584140851780722e-02 1.499999999999999944e-01 1.002716050388732461e+00 7.767103905770585300e-03
5.000000000000000000e+00 7.179364718731412465e-02 1.499999999999999944e-01 1.002393853786411881e+00 6.841242443854494808e-03
5.000000000000000000e+00 7.694652583405664492e-02 1.499999999999999944e-01 1.002058841155298641e+00 5.861529338277994029e-03
5.000000000000000000e+00 8.246924442330520744e-02 1.499999999999999944e-01 1.001757174422349461e+00 4.974301399551878979e-03
5.000000000000000000e+00 8.838834764831768331e-02 1.499999999999999944e-01 1.001477041020916392e+00 4.147790672336423672e-03
5.000000000000000000e+00 9.473228540689904165e-02 1.499999999999999944e-01 1.001235330549324232e+00 3.433868976820232850e-03
5.000000000000000000e+00 1.015315495445285182e-01 1.499999999999999944e-01 1.001015619678750523e+00 2.783865364336606408e-03
5.000000000000000000e+00 1.088188204120145025e-01 1.499999999999999944e-01 1.000836478357205905e+00 2.253873492412582051e-03
5.000000000000000000e+00 1.166291239420998022e-01 1.499999999999999944e-01 1.000689352298567147e+00 1.818647379436828804e-03
5.000000000000000000e+00 1.249999999999987649e-01 1.499999999999999944e-01 1.000575881667274292e+00 1.483470221594617193e-03
5.000000000000000000e+00 1.339716828170352814e-01 1.499999999999999944e-01 1.000490085407255814e+00 1.230651772960349947e-03
5.000000000000000000e+00 1.435872943746278885e-01 1.499999999999999944e-01 1.000423625494128110e+00 1.035259010161023461e-03
5.000000000000000000e+00 1.538930516681129013e-01 1.499999999999999944e-01 1.000373437536870913e+00 8.879162594658692419e-04
5.000000000000000000e+00 1.649384888466099985e-01 1.499999999999999944e-01 1.000322879981143442e+00 7.383203829633859299e-04
5.000000000000000000e+00 1.767766952966349225e-01 1.499999999999999944e-01 1.000269260294133211e+00 5.775852480633135227e-04
5.000000000000000000e+00 1.894645708137976114e-01 1.499999999999999944e-01 1.000217375876100157e+00 4.186616639872176070e-04
5.000000000000000000e+00 2.030630990890565368e-01 1.499999999999999944e-01 1.000179215721611614e+00 2.953741507255130115e-04
5.000000000000000000e+00 2.176376408240284499e-01 1.499999999999999944e-01 1.000160754319730394e+00 2.219060650763098324e-04
5.000000000000000000e+00 2.332582478841990492e-01 1.499999999999999944e-01 1.000154750462192821e+00 1.709081296550317170e-04
5.000000000000000000e+00 2.499999999999969191e-01 1.499999999999999944e-01 1.000157568662231045e+00 1.232274309214727445e-04
5.000000000000000000e+00 2.679433656340699521e-01 1.499999999999999944e-01 1.000175497512911793e+00 8.619323417743722721e-05
5.000000000000000000e+00 2.871745887492550553e-01 1.499999999999999944e-01 1.000220201301892597e+00 8.142100721037280706e-05
5.000000000000000000e+00 3.077861033362250809e-01 1.499999999999999944e-01 1.000302987268550492e+00 1.136729621745094650e-04
5.000000000000000000e+00 3.298769776932191644e-01 1.499999999999999944e-01 1.000441069415691553e+00 1.864618161199039863e-04
5.000000000000000000e+00 3.535533905932689569e-01 1.499999999999999944e-01 1.000673993165814846e+00 3.226429061514124691e-04
5.000000000000000000e+00 3.789291416275942792e-01 1.499999999999999944e-01 1.001068109426439978e+00 5.734200918915886803e-04
5.000000000000000000e+00 4.061261981781120745e-01 1.499999999999999944e-01 1.001746935927690929e+00 1.042203662057614253e-03
5.000000000000000000e+00 4.352752816480558451e-01 1.499999999999999944e-01 1.002941340907640200e+00 1.942321870291573290e-03
5.000000000000000000e+00 4.665164957683969327e-01 1.499999999999999944e-01 1.005079277239485203e+00 3.706131807429794128e-03
5.000000000000000000e+00 4.999999999999926170e-01 1.499999999999999944e-01 1.008937646034354874e+00 7.207940712755042841e-03
5.000000000000000000e+00 5.358867312681385719e-01 1.499999999999999944e-01 1.015898117422909142e+00 1.410926688408885125e-02
5.000000000000000000e+00 5.743491774985087783e-01 1.499999999999999944e-01 1.027506967224784074e+00 2.638115282738961662e-02
5.000000000000000000e+00 6.155722066724486075e-01 1.499999999999999944e-01 1.043557338235844067e+00 4.316167419660923293e-02
5.000000000000000000e+00 6.597539553864367745e-01 1.499999999999999944e-01 1.060843729470970498e+00 5.812261742503632700e-02
5.000000000000000000e+00 7.071067811865362485e-01 1.499999999999999944e-01 1.077433470060626730e+00 6.549990424707191616e-02
5.000000000000000000e+00 7.578582832551866710e-01 1.499999999999999944e-01 1.093361881430912952e+00 7.116261774008247887e-02
5.000000000000000000e+00 8.122523963562221505e-01 1.499999999999999944e-01 1.113546850870331673e+00 8.655327596216254304e-02
5.000000000000000000e+00 8.705505632961095808e-01 1.499999999999999944e-01 1.135753736075365339e+00 1.046090050337879218e-01
5.000000000000000000e+00 9.330329915367915339e-01 1.499999999999999944e-01 1.154604715324477837e+00 1.254377892230896241e-01
5.000000000000000000e+00 9.999999999999827915e-01 1.499999999999999944e-01 1.170742151570824729e+00 1.429576470773927521e-01
5.000000000000000000e+00 1.071773462536274479e+00 1.499999999999999944e-01 1.187287211374169926e+00 1.597558873012673575e-01
5.000000000000000000e+00 1.148698354997014670e+00 1.499999999999999944e-01 1.196984742677803304e+00 1.683394276355526520e-01
5.000000000000000000e+00 1.231144413344894106e+00 1.499999999999999944e-01 1.192948191369968880e+00 1.545957179438170181e-01
5.000000000000000000e+00 1.319507910772870218e+00 1.499999999999999944e-01 1.180018626047482755e+00 1.268756856232376162e-01
5.000000000000000000e+00 1.414213562373068944e+00 1.499999999999999944e-01 1.171987743308189334e+00 1.035390433154916995e-01
5.000000000000000000e+00 1.515716566510369789e+00 1.499999999999999944e-01 1.169276462722803611e+00 9.397246925656634053e-02
5.000000000000000000e+00 1.624504792712440304e+00 1.499999999999999944e-01 1.170865105059637035e+00 1.113656502404248710e-01
5.000000000000000000e+00 1.741101126592214943e+00 1.499999999999999944e-01 1.174384549098272057e+00 1.269865942035222905e-01
5.000000000000000000e+00 1.866065983073578627e+00 1.499999999999999944e-01 1.191885498107839059e+00 1.538380177705112040e-01
5.000000000000000000e+00 1.999999999999960698e+00 1.499999999999999944e-01 1.186099136226504092e+00 1.407208322947355039e-01
5.000000000000000000e+00 2.143546925072543630e+00 1.499999999999999944e-01 1.175911514173321848e+00 1.182320247611704511e-01
5.000000000000000000e+00 2.297396709994023567e+00 1.499999999999999944e-01 1.193000684710753934e+00 1.365220295499603720e-01
5.000000000000000000e+00 2.462288826689782439e+00 1.499999999999999944e-01 1.201980771679536542e+00 1.673712733811561493e-01
5.000000000000000000e+00 2.639015821545733775e+00 1.499999999999999944e-01 1.207370450711364063e+00 1.736357854372948539e-01
5.000000000000000000e+00 2.828427124746130783e+00 1.499999999999999944e-01 1.206590458205330840e+00 1.610819465981838117e-01
5.000000000000000000e+00 3.031433133020732029e+00 1.499999999999999944e-01 1.197418117441164886e+00 1.472750827606709723e-01
5.000000000000000000e+00 3.249009585424872615e+00 1.499999999999999944e-01 1.226295852909757844e+00 2.328389488060309265e-01
5.000000000000000000e+00 3.482202253184421004e+00 1.499999999999999944e-01 1.212478042893391894e+00 2.030280660903067413e-01
5.000000000000000000e+00 3.732131966147147928e+00 1.499999999999999944e-01 1.163264762093931814e+00 9.617673085718772552e-02
5.000000000000000000e+00 3.999999999999911182e+00 1.499999999999999944e-01 1.137388239371988075e+00 4.873722494354291307e-02
5.000000000000000000e+00 4.287093850145076601e+00 1.499999999999999944e-01 1.170192855079393190e+00 1.439602384552595427e-01
5.000000000000000000e+00 4.594793419988035588e+00 1.499999999999999944e-01 1.153791177754515562e+00 6.679862487161766782e-02
5.000000000000000000e+00 4.924577653379552444e+00 1.499999999999999944e-01 1.178454632686105175e+00 7.600384117447123167e-02
5.000000000000000000e+00 5.278031643091455116e+00 1.499999999999999944e-01 1.160725090233111656e+00 1.271474924481657831e-01
5.000000000000000000e+00 5.656854249492248243e+00 1.499999999999999944e-01 1.145059500380920525e+00 8.861312738169939418e-02
5.000000000000000000e+00 6.062866266041448959e+00 1.499999999999999944e-01 1.182549091386525086e+00 8.284826747738940900e-02
5.000000000000000000e+00 6.498019170849729242e+00 1.499999999999999944e-01 1.163131935856545951e+00 6.889668215327503231e-02
5.000000000000000000e+00 6.964404506368825132e+00 1.499999999999999944e-01 1.150961476491987767e+00 6.497154660778214907e-02
5.000000000000000000e+00 7.464263932294277204e+00 1.499999999999999944e-01 1.174256810473040424e+00 6.573943541660615120e-02
5.000000000000000000e+00 7.999999999999802824e+00 1.499999999999999944e-01 1.152454545545843700e+00 6.668440750215270940e-02
5.000000000000000000e+00 8.574187700290131886e+00 1.499999999999999944e-01 1.178539008000582644e+00 1.180956843098713710e-01
5.000000000000000000e+00 9.189586839976049859e+00 1.499999999999999944e-01 1.163682131427657529e+00 8.449300516041811926e-02
5.000000000000000000e+00 9.849155306759080020e+00 1.499999999999999944e-01 1.211164636828476526e+00 1.174928415912411678e-01
5.000000000000000000e+00 1.055606328618288359e+01 1.499999999999999944e-01 1.241555934974443831e+00 1.356051192676721584e-01
5.000000000000000000e+00 1.131370849898446806e+01 1.499999999999999944e-01 1.193440104956534409e+00 1.114159076425847439e-01
5.000000000000000000e+00 1.212573253208286772e+01 1.499999999999999944e-01 1.175481523653353788e+00 6.698610142870274620e-02
5.000000000000000000e+00 1.299603834169942651e+01 1.499999999999999944e-01 1.214114070451812966e+00 1.138400724097868022e-01
5.000000000000000000e+00 1.392880901273761651e+01 1.499999999999999944e-01 1.181198262892453776e+00 1.160072127156916710e-01
5.000000000000000000e+00 1.492852786458851710e+01 1.499999999999999944e-01 1.163832648486225141e+00 8.874194382298399020e-02
5.000000000000000000e+00 1.599999999999956657e+01 1.499999999999999944e-01 1.196879971162963630e+00 1.709581575869527359e-01
5.000000000000000000e+00 1.714837540058022114e+01 1.499999999999999944e-01 1.173670800605313591e+00 9.695374573503963422e-02
5.000000000000000000e+00 1.837917367995205353e+01 1.499999999999999944e-01 1.200440333756133571e+00 9.407052428947358658e-02
5.000000000000000000e+00 1.969831061351811385e+01 1.499999999999999944e-01 1.171320818943358155e+00 1.260952728440082049e-01
5.000000000000000000e+00 2.111212657236571388e+01 1.499999999999999944e-01 1.171543005692632367e+00 8.518037734003364170e-02
5.000000000000000000e+00 2.262741699796887929e+01 1.499999999999999944e-01 1.146592352945062787e+00 5.768097170566533621e-02
5.000000000000000000e+00 2.425146506416567505e+01 1.499999999999999944e-01 1.150061958456257249e+00 5.260367607117295841e-02
5.000000000000000000e+00 2.599207668339878907e+01 1.499999999999999944e-01 1.214278724250031249e+00 1.658617152627633040e-01
5.000000000000000000e+00 2.785761802547516197e+01 1.499999999999999944e-01 1.181187484126491771e+00 1.268729998797104852e-01
5.000000000000000000e+00 2.985705572917696315e+01 1.499999999999999944e-01 1.170435795021171232e+00 7.706811662942907037e-02
5.000000000000000000e+00 3.199999999999905498e+01 1.499999999999999944e-01 1.171669679019708088e+00 9.608426663391164690e-02
