5.000000000000000000e+00 7.812500000000000000e-03 5.000000000000000000e-01 3.223279596169598360e+00 1.020324924072110839e+00
5.000000000000000000e+00 8.373230176064788352e-03 5.000000000000000000e-01 2.953102189078018025e+00 9.670104408309381228e-01
5.000000000000000000e+00 8.974205898414331500e-03 5.000000000000000000e-01 2.741344408716250847e+00 8.875304182635629369e-01
5.000000000000000000e+00 9.618315729257151739e-03 5.000000000000000000e-01 2.509542077717977548e+00 8.596505362935785710e-01
5.000000000000000000e+00 1.030865555291322552e-02 5.000000000000000000e-01 2.277644731254690580e+00 7.159970299385858272e-01
5.000000000000000000e+00 1.104854345603979195e-02 5.000000000000000000e-01 2.140797760051479592e+00 6.967575514765022016e-01
5.000000000000000000e+00 1.184153567586246694e-02 5.000000000000000000e-01 1.949943813857796471e+00 6.420204725535140211e-01
5.000000000000000000e+00 1.269144369306615845e-02 5.000000000000000000e-01 1.751190702022877632e+00 5.356015086849211793e-01
5.000000000000000000e+00 1.360235255150191343e-02 5.000000000000000000e-01 1.674933342193912322e+00 5.060615905724815677e-01
5.000000000000000000e+00 1.457864049276258282e-02 5.000000000000000000e-01 1.575629249097306062e+00 4.871109525331679957e-01
5.000000000000000000e+00 1.562499999999996184e-02 5.000000000000000000e-01 1.494071200504980990e+00 4.547634684694325524e-01
5.000000000000000000e+00 1.674646035212953507e-02 5.000000000000000000e-01 1.438074843560089189e+00 4.720854249591561747e-01
5.000000000000000000e+00 1.794841179682861790e-02 5.000000000000000000e-01 1.357819912747781022e+00 4.001943597339692738e-01
5.000000000000000000e+00 1.923663145851425491e-02 5.000000000000000000e-01 1.289365656661937809e+00 3.308557640853472259e-01
5.000000000000000000e+00 2.061731110582640247e-02 5.000000000000000000e-01 1.261607551598807664e+00 3.354887147905884492e-01
5.000000000000000000e+00 2.209708691207952838e-02 5.000000000000000000e-01 1.232271225644401280e+00 3.394707951836584692e-01
5.000000000000000000e+00 2.368307135172487837e-02 5.000000000000000000e-01 1.184112004437146037e+00 2.715970501804206294e-01
5.000000000000000000e+00 2.538288738613225445e-02 5.000000000000000000e-01 1.146602752798976610e+00 2.271440242134132870e-01
5.000000000000000000e+00 2.720470510300375747e-02 5.000000000000000000e-01 1.126485608302682850e+00 2.144323398282229620e-01
5.000000000000000000e+00 2.915728098552509626e-02 5.000000000000000000e-01 1.103682958179114104e+00 1.887176188265372312e-01
5.000000000000000000e+00 3.124999999999984734e-02 5.000000000000000000e-01 1.078204290697895917e+00 1.475065145076515927e-01
5.000000000000000000e+00 3.349292070425898687e-02 5.000000000000000000e-01 1.068377607171242971e+00 1.441400693530474064e-01
5.000000000000000000e+00 3.589682359365715253e-02 5.000000000000000000e-01 1.051359201106063512e+00 1.117757879236064567e-01
5.000000000000000000e+00 3.847326291702841267e-02 5.000000000000000000e-01 1.039976270772979827e+00 9.152893069962349248e-02
5.000000000000000000e+00 4.123462221165270086e-02 5.000000000000000000e-01 1.031146457862589516e+00 7.453006894995459208e-02
5.000000000000000000e+00 4.419417382415894574e-02 5.000000000000000000e-01 1.024439054510857039e+00 6.084091163499943944e-02
5.000000000000000000e+00 4.736614270344963878e-02 5.000000000000000000e-01 1.019497807693331648e+00 5.002553488788171604e-02
5.000000000000000000e+00 5.076577477226438401e-02 5.000000000000000000e-01 1.015988538694802212e+00 4.194480655720683043e-02
5.000000000000000000e+00 5.440941020600738309e-02 5.000000000000000000e-01 1.013489047465631954e+00 3.582067541983857684e-02
5.000000000000000000e+00 5.831456197105004680e-02 5.000000000000000000e-01 1.011374425722769921e+00 3.024329045592466167e-02
5.000000000000000000e+00 6.249999999999953509e-02 5.000000000000000000e-01 1.009901420237265368e+00 2.623443032532840960e-02
5.000000000000000000e+00 6.698584140851780722e-02 5.000000000000000000e-01 1.008592412506994940e+00 2.253127174889129128e-02
5.000000000000000000e+00 7.179364718731412465e-02 5.000000000000000000e-01 1.007651173504094499e+00 1.983764450729042644e-02
5.000000000000000000e+00 7.694652583405664492e-02 5.000000000000000000e-01 1.006669073807504144e+00 1.697933956468271680e-02
5.000000000000000000e+00 8.246924442330520744e-02 5.000000000000000000e-01 1.005786747539790582e+00 1.440074707434727333e-02
5.000000000000000000e+00 8.838834764831768331e-02 5.000000000000000000e-01 1.004963157183900391e+00 1.198981614026631455e-02
5.000000000000000000e+00 9.473228540689904165e-02 5.000000000000000000e-01 1.004254884585378038e+00 9.920006456984851312e-03
5.000000000000000000e+00 1.015315495445285182e-01 5.000000000000000000e-01 1.003605954806549239e+00 8.025796486005119801e-03
5.000000000000000000e+00 1.088188204120145025e-01 5.000000000000000000e-01 1.003075913598062474e+00 6.487249141710504929e-03
5.000000000000000000e+00 1.166291239420998022e-01 5.000000000000000000e-01 1.002638369136314767e+00 5.227009741915330729e-03
5.000000000000000000e+00 1.249999999999987649e-01 5.000000000000000000e-01 1.002295546507970370e+00 4.253220301194854912e-03
5.000000000000000000e+00 1.339716828170352814e-01 5.000000000000000000e-01 1.002032417483810667e+00 3.522036386543734177e-03
5.000000000000000000e+00 1.435872943746278885e-01 5.000000000000000000e-01 1.001822626491116974e+00 2.955536894753778374e-03
5.000000000000000000e+00 1.538930516681129013e-01 5.000000000000000000e-01 1.001658197026711550e+00 2.530116235701557453e-03
5.000000000000000000e+00 1.649384888466099985e-01 5.000000000000000000e-01 1.001489544586291691e+00 2.099096952154800265e-03
5.000000000000000000e+00 1.767766952966349225e-01 5.000000000000000000e-01 1.001308077919703887e+00 1.638276013904707172e-03
5.000000000000000000e+00 1.894645708137976114e-01 5.000000000000000000e-01 1.001126546081898550e+00 1.187504374542949640e-03
5.000000000000000000e+00 2.030630990890565368e-01 5.000000000000000000e-01 1.000978731522836007e+00 8.458751636608729954e-04
5.000000000000000000e+00 2.176376408240284499e-01 5.000000000000000000e-01 1.000879345679953403e+00 6.470342167188714716e-04
5.000000000000000000e+00 2.332582478841990492e-01 5.000000000000000000e-01 1.000804180454043291e+00 5.129328687992234419e-04
5.000000000000000000e+00 2.499999999999969191e-01 5.000000000000000000e-01 1.000737067727782037e+00 3.935884551006165345e-04
5.000000000000000000e+00 2.679433656340699521e-01 5.000000000000000000e-01 1.000687120714162992e+00 2.990761310635141616e-04
5.000000000000000000e+00 2.871745887492550553e-01 5.000000000000000000e-01 1.000674107275917546e+00 2.403155042989650332e-04
5.000000000000000000e+00 3.077861033362250809e-01 5.000000000000000000e-01 1.000705481211368042e+00 1.977386598807430755e-04
5.000000000000000000e+00 3.298769776932191644e-01 5.000000000000000000e-01 1.000789880665396314e+00 1.695165433807890214e-04
5.000000000000000000e+00 3.535533905932689569e-01 5.000000000000000000e-01 1.000965630844373511e+00 2.236282765515416437e-04
5.000000000000000000e+00 3.789291416275942792e-01 5.000000000000000000e-01 1.001294634632603264e+00 4.302337114700786240e-04
5.000000000000000000e+00 4.061261981781120745e-01 5.000000000000000000e-01 1.001890409229573731e+00 8.628649276827673803e-04
5.000000000000000000e+00 4.352752816480558451e-01 5.000000000000000000e-01 1.002970240827811832e+00 1.715544015014325123e-03
5.000000000000000000e+00 4.665164957683969327e-01 5.000000000000000000e-01 1.004940272329844397e+00 3.401369056927147465e-03
5.000000000000000000e+00 4.999999999999926170e-01 5.000000000000000000e-01 1.008547043965437151e+00 6.767022967930509322e-03
5.000000000000000000e+00 5.358867312681385719e-01 5.000000000000000000e-01 1.015133791149891440e+00 1.344564915000872121e-02
5.000000000000000000e+00 5.743491774985087783e-01 5.000000000000000000e-01 1.026218066583889810e+00 2.541998718333576129e-02
5.000000000000000000e+00 6.155722066724486075e-01 5.000000000000000000e-01 1.041614324443004502e+00 4.192933403694017180e-02
5.000000000000000000e+00 6.597539553864367745e-01 5.000000000000000000e-01 1.058237692311170708e+00 5.672918069934408669e-02
5.000000000000000000e+00 7.071067811865362485e-01 5.000000000000000000e-01 1.074155036727793000e+00 6.380636728390919055e-02
5.000000000000000000e+00 7.578582832551866710e-01 5.000000000000000000e-01 1.089263560903706685e+00 6.848378804494373306e-02
5.000000000000000000e+00 8.122523963562221505e-01 5.000000000000000000e-01 1.108296241895423861e+00 8.202615624775877468e-02
5.000000000000000000e+00 8.705505632961095808e-01 5.000000000000000000e-01 1.128934461323995553e+00 9.737533248798109498e-02
5.000000000000000000e+00 9.330329915367915339e-01 5.000000000000000000e-01 1.145811765600873944e+00 1.149103218690825934e-01
5.000000000000000000e+00 9.999999999999827915e-01 5.000000000000000000e-01 1.159618622756197759e+00 1.289453992677044580e-01
5.000000000000000000e+00 1.071773462536274479e+00 5.000000000000000000e-01 1.174832118720719576e+00 1.442541529749947482e-01
5.000000000000000000e+00 1.148698354997014670e+00 5.000000000000000000e-01 1.184198321641761087e+00 1.531101811486040576e-01
5.000000000000000000e+00 1.231144413344894106e+00 5.000000000000000000e-01 1.180765249827132823e+00 1.422340880878538716e-01
5.000000000000000000e+00 1.319507910772870218e+00 5.000000000000000000e-01 1.168321323563727310e+00 1.184651116181635322e-01
5.000000000000000000e+00 1.414213562373068944e+00 5.000000000000000000e-01 1.159476357900515175e+00 9.737743128923972979e-02
5.000000000000000000e+00 1.515716566510369789e+00 5.000000000000000000e-01 1.155555384850651013e+00 8.729555640867452115e-02
5.000000000000000000e+00 1.624504792712440304e+00 5.000000000000000000e-01 1.156771748611861605e+00 1.026031983567883832e-01
5.000000000000000000e+00 1.741101126592214943e+00 5.000000000000000000e-01 1.159585328830595063e+00 1.158581145801510087e-01
5.000000000000000000e+00 1.866065983073578627e+00 5.000000000000000000e-01 1.175506343479243210e+00 1.397389425656070661e-01
5.000000000000000000e+00 1.999999999999960698e+00 5.000000000000000000e-01 1.171492798969004934e+00 1.291206156755440593e-01
5.000000000000000000e+00 2.143546925072543630e+00 5.000000000000000000e-01 1.163696875149587973e+00 1.085507284931713917e-01
5.000000000000000000e+00 2.297396709994023567e+00 5.000000000000000000e-01 1.180551316203676482e+00 1.277088061072132463e-01
5.000000000000000000e+00 2.462288826689782439e+00 5.000000000000000000e-01 1.188125913054447258e+00 1.557741630453881587e-01
5.000000000000000000e+00 2.639015821545733775e+00 5.000000000000000000e-01 1.190832517415083780e+00 1.565251954150976843e-01
5.000000000000000000e+00 2.828427124746130783e+00 5.000000000000000000e-01 1.186479650783841988e+00 1.439625720392393726e-01
5.000000000000000000e+00 3.031433133020732029e+00 5.000000000000000000e-01 1.176562765896857599e+00 1.299898205348119506e-01
5.000000000000000000e+00 3.249009585424872615e+00 5.000000000000000000e-01 1.206588796109925754e+00 2.127808901479259773e-01
5.000000000000000000e+00 3.482202253184421004e+00 5.000000000000000000e-01 1.194923408153646838e+00 1.889150569262494084e-01
5.000000000000000000e+00 3.732131966147147928e+00 5.000000000000000000e-01 1.151639466667092382e+00 9.150759338029862411e-02
5.000000000000000000e+00 3.999999999999911182e+00 5.000000000000000000e-01 1.125649407953456027e+00 4.512399110000250846e-02
5.000000000000000000e+00 4.287093850145076601e+00 5.000000000000000000e-01 1.153024739355112516e+00 1.274293245346908021e-01
5.000000000000000000e+00 4.594793419988035588e+00 5.000000000000000000e-01 1.140288785546393902e+00 6.021371149199525319e-02
5.000000000000000000e+00 4.924577653379552444e+00 5.000000000000000000e-01 1.161374321171778190e+00 6.593377960161146689e-02
5.000000000000000000e+00 5.278031643091455116e+00 5.000000000000000000e-01 1.146877720446956017e+00 1.159431769806298362e-01
5.000000000000000000e+00 5.656854249492248243e+00 5.000000000000000000e-01 1.130488389879860778e+00 7.731467706559669306e-02
5.000000000000000000e+00 6.062866266041448959e+00 5.000000000000000000e-01 1.163526423928860520e+00 7.400545107766082209e-02
5.000000000000000000e+00 6.498019170849729242e+00 5.000000000000000000e-01 1.147450448250828092e+00 6.380191550276807788e-02
5.000000000000000000e+00 6.964404506368825132e+00 5.000000000000000000e-01 1.137123214559572437e+00 5.678231777968945071e-02
5.000000000000000000e+00 7.464263932294277204e+00 5.000000000000000000e-01 1.160443815949879331e+00 5.766765756127438525e-02
5.000000000000000000e+00 7.999999999999802824e+00 5.000000000000000000e-01 1.139374825477825093e+00 6.046940364699836951e-02
5.000000000000000000e+00 8.574187700290131886e+00 5.000000000000000000e-01 1.161826036473363910e+00 1.014182380334014560e-01
5.000000000000000000e+00 9.189586839976049859e+00 5.000000000000000000e-01 1.148820268423248248e+00 7.792521950184952417e-02
5.000000000000000000e+00 9.849155306759080020e+00 5.000000000000000000e-01 1.192157056617940913e+00 1.069497879359697229e-01
5.000000000000000000e+00 1.055606328618288359e+01 5.000000000000000000e-01 1.221620987665895663e+00 1.267163645022229834e-01
5.000000000000000000e+00 1.131370849898446806e+01 5.000000000000000000e-01 1.178059849167301776e+00 1.017890361563836693e-01
5.000000000000000000e+00 1.212573253208286772e+01 5.000000000000000000e-01 1.162257182502411057e+00 6.143771211510695718e-02
5.000000000000000000e+00 1.299603834169942651e+01 5.000000000000000000e-01 1.195248630207280893e+00 1.030646286473886342e-01
5.000000000000000000e+00 1.392880901273761651e+01 5.000000000000000000e-01 1.166839573965539945e+00 1.076439035924999510e-01
5.000000000000000000e+00 1.492852786458851710e+01 5.000000000000000000e-01 1.148974209617980247e+00 8.258518979649144554e-02
5.000000000000000000e+00 1.599999999999956657e+01 5.000000000000000000e-01 1.178814384102044199e+00 1.554006694345358430e-01
5.000000000000000000e+00 1.714837540058022114e+01 5.000000000000000000e-01 1.159097923152348608e+00 8.911970318217833642e-02
5.000000000000000000e+00 1.837917367995205353e+01 5.000000000000000000e-01 1.185740244646795727e+00 8.642813899117932075e-02
5.000000000000000000e+00 1.969831061351811385e+01 5.000000000000000000e-01 1.156713817164659375e+00 1.161808767799273473e-01
5.000000000000000000e+00 2.111212657236571388e+01 5.000000000000000000e-01 1.155711210111522114e+00 7.693870132255553607e-02
5.000000000000000000e+00 2.262741699796887929e+01 5.000000000000000000e-01 1.133011787595704423e+00 5.306063782172452947e-02
5.000000000000000000e+00 2.425146506416567505e+01 5.000000000000000000e-01 1.137985029940990600e+00 4.786574940345408868e-02
5.000000000000000000e+00 2.599207668339878907e+01 5.000000000000000000e-01 1.198964505195493135e+00 1.504695464155177131e-01
5.000000000000000000e+00 2.785761802547516197e+01 5.000000000000000000e-01 1.168356243899240310e+00 1.182460253417079860e-01
5.000000000000000000e+00 2.985705572917696315e+01 5.000000000000000000e-01 1.156857096101959081e+00 6.772849088461273259e-02
5.000000000000000000e+00 3.199999999999905498e+01 5.000000000000000000e-01 1.157486831622607903e+00 8.860011210462584441e-02
