5.000000000000000000e+00 7.812500000000000000e-03 6.300000000000000044e-01 4.297423359996029646e+00 1.229939133513324734e+00
5.000000000000000000e+00 8.373230176064788352e-03 6.300000000000000044e-01 4.081533512546014819e+00 1.237075641139187887e+00
5.000000000000000000e+00 8.974205898414331500e-03 6.300000000000000044e-01 3.771573714222864027e+00 1.219381511273756713e+00
5.000000000000000000e+00 9.618315729257151739e-03 6.300000000000000044e-01 3.450417438415018800e+00 1.191718824463313675e+00
5.000000000000000000e+00 1.030865555291322552e-02 6.300000000000000044e-01 3.101617058106428182e+00 1.128210836293361607e+00
5.000000000000000000e+00 1.104854345603979195e-02 6.300000000000000044e-01 2.889641425337482694e+00 1.034533620856499248e+00
5.000000000000000000e+00 1.184153567586246694e-02 6.300000000000000044e-01 2.604291886165576830e+00 9.871932767810667197e-01
5.000000000000000000e+00 1.269144369306615845e-02 6.300000000000000044e-01 2.274392600670834153e+00 8.331972515527954481e-01
5.000000000000000000e+00 1.360235255150191343e-02 6.300000000000000044e-01 2.145242894514571397e+00 7.749282632236900170e-01
5.000000000000000000e+00 1.457864049276258282e-02 6.300000000000000044e-01 1.987007265421340874e+00 7.671442330516131669e-01
5.000000000000000000e+00 1.562499999999996184e-02 6.300000000000000044e-01 1.835164227169352902e+00 6.909086715233412335e-01
5.000000000000000000e+00 1.674646035212953507e-02 6.300000000000000044e-01 1.743766473446875409e+00 7.261565349499915500e-01
5.000000000000000000e+00 1.794841179682861790e-02 6.300000000000000044e-01 1.611920052005681780e+00 6.319855239231925159e-01
5.000000000000000000e+00 1.923663145851425491e-02 6.300000000000000044e-01 1.511548490841197800e+00 5.629151551158698696e-01
5.000000000000000000e+00 2.061731110582640247e-02 6.300000000000000044e-01 1.453155632940560826e+00 5.486909443636084349e-01
5.000000000000000000e+00 2.209708691207952838e-02 6.300000000000000044e-01 1.407316485845025777e+00 5.735800796555867720e-01
5.000000000000000000e+00 2.368307135172487837e-02 6.300000000000000044e-01 1.329153191347919760e+00 4.763049731845114820e-01
5.000000000000000000e+00 2.538288738613225445e-02 6.300000000000000044e-01 1.265008890158516142e+00 4.066201759326703580e-01
5.000000000000000000e+00 2.720470510300375747e-02 6.300000000000000044e-01 1.228821836781876842e+00 3.849905547262766903e-01
5.000000000000000000e+00 2.915728098552509626e-02 6.300000000000000044e-01 1.188879835288798592e+00 3.430662279909709178e-01
5.000000000000000000e+00 3.124999999999984734e-02 6.300000000000000044e-01 1.143693114102851682e+00 2.721990904904056929e-01
5.000000000000000000e+00 3.349292070425898687e-02 6.300000000000000044e-01 1.126069885001020454e+00 2.671485538609107979e-01
5.000000000000000000e+00 3.589682359365715253e-02 6.300000000000000044e-01 1.094753106104318530e+00 2.075254711336533553e-01
5.000000000000000000e+00 3.847326291702841267e-02 6.300000000000000044e-01 1.073660606534201367e+00 1.697910564440734127e-01
5.000000000000000000e+00 4.123462221165270086e-02 6.300000000000000044e-01 1.057323166666890746e+00 1.381561147133426037e-01
5.000000000000000000e+00 4.419417382415894574e-02 6.300000000000000044e-01 1.044875388126288218e+00 1.125692280482971930e-01
5.000000000000000000e+00 4.736614270344963878e-02 6.300000000000000044e-01 1.035665719026750864e+00 9.227510503121282015e-02
5.000000000000000000e+00 5.076577477226438401e-02 6.300000000000000044e-01 1.029158599148263686e+00 7.722111125307463964e-02
5.000000000000000000e+00 5.440941020600738309e-02 6.300000000000000044e-01 1.024522791547418210e+00 6.581936043542763182e-02
5.000000000000000000e+00 5.831456197105004680e-02 6.300000000000000044e-01 1.020617435555505548e+00 5.549972448588469387e-02
5.000000000000000000e+00 6.249999999999953509e-02 6.300000000000000044e-01 1.017895946541632846e+00 4.808012174706318559e-02
5.000000000000000000e+00 6.698584140851780722e-02 6.300000000000000044e-01 1.015488832144730180e+00 4.126297513024296953e-02
5.000000000000000000e+00 7.179364718731412465e-02 6.300000000000000044e-01 1.013766870171928236e+00 3.632942999868239015e-02
5.000000000000000000e+00 7.694652583405664492e-02 6.300000000000000044e-01 1.011966221534951638e+00 3.108242198034231671e-02
5.000000000000000000e+00 8.246924442330520744e-02 6.300000000000000044e-01 1.010353202500865466e+00 2.636175837711320774e-02
5.000000000000000000e+00 8.838834764831768331e-02 6.300000000000000044e-01 1.008841713785714411e+00 2.192924287543995127e-02
5.000000000000000000e+00 9.473228540689904165e-02 6.300000000000000044e-01 1.007550052973877674e+00 1.814643962599296959e-02
5.000000000000000000e+00 1.015315495445285182e-01 6.300000000000000044e-01 1.006361793760650380e+00 1.466828872715740181e-02
5.000000000000000000e+00 1.088188204120145025e-01 6.300000000000000044e-01 1.005395095187789467e+00 1.185182077548706768e-02
5.000000000000000000e+00 1.166291239420998022e-01 6.300000000000000044e-01 1.004600246736348401e+00 9.551091141811140356e-03
5.000000000000000000e+00 1.249999999999987649e-01 6.300000000000000044e-01 1.003977383379460520e+00 7.769227584028113275e-03
5.000000000000000000e+00 1.339716828170352814e-01 6.300000000000000044e-01 1.003501986888282627e+00 6.435027258142491172e-03
5.000000000000000000e+00 1.435872943746278885e-01 6.300000000000000044e-01 1.003123472635999214e+00 5.398935007436724519e-03
5.000000000000000000e+00 1.538930516681129013e-01 6.300000000000000044e-01 1.002829491811387808e+00 4.624824571541037189e-03
5.000000000000000000e+00 1.649384888466099985e-01 6.300000000000000044e-01 1.002527591111084249e+00 3.838709274805402437e-03
5.000000000000000000e+00 1.767766952966349225e-01 6.300000000000000044e-01 1.002202015749093844e+00 2.996019768285039259e-03
5.000000000000000000e+00 1.894645708137976114e-01 6.300000000000000044e-01 1.001875961604089760e+00 2.169291405308366571e-03
5.000000000000000000e+00 2.030630990890565368e-01 6.300000000000000044e-01 1.001610698739783922e+00 1.540274794059093982e-03
5.000000000000000000e+00 2.176376408240284499e-01 6.300000000000000044e-01 1.001431906620238621e+00 1.173308916578515637e-03
5.000000000000000000e+00 2.332582478841990492e-01 6.300000000000000044e-01 1.001294065586803450e+00 9.267829935435751209e-04
5.000000000000000000e+00 2.499999999999969191e-01 6.300000000000000044e-01 1.001165356238214343e+00 7.072034937007120377e-04
5.000000000000000000e+00 2.679433656340699521e-01 6.300000000000000044e-01 1.001058558318275393e+00 5.354623925382249105e-04
5.000000000000000000e+00 2.871745887492550553e-01 6.300000000000000044e-01 1.001003815660784335e+00 4.413205621008307075e-04
5.000000000000000000e+00 3.077861033362250809e-01 6.300000000000000044e-01 1.001004197490522829e+00 3.878496044330747780e-04
5.000000000000000000e+00 3.298769776932191644e-01 6.300000000000000044e-01 1.001058389093743894e+00 3.408107963135645520e-04
5.000000000000000000e+00 3.535533905932689569e-01 6.300000000000000044e-01 1.001205055550443701e+00 3.346173059694244369e-04
5.000000000000000000e+00 3.789291416275942792e-01 6.300000000000000044e-01 1.001504049482862424e+00 4.494284117454495106e-04
5.000000000000000000e+00 4.061261981781120745e-01 6.300000000000000044e-01 1.002063571701635514e+00 8.054503955656820788e-04
5.000000000000000000e+00 4.352752816480558451e-01 6.300000000000000044e-01 1.003096509031926598e+00 1.605946294670625597e-03
5.000000000000000000e+00 4.665164957683969327e-01 6.300000000000000044e-01 1.005003334735449005e+00 3.252774340293136061e-03
5.000000000000000000e+00 4.999999999999926170e-01 6.300000000000000044e-01 1.008524780152950884e+00 6.579035204148495422e-03
5.000000000000000000e+00 5.358867312681385719e-01 6.300000000000000044e-01 1.014998667354938044e+00 1.320436397065181781e-02
5.000000000000000000e+00 5.743491774985087783e-01 6.300000000000000044e-01 1.025940378641919226e+00 2.511020110012290862e-02
5.000000000000000000e+00 6.155722066724486075e-01 6.300000000000000044e-01 1.041172883389914317e+00 4.155813368224570842e-02
5.000000000000000000e+00 6.597539553864367745e-01 6.300000000000000044e-01 1.057644110757592903e+00 5.631776389726373538e-02
5.000000000000000000e+00 7.071067811865362485e-01 6.300000000000000044e-01 1.073416611782272767e+00 6.331458029421924150e-02
5.000000000000000000e+00 7.578582832551866710e-01 6.300000000000000044e-01 1.088361875645745602e+00 6.776960965275248550e-02
5.000000000000000000e+00 8.122523963562221505e-01 6.300000000000000044e-01 1.107153162325360096e+00 8.089561420707334916e-02
5.000000000000000000e+00 8.705505632961095808e-01 6.300000000000000044e-01 1.127438954422619322e+00 9.559443499285130708e-02
5.000000000000000000e+00 9.330329915367915339e-01 6.300000000000000044e-01 1.143868575562814183e+00 1.123659036388440224e-01
5.000000000000000000e+00 9.999999999999827915e-01 6.300000000000000044e-01 1.157150008282508580e+00 1.256256956668970193e-01
5.000000000000000000e+00 1.071773462536274479e+00 6.300000000000000044e-01 1.172061852619307176e+00 1.406347181364230037e-01
5.000000000000000000e+00 1.148698354997014670e+00 6.300000000000000044e-01 1.181315747218779411e+00 1.495694360511386767e-01
5.000000000000000000e+00 1.231144413344894106e+00 6.300000000000000044e-01 1.177945261004573529e+00 1.393805334317273492e-01
5.000000000000000000e+00 1.319507910772870218e+00 6.300000000000000044e-01 1.165536217976333333e+00 1.165991673010625812e-01
5.000000000000000000e+00 1.414213562373068944e+00 6.300000000000000044e-01 1.156391817743206651e+00 9.606785412482594932e-02
5.000000000000000000e+00 1.515716566510369789e+00 6.300000000000000044e-01 1.152167624976116134e+00 8.587128732229788730e-02
5.000000000000000000e+00 1.624504792712440304e+00 6.300000000000000044e-01 1.153390494647201558e+00 1.006922243842590659e-01
5.000000000000000000e+00 1.741101126592214943e+00 6.300000000000000044e-01 1.156118938889791448e+00 1.133706738484004800e-01
5.000000000000000000e+00 1.866065983073578627e+00 6.300000000000000044e-01 1.171612282407776595e+00 1.364439498971490583e-01
5.000000000000000000e+00 1.999999999999960698e+00 6.300000000000000044e-01 1.168011765774387145e+00 1.263794599035241717e-01
5.000000000000000000e+00 2.143546925072543630e+00 6.300000000000000044e-01 1.160828770982968772e+00 1.061638292136220657e-01
5.000000000000000000e+00 2.297396709994023567e+00 6.300000000000000044e-01 1.177665269711150042e+00 1.254791715990963841e-01
5.000000000000000000e+00 2.462288826689782439e+00 6.300000000000000044e-01 1.184984013386108481e+00 1.529492177104238015e-01
5.000000000000000000e+00 2.639015821545733775e+00 6.300000000000000044e-01 1.187126822974324813e+00 1.525084955930460784e-01
5.000000000000000000e+00 2.828427124746130783e+00 6.300000000000000044e-01 1.181882324317546917e+00 1.400177336261604621e-01
5.000000000000000000e+00 3.031433133020732029e+00 6.300000000000000044e-01 1.171811341166439258e+00 1.260953864126546919e-01
5.000000000000000000e+00 3.249009585424872615e+00 6.300000000000000044e-01 1.202145852003889903e+00 2.084107573781831257e-01
5.000000000000000000e+00 3.482202253184421004e+00 6.300000000000000044e-01 1.190847264261421845e+00 1.857004856633115708e-01
5.000000000000000000e+00 3.732131966147147928e+00 6.300000000000000044e-01 1.149003349657420348e+00 9.047208845761654794e-02
5.000000000000000000e+00 3.999999999999911182e+00 6.300000000000000044e-01 1.122899750512306394e+00 4.434282104366280008e-02
5.000000000000000000e+00 4.287093850145076601e+00 6.300000000000000044e-01 1.149037352345940510e+00 1.237695009217251313e-01
5.000000000000000000e+00 4.594793419988035588e+00 6.300000000000000044e-01 1.137153831877187216e+00 5.878380701717504653e-02
5.000000000000000000e+00 4.924577653379552444e+00 6.300000000000000044e-01 1.157465677113513225e+00 6.360287841155272404e-02
5.000000000000000000e+00 5.278031643091455116e+00 6.300000000000000044e-01 1.143739880745883841e+00 1.133698684164425180e-01
5.000000000000000000e+00 5.656854249492248243e+00 6.300000000000000044e-01 1.126972087711902715e+00 7.464874113071143236e-02
5.000000000000000000e+00 6.062866266041448959e+00 6.300000000000000044e-01 1.159065266978091202e+00 7.204856438166959420e-02
5.000000000000000000e+00 6.498019170849729242e+00 6.300000000000000044e-01 1.143870582550604365e+00 6.257066927399558554e-02
5.000000000000000000e+00 6.964404506368825132e+00 6.300000000000000044e-01 1.133983506853121437e+00 5.503312885440892616e-02
5.000000000000000000e+00 7.464263932294277204e+00 6.300000000000000044e-01 1.157243478832332029e+00 5.591291779942445667e-02
5.000000000000000000e+00 7.999999999999802824e+00 6.300000000000000044e-01 1.136204728721982748e+00 5.899843005602276730e-02
5.000000000000000000e+00 8.574187700290131886e+00 6.300000000000000044e-01 1.157895892687691219e+00 9.760820325939816022e-02
5.000000000000000000e+00 9.189586839976049859e+00 6.300000000000000044e-01 1.145350961583857963e+00 7.635382761450075495e-02
5.000000000000000000e+00 9.849155306759080020e+00 6.300000000000000044e-01 1.187722909543030836e+00 1.044704940201606064e-01
5.000000000000000000e+00 1.055606328618288359e+01 6.300000000000000044e-01 1.217072622917844349e+00 1.247024545768222609e-01
5.000000000000000000e+00 1.131370849898446806e+01 6.300000000000000044e-01 1.174504033670509262e+00 9.976755436239216623e-02
5.000000000000000000e+00 1.212573253208286772e+01 6.300000000000000044e-01 1.159240872345952633e+00 6.018770245700467980e-02
5.000000000000000000e+00 1.299603834169942651e+01 6.300000000000000044e-01 1.190715363324535092e+00 1.004920249652224568e-01
5.000000000000000000e+00 1.392880901273761651e+01 6.300000000000000044e-01 1.163386521096741344e+00 1.056641989258468584e-01
5.000000000000000000e+00 1.492852786458851710e+01 6.300000000000000044e-01 1.145502216480873470e+00 8.130619317018580872e-02
5.000000000000000000e+00 1.599999999999956657e+01 6.300000000000000044e-01 1.174682070386927846e+00 1.518569630670602577e-01
5.000000000000000000e+00 1.714837540058022114e+01 6.300000000000000044e-01 1.155734182979385016e+00 8.737076721646706845e-02
5.000000000000000000e+00 1.837917367995205353e+01 6.300000000000000044e-01 1.182366392308288772e+00 8.472232350626210384e-02
5.000000000000000000e+00 1.969831061351811385e+01 6.300000000000000044e-01 1.153335469656843859e+00 1.140531134712968742e-01
5.000000000000000000e+00 2.111212657236571388e+01 6.300000000000000044e-01 1.152143197141224817e+00 7.531986796408346452e-02
5.000000000000000000e+00 2.262741699796887929e+01 6.300000000000000044e-01 1.129919355248198309e+00 5.226922623539675961e-02
5.000000000000000000e+00 2.425146506416567505e+01 6.300000000000000044e-01 1.135260091808232064e+00 4.702694136008531839e-02
5.000000000000000000e+00 2.599207668339878907e+01 6.300000000000000044e-01 1.195601609079774974e+00 1.472376902109443497e-01
5.000000000000000000e+00 2.785761802547516197e+01 6.300000000000000044e-01 1.165439204343156510e+00 1.164342551509469914e-01
5.000000000000000000e+00 2.985705572917696315e+01 6.300000000000000044e-01 1.153802201476496592e+00 6.569001950630221076e-02
5.000000000000000000e+00 3.199999999999905498e+01 6.300000000000000044e-01 1.154177600681566940e+00 8.713229101910635599e-02
