5.000000000000000000e+00 7.812500000000000000e-03 5.899999999999999689e-01 3.945993940007083811e+00 1.191815231401515129e+00
5.000000000000000000e+00 8.373230176064788352e-03 5.899999999999999689e-01 3.689440920340677277e+00 1.183917121191364386e+00
5.000000000000000000e+00 8.974205898414331500e-03 5.899999999999999689e-01 3.412200296365885954e+00 1.134864362509933056e+00
5.000000000000000000e+00 9.618315729257151739e-03 5.899999999999999689e-01 3.113189060397890007e+00 1.105435905843677125e+00
5.000000000000000000e+00 1.030865555291322552e-02 5.899999999999999689e-01 2.801179552164811515e+00 9.868469578043168600e-01
5.000000000000000000e+00 1.104854345603979195e-02 5.899999999999999689e-01 2.613989504272368869e+00 9.250292636444551464e-01
5.000000000000000000e+00 1.184153567586246694e-02 5.899999999999999689e-01 2.359168544778717180e+00 8.703938774255821631e-01
5.000000000000000000e+00 1.269144369306615845e-02 5.899999999999999689e-01 2.075609323453057264e+00 7.281345157591971873e-01
5.000000000000000000e+00 1.360235255150191343e-02 5.899999999999999689e-01 1.966779487384998193e+00 6.831297035898872272e-01
5.000000000000000000e+00 1.457864049276258282e-02 5.899999999999999689e-01 1.830186069092156753e+00 6.708123785593309574e-01
5.000000000000000000e+00 1.562499999999996184e-02 5.899999999999999689e-01 1.705489365953881675e+00 6.111443992629318478e-01
5.000000000000000000e+00 1.674646035212953507e-02 5.899999999999999689e-01 1.627669487269924220e+00 6.412124292640495327e-01
5.000000000000000000e+00 1.794841179682861790e-02 5.899999999999999689e-01 1.514783983678620771e+00 5.516993209265153020e-01
5.000000000000000000e+00 1.923663145851425491e-02 5.899999999999999689e-01 1.424414116905872607e+00 4.764155484089387937e-01
5.000000000000000000e+00 2.061731110582640247e-02 5.899999999999999689e-01 1.379145828802358142e+00 4.720623910670112555e-01
5.000000000000000000e+00 2.209708691207952838e-02 5.899999999999999689e-01 1.339241844411643401e+00 4.870231310200860420e-01
5.000000000000000000e+00 2.368307135172487837e-02 5.899999999999999689e-01 1.271672764567002734e+00 3.974640116544747026e-01
5.000000000000000000e+00 2.538288738613225445e-02 5.899999999999999689e-01 1.217547264331419798e+00 3.359089657796780481e-01
5.000000000000000000e+00 2.720470510300375747e-02 5.899999999999999689e-01 1.187800527011535490e+00 3.176432519007418298e-01
5.000000000000000000e+00 2.915728098552509626e-02 5.899999999999999689e-01 1.154482126094817485e+00 2.812709978269873901e-01
5.000000000000000000e+00 3.124999999999984734e-02 5.899999999999999689e-01 1.116983992073489862e+00 2.214060854283498858e-01
5.000000000000000000e+00 3.349292070425898687e-02 5.899999999999999689e-01 1.102497512538912705e+00 2.168669402453188289e-01
5.000000000000000000e+00 3.589682359365715253e-02 5.899999999999999689e-01 1.076967464979853517e+00 1.681782676515386765e-01
5.000000000000000000e+00 3.847326291702841267e-02 5.899999999999999689e-01 1.059842580597774697e+00 1.375581926140077293e-01
5.000000000000000000e+00 4.123462221165270086e-02 5.899999999999999689e-01 1.046583773887868274e+00 1.119191932095659897e-01
5.000000000000000000e+00 4.419417382415894574e-02 5.899999999999999689e-01 1.036498915339673088e+00 9.123553619384310032e-02
5.000000000000000000e+00 4.736614270344963878e-02 5.899999999999999689e-01 1.029053339605993322e+00 7.486766890995677493e-02
5.000000000000000000e+00 5.076577477226438401e-02 5.899999999999999689e-01 1.023783158502564294e+00 6.269579151532482519e-02
5.000000000000000000e+00 5.440941020600738309e-02 5.899999999999999689e-01 1.020029443133258606e+00 5.347657545483332914e-02
5.000000000000000000e+00 5.831456197105004680e-02 5.899999999999999689e-01 1.016861936245211151e+00 4.511263111344392812e-02
5.000000000000000000e+00 6.249999999999953509e-02 5.899999999999999689e-01 1.014655224313425697e+00 3.910066770205807701e-02
5.000000000000000000e+00 6.698584140851780722e-02 5.899999999999999689e-01 1.012699586189335088e+00 3.356471755119975336e-02
5.000000000000000000e+00 7.179364718731412465e-02 5.899999999999999689e-01 1.011298001803933477e+00 2.955119405837168881e-02
5.000000000000000000e+00 7.694652583405664492e-02 5.899999999999999689e-01 1.009833589751488514e+00 2.528640480781980254e-02
5.000000000000000000e+00 8.246924442330520744e-02 5.899999999999999689e-01 1.008520389601606393e+00 2.144579116914225453e-02
5.000000000000000000e+00 8.838834764831768331e-02 5.899999999999999689e-01 1.007291737075597160e+00 1.784578130881359428e-02
5.000000000000000000e+00 9.473228540689904165e-02 5.899999999999999689e-01 1.006239159411180362e+00 1.476642947770645878e-02
5.000000000000000000e+00 1.015315495445285182e-01 5.899999999999999689e-01 1.005272306768750123e+00 1.194020204449298440e-02
5.000000000000000000e+00 1.088188204120145025e-01 5.899999999999999689e-01 1.004484426291426757e+00 9.648943952936880550e-03
5.000000000000000000e+00 1.166291239420998022e-01 5.899999999999999689e-01 1.003835495452180648e+00 7.775247141189494011e-03
5.000000000000000000e+00 1.249999999999987649e-01 5.899999999999999689e-01 1.003326835094533687e+00 6.325293118813305610e-03
5.000000000000000000e+00 1.339716828170352814e-01 5.899999999999999689e-01 1.002937622090470660e+00 5.238514092169088872e-03
5.000000000000000000e+00 1.435872943746278885e-01 5.899999999999999689e-01 1.002627397130486653e+00 4.395324069816547441e-03
5.000000000000000000e+00 1.538930516681129013e-01 5.899999999999999689e-01 1.002385381306212464e+00 3.764057908906042783e-03
5.000000000000000000e+00 1.649384888466099985e-01 5.899999999999999689e-01 1.002136891247434658e+00 3.123670453817089642e-03
5.000000000000000000e+00 1.767766952966349225e-01 5.899999999999999689e-01 1.001869073187618309e+00 2.438007018096876709e-03
5.000000000000000000e+00 1.894645708137976114e-01 5.899999999999999689e-01 1.001600791896341880e+00 1.766292578910378655e-03
5.000000000000000000e+00 2.030630990890565368e-01 5.899999999999999689e-01 1.001382046654256897e+00 1.256368257505004844e-03
5.000000000000000000e+00 2.176376408240284499e-01 5.899999999999999689e-01 1.001234031019072379e+00 9.594586792326340605e-04
5.000000000000000000e+00 2.332582478841990492e-01 5.899999999999999689e-01 1.001119970079955568e+00 7.600525748772913801e-04
5.000000000000000000e+00 2.499999999999969191e-01 5.899999999999999689e-01 1.001014453464024401e+00 5.830820927582877709e-04
5.000000000000000000e+00 2.679433656340699521e-01 5.899999999999999689e-01 1.000928762544725625e+00 4.447490146898242067e-04
5.000000000000000000e+00 2.871745887492550553e-01 5.899999999999999689e-01 1.000888794267258186e+00 3.651755192097058005e-04
5.000000000000000000e+00 3.077861033362250809e-01 5.899999999999999689e-01 1.000899416268538733e+00 3.138320231301555056e-04
5.000000000000000000e+00 3.298769776932191644e-01 5.899999999999999689e-01 1.000963385073949663e+00 2.682090487114434547e-04
5.000000000000000000e+00 3.535533905932689569e-01 5.899999999999999689e-01 1.001119183570879034e+00 2.731101196555806563e-04
5.000000000000000000e+00 3.789291416275942792e-01 5.899999999999999689e-01 1.001427403029283791e+00 4.213658592111123487e-04
5.000000000000000000e+00 4.061261981781120745e-01 5.899999999999999689e-01 1.001998185202108926e+00 8.139099039388534868e-04
5.000000000000000000e+00 4.352752816480558451e-01 5.899999999999999689e-01 1.003045822033387324e+00 1.639334761785770419e-03
5.000000000000000000e+00 4.665164957683969327e-01 5.899999999999999689e-01 1.004972437202706015e+00 3.302297931551390758e-03
5.000000000000000000e+00 4.999999999999926170e-01 5.899999999999999689e-01 1.008520214304818641e+00 6.641396165963419154e-03
5.000000000000000000e+00 5.358867312681385719e-01 5.899999999999999689e-01 1.015028044499417081e+00 1.328163435107681221e-02
5.000000000000000000e+00 5.743491774985087783e-01 5.899999999999999689e-01 1.026011365488648019e+00 2.520585376994073992e-02
5.000000000000000000e+00 6.155722066724486075e-01 5.899999999999999689e-01 1.041290420081085077e+00 4.167005674567068191e-02
5.000000000000000000e+00 6.597539553864367745e-01 5.899999999999999689e-01 1.057803780564384288e+00 5.644055208175002142e-02
5.000000000000000000e+00 7.071067811865362485e-01 5.899999999999999689e-01 1.073615618869292909e+00 6.346011380306405825e-02
5.000000000000000000e+00 7.578582832551866710e-01 5.899999999999999689e-01 1.088603865290857620e+00 6.797561417767514214e-02
5.000000000000000000e+00 8.122523963562221505e-01 5.899999999999999689e-01 1.107459724391818723e+00 8.121481056369446450e-02
5.000000000000000000e+00 8.705505632961095808e-01 5.899999999999999689e-01 1.127841785424244403e+00 9.609366629298303486e-02
5.000000000000000000e+00 9.330329915367915339e-01 5.899999999999999689e-01 1.144393409521822225e+00 1.130733356288939340e-01
5.000000000000000000e+00 9.999999999999827915e-01 5.899999999999999689e-01 1.157817688268170109e+00 1.265419776127043872e-01
5.000000000000000000e+00 1.071773462536274479e+00 5.899999999999999689e-01 1.172813399384726729e+00 1.416311299004874846e-01
5.000000000000000000e+00 1.148698354997014670e+00 5.899999999999999689e-01 1.182102916024180939e+00 1.505441377379547196e-01
5.000000000000000000e+00 1.231144413344894106e+00 5.899999999999999689e-01 1.178721574075702661e+00 1.401632068317838209e-01
5.000000000000000000e+00 1.319507910772870218e+00 5.899999999999999689e-01 1.166310116011061826e+00 1.171054608243338180e-01
5.000000000000000000e+00 1.414213562373068944e+00 5.899999999999999689e-01 1.157257769789967528e+00 9.641884909978085116e-02
5.000000000000000000e+00 1.515716566510369789e+00 5.899999999999999689e-01 1.153118719704145700e+00 8.625463481454367920e-02
5.000000000000000000e+00 1.624504792712440304e+00 5.899999999999999689e-01 1.154332564473600220e+00 1.012099204071184033e-01
5.000000000000000000e+00 1.741101126592214943e+00 5.899999999999999689e-01 1.157078905298925431e+00 1.140500071122007852e-01
5.000000000000000000e+00 1.866065983073578627e+00 5.899999999999999689e-01 1.172693874226006239e+00 1.373535253196912775e-01
5.000000000000000000e+00 1.999999999999960698e+00 5.899999999999999689e-01 1.168980135036447043e+00 1.271390813506274864e-01
5.000000000000000000e+00 2.143546925072543630e+00 5.899999999999999689e-01 1.161623870146758275e+00 1.068331540306285826e-01
5.000000000000000000e+00 2.297396709994023567e+00 5.899999999999999689e-01 1.178462230658598786e+00 1.261101660587007345e-01
5.000000000000000000e+00 2.462288826689782439e+00 5.899999999999999689e-01 1.185843896899644090e+00 1.537375863328836190e-01
5.000000000000000000e+00 2.639015821545733775e+00 5.899999999999999689e-01 1.188137592267318521e+00 1.536194857807496594e-01
5.000000000000000000e+00 2.828427124746130783e+00 5.899999999999999689e-01 1.183144251363332566e+00 1.411039713065619372e-01
5.000000000000000000e+00 3.031433133020732029e+00 5.899999999999999689e-01 1.173115867194294726e+00 1.271625126675323680e-01
5.000000000000000000e+00 3.249009585424872615e+00 5.899999999999999689e-01 1.203360837467971844e+00 2.095898778198392876e-01
5.000000000000000000e+00 3.482202253184421004e+00 5.899999999999999689e-01 1.191971197299213081e+00 1.865815384923941445e-01
5.000000000000000000e+00 3.732131966147147928e+00 5.899999999999999689e-01 1.149726631169525559e+00 9.075522885410554352e-02
5.000000000000000000e+00 3.999999999999911182e+00 5.899999999999999689e-01 1.123661111710253291e+00 4.455635639708136614e-02
5.000000000000000000e+00 4.287093850145076601e+00 5.899999999999999689e-01 1.150137818771719278e+00 1.247659576331900944e-01
5.000000000000000000e+00 4.594793419988035588e+00 5.899999999999999689e-01 1.138018870629001311e+00 5.917296182625290946e-02
5.000000000000000000e+00 4.924577653379552444e+00 5.899999999999999689e-01 1.158538729807613077e+00 6.424570224108028249e-02
5.000000000000000000e+00 5.278031643091455116e+00 5.899999999999999689e-01 1.144600691306109752e+00 1.140801101063061568e-01
5.000000000000000000e+00 5.656854249492248243e+00 5.899999999999999689e-01 1.127954237759793532e+00 7.539000606146938066e-02
5.000000000000000000e+00 6.062866266041448959e+00 5.899999999999999689e-01 1.160300664873783694e+00 7.258282588229632293e-02
5.000000000000000000e+00 6.498019170849729242e+00 5.899999999999999689e-01 1.144855010975184495e+00 6.291968062065929346e-02
5.000000000000000000e+00 6.964404506368825132e+00 5.899999999999999689e-01 1.134844602255800083e+00 5.550630274877271786e-02
5.000000000000000000e+00 7.464263932294277204e+00 5.899999999999999689e-01 1.158126809836710125e+00 5.638846939641006112e-02
5.000000000000000000e+00 7.999999999999802824e+00 5.899999999999999689e-01 1.137091206685849398e+00 5.940808681095860466e-02
5.000000000000000000e+00 8.574187700290131886e+00 5.899999999999999689e-01 1.158985174406703234e+00 9.865396890678215791e-02
5.000000000000000000e+00 9.189586839976049859e+00 5.899999999999999689e-01 1.146311231798320840e+00 7.679412352788446416e-02
5.000000000000000000e+00 9.849155306759080020e+00 5.899999999999999689e-01 1.188948075452519237e+00 1.051599906205339940e-01
5.000000000000000000e+00 1.055606328618288359e+01 5.899999999999999689e-01 1.218320770090324245e+00 1.252561113884410327e-01
5.000000000000000000e+00 1.131370849898446806e+01 5.899999999999999689e-01 1.175483717349829149e+00 1.003090329698529959e-01
5.000000000000000000e+00 1.212573253208286772e+01 5.899999999999999689e-01 1.160068081553043973e+00 6.053067261960635992e-02
5.000000000000000000e+00 1.299603834169942651e+01 5.899999999999999689e-01 1.191979135502882370e+00 1.012124931702781810e-01
5.000000000000000000e+00 1.392880901273761651e+01 5.899999999999999689e-01 1.164349423441692011e+00 1.062132280650085331e-01
5.000000000000000000e+00 1.492852786458851710e+01 5.899999999999999689e-01 1.146462069367519598e+00 8.164741914732552563e-02
5.000000000000000000e+00 1.599999999999956657e+01 5.899999999999999689e-01 1.175817928163227277e+00 1.528312596617703301e-01
5.000000000000000000e+00 1.714837540058022114e+01 5.899999999999999689e-01 1.156660424759250017e+00 8.784927448289264751e-02
5.000000000000000000e+00 1.837917367995205353e+01 5.899999999999999689e-01 1.183294276078375784e+00 8.518763447330060523e-02
5.000000000000000000e+00 1.969831061351811385e+01 5.899999999999999689e-01 1.154266770771495088e+00 1.146251115180499935e-01
5.000000000000000000e+00 2.111212657236571388e+01 5.899999999999999689e-01 1.153118908886499039e+00 7.574501573441158597e-02
5.000000000000000000e+00 2.262741699796887929e+01 5.899999999999999689e-01 1.130768664313663630e+00 5.247153420777517924e-02
5.000000000000000000e+00 2.425146506416567505e+01 5.899999999999999689e-01 1.136005457743114899e+00 4.723698593283795488e-02
5.000000000000000000e+00 2.599207668339878907e+01 5.899999999999999689e-01 1.196512779097499424e+00 1.481007488881884993e-01
5.000000000000000000e+00 2.785761802547516197e+01 5.899999999999999689e-01 1.166240400410637701e+00 1.169216488252974584e-01
5.000000000000000000e+00 2.985705572917696315e+01 5.899999999999999689e-01 1.154638081440020780e+00 6.624556164045931894e-02
5.000000000000000000e+00 3.199999999999905498e+01 5.899999999999999689e-01 1.155093869167119092e+00 8.751769457442638844e-02
