5.000000000000000000e+00 7.812500000000000000e-03 4.000000000000000222e-01 2.613036958413817779e+00 7.893196244547332485e-01
5.000000000000000000e+00 8.373230176064788352e-03 4.000000000000000222e-01 2.382747956751232188e+00 7.191993750863028279e-01
5.000000000000000000e+00 8.974205898414331500e-03 4.000000000000000222e-01 2.228593611815372189e+00 6.438282995098985051e-01
5.000000000000000000e+00 9.618315729257151739e-03 4.000000000000000222e-01 2.060833589524987186e+00 6.236746743507309843e-01
5.000000000000000000e+00 1.030865555291322552e-02 4.000000000000000222e-01 1.898458212031198356e+00 5.076506097760495884e-01
5.000000000000000000e+00 1.104854345603979195e-02 4.000000000000000222e-01 1.800982887936284360e+00 5.052673850948626866e-01
5.000000000000000000e+00 1.184153567586246694e-02 4.000000000000000222e-01 1.663346665340078356e+00 4.596126640255733253e-01
5.000000000000000000e+00 1.269144369306615845e-02 4.000000000000000222e-01 1.526412085314224454e+00 3.857298032916722796e-01
5.000000000000000000e+00 1.360235255150191343e-02 4.000000000000000222e-01 1.472821715985206614e+00 3.644404347593123150e-01
5.000000000000000000e+00 1.457864049276258282e-02 4.000000000000000222e-01 1.401457304175508067e+00 3.458167080985015684e-01
5.000000000000000000e+00 1.562499999999996184e-02 4.000000000000000222e-01 1.347292928577962012e+00 3.287029041031300780e-01
5.000000000000000000e+00 1.674646035212953507e-02 4.000000000000000222e-01 1.306868926378801143e+00 3.374518299255921949e-01
5.000000000000000000e+00 1.794841179682861790e-02 4.000000000000000222e-01 1.250401116828685044e+00 2.845981559350955759e-01
5.000000000000000000e+00 1.923663145851425491e-02 4.000000000000000222e-01 1.200623346188373519e+00 2.302116205535503224e-01
5.000000000000000000e+00 2.061731110582640247e-02 4.000000000000000222e-01 1.182514442892758755e+00 2.363097231920470997e-01
5.000000000000000000e+00 2.209708691207952838e-02 4.000000000000000222e-01 1.161220606601152339e+00 2.364743070319697549e-01
5.000000000000000000e+00 2.368307135172487837e-02 4.000000000000000222e-01 1.127346721348201131e+00 1.878618839206911972e-01
5.000000000000000000e+00 2.538288738613225445e-02 4.000000000000000222e-01 1.101221945121375390e+00 1.566309927911840871e-01
5.000000000000000000e+00 2.720470510300375747e-02 4.000000000000000222e-01 1.087275265650285538e+00 1.477273081554524581e-01
5.000000000000000000e+00 2.915728098552509626e-02 4.000000000000000222e-01 1.071457900561927357e+00 1.298087180055840784e-01
5.000000000000000000e+00 3.124999999999984734e-02 4.000000000000000222e-01 1.053850954943994278e+00 1.013289397265619007e-01
5.000000000000000000e+00 3.349292070425898687e-02 4.000000000000000222e-01 1.047009387364200794e+00 9.890200178052119262e-02
5.000000000000000000e+00 3.589682359365715253e-02 4.000000000000000222e-01 1.035333880118824545e+00 7.681703994734695451e-02
5.000000000000000000e+00 3.847326291702841267e-02 4.000000000000000222e-01 1.027523323470822092e+00 6.301240947235330070e-02
5.000000000000000000e+00 4.123462221165270086e-02 4.000000000000000222e-01 1.021447242281814827e+00 5.136713333954156385e-02
5.000000000000000000e+00 4.419417382415894574e-02 4.000000000000000222e-01 1.016831949661535006e+00 4.198802410872469471e-02
5.000000000000000000e+00 4.736614270344963878e-02 4.000000000000000222e-01 1.013435180489416165e+00 3.457802442509085722e-02
5.000000000000000000e+00 5.076577477226438401e-02 4.000000000000000222e-01 1.011016439875274120e+00 2.902078763491965432e-02
5.000000000000000000e+00 5.440941020600738309e-02 4.000000000000000222e-01 1.009293551181491111e+00 2.480660389948103131e-02
5.000000000000000000e+00 5.831456197105004680e-02 4.000000000000000222e-01 1.007833439746321114e+00 2.095789883320301958e-02
5.000000000000000000e+00 6.249999999999953509e-02 4.000000000000000222e-01 1.006816356406173396e+00 1.819099869817632220e-02
5.000000000000000000e+00 6.698584140851780722e-02 4.000000000000000222e-01 1.005911255102645452e+00 1.563047844003238873e-02
5.000000000000000000e+00 7.179364718731412465e-02 4.000000000000000222e-01 1.005258840577423429e+00 1.376283564509397060e-02
5.000000000000000000e+00 7.694652583405664492e-02 4.000000000000000222e-01 1.004578888219952448e+00 1.178311799178592863e-02
5.000000000000000000e+00 8.246924442330520744e-02 4.000000000000000222e-01 1.003967238066247214e+00 9.994526141776252301e-03
5.000000000000000000e+00 8.838834764831768331e-02 4.000000000000000222e-01 1.003397291912847544e+00 8.324897763129871300e-03
5.000000000000000000e+00 9.473228540689904165e-02 4.000000000000000222e-01 1.002906063275556869e+00 6.887844302856820956e-03
5.000000000000000000e+00 1.015315495445285182e-01 4.000000000000000222e-01 1.002457009071431537e+00 5.575334947824571799e-03
5.000000000000000000e+00 1.088188204120145025e-01 4.000000000000000222e-01 1.002089937962014954e+00 4.507764397488691309e-03
5.000000000000000000e+00 1.166291239420998022e-01 4.000000000000000222e-01 1.001786827072319586e+00 3.632271625888111154e-03
5.000000000000000000e+00 1.249999999999987649e-01 4.000000000000000222e-01 1.001549916585940059e+00 2.956552505221764476e-03
5.000000000000000000e+00 1.339716828170352814e-01 4.000000000000000222e-01 1.001368186156064599e+00 2.448357903228387013e-03
5.000000000000000000e+00 1.435872943746278885e-01 4.000000000000000222e-01 1.001223830230227874e+00 2.054954505852685590e-03
5.000000000000000000e+00 1.538930516681129013e-01 4.000000000000000222e-01 1.001111005549154553e+00 1.758930445897986198e-03
5.000000000000000000e+00 1.649384888466099985e-01 4.000000000000000222e-01 1.000995598124807762e+00 1.458990387699072785e-03
5.000000000000000000e+00 1.767766952966349225e-01 4.000000000000000222e-01 1.000871750774686042e+00 1.138134301064521034e-03
5.000000000000000000e+00 1.894645708137976114e-01 4.000000000000000222e-01 1.000748461398868194e+00 8.236749803292105383e-04
5.000000000000000000e+00 2.030630990890565368e-01 4.000000000000000222e-01 1.000649331253034902e+00 5.841848435875800693e-04
5.000000000000000000e+00 2.176376408240284499e-01 4.000000000000000222e-01 1.000584987877140453e+00 4.438462454719784836e-04
5.000000000000000000e+00 2.332582478841990492e-01 4.000000000000000222e-01 1.000539113320046747e+00 3.480866514915300497e-04
5.000000000000000000e+00 2.499999999999969191e-01 4.000000000000000222e-01 1.000501360205183987e+00 2.611351228688205996e-04
5.000000000000000000e+00 2.679433656340699521e-01 4.000000000000000222e-01 1.000479479775951530e+00 1.900575759986334603e-04
5.000000000000000000e+00 2.871745887492550553e-01 4.000000000000000222e-01 1.000489389374117355e+00 1.454308188392868168e-04
5.000000000000000000e+00 3.077861033362250809e-01 4.000000000000000222e-01 1.000540198185908114e+00 1.196932019760778244e-04
5.000000000000000000e+00 3.298769776932191644e-01 4.000000000000000222e-01 1.000644313015862208e+00 1.333303270703362542e-04
5.000000000000000000e+00 3.535533905932689569e-01 4.000000000000000222e-01 1.000840161979415832e+00 2.399831351987099300e-04
5.000000000000000000e+00 3.789291416275942792e-01 4.000000000000000222e-01 1.001190885817540899e+00 4.741759582116601029e-04
5.000000000000000000e+00 4.061261981781120745e-01 4.000000000000000222e-01 1.001813018031424196e+00 9.233031014174643714e-04
5.000000000000000000e+00 4.352752816480558451e-01 4.000000000000000222e-01 1.002927267579398762e+00 1.791298431048233761e-03
5.000000000000000000e+00 4.665164957683969327e-01 4.000000000000000222e-01 1.004944924024718578e+00 3.497195430371102289e-03
5.000000000000000000e+00 4.999999999999926170e-01 4.000000000000000222e-01 1.008619050424547137e+00 6.894854700153024707e-03
5.000000000000000000e+00 5.358867312681385719e-01 4.000000000000000222e-01 1.015300498610528290e+00 1.362488675905606204e-02
5.000000000000000000e+00 5.743491774985087783e-01 4.000000000000000222e-01 1.026511913787730323e+00 2.566777599000289942e-02
5.000000000000000000e+00 6.155722066724486075e-01 4.000000000000000222e-01 1.042061550609687526e+00 4.223940982503294334e-02
5.000000000000000000e+00 6.597539553864367745e-01 4.000000000000000222e-01 1.058834622882276033e+00 5.707822835403230516e-02
5.000000000000000000e+00 7.071067811865362485e-01 4.000000000000000222e-01 1.074899560865646420e+00 6.422907006062600344e-02
5.000000000000000000e+00 7.578582832551866710e-01 4.000000000000000222e-01 1.090182792724107230e+00 6.912890486339369478e-02
5.000000000000000000e+00 8.122523963562221505e-01 4.000000000000000222e-01 1.109466163079826595e+00 8.308812740777225814e-02
5.000000000000000000e+00 8.705505632961095808e-01 4.000000000000000222e-01 1.130456233542968425e+00 9.906645767978398964e-02
5.000000000000000000e+00 9.330329915367915339e-01 4.000000000000000222e-01 1.147780454674567796e+00 1.173587266511827015e-01
5.000000000000000000e+00 9.999999999999827915e-01 4.000000000000000222e-01 1.162113807097491236e+00 1.321803325737822554e-01
5.000000000000000000e+00 1.071773462536274479e+00 4.000000000000000222e-01 1.177621798887371840e+00 1.478024547801088107e-01
5.000000000000000000e+00 1.148698354997014670e+00 4.000000000000000222e-01 1.187071666126552127e+00 1.565846674088287038e-01
5.000000000000000000e+00 1.231144413344894106e+00 4.000000000000000222e-01 1.183534609409743199e+00 1.450499757925502731e-01
5.000000000000000000e+00 1.319507910772870218e+00 4.000000000000000222e-01 1.171010525491671839e+00 1.203450503715275260e-01
5.000000000000000000e+00 1.414213562373068944e+00 4.000000000000000222e-01 1.162396517089780534e+00 9.872726370348437752e-02
5.000000000000000000e+00 1.515716566510369789e+00 4.000000000000000222e-01 1.158761617181998549e+00 8.875605327550735446e-02
5.000000000000000000e+00 1.624504792712440304e+00 4.000000000000000222e-01 1.160020928795084227e+00 1.045390936435959400e-01
5.000000000000000000e+00 1.741101126592214943e+00 4.000000000000000222e-01 1.162957579443145928e+00 1.183419609485358709e-01
5.000000000000000000e+00 1.866065983073578627e+00 4.000000000000000222e-01 1.179269433540655498e+00 1.429580820914656547e-01
5.000000000000000000e+00 1.999999999999960698e+00 4.000000000000000222e-01 1.174848762953024650e+00 1.317799787347186391e-01
5.000000000000000000e+00 2.143546925072543630e+00 4.000000000000000222e-01 1.166482130589000077e+00 1.108135482335635275e-01
5.000000000000000000e+00 2.297396709994023567e+00 4.000000000000000222e-01 1.183374463680268329e+00 1.297876982949248137e-01
5.000000000000000000e+00 2.462288826689782439e+00 4.000000000000000222e-01 1.191245526750792427e+00 1.584741890823627986e-01
5.000000000000000000e+00 2.639015821545733775e+00 4.000000000000000222e-01 1.194535784984098070e+00 1.604367852516921655e-01
5.000000000000000000e+00 2.828427124746130783e+00 4.000000000000000222e-01 1.191021531567902247e+00 1.478401433488871763e-01
5.000000000000000000e+00 3.031433133020732029e+00 4.000000000000000222e-01 1.181259213790241569e+00 1.338579364495484925e-01
5.000000000000000000e+00 3.249009585424872615e+00 4.000000000000000222e-01 1.211010107127501012e+00 2.172277086672852742e-01
5.000000000000000000e+00 3.482202253184421004e+00 4.000000000000000222e-01 1.198915787679101896e+00 1.920989781688388909e-01
5.000000000000000000e+00 3.732131966147147928e+00 4.000000000000000222e-01 1.154249876949283715e+00 9.254196267962831735e-02
5.000000000000000000e+00 3.999999999999911182e+00 4.000000000000000222e-01 1.128324814510936580e+00 4.590925376831793414e-02
5.000000000000000000e+00 4.287093850145076601e+00 4.000000000000000222e-01 1.156926194934552621e+00 1.311042625287257291e-01
5.000000000000000000e+00 4.594793419988035588e+00 4.000000000000000222e-01 1.143356837162362138e+00 6.165758010925530969e-02
5.000000000000000000e+00 4.924577653379552444e+00 4.000000000000000222e-01 1.165234133527282445e+00 6.821881153813927345e-02
5.000000000000000000e+00 5.278031643091455116e+00 4.000000000000000222e-01 1.149985211372908989e+00 1.184676333592531300e-01
5.000000000000000000e+00 5.656854249492248243e+00 4.000000000000000222e-01 1.133852570465837095e+00 7.989333233091154562e-02
5.000000000000000000e+00 6.062866266041448959e+00 4.000000000000000222e-01 1.167864725851376129e+00 7.596564399294819525e-02
5.000000000000000000e+00 6.498019170849729242e+00 4.000000000000000222e-01 1.150981144782039056e+00 6.495980005418884595e-02
5.000000000000000000e+00 6.964404506368825132e+00 4.000000000000000222e-01 1.140232916459215984e+00 5.856595290773726481e-02
5.000000000000000000e+00 7.464263932294277204e+00 4.000000000000000222e-01 1.163576330346586696e+00 5.944601492886541355e-02
5.000000000000000000e+00 7.999999999999802824e+00 4.000000000000000222e-01 1.142400923790865441e+00 6.188790102253625275e-02
5.000000000000000000e+00 8.574187700290131886e+00 4.000000000000000222e-01 1.165642181266522970e+00 1.051834619973613799e-01
5.000000000000000000e+00 9.189586839976049859e+00 4.000000000000000222e-01 1.152199744958059657e+00 7.942596632380874433e-02
5.000000000000000000e+00 9.849155306759080020e+00 4.000000000000000222e-01 1.196485244668200831e+00 1.093477379633623903e-01
5.000000000000000000e+00 1.055606328618288359e+01 4.000000000000000222e-01 1.226117006503938400e+00 1.287063717780842498e-01
5.000000000000000000e+00 1.131370849898446806e+01 4.000000000000000222e-01 1.181548338113146190e+00 1.038806108743299539e-01
5.000000000000000000e+00 1.212573253208286772e+01 4.000000000000000222e-01 1.165241091875102830e+00 6.267764101934159005e-02
5.000000000000000000e+00 1.299603834169942651e+01 4.000000000000000222e-01 1.199600343882905928e+00 1.055245010805850314e-01
5.000000000000000000e+00 1.392880901273761651e+01 4.000000000000000222e-01 1.170152224394009011e+00 1.095618972275336084e-01
5.000000000000000000e+00 1.492852786458851710e+01 4.000000000000000222e-01 1.152359893039994976e+00 8.391717914269898604e-02
5.000000000000000000e+00 1.599999999999956657e+01 4.000000000000000222e-01 1.182889892264977316e+00 1.588981735140461704e-01
5.000000000000000000e+00 1.714837540058022114e+01 4.000000000000000222e-01 1.162401679060474091e+00 9.086305435235157713e-02
5.000000000000000000e+00 1.837917367995205353e+01 4.000000000000000222e-01 1.189062548619012727e+00 8.813393536134600526e-02
5.000000000000000000e+00 1.969831061351811385e+01 4.000000000000000222e-01 1.160026503825774657e+00 1.183623952015350617e-01
5.000000000000000000e+00 2.111212657236571388e+01 4.000000000000000222e-01 1.159261873126835818e+00 7.867401587646231931e-02
5.000000000000000000e+00 2.262741699796887929e+01 4.000000000000000222e-01 1.136067560829313816e+00 5.396198674928946032e-02
5.000000000000000000e+00 2.425146506416567505e+01 4.000000000000000222e-01 1.140695136988390868e+00 4.882960822612477519e-02
5.000000000000000000e+00 2.599207668339878907e+01 4.000000000000000222e-01 1.202364528918134168e+00 1.538223532131241522e-01
5.000000000000000000e+00 2.785761802547516197e+01 4.000000000000000222e-01 1.171239464082863169e+00 1.201113263524588304e-01
5.000000000000000000e+00 2.985705572917696315e+01 4.000000000000000222e-01 1.159896349815064287e+00 6.978013136406525929e-02
5.000000000000000000e+00 3.199999999999905498e+01 4.000000000000000222e-01 1.160709314335566233e+00 9.017439166363211411e-02
