5.000000000000000000e+00 7.812500000000000000e-03 5.400000000000000355e-01 3.526818260495138357e+00 1.107181633507725582e+00
5.000000000000000000e+00 8.373230176064788352e-03 5.400000000000000355e-01 3.252966072960475685e+00 1.071699927153701548e+00
5.000000000000000000e+00 8.974205898414331500e-03 5.400000000000000355e-01 3.013528433231024373e+00 9.997470078887854550e-01
5.000000000000000000e+00 9.618315729257151739e-03 5.400000000000000355e-01 2.751503701066835283e+00 9.700610812823078355e-01
5.000000000000000000e+00 1.030865555291322552e-02 5.400000000000000355e-01 2.485262334578133725e+00 8.262317148273313760e-01
5.000000000000000000e+00 1.104854345603979195e-02 5.400000000000000355e-01 2.327700557351279009e+00 7.925563976050378212e-01
5.000000000000000000e+00 1.184153567586246694e-02 5.400000000000000355e-01 2.110019071574825489e+00 7.361176953465414785e-01
5.000000000000000000e+00 1.269144369306615845e-02 5.400000000000000355e-01 1.877322847797923133e+00 6.137551739846337506e-01
5.000000000000000000e+00 1.360235255150191343e-02 5.400000000000000355e-01 1.788430326372730805e+00 5.789591006036565179e-01
5.000000000000000000e+00 1.457864049276258282e-02 5.400000000000000355e-01 1.674250633107953190e+00 5.619326352085826093e-01
5.000000000000000000e+00 1.562499999999996184e-02 5.400000000000000355e-01 1.576298629101177573e+00 5.193942955232884184e-01
5.000000000000000000e+00 1.674646035212953507e-02 5.400000000000000355e-01 1.511791388448419093e+00 5.419330523094869623e-01
5.000000000000000000e+00 1.794841179682861790e-02 5.400000000000000355e-01 1.418584852452400735e+00 4.616872983040703482e-01
5.000000000000000000e+00 1.923663145851425491e-02 5.400000000000000355e-01 1.340821538341018471e+00 3.876638527520504529e-01
5.000000000000000000e+00 2.061731110582640247e-02 5.400000000000000355e-01 1.306807997001325550e+00 3.898467057235779909e-01
5.000000000000000000e+00 2.209708691207952838e-02 5.400000000000000355e-01 1.273218172513917112e+00 3.972964999845373102e-01
5.000000000000000000e+00 2.368307135172487837e-02 5.400000000000000355e-01 1.217278045974778511e+00 3.199022267942741027e-01
5.000000000000000000e+00 2.538288738613225445e-02 5.400000000000000355e-01 1.173311740266401504e+00 2.684023753331737372e-01
5.000000000000000000e+00 2.720470510300375747e-02 5.400000000000000355e-01 1.149567285869672828e+00 2.535335158348760443e-01
5.000000000000000000e+00 2.915728098552509626e-02 5.400000000000000355e-01 1.122734169055245035e+00 2.235344861222517965e-01
5.000000000000000000e+00 3.124999999999984734e-02 5.400000000000000355e-01 1.092674880390518855e+00 1.750639982408705164e-01
5.000000000000000000e+00 3.349292070425898687e-02 5.400000000000000355e-01 1.081095253179786386e+00 1.712075620451835867e-01
5.000000000000000000e+00 3.589682359365715253e-02 5.400000000000000355e-01 1.060894015722149364e+00 1.327203103152465591e-01
5.000000000000000000e+00 3.847326291702841267e-02 5.400000000000000355e-01 1.047373752061202090e+00 1.086090520830024914e-01
5.000000000000000000e+00 4.123462221165270086e-02 5.400000000000000355e-01 1.036897211129163221e+00 8.839929903161229674e-02
5.000000000000000000e+00 4.419417382415894574e-02 5.400000000000000355e-01 1.028936377117611212e+00 7.211814994447340865e-02
5.000000000000000000e+00 4.736614270344963878e-02 5.400000000000000355e-01 1.023067650884247781e+00 5.925017750735086380e-02
5.000000000000000000e+00 5.076577477226438401e-02 5.400000000000000355e-01 1.018905345087660175e+00 4.965428262680032789e-02
5.000000000000000000e+00 5.440941020600738309e-02 5.400000000000000355e-01 1.015940834749950783e+00 4.238394781212249940e-02
5.000000000000000000e+00 5.831456197105004680e-02 5.400000000000000355e-01 1.013435283591829883e+00 3.577263461800600508e-02
5.000000000000000000e+00 6.249999999999953509e-02 5.400000000000000355e-01 1.011689935727034584e+00 3.102078564908413230e-02
5.000000000000000000e+00 6.698584140851780722e-02 5.400000000000000355e-01 1.010140445974336831e+00 2.663640899894277256e-02
5.000000000000000000e+00 7.179364718731412465e-02 5.400000000000000355e-01 1.009027755898737722e+00 2.345157734315182416e-02
5.000000000000000000e+00 7.694652583405664492e-02 5.400000000000000355e-01 1.007866130591707154e+00 2.007019924545017445e-02
5.000000000000000000e+00 8.246924442330520744e-02 5.400000000000000355e-01 1.006823283038184247e+00 1.702193824411338263e-02
5.000000000000000000e+00 8.838834764831768331e-02 5.400000000000000355e-01 1.005848978840653718e+00 1.416916152069087539e-02
5.000000000000000000e+00 9.473228540689904165e-02 5.400000000000000355e-01 1.005012300988086693e+00 1.172349386245396911e-02
5.000000000000000000e+00 1.015315495445285182e-01 5.400000000000000355e-01 1.004244931917272599e+00 9.482819393906842878e-03
5.000000000000000000e+00 1.088188204120145025e-01 5.400000000000000355e-01 1.003618662947795004e+00 7.664195678492813531e-03
5.000000000000000000e+00 1.166291239420998022e-01 5.400000000000000355e-01 1.003102067516920659e+00 6.175491412946427019e-03
5.000000000000000000e+00 1.249999999999987649e-01 5.400000000000000355e-01 1.002697152154921056e+00 5.024477195947233549e-03
5.000000000000000000e+00 1.339716828170352814e-01 5.400000000000000355e-01 1.002386654601945537e+00 4.160854895826875642e-03
5.000000000000000000e+00 1.435872943746278885e-01 5.400000000000000355e-01 1.002139031334002173e+00 3.491390895840918839e-03
5.000000000000000000e+00 1.538930516681129013e-01 5.400000000000000355e-01 1.001945180771122601e+00 2.989231374586452314e-03
5.000000000000000000e+00 1.649384888466099985e-01 5.400000000000000355e-01 1.001746232525571045e+00 2.480265416943131223e-03
5.000000000000000000e+00 1.767766952966349225e-01 5.400000000000000355e-01 1.001531994151875438e+00 1.935880806967443888e-03
5.000000000000000000e+00 1.894645708137976114e-01 5.400000000000000355e-01 1.001317475326278794e+00 1.403205140189162830e-03
5.000000000000000000e+00 2.030630990890565368e-01 5.400000000000000355e-01 1.001142501261915951e+00 9.994831825061454081e-04
5.000000000000000000e+00 2.176376408240284499e-01 5.400000000000000355e-01 1.001024202517835082e+00 7.646437378078581749e-04
5.000000000000000000e+00 2.332582478841990492e-01 5.400000000000000355e-01 1.000933689912012259e+00 6.066909463805709220e-04
5.000000000000000000e+00 2.499999999999969191e-01 5.400000000000000355e-01 1.000851348220228143e+00 4.665646930135871500e-04
5.000000000000000000e+00 2.679433656340699521e-01 5.400000000000000355e-01 1.000787100098045057e+00 3.564829809205725042e-04
5.000000000000000000e+00 2.871745887492550553e-01 5.400000000000000355e-01 1.000762999727377034e+00 2.899377995145852190e-04
5.000000000000000000e+00 3.077861033362250809e-01 5.400000000000000355e-01 1.000785535641816271e+00 2.428499631517038241e-04
5.000000000000000000e+00 3.298769776932191644e-01 5.400000000000000355e-01 1.000861147116216099e+00 2.044314095179370662e-04
5.000000000000000000e+00 3.535533905932689569e-01 5.400000000000000355e-01 1.001028193758671359e+00 2.339741457591065733e-04
5.000000000000000000e+00 3.789291416275942792e-01 5.400000000000000355e-01 1.001348035602639630e+00 4.190817559204787403e-04
5.000000000000000000e+00 4.061261981781120745e-01 5.400000000000000355e-01 1.001932809542537717e+00 8.388874158031556531e-04
5.000000000000000000e+00 4.352752816480558451e-01 5.400000000000000355e-01 1.002998478616839773e+00 1.682336130880626420e-03
5.000000000000000000e+00 4.665164957683969327e-01 5.400000000000000355e-01 1.004949336905353041e+00 3.359222119391918476e-03
5.000000000000000000e+00 4.999999999999926170e-01 5.400000000000000355e-01 1.008529807230783559e+00 6.713057669403408277e-03
5.000000000000000000e+00 5.358867312681385719e-01 5.400000000000000355e-01 1.015080883324112282e+00 1.337372812704113248e-02
5.000000000000000000e+00 5.743491774985087783e-01 5.400000000000000355e-01 1.026118864938952546e+00 2.532437218570926518e-02
5.000000000000000000e+00 6.155722066724486075e-01 5.400000000000000355e-01 1.041460739307149996e+00 4.181229904630108518e-02
5.000000000000000000e+00 6.597539553864367745e-01 5.400000000000000355e-01 1.058032465870948347e+00 5.659835309555481808e-02
5.000000000000000000e+00 7.071067811865362485e-01 5.400000000000000355e-01 1.073899872787117626e+00 6.364887560138754452e-02
5.000000000000000000e+00 7.578582832551866710e-01 5.400000000000000355e-01 1.088950777188010033e+00 6.824990691987660452e-02
5.000000000000000000e+00 8.122523963562221505e-01 5.400000000000000355e-01 1.107899344532466746e+00 8.164921503453283214e-02
5.000000000000000000e+00 8.705505632961095808e-01 5.400000000000000355e-01 1.128416824361557769e+00 9.677820140590334685e-02
5.000000000000000000e+00 9.330329915367915339e-01 5.400000000000000355e-01 1.145140548686162330e+00 1.140515791736497614e-01
5.000000000000000000e+00 9.999999999999827915e-01 5.400000000000000355e-01 1.158766827067124972e+00 1.278184027829695202e-01
5.000000000000000000e+00 1.071773462536274479e+00 5.400000000000000355e-01 1.173878352394243541e+00 1.430226421372352841e-01
5.000000000000000000e+00 1.148698354997014670e+00 5.400000000000000355e-01 1.183210906492090597e+00 1.519052880732055799e-01
5.000000000000000000e+00 1.231144413344894106e+00 5.400000000000000355e-01 1.179805573351681236e+00 1.412602841869789183e-01
5.000000000000000000e+00 1.319507910772870218e+00 5.400000000000000355e-01 1.167380704797933877e+00 1.178227119676113765e-01
5.000000000000000000e+00 1.414213562373068944e+00 5.400000000000000355e-01 1.158443523039130785e+00 9.692213852399471363e-02
5.000000000000000000e+00 1.515716566510369789e+00 5.400000000000000355e-01 1.154421067359125530e+00 8.680189542439861738e-02
5.000000000000000000e+00 1.624504792712440304e+00 5.400000000000000355e-01 1.155632294957011919e+00 1.019442834336317522e-01
5.000000000000000000e+00 1.741101126592214943e+00 5.400000000000000355e-01 1.158411208111095991e+00 1.150059402807138281e-01
5.000000000000000000e+00 1.866065983073578627e+00 5.400000000000000355e-01 1.174190732765405976e+00 1.386201387207466607e-01
5.000000000000000000e+00 1.999999999999960698e+00 5.400000000000000355e-01 1.170318170195576712e+00 1.281928012939926587e-01
5.000000000000000000e+00 2.143546925072543630e+00 5.400000000000000355e-01 1.162726213330758984e+00 1.077507912577731902e-01
5.000000000000000000e+00 2.297396709994023567e+00 5.400000000000000355e-01 1.179571451355605927e+00 1.269672655060574973e-01
5.000000000000000000e+00 2.462288826689782439e+00 5.400000000000000355e-01 1.187051577861560236e+00 1.548237232558601628e-01
5.000000000000000000e+00 2.639015821545733775e+00 5.400000000000000355e-01 1.189561902113986935e+00 1.551634732501642744e-01
5.000000000000000000e+00 2.828427124746130783e+00 5.400000000000000355e-01 1.184911324003627531e+00 1.426201459902152746e-01
5.000000000000000000e+00 3.031433133020732029e+00 5.400000000000000355e-01 1.174942011815372167e+00 1.286590764734146519e-01
5.000000000000000000e+00 3.249009585424872615e+00 5.400000000000000355e-01 1.205068470098027200e+00 2.112696847061136252e-01
5.000000000000000000e+00 3.482202253184421004e+00 5.400000000000000355e-01 1.193538032684436923e+00 1.878171292551147897e-01
5.000000000000000000e+00 3.732131966147147928e+00 5.400000000000000355e-01 1.150739718068631401e+00 9.115308449469876340e-02
5.000000000000000000e+00 3.999999999999911182e+00 5.400000000000000355e-01 1.124717951204715627e+00 4.485632171019644787e-02
5.000000000000000000e+00 4.287093850145076601e+00 5.400000000000000355e-01 1.151670437797214008e+00 1.261724074355648206e-01
5.000000000000000000e+00 4.594793419988035588e+00 5.400000000000000355e-01 1.139223864871758973e+00 5.972218140851481144e-02
5.000000000000000000e+00 4.924577653379552444e+00 5.400000000000000355e-01 1.160041123206411173e+00 6.514155432979093496e-02
5.000000000000000000e+00 5.278031643091455116e+00 5.400000000000000355e-01 1.145806643423989524e+00 1.150689259743181703e-01
5.000000000000000000e+00 5.656854249492248243e+00 5.400000000000000355e-01 1.129305870243512366e+00 7.641445836248918211e-02
5.000000000000000000e+00 6.062866266041448959e+00 5.400000000000000355e-01 1.162015407333776285e+00 7.333463693020988994e-02
5.000000000000000000e+00 6.498019170849729242e+00 5.400000000000000355e-01 1.146230798472274603e+00 6.339246650179039544e-02
5.000000000000000000e+00 6.964404506368825132e+00 5.400000000000000355e-01 1.136051296145697442e+00 5.617821989455298176e-02
5.000000000000000000e+00 7.464263932294277204e+00 5.400000000000000355e-01 1.159356856295051141e+00 5.706271958440788800e-02
5.000000000000000000e+00 7.999999999999802824e+00 5.400000000000000355e-01 1.138309757990534798e+00 5.997337549905518844e-02
5.000000000000000000e+00 8.574187700290131886e+00 5.400000000000000355e-01 1.160495788361083802e+00 1.001183963414710443e-01
5.000000000000000000e+00 9.189586839976049859e+00 5.400000000000000355e-01 1.147644615262287004e+00 7.739791423833891626e-02
5.000000000000000000e+00 9.849155306759080020e+00 5.400000000000000355e-01 1.190652481101684090e+00 1.061127422565207590e-01
5.000000000000000000e+00 1.055606328618288359e+01 5.400000000000000355e-01 1.220069032352431471e+00 1.260299788675896537e-01
5.000000000000000000e+00 1.131370849898446806e+01 5.400000000000000355e-01 1.176850541292536967e+00 1.010856633483553230e-01
5.000000000000000000e+00 1.212573253208286772e+01 5.400000000000000355e-01 1.161227503416448981e+00 6.101097319566528565e-02
5.000000000000000000e+00 1.299603834169942651e+01 5.400000000000000355e-01 1.193721685364088847e+00 1.022009598131663061e-01
5.000000000000000000e+00 1.392880901273761651e+01 5.400000000000000355e-01 1.165676772362098434e+00 1.069742458194855028e-01
5.000000000000000000e+00 1.492852786458851710e+01 5.400000000000000355e-01 1.147796639017724996e+00 8.213881141079198978e-02
5.000000000000000000e+00 1.599999999999956657e+01 5.400000000000000355e-01 1.177406149782557865e+00 1.541931003072002926e-01
5.000000000000000000e+00 1.714837540058022114e+01 5.400000000000000355e-01 1.157953386441689547e+00 8.852130372260577640e-02
5.000000000000000000e+00 1.837917367995205353e+01 5.400000000000000355e-01 1.184591076594291748e+00 8.584323306331827219e-02
5.000000000000000000e+00 1.969831061351811385e+01 5.400000000000000355e-01 1.155565294224672135e+00 1.154428641458377369e-01
5.000000000000000000e+00 2.111212657236571388e+01 5.400000000000000355e-01 1.154490273396078459e+00 7.636674710652319176e-02
5.000000000000000000e+00 2.262741699796887929e+01 5.400000000000000355e-01 1.131957171218413993e+00 5.277480932776599382e-02
5.000000000000000000e+00 2.425146506416567505e+01 5.400000000000000355e-01 1.137052798284286625e+00 4.755917357273409252e-02
5.000000000000000000e+00 2.599207668339878907e+01 5.400000000000000355e-01 1.197805337249938651e+00 1.493427494431631697e-01
5.000000000000000000e+00 2.785761802547516197e+01 5.400000000000000355e-01 1.167361457105361211e+00 1.176175880474446406e-01
5.000000000000000000e+00 2.985705572917696315e+01 5.400000000000000355e-01 1.155812146020464448e+00 6.702861544577996822e-02
5.000000000000000000e+00 3.199999999999905498e+01 5.400000000000000355e-01 1.156365702766908532e+00 8.808141761495467958e-02
