5.000000000000000000e+00 7.812500000000000000e-03 9.200000000000000400e-01 4.557107546520860808e+00 1.253625746419386289e+00
5.000000000000000000e+00 8.373230176064788352e-03 9.200000000000000400e-01 4.935487576786181663e+00 9.617514772740648477e-01
5.000000000000000000e+00 8.974205898414331500e-03 9.200000000000000400e-01 4.550600476964766550e+00 1.064869064254544639e+00
5.000000000000000000e+00 9.618315729257151739e-03 9.200000000000000400e-01 4.837101416743777804e+00 9.059991188603540024e-01
5.000000000000000000e+00 1.030865555291322552e-02 9.200000000000000400e-01 4.260934112870335078e+00 1.374119505640665651e+00
5.000000000000000000e+00 1.104854345603979195e-02 9.200000000000000400e-01 4.433784429968290475e+00 1.008010089848021318e+00
5.000000000000000000e+00 1.184153567586246694e-02 9.200000000000000400e-01 4.319434933461723247e+00 1.199751377332000102e+00
5.000000000000000000e+00 1.269144369306615845e-02 9.200000000000000400e-01 4.295863882938073530e+00 1.205112835952669048e+00
5.000000000000000000e+00 1.360235255150191343e-02 9.200000000000000400e-01 3.804630544909640921e+00 1.178951104537027117e+00
5.000000000000000000e+00 1.457864049276258282e-02 9.200000000000000400e-01 3.620181331045647877e+00 1.011930251495237076e+00
5.000000000000000000e+00 1.562499999999996184e-02 9.200000000000000400e-01 3.549553233358371251e+00 1.032007673419796268e+00
5.000000000000000000e+00 1.674646035212953507e-02 9.200000000000000400e-01 3.344594779085693581e+00 9.915023214321994072e-01
5.000000000000000000e+00 1.794841179682861790e-02 9.200000000000000400e-01 3.065507712489191849e+00 9.223004668462582156e-01
5.000000000000000000e+00 1.923663145851425491e-02 9.200000000000000400e-01 2.939705687741404727e+00 9.538399988983388145e-01
5.000000000000000000e+00 2.061731110582640247e-02 9.200000000000000400e-01 2.752421752806772925e+00 9.463468786633197904e-01
5.000000000000000000e+00 2.209708691207952838e-02 9.200000000000000400e-01 2.644741911258698064e+00 9.275378714080636522e-01
5.000000000000000000e+00 2.368307135172487837e-02 9.200000000000000400e-01 2.477531051236648629e+00 8.968455344933077278e-01
5.000000000000000000e+00 2.538288738613225445e-02 9.200000000000000400e-01 2.348903365528428377e+00 8.263535368914455281e-01
5.000000000000000000e+00 2.720470510300375747e-02 9.200000000000000400e-01 2.205788674127079130e+00 7.753023869963352466e-01
5.000000000000000000e+00 2.915728098552509626e-02 9.200000000000000400e-01 2.053922788070737138e+00 7.725935190968109545e-01
5.000000000000000000e+00 3.124999999999984734e-02 9.200000000000000400e-01 1.914889717563520666e+00 8.125077425872722081e-01
5.000000000000000000e+00 3.349292070425898687e-02 9.200000000000000400e-01 1.785733155981988229e+00 8.768352425048916432e-01
5.000000000000000000e+00 3.589682359365715253e-02 9.200000000000000400e-01 1.657800933041518432e+00 8.570198923810767866e-01
5.000000000000000000e+00 3.847326291702841267e-02 9.200000000000000400e-01 1.550708677447220962e+00 8.467359908465210694e-01
5.000000000000000000e+00 4.123462221165270086e-02 9.200000000000000400e-01 1.454694234651547236e+00 8.087705365473860653e-01
5.000000000000000000e+00 4.419417382415894574e-02 9.200000000000000400e-01 1.378632101112918340e+00 7.758697719064010512e-01
5.000000000000000000e+00 4.736614270344963878e-02 9.200000000000000400e-01 1.311506698886009126e+00 7.170719099902815863e-01
5.000000000000000000e+00 5.076577477226438401e-02 9.200000000000000400e-01 1.266969540036096964e+00 6.737715347834539736e-01
5.000000000000000000e+00 5.440941020600738309e-02 9.200000000000000400e-01 1.233454612363578562e+00 6.251958858183768175e-01
5.000000000000000000e+00 5.831456197105004680e-02 9.200000000000000400e-01 1.214608273860783072e+00 5.977444037556750578e-01
5.000000000000000000e+00 6.249999999999953509e-02 9.200000000000000400e-01 1.199274267297508745e+00 5.671784539297891614e-01
5.000000000000000000e+00 6.698584140851780722e-02 9.200000000000000400e-01 1.191900797519578337e+00 5.531824327713302791e-01
5.000000000000000000e+00 7.179364718731412465e-02 9.200000000000000400e-01 1.185731901099795982e+00 5.390875854499366238e-01
5.000000000000000000e+00 7.694652583405664492e-02 9.200000000000000400e-01 1.176601164470088001e+00 5.143753174989558197e-01
5.000000000000000000e+00 8.246924442330520744e-02 9.200000000000000400e-01 1.163912534796040399e+00 4.781273052229089160e-01
5.000000000000000000e+00 8.838834764831768331e-02 9.200000000000000400e-01 1.144715987897536369e+00 4.219051756338716985e-01
5.000000000000000000e+00 9.473228540689904165e-02 9.200000000000000400e-01 1.125599020912391834e+00 3.656051717056024164e-01
5.000000000000000000e+00 1.015315495445285182e-01 9.200000000000000400e-01 1.103333456863242468e+00 2.996118363413509678e-01
5.000000000000000000e+00 1.088188204120145025e-01 9.200000000000000400e-01 1.084504137533797596e+00 2.437237157147468247e-01
5.000000000000000000e+00 1.166291239420998022e-01 9.200000000000000400e-01 1.069407172427104147e+00 1.988796684840672679e-01
5.000000000000000000e+00 1.249999999999987649e-01 9.200000000000000400e-01 1.057122721786786457e+00 1.623677969845096214e-01
5.000000000000000000e+00 1.339716828170352814e-01 9.200000000000000400e-01 1.048062741711059287e+00 1.354678473022876695e-01
5.000000000000000000e+00 1.435872943746278885e-01 9.200000000000000400e-01 1.040657357179020304e+00 1.135039339906887268e-01
5.000000000000000000e+00 1.538930516681129013e-01 9.200000000000000400e-01 1.035567703419899566e+00 9.848207136475617407e-02
5.000000000000000000e+00 1.649384888466099985e-01 9.200000000000000400e-01 1.030160839709737042e+00 8.251803338455764025e-02
5.000000000000000000e+00 1.767766952966349225e-01 9.200000000000000400e-01 1.024232511137579182e+00 6.500701856254913202e-02
5.000000000000000000e+00 1.894645708137976114e-01 9.200000000000000400e-01 1.018324145128267411e+00 4.757799600397218109e-02
5.000000000000000000e+00 2.030630990890565368e-01 9.200000000000000400e-01 1.013729441937318176e+00 3.411341122973060580e-02
5.000000000000000000e+00 2.176376408240284499e-01 9.200000000000000400e-01 1.010954830524089632e+00 2.612993276128137629e-02
5.000000000000000000e+00 2.332582478841990492e-01 9.200000000000000400e-01 1.009012885794299264e+00 2.066198335684651249e-02
5.000000000000000000e+00 2.499999999999969191e-01 9.200000000000000400e-01 1.007203769313988140e+00 1.560406839432414323e-02
5.000000000000000000e+00 2.679433656340699521e-01 9.200000000000000400e-01 1.005698239014149564e+00 1.145444023663776123e-02
5.000000000000000000e+00 2.871745887492550553e-01 9.200000000000000400e-01 1.004986103734435643e+00 9.652429506881986601e-03
5.000000000000000000e+00 3.077861033362250809e-01 9.200000000000000400e-01 1.004869983223739993e+00 9.564901032108222984e-03
5.000000000000000000e+00 3.298769776932191644e-01 9.200000000000000400e-01 1.004900545735269102e+00 9.783247977671419640e-03
5.000000000000000000e+00 3.535533905932689569e-01 9.200000000000000400e-01 1.005138785130309742e+00 1.037168842512454017e-02
5.000000000000000000e+00 3.789291416275942792e-01 9.200000000000000400e-01 1.005583387070283496e+00 1.112358019680982635e-02
5.000000000000000000e+00 4.061261981781120745e-01 9.200000000000000400e-01 1.006189082944125568e+00 1.153244059606993444e-02
5.000000000000000000e+00 4.352752816480558451e-01 9.200000000000000400e-01 1.007096673143460075e+00 1.135766582579181630e-02
5.000000000000000000e+00 4.665164957683969327e-01 9.200000000000000400e-01 1.008673101343867673e+00 1.058625892756143681e-02
5.000000000000000000e+00 4.999999999999926170e-01 9.200000000000000400e-01 1.011671541285097842e+00 1.006014610893141842e-02
5.000000000000000000e+00 5.358867312681385719e-01 9.200000000000000400e-01 1.017493174897843522e+00 1.315711874155736996e-02
5.000000000000000000e+00 5.743491774985087783e-01 9.200000000000000400e-01 1.027738865080921382e+00 2.364805562090952981e-02
5.000000000000000000e+00 6.155722066724486075e-01 9.200000000000000400e-01 1.042310869993634093e+00 3.983783066211363938e-02
5.000000000000000000e+00 6.597539553864367745e-01 9.200000000000000400e-01 1.058236572563063138e+00 5.463194677303259694e-02
5.000000000000000000e+00 7.071067811865362485e-01 9.200000000000000400e-01 1.073566931018430370e+00 6.159841095648596609e-02
5.000000000000000000e+00 7.578582832551866710e-01 9.200000000000000400e-01 1.088157789855229707e+00 6.593106716747930418e-02
5.000000000000000000e+00 8.122523963562221505e-01 9.200000000000000400e-01 1.106552327041676165e+00 7.878546020329672828e-02
5.000000000000000000e+00 8.705505632961095808e-01 9.200000000000000400e-01 1.126312605775484865e+00 9.284911552958247105e-02
5.000000000000000000e+00 9.330329915367915339e-01 9.200000000000000400e-01 1.142163657238592034e+00 1.089511631609019621e-01
5.000000000000000000e+00 9.999999999999827915e-01 9.200000000000000400e-01 1.154819947942806735e+00 1.215719426949804227e-01
5.000000000000000000e+00 1.071773462536274479e+00 9.200000000000000400e-01 1.169272471094548793e+00 1.363525522414018309e-01
5.000000000000000000e+00 1.148698354997014670e+00 9.200000000000000400e-01 1.178178046616561447e+00 1.453986376994074181e-01
5.000000000000000000e+00 1.231144413344894106e+00 9.200000000000000400e-01 1.174657933529439591e+00 1.361462203078863953e-01
5.000000000000000000e+00 1.319507910772870218e+00 9.200000000000000400e-01 1.162037481042245801e+00 1.146519885563684338e-01
5.000000000000000000e+00 1.414213562373068944e+00 9.200000000000000400e-01 1.152224240050607307e+00 9.483501580303779765e-02
5.000000000000000000e+00 1.515716566510369789e+00 9.200000000000000400e-01 1.147592495796890599e+00 8.445902160799151348e-02
5.000000000000000000e+00 1.624504792712440304e+00 9.200000000000000400e-01 1.149047704462099473e+00 9.870262696388465429e-02
5.000000000000000000e+00 1.741101126592214943e+00 9.200000000000000400e-01 1.151837111363565480e+00 1.106034911892545269e-01
5.000000000000000000e+00 1.866065983073578627e+00 9.200000000000000400e-01 1.166724104804488960e+00 1.325035902509369978e-01
5.000000000000000000e+00 1.999999999999960698e+00 9.200000000000000400e-01 1.163581534569336551e+00 1.230047995059303512e-01
5.000000000000000000e+00 2.143546925072543630e+00 9.200000000000000400e-01 1.157256129657640908e+00 1.029768656820317513e-01
5.000000000000000000e+00 2.297396709994023567e+00 9.200000000000000400e-01 1.174175577678896687e+00 1.222923993469292175e-01
5.000000000000000000e+00 2.462288826689782439e+00 9.200000000000000400e-01 1.181471705537784578e+00 1.493256711776410062e-01
5.000000000000000000e+00 2.639015821545733775e+00 9.200000000000000400e-01 1.183081443306732705e+00 1.476182344123492807e-01
5.000000000000000000e+00 2.828427124746130783e+00 9.200000000000000400e-01 1.176603116723164977e+00 1.353426109968819402e-01
5.000000000000000000e+00 3.031433133020732029e+00 9.200000000000000400e-01 1.166318801046126952e+00 1.216250010839722978e-01
5.000000000000000000e+00 3.249009585424872615e+00 9.200000000000000400e-01 1.197184573614241021e+00 2.041029609307390968e-01
5.000000000000000000e+00 3.482202253184421004e+00 9.200000000000000400e-01 1.186013876993002203e+00 1.820523843827776822e-01
5.000000000000000000e+00 3.732131966147147928e+00 9.200000000000000400e-01 1.145959567757388164e+00 8.929306721113514089e-02
5.000000000000000000e+00 3.999999999999911182e+00 9.200000000000000400e-01 1.119509408070672007e+00 4.342646625361951118e-02
5.000000000000000000e+00 4.287093850145076601e+00 9.200000000000000400e-01 1.144255597963910631e+00 1.197933258931473677e-01
5.000000000000000000e+00 4.594793419988035588e+00 9.200000000000000400e-01 1.133411674083104836e+00 5.716967562108007939e-02
5.000000000000000000e+00 4.924577653379552444e+00 9.200000000000000400e-01 1.153000450040238878e+00 6.076351006113957925e-02
5.000000000000000000e+00 5.278031643091455116e+00 9.200000000000000400e-01 1.140228755321615939e+00 1.101301969689908039e-01
5.000000000000000000e+00 5.656854249492248243e+00 9.200000000000000400e-01 1.122493838130412369e+00 7.106472282067609336e-02
5.000000000000000000e+00 6.062866266041448959e+00 9.200000000000000400e-01 1.153680285976273812e+00 6.965167347900802497e-02
5.000000000000000000e+00 6.498019170849729242e+00 9.200000000000000400e-01 1.139677606955999067e+00 6.067711246291113830e-02
5.000000000000000000e+00 6.964404506368825132e+00 9.200000000000000400e-01 1.130387354604053929e+00 5.318916697596919735e-02
5.000000000000000000e+00 7.464263932294277204e+00 9.200000000000000400e-01 1.153395136040150648e+00 5.406584643662177420e-02
5.000000000000000000e+00 7.999999999999802824e+00 9.200000000000000400e-01 1.132026068765991988e+00 5.709067367414332600e-02
5.000000000000000000e+00 8.574187700290131886e+00 9.200000000000000400e-01 1.153028400823766342e+00 9.322708889694979184e-02
5.000000000000000000e+00 9.189586839976049859e+00 9.200000000000000400e-01 1.141079905146740181e+00 7.421142553555454269e-02
5.000000000000000000e+00 9.849155306759080020e+00 9.200000000000000400e-01 1.182377808841161615e+00 1.012806899147586925e-01
5.000000000000000000e+00 1.055606328618288359e+01 9.200000000000000400e-01 1.211899159284120620e+00 1.222901243141157751e-01
5.000000000000000000e+00 1.131370849898446806e+01 9.200000000000000400e-01 1.170421926598750106e+00 9.769473668154823875e-02
5.000000000000000000e+00 1.212573253208286772e+01 9.200000000000000400e-01 1.155839174633694677e+00 5.868038288223193649e-02
5.000000000000000000e+00 1.299603834169942651e+01 9.200000000000000400e-01 1.184869041725149730e+00 9.699381719319548345e-02
5.000000000000000000e+00 1.392880901273761651e+01 9.200000000000000400e-01 1.158934411709538370e+00 1.032167659674009808e-01
5.000000000000000000e+00 1.492852786458851710e+01 9.200000000000000400e-01 1.141313014242866464e+00 8.010982305581483554e-02
5.000000000000000000e+00 1.599999999999956657e+01 9.200000000000000400e-01 1.169870996606451330e+00 1.476827487613878442e-01
5.000000000000000000e+00 1.714837540058022114e+01 9.200000000000000400e-01 1.151810976199066028e+00 8.534848093974377325e-02
5.000000000000000000e+00 1.837917367995205353e+01 9.200000000000000400e-01 1.178446640102627452e+00 8.284291556035459914e-02
5.000000000000000000e+00 1.969831061351811385e+01 9.200000000000000400e-01 1.149328225194021780e+00 1.119940102733221893e-01
5.000000000000000000e+00 2.111212657236571388e+01 9.200000000000000400e-01 1.148171943210589685e+00 7.401596632246072727e-02
5.000000000000000000e+00 2.262741699796887929e+01 9.200000000000000400e-01 1.126339875439638316e+00 5.169789302763325850e-02
5.000000000000000000e+00 2.425146506416567505e+01 9.200000000000000400e-01 1.132222394881758687e+00 4.670419603060699948e-02
5.000000000000000000e+00 2.599207668339878907e+01 9.200000000000000400e-01 1.192166930442228878e+00 1.442866148645320923e-01
5.000000000000000000e+00 2.785761802547516197e+01 9.200000000000000400e-01 1.162047847457098104e+00 1.146120364722115481e-01
5.000000000000000000e+00 2.985705572917696315e+01 9.200000000000000400e-01 1.150403654619854610e+00 6.333056479628439150e-02
5.000000000000000000e+00 3.199999999999905498e+01 9.200000000000000400e-01 1.150101559324661071e+00 8.594902424598603596e-02
