5.000000000000000000e+00 7.812500000000000000e-03 9.799999999999999822e-01 4.346560004813373901e+00 1.242633965815825636e+00
5.000000000000000000e+00 8.373230176064788352e-03 9.799999999999999822e-01 4.660250836067902469e+00 9.791758957523616358e-01
5.000000000000000000e+00 8.974205898414331500e-03 9.799999999999999822e-01 4.271927580489878196e+00 1.074581855621741466e+00
5.000000000000000000e+00 9.618315729257151739e-03 9.799999999999999822e-01 4.479627211533841802e+00 9.014320361318273189e-01
5.000000000000000000e+00 1.030865555291322552e-02 9.799999999999999822e-01 3.912949933911857414e+00 1.341030781109909364e+00
5.000000000000000000e+00 1.104854345603979195e-02 9.799999999999999822e-01 4.012115768792106074e+00 9.308633018685216198e-01
5.000000000000000000e+00 1.184153567586246694e-02 9.799999999999999822e-01 3.856973521144774875e+00 1.133683131774436026e+00
5.000000000000000000e+00 1.269144369306615845e-02 9.799999999999999822e-01 3.790630664740130218e+00 1.081862338427835413e+00
5.000000000000000000e+00 1.360235255150191343e-02 9.799999999999999822e-01 3.307086033772176137e+00 1.098798955972661862e+00
5.000000000000000000e+00 1.457864049276258282e-02 9.799999999999999822e-01 3.092097171928819499e+00 9.651814197419733565e-01
5.000000000000000000e+00 1.562499999999996184e-02 9.799999999999999822e-01 3.128981762010298429e+00 1.013786578768247626e+00
5.000000000000000000e+00 1.674646035212953507e-02 9.799999999999999822e-01 3.068519985759615487e+00 9.846803670173934764e-01
5.000000000000000000e+00 1.794841179682861790e-02 9.799999999999999822e-01 2.843435333600639048e+00 8.817118219993722583e-01
5.000000000000000000e+00 1.923663145851425491e-02 9.799999999999999822e-01 2.786130255582372151e+00 1.005042798407616012e+00
5.000000000000000000e+00 2.061731110582640247e-02 9.799999999999999822e-01 2.619305460350068060e+00 8.844318301301201668e-01
5.000000000000000000e+00 2.209708691207952838e-02 9.799999999999999822e-01 2.513094869896172145e+00 7.477369085696358164e-01
5.000000000000000000e+00 2.368307135172487837e-02 9.799999999999999822e-01 2.327768408650174425e+00 7.161252826565110974e-01
5.000000000000000000e+00 2.538288738613225445e-02 9.799999999999999822e-01 2.233773618171812636e+00 6.649214195052230991e-01
5.000000000000000000e+00 2.720470510300375747e-02 9.799999999999999822e-01 2.170076860253261408e+00 6.495443509450553599e-01
5.000000000000000000e+00 2.915728098552509626e-02 9.799999999999999822e-01 2.103280856072816896e+00 5.814404030629067854e-01
5.000000000000000000e+00 3.124999999999984734e-02 9.799999999999999822e-01 2.148383644027773265e+00 6.162161375945746089e-01
5.000000000000000000e+00 3.349292070425898687e-02 9.799999999999999822e-01 2.191673811995904497e+00 6.208983926084449267e-01
5.000000000000000000e+00 3.589682359365715253e-02 9.799999999999999822e-01 2.219199173873656949e+00 6.285225436021921741e-01
5.000000000000000000e+00 3.847326291702841267e-02 9.799999999999999822e-01 2.218971868679979753e+00 6.971559531241551255e-01
5.000000000000000000e+00 4.123462221165270086e-02 9.799999999999999822e-01 2.061067038768146897e+00 7.585083152065414946e-01
5.000000000000000000e+00 4.419417382415894574e-02 9.799999999999999822e-01 1.851185984062234891e+00 7.042657473941190682e-01
5.000000000000000000e+00 4.736614270344963878e-02 9.799999999999999822e-01 1.634470383462448329e+00 6.007303767948544149e-01
5.000000000000000000e+00 5.076577477226438401e-02 9.799999999999999822e-01 1.485652353910651868e+00 5.340016013515930249e-01
5.000000000000000000e+00 5.440941020600738309e-02 9.799999999999999822e-01 1.375876664619176681e+00 4.663151682583446256e-01
5.000000000000000000e+00 5.831456197105004680e-02 9.799999999999999822e-01 1.281313811790810275e+00 3.758922405254122578e-01
5.000000000000000000e+00 6.249999999999953509e-02 9.799999999999999822e-01 1.209344391101952798e+00 3.140123859029401721e-01
5.000000000000000000e+00 6.698584140851780722e-02 9.799999999999999822e-01 1.173090360723003212e+00 3.113595863717248946e-01
5.000000000000000000e+00 7.179364718731412465e-02 9.799999999999999822e-01 1.155645128714625880e+00 3.235661406118441885e-01
5.000000000000000000e+00 7.694652583405664492e-02 9.799999999999999822e-01 1.150746406623235796e+00 3.489081856948209603e-01
5.000000000000000000e+00 8.246924442330520744e-02 9.799999999999999822e-01 1.149918695624761344e+00 3.734715873019023857e-01
5.000000000000000000e+00 8.838834764831768331e-02 9.799999999999999822e-01 1.148497999619382259e+00 3.893037222345336890e-01
5.000000000000000000e+00 9.473228540689904165e-02 9.799999999999999822e-01 1.140566436336765133e+00 3.806475224175213667e-01
5.000000000000000000e+00 1.015315495445285182e-01 9.799999999999999822e-01 1.126977998993847985e+00 3.510251405615883447e-01
5.000000000000000000e+00 1.088188204120145025e-01 9.799999999999999822e-01 1.110452315493290154e+00 3.092117655546862687e-01
5.000000000000000000e+00 1.166291239420998022e-01 9.799999999999999822e-01 1.098421502207708844e+00 2.782473821169696437e-01
5.000000000000000000e+00 1.249999999999987649e-01 9.799999999999999822e-01 1.089883678194264460e+00 2.558395277692196434e-01
5.000000000000000000e+00 1.339716828170352814e-01 9.799999999999999822e-01 1.084560364214451234e+00 2.418159690313907151e-01
5.000000000000000000e+00 1.435872943746278885e-01 9.799999999999999822e-01 1.080585015741754917e+00 2.310834448240864925e-01
5.000000000000000000e+00 1.538930516681129013e-01 9.799999999999999822e-01 1.080463258535453441e+00 2.315004844483413426e-01
5.000000000000000000e+00 1.649384888466099985e-01 9.799999999999999822e-01 1.084462846184042206e+00 2.440687734440622203e-01
5.000000000000000000e+00 1.767766952966349225e-01 9.799999999999999822e-01 1.092549515560283790e+00 2.687916604354964600e-01
5.000000000000000000e+00 1.894645708137976114e-01 9.799999999999999822e-01 1.101217918118679417e+00 2.952108602327893627e-01
5.000000000000000000e+00 2.030630990890565368e-01 9.799999999999999822e-01 1.103143550397626571e+00 3.013861739010572638e-01
5.000000000000000000e+00 2.176376408240284499e-01 9.799999999999999822e-01 1.097571216299343844e+00 2.850706773411790795e-01
5.000000000000000000e+00 2.332582478841990492e-01 9.799999999999999822e-01 1.088240296977671662e+00 2.574907692675925674e-01
5.000000000000000000e+00 2.499999999999969191e-01 9.799999999999999822e-01 1.074718939403753515e+00 2.173495253906327362e-01
5.000000000000000000e+00 2.679433656340699521e-01 9.799999999999999822e-01 1.059692847495901757e+00 1.726936441525905030e-01
5.000000000000000000e+00 2.871745887492550553e-01 9.799999999999999822e-01 1.052005352907516844e+00 1.500303823380007562e-01
5.000000000000000000e+00 3.077861033362250809e-01 9.799999999999999822e-01 1.051456094466770130e+00 1.487184565824719029e-01
5.000000000000000000e+00 3.298769776932191644e-01 9.799999999999999822e-01 1.052216069656372710e+00 1.512044850333981727e-01
5.000000000000000000e+00 3.535533905932689569e-01 9.799999999999999822e-01 1.054671355474096295e+00 1.585260578905065831e-01
5.000000000000000000e+00 3.789291416275942792e-01 9.799999999999999822e-01 1.057920272872996614e+00 1.677715018961540017e-01
5.000000000000000000e+00 4.061261981781120745e-01 9.799999999999999822e-01 1.060221373094183406e+00 1.733357826476891184e-01
5.000000000000000000e+00 4.352752816480558451e-01 9.799999999999999822e-01 1.060935252694830799e+00 1.725964751999885249e-01
5.000000000000000000e+00 4.665164957683969327e-01 9.799999999999999822e-01 1.060132133950189459e+00 1.644543947388082128e-01
5.000000000000000000e+00 4.999999999999926170e-01 9.799999999999999822e-01 1.058554724742645003e+00 1.487556660390625396e-01
5.000000000000000000e+00 5.358867312681385719e-01 9.799999999999999822e-01 1.058089773317198334e+00 1.270333579557021975e-01
5.000000000000000000e+00 5.743491774985087783e-01 9.799999999999999822e-01 1.061215289854978927e+00 1.030159531402599637e-01
5.000000000000000000e+00 6.155722066724486075e-01 9.799999999999999822e-01 1.068793039551650503e+00 8.312303860116780629e-02
5.000000000000000000e+00 6.597539553864367745e-01 9.799999999999999822e-01 1.078548025708492952e+00 7.194996560816188658e-02
5.000000000000000000e+00 7.071067811865362485e-01 9.799999999999999822e-01 1.088816295654436939e+00 6.497117220852421937e-02
5.000000000000000000e+00 7.578582832551866710e-01 9.799999999999999822e-01 1.099426274126392711e+00 6.251574259634241904e-02
5.000000000000000000e+00 8.122523963562221505e-01 9.799999999999999822e-01 1.114728277818996416e+00 7.319453127102397427e-02
5.000000000000000000e+00 8.705505632961095808e-01 9.799999999999999822e-01 1.132027223778643066e+00 8.755624670038769652e-02
5.000000000000000000e+00 9.330329915367915339e-01 9.799999999999999822e-01 1.145988948635866533e+00 1.050331744001019030e-01
5.000000000000000000e+00 9.999999999999827915e-01 9.799999999999999822e-01 1.157197931747444120e+00 1.189546649267556183e-01
5.000000000000000000e+00 1.071773462536274479e+00 9.799999999999999822e-01 1.170576973939346788e+00 1.347658205320391989e-01
5.000000000000000000e+00 1.148698354997014670e+00 9.799999999999999822e-01 1.178740474996629706e+00 1.444771120837120559e-01
5.000000000000000000e+00 1.231144413344894106e+00 9.799999999999999822e-01 1.174778633976311770e+00 1.356735582595696710e-01
5.000000000000000000e+00 1.319507910772870218e+00 9.799999999999999822e-01 1.161894569775761443e+00 1.144621959546060219e-01
5.000000000000000000e+00 1.414213562373068944e+00 9.799999999999999822e-01 1.151866774938000493e+00 9.479934553530279528e-02
5.000000000000000000e+00 1.515716566510369789e+00 9.799999999999999822e-01 1.147164244151184453e+00 8.443250579153366298e-02
5.000000000000000000e+00 1.624504792712440304e+00 9.799999999999999822e-01 1.148689397051947614e+00 9.865428195489903129e-02
5.000000000000000000e+00 1.741101126592214943e+00 9.799999999999999822e-01 1.151525636055625190e+00 1.104809347984500034e-01
5.000000000000000000e+00 1.866065983073578627e+00 9.799999999999999822e-01 1.166346017271199020e+00 1.322514729063051508e-01
5.000000000000000000e+00 1.999999999999960698e+00 9.799999999999999822e-01 1.163217510376399089e+00 1.227603670288296561e-01
5.000000000000000000e+00 2.143546925072543630e+00 9.799999999999999822e-01 1.156982656551949429e+00 1.026740144813493294e-01
5.000000000000000000e+00 2.297396709994023567e+00 9.799999999999999822e-01 1.173941387402742009e+00 1.219267320425483220e-01
5.000000000000000000e+00 2.462288826689782439e+00 9.799999999999999822e-01 1.181331481594946275e+00 1.490280623551234473e-01
5.000000000000000000e+00 2.639015821545733775e+00 9.799999999999999822e-01 1.182949512898415323e+00 1.472753560178560739e-01
5.000000000000000000e+00 2.828427124746130783e+00 9.799999999999999822e-01 1.176341071647277525e+00 1.350460004503126477e-01
5.000000000000000000e+00 3.031433133020732029e+00 9.799999999999999822e-01 1.166029278907454891e+00 1.213853319528836183e-01
5.000000000000000000e+00 3.249009585424872615e+00 9.799999999999999822e-01 1.196984131882739888e+00 2.041225861426883281e-01
5.000000000000000000e+00 3.482202253184421004e+00 9.799999999999999822e-01 1.185728748186997361e+00 1.818788323932446771e-01
5.000000000000000000e+00 3.732131966147147928e+00 9.799999999999999822e-01 1.145800544236165397e+00 8.922657258182130346e-02
5.000000000000000000e+00 3.999999999999911182e+00 9.799999999999999822e-01 1.119267152910290442e+00 4.335300579891252643e-02
5.000000000000000000e+00 4.287093850145076601e+00 9.799999999999999822e-01 1.143966835489508727e+00 1.196412886784108259e-01
5.000000000000000000e+00 4.594793419988035588e+00 9.799999999999999822e-01 1.133224103977835906e+00 5.699940946739398551e-02
5.000000000000000000e+00 4.924577653379552444e+00 9.799999999999999822e-01 1.153013061649773130e+00 6.015212745573605274e-02
5.000000000000000000e+00 5.278031643091455116e+00 9.799999999999999822e-01 1.141209320530260030e+00 1.086999905133299027e-01
5.000000000000000000e+00 5.656854249492248243e+00 9.799999999999999822e-01 1.123566768754447498e+00 6.906853373230487092e-02
5.000000000000000000e+00 6.062866266041448959e+00 9.799999999999999822e-01 1.154552245727851645e+00 6.736841066433731096e-02
5.000000000000000000e+00 6.498019170849729242e+00 9.799999999999999822e-01 1.139557090289523122e+00 6.021562862193860499e-02
5.000000000000000000e+00 6.964404506368825132e+00 9.799999999999999822e-01 1.130217775598554519e+00 5.312161990598776584e-02
5.000000000000000000e+00 7.464263932294277204e+00 9.799999999999999822e-01 1.153146972889339539e+00 5.401587964914936202e-02
5.000000000000000000e+00 7.999999999999802824e+00 9.799999999999999822e-01 1.131647859415425117e+00 5.690865072314581219e-02
5.000000000000000000e+00 8.574187700290131886e+00 9.799999999999999822e-01 1.152683639044227437e+00 9.298504447714565913e-02
5.000000000000000000e+00 9.189586839976049859e+00 9.799999999999999822e-01 1.140789602138181147e+00 7.395635959745387733e-02
5.000000000000000000e+00 9.849155306759080020e+00 9.799999999999999822e-01 1.182059827128831841e+00 1.009560364382839359e-01
5.000000000000000000e+00 1.055606328618288359e+01 9.799999999999999822e-01 1.211872258194694130e+00 1.218219173984497472e-01
5.000000000000000000e+00 1.131370849898446806e+01 9.799999999999999822e-01 1.171240369798874248e+00 9.634347950911510694e-02
5.000000000000000000e+00 1.212573253208286772e+01 9.799999999999999822e-01 1.155870701846392290e+00 5.821378706495395489e-02
5.000000000000000000e+00 1.299603834169942651e+01 9.799999999999999822e-01 1.184377431629163757e+00 9.661674725894270344e-02
5.000000000000000000e+00 1.392880901273761651e+01 9.799999999999999822e-01 1.158571283126883955e+00 1.030265059702359098e-01
5.000000000000000000e+00 1.492852786458851710e+01 9.799999999999999822e-01 1.141179059853540512e+00 7.995903283595248712e-02
5.000000000000000000e+00 1.599999999999956657e+01 9.799999999999999822e-01 1.169655216646529272e+00 1.473866837124898077e-01
5.000000000000000000e+00 1.714837540058022114e+01 9.799999999999999822e-01 1.151799846448023690e+00 8.495267561226296782e-02
5.000000000000000000e+00 1.837917367995205353e+01 9.799999999999999822e-01 1.178296684709795983e+00 8.268779090291318579e-02
5.000000000000000000e+00 1.969831061351811385e+01 9.799999999999999822e-01 1.149116069749414493e+00 1.119801458737121475e-01
5.000000000000000000e+00 2.111212657236571388e+01 9.799999999999999822e-01 1.148076598063397791e+00 7.403647698799319110e-02
5.000000000000000000e+00 2.262741699796887929e+01 9.799999999999999822e-01 1.126195670512485369e+00 5.169886847274426239e-02
5.000000000000000000e+00 2.425146506416567505e+01 9.799999999999999822e-01 1.132145548032550186e+00 4.683790857004638958e-02
5.000000000000000000e+00 2.599207668339878907e+01 9.799999999999999822e-01 1.192300205764575738e+00 1.442183590557535311e-01
5.000000000000000000e+00 2.785761802547516197e+01 9.799999999999999822e-01 1.161863209945046993e+00 1.145880249336681395e-01
5.000000000000000000e+00 2.985705572917696315e+01 9.799999999999999822e-01 1.150611911490181161e+00 6.257682772347229749e-02
5.000000000000000000e+00 3.199999999999905498e+01 9.799999999999999822e-01 1.149891001854535633e+00 8.594607853679075982e-02
