5.000000000000000000e+00 7.812500000000000000e-03 2.800000000000000266e-01 2.124966253443105302e+00 5.626203235404229064e-01
5.000000000000000000e+00 8.373230176064788352e-03 2.800000000000000266e-01 1.951216694519835482e+00 5.014191982725346719e-01
5.000000000000000000e+00 8.974205898414331500e-03 2.800000000000000266e-01 1.844690921886313006e+00 4.432944454097468845e-01
5.000000000000000000e+00 9.618315729257151739e-03 2.800000000000000266e-01 1.728655034025199821e+00 4.312596878603102146e-01
5.000000000000000000e+00 1.030865555291322552e-02 2.800000000000000266e-01 1.619928966353857636e+00 3.501687691015605286e-01
5.000000000000000000e+00 1.104854345603979195e-02 2.800000000000000266e-01 1.552215096771745184e+00 3.528328767354099171e-01
5.000000000000000000e+00 1.184153567586246694e-02 2.800000000000000266e-01 1.456424496171670357e+00 3.187627052108685244e-01
5.000000000000000000e+00 1.269144369306615845e-02 2.800000000000000266e-01 1.363923287427633468e+00 2.697928215380991368e-01
5.000000000000000000e+00 1.360235255150191343e-02 2.800000000000000266e-01 1.326917618555461420e+00 2.545217796772773489e-01
5.000000000000000000e+00 1.457864049276258282e-02 2.800000000000000266e-01 1.276876964922624591e+00 2.395673280330476718e-01
5.000000000000000000e+00 1.562499999999996184e-02 2.800000000000000266e-01 1.240845691070562085e+00 2.304874755392429808e-01
5.000000000000000000e+00 1.674646035212953507e-02 2.800000000000000266e-01 1.212198701178653915e+00 2.345084150864395200e-01
5.000000000000000000e+00 1.794841179682861790e-02 2.800000000000000266e-01 1.173271442877106718e+00 1.977987232117819349e-01
5.000000000000000000e+00 1.923663145851425491e-02 2.800000000000000266e-01 1.138264878865752339e+00 1.583733542430703911e-01
5.000000000000000000e+00 2.061731110582640247e-02 2.800000000000000266e-01 1.126186419958701279e+00 1.636527922085914133e-01
5.000000000000000000e+00 2.209708691207952838e-02 2.800000000000000266e-01 1.111068821524698214e+00 1.626857729772880623e-01
5.000000000000000000e+00 2.368307135172487837e-02 2.800000000000000266e-01 1.087667532295685469e+00 1.290473894735774951e-01
5.000000000000000000e+00 2.538288738613225445e-02 2.800000000000000266e-01 1.069650674485488118e+00 1.075810924987351952e-01
5.000000000000000000e+00 2.720470510300375747e-02 2.800000000000000266e-01 1.060002223242337394e+00 1.013991102201900890e-01
5.000000000000000000e+00 2.915728098552509626e-02 2.800000000000000266e-01 1.049101425168141200e+00 8.911562586395400942e-02
5.000000000000000000e+00 3.124999999999984734e-02 2.800000000000000266e-01 1.036993098001331770e+00 6.961436668854530108e-02
5.000000000000000000e+00 3.349292070425898687e-02 2.800000000000000266e-01 1.032241316393276431e+00 6.790435468192652924e-02
5.000000000000000000e+00 3.589682359365715253e-02 2.800000000000000266e-01 1.024232349390044261e+00 5.284138944852553171e-02
5.000000000000000000e+00 3.847326291702841267e-02 2.800000000000000266e-01 1.018869115012131399e+00 4.342100289533090685e-02
5.000000000000000000e+00 4.123462221165270086e-02 2.800000000000000266e-01 1.014685197281199658e+00 3.543533445931074111e-02
5.000000000000000000e+00 4.419417382415894574e-02 2.800000000000000266e-01 1.011505990788514886e+00 2.899878768330757181e-02
5.000000000000000000e+00 4.736614270344963878e-02 2.800000000000000266e-01 1.009167754736706168e+00 2.391183827086932473e-02
5.000000000000000000e+00 5.076577477226438401e-02 2.800000000000000266e-01 1.007499208927218559e+00 2.008488679711890185e-02
5.000000000000000000e+00 5.440941020600738309e-02 2.800000000000000266e-01 1.006310839231856713e+00 1.718172637821433618e-02
5.000000000000000000e+00 5.831456197105004680e-02 2.800000000000000266e-01 1.005302527289998693e+00 1.452431621420633909e-02
5.000000000000000000e+00 6.249999999999953509e-02 2.800000000000000266e-01 1.004600276911969070e+00 1.261341467967041184e-02
5.000000000000000000e+00 6.698584140851780722e-02 2.800000000000000266e-01 1.003975087313636827e+00 1.084335722273273121e-02
5.000000000000000000e+00 7.179364718731412465e-02 2.800000000000000266e-01 1.003523629291301011e+00 9.548998870257112415e-03
5.000000000000000000e+00 7.694652583405664492e-02 2.800000000000000266e-01 1.003053677935404231e+00 8.178261945451984968e-03
5.000000000000000000e+00 8.246924442330520744e-02 2.800000000000000266e-01 1.002630629498515225e+00 6.938264764029792100e-03
5.000000000000000000e+00 8.838834764831768331e-02 2.800000000000000266e-01 1.002237087577532826e+00 5.782032616446268480e-03
5.000000000000000000e+00 9.473228540689904165e-02 2.800000000000000266e-01 1.001897583515555912e+00 4.784904461272818099e-03
5.000000000000000000e+00 1.015315495445285182e-01 2.800000000000000266e-01 1.001588044350202988e+00 3.875643243586592533e-03
5.000000000000000000e+00 1.088188204120145025e-01 2.800000000000000266e-01 1.001335222146948034e+00 3.135127891853830510e-03
5.000000000000000000e+00 1.166291239420998022e-01 2.800000000000000266e-01 1.001126852483900542e+00 2.527292359871949941e-03
5.000000000000000000e+00 1.249999999999987649e-01 2.800000000000000266e-01 1.000964894680623107e+00 2.058629338110844632e-03
5.000000000000000000e+00 1.339716828170352814e-01 2.800000000000000266e-01 1.000841332394083460e+00 1.705579165794877646e-03
5.000000000000000000e+00 1.435872943746278885e-01 2.800000000000000266e-01 1.000744159333935457e+00 1.432447286396413850e-03
5.000000000000000000e+00 1.538930516681129013e-01 2.800000000000000266e-01 1.000669192467335433e+00 1.226645048233754830e-03
5.000000000000000000e+00 1.649384888466099985e-01 2.800000000000000266e-01 1.000592963647334965e+00 1.017880631344839125e-03
5.000000000000000000e+00 1.767766952966349225e-01 2.800000000000000266e-01 1.000511540321653126e+00 7.940083740754032672e-04
5.000000000000000000e+00 1.894645708137976114e-01 2.800000000000000266e-01 1.000431358062345621e+00 5.734624582998202463e-04
5.000000000000000000e+00 2.030630990890565368e-01 2.800000000000000266e-01 1.000368944370604085e+00 4.036358407158139217e-04
5.000000000000000000e+00 2.176376408240284499e-01 2.800000000000000266e-01 1.000332088471516112e+00 3.028851261269670768e-04
5.000000000000000000e+00 2.332582478841990492e-01 2.800000000000000266e-01 1.000309976397466771e+00 2.330265440241165555e-04
5.000000000000000000e+00 2.499999999999969191e-01 2.800000000000000266e-01 1.000296327389704532e+00 1.675260184209044316e-04
5.000000000000000000e+00 2.679433656340699521e-01 2.800000000000000266e-01 1.000297969527875752e+00 1.121832339224908406e-04
5.000000000000000000e+00 2.871745887492550553e-01 2.800000000000000266e-01 1.000328179157592201e+00 8.424983874765811854e-05
5.000000000000000000e+00 3.077861033362250809e-01 2.800000000000000266e-01 1.000397306381481055e+00 9.303482249965867683e-05
5.000000000000000000e+00 3.298769776932191644e-01 2.800000000000000266e-01 1.000520534305444631e+00 1.524073165299983312e-04
5.000000000000000000e+00 3.535533905932689569e-01 2.800000000000000266e-01 1.000736692229328373e+00 2.826635840798978920e-04
5.000000000000000000e+00 3.789291416275942792e-01 2.800000000000000266e-01 1.001110390993129151e+00 5.276475565077903829e-04
5.000000000000000000e+00 4.061261981781120745e-01 2.800000000000000266e-01 1.001761490190415937e+00 9.868673703363182483e-04
5.000000000000000000e+00 4.352752816480558451e-01 2.800000000000000266e-01 1.002915238073757820e+00 1.869600086937245071e-03
5.000000000000000000e+00 4.665164957683969327e-01 2.800000000000000266e-01 1.004990211748914675e+00 3.600928188364605365e-03
5.000000000000000000e+00 4.999999999999926170e-01 2.800000000000000266e-01 1.008749578277728265e+00 7.043792665613311105e-03
5.000000000000000000e+00 5.358867312681385719e-01 2.800000000000000266e-01 1.015556922276429574e+00 1.384813745894258354e-02
5.000000000000000000e+00 5.743491774985087783e-01 2.800000000000000266e-01 1.026944375214740024e+00 2.599045437884075355e-02
5.000000000000000000e+00 6.155722066724486075e-01 2.800000000000000266e-01 1.042712866728663812e+00 4.265273134467341409e-02
5.000000000000000000e+00 6.597539553864367745e-01 2.800000000000000266e-01 1.059706681338696388e+00 5.754589303405975576e-02
5.000000000000000000e+00 7.071067811865362485e-01 2.800000000000000266e-01 1.075994450788304579e+00 6.479791399648580918e-02
5.000000000000000000e+00 7.578582832551866710e-01 2.800000000000000266e-01 1.091548517476575997e+00 7.002585668348609849e-02
5.000000000000000000e+00 8.122523963562221505e-01 2.800000000000000266e-01 1.111213242043832761e+00 8.460056497580438484e-02
5.000000000000000000e+00 8.705505632961095808e-01 2.800000000000000266e-01 1.132724532857297017e+00 1.014846135180572650e-01
5.000000000000000000e+00 9.330329915367915339e-01 2.800000000000000266e-01 1.150706815445069475e+00 1.208798467111340952e-01
5.000000000000000000e+00 9.999999999999827915e-01 2.800000000000000266e-01 1.165817000930237324e+00 1.368652609983567192e-01
5.000000000000000000e+00 1.071773462536274479e+00 2.800000000000000266e-01 1.181763014839301018e+00 1.529739163228904242e-01
5.000000000000000000e+00 1.148698354997014670e+00 2.800000000000000266e-01 1.191320186352532451e+00 1.616596080658175283e-01
5.000000000000000000e+00 1.231144413344894106e+00 2.800000000000000266e-01 1.187588696082961137e+00 1.491711432055866371e-01
5.000000000000000000e+00 1.319507910772870218e+00 2.800000000000000266e-01 1.174906743322564839e+00 1.231397061815470845e-01
5.000000000000000000e+00 1.414213562373068944e+00 2.800000000000000266e-01 1.166571145885796579e+00 1.007673832963658228e-01
5.000000000000000000e+00 1.515716566510369789e+00 2.800000000000000266e-01 1.163341800262553516e+00 9.096362825589093815e-02
5.000000000000000000e+00 1.624504792712440304e+00 2.800000000000000266e-01 1.164715684030987353e+00 1.074403770643841405e-01
5.000000000000000000e+00 1.741101126592214943e+00 2.800000000000000266e-01 1.167877600344547906e+00 1.220310253893513996e-01
5.000000000000000000e+00 1.866065983073578627e+00 2.800000000000000266e-01 1.184724738900092778e+00 1.476533587643132361e-01
5.000000000000000000e+00 1.999999999999960698e+00 2.800000000000000266e-01 1.179711087680544335e+00 1.356432140688333954e-01
5.000000000000000000e+00 2.143546925072543630e+00 2.800000000000000266e-01 1.170542328413535227e+00 1.140467429959745455e-01
5.000000000000000000e+00 2.297396709994023567e+00 2.800000000000000266e-01 1.187509894741658689e+00 1.327310501629161421e-01
5.000000000000000000e+00 2.462288826689782439e+00 2.800000000000000266e-01 1.195848551558121198e+00 1.623474631710915550e-01
5.000000000000000000e+00 2.639015821545733775e+00 2.800000000000000266e-01 1.200025497887025505e+00 1.661339567930855965e-01
5.000000000000000000e+00 2.828427124746130783e+00 2.800000000000000266e-01 1.197704494219886673e+00 1.535309205549106881e-01
5.000000000000000000e+00 3.031433133020732029e+00 2.800000000000000266e-01 1.188182538544377609e+00 1.395884298109618948e-01
5.000000000000000000e+00 3.249009585424872615e+00 2.800000000000000266e-01 1.217551283344606272e+00 2.238827980559766895e-01
5.000000000000000000e+00 3.482202253184421004e+00 2.800000000000000266e-01 1.204754838520869953e+00 1.967895266281212419e-01
5.000000000000000000e+00 3.732131966147147928e+00 2.800000000000000266e-01 1.158106353824404744e+00 9.408526960669229278e-02
5.000000000000000000e+00 3.999999999999911182e+00 2.800000000000000266e-01 1.132227757687858549e+00 4.709652538313716802e-02
5.000000000000000000e+00 4.287093850145076601e+00 2.800000000000000266e-01 1.162634093115799683e+00 1.365817791134945336e-01
5.000000000000000000e+00 4.594793419988035588e+00 2.800000000000000266e-01 1.147845739603492676e+00 6.383157885141563237e-02
5.000000000000000000e+00 4.924577653379552444e+00 2.800000000000000266e-01 1.170910778706205857e+00 7.156697271033202190e-02
5.000000000000000000e+00 5.278031643091455116e+00 2.800000000000000266e-01 1.154577200740070086e+00 1.221827111633265184e-01
5.000000000000000000e+00 5.656854249492248243e+00 2.800000000000000266e-01 1.138704418381446093e+00 8.364865695918649591e-02
5.000000000000000000e+00 6.062866266041448959e+00 2.800000000000000266e-01 1.174189763566990452e+00 7.889173316814281078e-02
5.000000000000000000e+00 6.498019170849729242e+00 2.800000000000000266e-01 1.156184500553890881e+00 6.664095292635666135e-02
5.000000000000000000e+00 6.964404506368825132e+00 2.800000000000000266e-01 1.144824494441467166e+00 6.126650356638734668e-02
5.000000000000000000e+00 7.464263932294277204e+00 2.800000000000000266e-01 1.168165172071834013e+00 6.211618698942348443e-02
5.000000000000000000e+00 7.999999999999802824e+00 2.800000000000000266e-01 1.146757510617968601e+00 6.395175310234216259e-02
5.000000000000000000e+00 8.574187700290131886e+00 2.800000000000000266e-01 1.171200262308182527e+00 1.107256796825224487e-01
5.000000000000000000e+00 9.189586839976049859e+00 2.800000000000000266e-01 1.157137662438519454e+00 8.160343247462942262e-02
5.000000000000000000e+00 9.849155306759080020e+00 2.800000000000000266e-01 1.202806031570557765e+00 1.128458990460831091e-01
5.000000000000000000e+00 1.055606328618288359e+01 2.800000000000000266e-01 1.232737940438955793e+00 1.316501756351431962e-01
5.000000000000000000e+00 1.131370849898446806e+01 2.800000000000000266e-01 1.186659946619297079e+00 1.070607289113027771e-01
5.000000000000000000e+00 1.212573253208286772e+01 2.800000000000000266e-01 1.169634759403614721e+00 6.451566748100112658e-02
5.000000000000000000e+00 1.299603834169942651e+01 2.800000000000000266e-01 1.205884741719049691e+00 1.090969103657052075e-01
5.000000000000000000e+00 1.392880901273761651e+01 2.800000000000000266e-01 1.174934456577258590e+00 1.123465737460881131e-01
5.000000000000000000e+00 1.492852786458851710e+01 2.800000000000000266e-01 1.157301353929115484e+00 8.595008990614746991e-02
5.000000000000000000e+00 1.599999999999956657e+01 2.800000000000000266e-01 1.188888553392730030e+00 1.640579750512857204e-01
5.000000000000000000e+00 1.714837540058022114e+01 2.800000000000000266e-01 1.167245434945165750e+00 9.345606141291533386e-02
5.000000000000000000e+00 1.837917367995205353e+01 2.800000000000000266e-01 1.193944928586736065e+00 9.066761560919293916e-02
5.000000000000000000e+00 1.969831061351811385e+01 2.800000000000000266e-01 1.164880917199394350e+00 1.216474852153645037e-01
5.000000000000000000e+00 2.111212657236571388e+01 2.800000000000000266e-01 1.164515725162740489e+00 8.138051935540216442e-02
5.000000000000000000e+00 2.262741699796887929e+01 2.800000000000000266e-01 1.140574070713150423e+00 5.545231222015599426e-02
5.000000000000000000e+00 2.425146506416567505e+01 2.800000000000000266e-01 1.144703255780464612e+00 5.038255216233961803e-02
5.000000000000000000e+00 2.599207668339878907e+01 2.800000000000000266e-01 1.207441864917025764e+00 1.589128801257103096e-01
5.000000000000000000e+00 2.785761802547516197e+01 2.800000000000000266e-01 1.175495187709332257e+00 1.229526850172502767e-01
5.000000000000000000e+00 2.985705572917696315e+01 2.800000000000000266e-01 1.164398857788259134e+00 7.286203602874768981e-02
5.000000000000000000e+00 3.199999999999905498e+01 2.800000000000000266e-01 1.165419763453630519e+00 9.263136115446311825e-02
