5.000000000000000000e+00 7.812500000000000000e-03 5.100000000000000089e-01 3.296077207743040027e+00 1.043009876758569598e+00
5.000000000000000000e+00 8.373230176064788352e-03 5.100000000000000089e-01 3.023927280328859268e+00 9.935452712791762453e-01
5.000000000000000000e+00 8.974205898414331500e-03 5.100000000000000089e-01 2.805479460448583762e+00 9.152270927405344869e-01
5.000000000000000000e+00 9.618315729257151739e-03 5.100000000000000089e-01 2.566268182982240020e+00 8.867659081318750580e-01
5.000000000000000000e+00 1.030865555291322552e-02 5.100000000000000089e-01 2.326077058291398547e+00 7.419875230497968710e-01
5.000000000000000000e+00 1.104854345603979195e-02 5.100000000000000089e-01 2.184331699215814382e+00 7.197013840731619760e-01
5.000000000000000000e+00 1.184153567586246694e-02 5.100000000000000089e-01 1.987061062991861249e+00 6.643644388429550407e-01
5.000000000000000000e+00 1.269144369306615845e-02 5.100000000000000089e-01 1.780377045150722370e+00 5.540698102449558293e-01
5.000000000000000000e+00 1.360235255150191343e-02 5.100000000000000089e-01 1.701194084258573991e+00 5.233766594728850308e-01
5.000000000000000000e+00 1.457864049276258282e-02 5.100000000000000089e-01 1.598399021927447095e+00 5.047581325528532892e-01
5.000000000000000000e+00 1.562499999999996184e-02 5.100000000000000089e-01 1.513104587115233546e+00 4.701359147368894820e-01
5.000000000000000000e+00 1.674646035212953507e-02 5.100000000000000089e-01 1.455129404897599787e+00 4.886630674544032993e-01
5.000000000000000000e+00 1.794841179682861790e-02 5.100000000000000089e-01 1.371848798701335470e+00 4.146754159282419749e-01
5.000000000000000000e+00 1.923663145851425491e-02 5.100000000000000089e-01 1.301157762566429010e+00 3.439962078053049321e-01
5.000000000000000000e+00 2.061731110582640247e-02 5.100000000000000089e-01 1.272010738443911437e+00 3.481745640235033301e-01
5.000000000000000000e+00 2.209708691207952838e-02 5.100000000000000089e-01 1.241673443427109280e+00 3.528700317975628220e-01
5.000000000000000000e+00 2.368307135172487837e-02 5.100000000000000089e-01 1.191693763025797992e+00 2.826923669080511625e-01
5.000000000000000000e+00 2.538288738613225445e-02 5.100000000000000089e-01 1.152693446754470941e+00 2.365761951724555667e-01
5.000000000000000000e+00 2.720470510300375747e-02 5.100000000000000089e-01 1.131748857264421648e+00 2.233663338897191042e-01
5.000000000000000000e+00 2.915728098552509626e-02 5.100000000000000089e-01 1.108020745245938077e+00 1.966505916319466196e-01
5.000000000000000000e+00 3.124999999999984734e-02 5.100000000000000089e-01 1.081492992598217961e+00 1.537644177081181895e-01
5.000000000000000000e+00 3.349292070425898687e-02 5.100000000000000089e-01 1.071266496998541928e+00 1.502816894423632810e-01
5.000000000000000000e+00 3.589682359365715253e-02 5.100000000000000089e-01 1.053524698023482475e+00 1.165248969433494847e-01
5.000000000000000000e+00 3.847326291702841267e-02 5.100000000000000089e-01 1.041656786157411307e+00 9.540138922211187367e-02
5.000000000000000000e+00 4.123462221165270086e-02 5.100000000000000089e-01 1.032453375646271487e+00 7.767448312608181415e-02
5.000000000000000000e+00 4.419417382415894574e-02 5.100000000000000089e-01 1.025461795444058577e+00 6.339820096337447919e-02
5.000000000000000000e+00 4.736614270344963878e-02 5.100000000000000089e-01 1.020310437708955797e+00 5.211828173938058001e-02
5.000000000000000000e+00 5.076577477226438401e-02 5.100000000000000089e-01 1.016653122921278962e+00 4.369430125610072185e-02
5.000000000000000000e+00 5.440941020600738309e-02 5.100000000000000089e-01 1.014048214350004917e+00 3.731048627513074839e-02
5.000000000000000000e+00 5.831456197105004680e-02 5.100000000000000089e-01 1.011844909646281154e+00 3.149863666035167264e-02
5.000000000000000000e+00 6.249999999999953509e-02 5.100000000000000089e-01 1.010310127711389061e+00 2.732130606106575321e-02
5.000000000000000000e+00 6.698584140851780722e-02 5.100000000000000089e-01 1.008946520498079202e+00 2.346353266492927359e-02
5.000000000000000000e+00 7.179364718731412465e-02 5.100000000000000089e-01 1.007966325207373171e+00 2.065834483904509938e-02
5.000000000000000000e+00 7.694652583405664492e-02 5.100000000000000089e-01 1.006943445403715831e+00 1.768127858711793579e-02
5.000000000000000000e+00 8.246924442330520744e-02 5.100000000000000089e-01 1.006024638473239197e+00 1.499601126556900955e-02
5.000000000000000000e+00 8.838834764831768331e-02 5.100000000000000089e-01 1.005166815999325447e+00 1.248479726907673198e-02
5.000000000000000000e+00 9.473228540689904165e-02 5.100000000000000089e-01 1.004429344279514247e+00 1.032960088316314286e-02
5.000000000000000000e+00 1.015315495445285182e-01 5.100000000000000089e-01 1.003753494632628751e+00 8.356740326919060921e-03
5.000000000000000000e+00 1.088188204120145025e-01 5.100000000000000089e-01 1.003201561758718441e+00 6.754584667676125434e-03
5.000000000000000000e+00 1.166291239420998022e-01 5.100000000000000089e-01 1.002746014322098755e+00 5.442437112253824781e-03
5.000000000000000000e+00 1.249999999999987649e-01 5.100000000000000089e-01 1.002389040776214379e+00 4.428394800081643726e-03
5.000000000000000000e+00 1.339716828170352814e-01 5.100000000000000089e-01 1.002115096588224841e+00 3.667121074982698185e-03
5.000000000000000000e+00 1.435872943746278885e-01 5.100000000000000089e-01 1.001896654478212856e+00 3.077238124867261865e-03
5.000000000000000000e+00 1.538930516681129013e-01 5.100000000000000089e-01 1.001725473367291785e+00 2.634375138527210534e-03
5.000000000000000000e+00 1.649384888466099985e-01 5.100000000000000089e-01 1.001549865484981705e+00 2.185651647460068025e-03
5.000000000000000000e+00 1.767766952966349225e-01 5.100000000000000089e-01 1.001360874312865246e+00 1.705869510419299323e-03
5.000000000000000000e+00 1.894645708137976114e-01 5.100000000000000089e-01 1.001171760548105194e+00 1.236541972772428220e-03
5.000000000000000000e+00 2.030630990890565368e-01 5.100000000000000089e-01 1.001017679878406508e+00 8.808850940287255406e-04
5.000000000000000000e+00 2.176376408240284499e-01 5.100000000000000089e-01 1.000913893861107962e+00 6.739358900657864459e-04
5.000000000000000000e+00 2.332582478841990492e-01 5.100000000000000089e-01 1.000835130680540974e+00 5.344773641290471175e-04
5.000000000000000000e+00 2.499999999999969191e-01 5.100000000000000089e-01 1.000764438465172379e+00 4.104992878184829017e-04
5.000000000000000000e+00 2.679433656340699521e-01 5.100000000000000089e-01 1.000711114481487085e+00 3.125441242442399993e-04
5.000000000000000000e+00 2.871745887492550553e-01 5.100000000000000089e-01 1.000695446356784091e+00 2.520026821632339177e-04
5.000000000000000000e+00 3.077861033362250809e-01 5.100000000000000089e-01 1.000724668064532308e+00 2.082046960452953763e-04
5.000000000000000000e+00 3.298769776932191644e-01 5.100000000000000089e-01 1.000806916715013983e+00 1.770499244438361835e-04
5.000000000000000000e+00 3.535533905932689569e-01 5.100000000000000089e-01 1.000980521463624484e+00 2.248758058906542628e-04
5.000000000000000000e+00 3.789291416275942792e-01 5.100000000000000089e-01 1.001307253637361949e+00 4.268030090454378060e-04
5.000000000000000000e+00 4.061261981781120745e-01 5.100000000000000089e-01 1.001900298683493284e+00 8.567433357656953916e-04
5.000000000000000000e+00 4.352752816480558451e-01 5.100000000000000089e-01 1.002976611201419121e+00 1.707387070587770969e-03
5.000000000000000000e+00 4.665164957683969327e-01 5.100000000000000089e-01 1.004941861528982683e+00 3.391079498805341617e-03
5.000000000000000000e+00 4.999999999999926170e-01 5.100000000000000089e-01 1.008542033834348262e+00 6.753745934147294475e-03
5.000000000000000000e+00 5.358867312681385719e-01 5.100000000000000089e-01 1.015119758384929183e+00 1.342774536017174100e-02
5.000000000000000000e+00 5.743491774985087783e-01 5.100000000000000089e-01 1.026192230312267695e+00 2.539595460084498324e-02
5.000000000000000000e+00 6.155722066724486075e-01 5.100000000000000089e-01 1.041574532855925161e+00 4.189975235944685267e-02
5.000000000000000000e+00 6.597539553864367745e-01 5.100000000000000089e-01 1.058184563228725228e+00 5.669604733332780921e-02
5.000000000000000000e+00 7.071067811865362485e-01 5.100000000000000089e-01 1.074088951612222953e+00 6.376641442739663934e-02
5.000000000000000000e+00 7.578582832551866710e-01 5.100000000000000089e-01 1.089182431388977967e+00 6.842407119201862620e-02
5.000000000000000000e+00 8.122523963562221505e-01 5.100000000000000089e-01 1.108193238844511486e+00 8.192941980034593175e-02
5.000000000000000000e+00 8.705505632961095808e-01 5.100000000000000089e-01 1.128800223517878010e+00 9.722187122941319815e-02
5.000000000000000000e+00 9.330329915367915339e-01 5.100000000000000089e-01 1.145637797371998889e+00 1.146892415917102753e-01
5.000000000000000000e+00 9.999999999999827915e-01 5.100000000000000089e-01 1.159397917154600943e+00 1.286547774988701653e-01
5.000000000000000000e+00 1.071773462536274479e+00 5.100000000000000089e-01 1.174585115309755290e+00 1.439363357122820375e-01
5.000000000000000000e+00 1.148698354997014670e+00 5.100000000000000089e-01 1.183942949047630977e+00 1.527991977138241642e-01
5.000000000000000000e+00 1.231144413344894106e+00 5.100000000000000089e-01 1.180517535819183061e+00 1.419825618745660656e-01
5.000000000000000000e+00 1.319507910772870218e+00 5.100000000000000089e-01 1.168079069089490885e+00 1.182987347750481949e-01
5.000000000000000000e+00 1.414213562373068944e+00 5.100000000000000089e-01 1.159211041805936038e+00 9.725916261631950555e-02
5.000000000000000000e+00 1.515716566510369789e+00 5.100000000000000089e-01 1.155264010226914939e+00 8.716740974102536732e-02
5.000000000000000000e+00 1.624504792712440304e+00 5.100000000000000089e-01 1.156478470795931912e+00 1.024324267340084166e-01
5.000000000000000000e+00 1.741101126592214943e+00 5.100000000000000089e-01 1.159282642104304095e+00 1.156376730253254603e-01
5.000000000000000000e+00 1.866065983073578627e+00 5.100000000000000089e-01 1.175167473572761079e+00 1.394503493223211710e-01
5.000000000000000000e+00 1.999999999999960698e+00 5.100000000000000089e-01 1.171190339474248443e+00 1.288815094200152500e-01
5.000000000000000000e+00 2.143546925072543630e+00 5.100000000000000089e-01 1.163446699008350738e+00 1.083452002178086904e-01
5.000000000000000000e+00 2.297396709994023567e+00 5.100000000000000089e-01 1.180298527048602608e+00 1.275187004035150395e-01
5.000000000000000000e+00 2.462288826689782439e+00 5.100000000000000089e-01 1.187848204960050058e+00 1.555297024737976042e-01
5.000000000000000000e+00 2.639015821545733775e+00 5.100000000000000089e-01 1.190503793983150871e+00 1.561740919212895040e-01
5.000000000000000000e+00 2.828427124746130783e+00 5.100000000000000089e-01 1.186074516225747777e+00 1.436160224398239649e-01
5.000000000000000000e+00 3.031433133020732029e+00 5.100000000000000089e-01 1.176144065229421720e+00 1.296458236352771021e-01
5.000000000000000000e+00 3.249009585424872615e+00 5.100000000000000089e-01 1.206195689643432933e+00 2.123889933298274968e-01
5.000000000000000000e+00 3.482202253184421004e+00 5.100000000000000089e-01 1.194565939014081923e+00 1.886313407762225391e-01
5.000000000000000000e+00 3.732131966147147928e+00 5.100000000000000089e-01 1.151406973382769205e+00 9.141588710263219564e-02
5.000000000000000000e+00 3.999999999999911182e+00 5.100000000000000089e-01 1.125409274318512454e+00 4.505469539428288289e-02
5.000000000000000000e+00 4.287093850145076601e+00 5.100000000000000089e-01 1.152675336620220259e+00 1.271039455427415144e-01
5.000000000000000000e+00 4.594793419988035588e+00 5.100000000000000089e-01 1.140014034457765391e+00 6.008637783837401936e-02
5.000000000000000000e+00 4.924577653379552444e+00 5.100000000000000089e-01 1.161029945652228168e+00 6.572933660393147359e-02
5.000000000000000000e+00 5.278031643091455116e+00 5.100000000000000089e-01 1.146600956528702309e+00 1.157175512822921082e-01
5.000000000000000000e+00 5.656854249492248243e+00 5.100000000000000089e-01 1.130184207572691335e+00 7.708277590312886951e-02
5.000000000000000000e+00 6.062866266041448959e+00 5.100000000000000089e-01 1.163136907467615000e+00 7.383185158516443469e-02
5.000000000000000000e+00 6.498019170849729242e+00 5.100000000000000089e-01 1.147135460499906445e+00 6.369684209358351945e-02
5.000000000000000000e+00 6.964404506368825132e+00 5.100000000000000089e-01 1.136846225595104842e+00 5.662562389748064529e-02
5.000000000000000000e+00 7.464263932294277204e+00 5.100000000000000089e-01 1.160163375148641096e+00 5.751086784996467527e-02
5.000000000000000000e+00 7.999999999999802824e+00 5.100000000000000089e-01 1.139100935239129031e+00 6.034167879723087435e-02
5.000000000000000000e+00 8.574187700290131886e+00 5.100000000000000089e-01 1.161483185748310998e+00 1.010824457424853301e-01
5.000000000000000000e+00 9.189586839976049859e+00 5.100000000000000089e-01 1.148517136575465836e+00 7.778961771796724656e-02
5.000000000000000000e+00 9.849155306759080020e+00 5.100000000000000089e-01 1.191769007089962917e+00 1.067341700666486481e-01
5.000000000000000000e+00 1.055606328618288359e+01 5.100000000000000089e-01 1.221220056498441453e+00 1.265390572264221691e-01
5.000000000000000000e+00 1.131370849898446806e+01 5.100000000000000089e-01 1.177747747932073041e+00 1.016062339424883137e-01
5.000000000000000000e+00 1.212573253208286772e+01 5.100000000000000089e-01 1.161991147786476386e+00 6.132741932087741599e-02
5.000000000000000000e+00 1.299603834169942651e+01 5.100000000000000089e-01 1.194855671829594401e+00 1.028424923876680719e-01
5.000000000000000000e+00 1.392880901273761651e+01 5.100000000000000089e-01 1.166540353928881890e+00 1.074713589653029933e-01
5.000000000000000000e+00 1.492852786458851710e+01 5.100000000000000089e-01 1.148670538434846566e+00 8.246908100380508089e-02
5.000000000000000000e+00 1.599999999999956657e+01 5.100000000000000089e-01 1.178450690203942219e+00 1.550887736099322289e-01
5.000000000000000000e+00 1.714837540058022114e+01 5.100000000000000089e-01 1.158802492654832594e+00 8.896494648957230245e-02
5.000000000000000000e+00 1.837917367995205353e+01 5.100000000000000089e-01 1.185443518996512235e+00 8.627680612707790131e-02
5.000000000000000000e+00 1.969831061351811385e+01 5.100000000000000089e-01 1.156417421602065287e+00 1.159893005303385544e-01
5.000000000000000000e+00 2.111212657236571388e+01 5.100000000000000089e-01 1.155395516746508644e+00 7.678936911572391277e-02
5.000000000000000000e+00 2.262741699796887929e+01 5.100000000000000089e-01 1.132739353011942285e+00 5.298542081546252225e-02
5.000000000000000000e+00 2.425146506416567505e+01 5.100000000000000089e-01 1.137744004381135099e+00 4.778497386369910671e-02
5.000000000000000000e+00 2.599207668339878907e+01 5.100000000000000089e-01 1.198664158566424831e+00 1.501765989309280513e-01
5.000000000000000000e+00 2.785761802547516197e+01 5.100000000000000089e-01 1.168099257153120352e+00 1.180828127442309083e-01
5.000000000000000000e+00 2.985705572917696315e+01 5.100000000000000089e-01 1.156586918908344863e+00 6.754726411111892925e-02
5.000000000000000000e+00 3.199999999999905498e+01 5.100000000000000089e-01 1.157197772889800857e+00 8.846467641582328456e-02
