1.000000000000000000e+00 6.250000000000000000e-02 5.000000000000000000e-01 1.000300550835594660e+00 4.442189958556733913e-04
1.000000000000000000e+00 7.179364718731469364e-02 5.000000000000000000e-01 1.000130233509387567e+00 2.331162494398649040e-04
1.000000000000000000e+00 8.246924442330591520e-02 5.000000000000000000e-01 1.000104711235538790e+00 2.326565911051849307e-04
1.000000000000000000e+00 9.473228540689991595e-02 5.000000000000000000e-01 1.000090331825870482e+00 1.948688933168752572e-04
1.000000000000000000e+00 1.088188204120155711e-01 5.000000000000000000e-01 1.000068896321114176e+00 1.387323605516745074e-04
1.000000000000000000e+00 1.250000000000000833e-01 5.000000000000000000e-01 1.000045504647622874e+00 9.242315493753839109e-05
1.000000000000000000e+00 1.435872943746294705e-01 5.000000000000000000e-01 1.000026666780842177e+00 6.146539039981342419e-05
1.000000000000000000e+00 1.649384888466119137e-01 5.000000000000000000e-01 1.000014647907527143e+00 3.460344710729967735e-05
1.000000000000000000e+00 1.894645708137999429e-01 5.000000000000000000e-01 1.000009599484858125e+00 1.431297541311698083e-05
1.000000000000000000e+00 2.176376408240312810e-01 5.000000000000000000e-01 1.000012827849950048e+00 1.463759652223439533e-05
1.000000000000000000e+00 2.500000000000003331e-01 5.000000000000000000e-01 1.000029595976263730e+00 3.689556205296593477e-05
1.000000000000000000e+00 2.871745887492591631e-01 5.000000000000000000e-01 1.000079410433164062e+00 9.656208036498639560e-05
1.000000000000000000e+00 3.298769776932240494e-01 5.000000000000000000e-01 1.000240740590126798e+00 2.884075971188783416e-04
1.000000000000000000e+00 3.789291416276001079e-01 5.000000000000000000e-01 1.000965376505010163e+00 1.236110229263433875e-03
1.000000000000000000e+00 4.352752816480628395e-01 5.000000000000000000e-01 1.011430588010394649e+00 2.250552281798291407e-02
1.000000000000000000e+00 5.000000000000008882e-01 5.000000000000000000e-01 1.050104663721710407e+00 9.213082037407947789e-02
1.000000000000000000e+00 5.743491774985186593e-01 5.000000000000000000e-01 1.080943646290818627e+00 1.438087473787445225e-01
1.000000000000000000e+00 6.597539553864485429e-01 5.000000000000000000e-01 1.060155220420147426e+00 7.502582569943409829e-02
1.000000000000000000e+00 7.578582832552007709e-01 5.000000000000000000e-01 1.083276616296612982e+00 1.119837453005340933e-01
1.000000000000000000e+00 8.705505632961261231e-01 5.000000000000000000e-01 1.121444462235327011e+00 1.463400199348932618e-01
1.000000000000000000e+00 1.000000000000002442e+00 5.000000000000000000e-01 1.204560868672062801e+00 2.150266590485495066e-01
1.000000000000000000e+00 1.148698354997037985e+00 5.000000000000000000e-01 1.234380262484084501e+00 3.191989119714157552e-01
1.000000000000000000e+00 1.319507910772897752e+00 5.000000000000000000e-01 1.229879855294193636e+00 3.068722254732972332e-01
1.000000000000000000e+00 1.515716566510402430e+00 5.000000000000000000e-01 1.156992346659310833e+00 2.102091923120412986e-01
1.000000000000000000e+00 1.741101126592253356e+00 5.000000000000000000e-01 1.148229126502319675e+00 1.664564186253926770e-01
1.000000000000000000e+00 2.000000000000006217e+00 5.000000000000000000e-01 1.157436195323881867e+00 2.035019032502561054e-01
1.000000000000000000e+00 2.297396709994077302e+00 5.000000000000000000e-01 1.221773669509663929e+00 2.562163818832341455e-01
1.000000000000000000e+00 2.639015821545797280e+00 5.000000000000000000e-01 1.291529377834454095e+00 4.121924516049226828e-01
1.000000000000000000e+00 3.031433133020806636e+00 5.000000000000000000e-01 1.125994423595345628e+00 1.207492540030527389e-01
1.000000000000000000e+00 3.482202253184508933e+00 5.000000000000000000e-01 1.127199953577009417e+00 1.490030131723220630e-01
1.000000000000000000e+00 4.000000000000015099e+00 5.000000000000000000e-01 1.291012755252172406e+00 3.535183338838104872e-01
1.000000000000000000e+00 4.594793419988157268e+00 5.000000000000000000e-01 1.305959585342517659e+00 4.543453572424421827e-01
1.000000000000000000e+00 5.278031643091598113e+00 5.000000000000000000e-01 1.301853816169698641e+00 2.858328544895698542e-01
1.000000000000000000e+00 6.062866266041616825e+00 5.000000000000000000e-01 1.363055181763708212e+00 3.681008494713685075e-01
1.000000000000000000e+00 6.964404506369022307e+00 5.000000000000000000e-01 1.363902486399799052e+00 4.434460946005761017e-01
1.000000000000000000e+00 8.000000000000033751e+00 5.000000000000000000e-01 1.195251069935717059e+00 1.400894313594846508e-01
1.000000000000000000e+00 9.189586839976321642e+00 5.000000000000000000e-01 1.174647846600924694e+00 1.991229170167020390e-01
1.000000000000000000e+00 1.055606328618320155e+01 5.000000000000000000e-01 1.220527516053549366e+00 2.267946417865810971e-01
1.000000000000000000e+00 1.212573253208324076e+01 5.000000000000000000e-01 1.094193793652570079e+00 6.631694498706114382e-02
1.000000000000000000e+00 1.392880901273805350e+01 5.000000000000000000e-01 1.290658592069699129e+00 3.562138339050801017e-01
1.000000000000000000e+00 1.600000000000007816e+01 5.000000000000000000e-01 1.300625627196911438e+00 3.319510214382950242e-01
3.000000000000000000e+00 6.250000000000000000e-02 5.000000000000000000e-01 1.004773088663145408e+00 5.967029050156024729e-03
3.000000000000000000e+00 7.179364718731469364e-02 5.000000000000000000e-01 1.003415115815659231e+00 3.038129946604552212e-03
3.000000000000000000e+00 8.246924442330591520e-02 5.000000000000000000e-01 1.002676544307764761e+00 1.625476314648385953e-03
3.000000000000000000e+00 9.473228540689991595e-02 5.000000000000000000e-01 1.002321188091441551e+00 1.199170534511306797e-03
3.000000000000000000e+00 1.088188204120155711e-01 5.000000000000000000e-01 1.002157268238790033e+00 1.146207838655571203e-03
3.000000000000000000e+00 1.250000000000000833e-01 5.000000000000000000e-01 1.002058265094078138e+00 1.133692745982646695e-03
3.000000000000000000e+00 1.435872943746294705e-01 5.000000000000000000e-01 1.001962151032808501e+00 1.095891756414026346e-03
3.000000000000000000e+00 1.649384888466119137e-01 5.000000000000000000e-01 1.001843285958903929e+00 1.026153645968623344e-03
3.000000000000000000e+00 1.894645708137999429e-01 5.000000000000000000e-01 1.001693782634284879e+00 9.257573399170626301e-04
3.000000000000000000e+00 2.176376408240312810e-01 5.000000000000000000e-01 1.001515757699358300e+00 8.030468644849562444e-04
3.000000000000000000e+00 2.500000000000003331e-01 5.000000000000000000e-01 1.001320150306369117e+00 6.718334463400947023e-04
3.000000000000000000e+00 2.871745887492591631e-01 5.000000000000000000e-01 1.001130815117812656e+00 5.465192183938544094e-04
3.000000000000000000e+00 3.298769776932240494e-01 5.000000000000000000e-01 1.000999420274826690e+00 4.549494566327096827e-04
3.000000000000000000e+00 3.789291416276001079e-01 5.000000000000000000e-01 1.001061155906710631e+00 5.399557912276320816e-04
3.000000000000000000e+00 4.352752816480628395e-01 5.000000000000000000e-01 1.001746538846830514e+00 1.208150768471123607e-03
3.000000000000000000e+00 5.000000000000008882e-01 5.000000000000000000e-01 1.005000436045322187e+00 3.958023742935203558e-03
3.000000000000000000e+00 5.743491774985186593e-01 5.000000000000000000e-01 1.016934783486664218e+00 1.482559428929544794e-02
3.000000000000000000e+00 6.597539553864485429e-01 5.000000000000000000e-01 1.036679824853287135e+00 4.107182897038433311e-02
3.000000000000000000e+00 7.578582832552007709e-01 5.000000000000000000e-01 1.067142956641535578e+00 7.790233343966070090e-02
3.000000000000000000e+00 8.705505632961261231e-01 5.000000000000000000e-01 1.127612343661906547e+00 1.461433760112648139e-01
3.000000000000000000e+00 1.000000000000002442e+00 5.000000000000000000e-01 1.213786874868600707e+00 2.390916454596938578e-01
3.000000000000000000e+00 1.148698354997037985e+00 5.000000000000000000e-01 1.216164156370190153e+00 2.106903159022569527e-01
3.000000000000000000e+00 1.319507910772897752e+00 5.000000000000000000e-01 1.177091598368893210e+00 1.525897271454152160e-01
3.000000000000000000e+00 1.515716566510402430e+00 5.000000000000000000e-01 1.149405272196474259e+00 1.202966586146148598e-01
3.000000000000000000e+00 1.741101126592253356e+00 5.000000000000000000e-01 1.176826256502657930e+00 1.492854777999934046e-01
3.000000000000000000e+00 2.000000000000006217e+00 5.000000000000000000e-01 1.296238327392471579e+00 2.505086106693354409e-01
3.000000000000000000e+00 2.297396709994077302e+00 5.000000000000000000e-01 1.328370860035139378e+00 3.585509417116498065e-01
3.000000000000000000e+00 2.639015821545797280e+00 5.000000000000000000e-01 1.256855716132301293e+00 2.610794546760488166e-01
3.000000000000000000e+00 3.031433133020806636e+00 5.000000000000000000e-01 1.202804799921451062e+00 1.838095079388951114e-01
3.000000000000000000e+00 3.482202253184508933e+00 5.000000000000000000e-01 1.203082414087149221e+00 9.697081328248131904e-02
3.000000000000000000e+00 4.000000000000015099e+00 5.000000000000000000e-01 1.165786291612203485e+00 1.181030387469931969e-01
3.000000000000000000e+00 4.594793419988157268e+00 5.000000000000000000e-01 1.250817093641514610e+00 3.017273234675745264e-01
3.000000000000000000e+00 5.278031643091598113e+00 5.000000000000000000e-01 1.271501043932771191e+00 1.873161520793100443e-01
3.000000000000000000e+00 6.062866266041616825e+00 5.000000000000000000e-01 1.242840053125499722e+00 2.377144733209314298e-01
3.000000000000000000e+00 6.964404506369022307e+00 5.000000000000000000e-01 1.207010576236798194e+00 1.145392755646734845e-01
3.000000000000000000e+00 8.000000000000033751e+00 5.000000000000000000e-01 1.192552123676098530e+00 1.143420236834351150e-01
3.000000000000000000e+00 9.189586839976321642e+00 5.000000000000000000e-01 1.242895440903539983e+00 2.427697966935085383e-01
3.000000000000000000e+00 1.055606328618320155e+01 5.000000000000000000e-01 1.180759152282126134e+00 1.435959048542097549e-01
3.000000000000000000e+00 1.212573253208324076e+01 5.000000000000000000e-01 1.181294985487966631e+00 8.700264321828432568e-02
3.000000000000000000e+00 1.392880901273805350e+01 5.000000000000000000e-01 1.236272463488176987e+00 1.950362822783850425e-01
3.000000000000000000e+00 1.600000000000007816e+01 5.000000000000000000e-01 1.190099284620935283e+00 8.214664583990281821e-02
5.000000000000000000e+00 6.250000000000000000e-02 5.000000000000000000e-01 1.009901420237255820e+00 2.623443032529918298e-02
5.000000000000000000e+00 7.179364718731469364e-02 5.000000000000000000e-01 1.007651173504097830e+00 1.983764450729988763e-02
5.000000000000000000e+00 8.246924442330591520e-02 5.000000000000000000e-01 1.005786747539801684e+00 1.440074707438039787e-02
5.000000000000000000e+00 9.473228540689991595e-02 5.000000000000000000e-01 1.004254884585380703e+00 9.920006456991970617e-03
5.000000000000000000e+00 1.088188204120155711e-01 5.000000000000000000e-01 1.003075913598063584e+00 6.487249141714518212e-03
5.000000000000000000e+00 1.250000000000000833e-01 5.000000000000000000e-01 1.002295546507971258e+00 4.253220301198456198e-03
5.000000000000000000e+00 1.435872943746294705e-01 5.000000000000000000e-01 1.001822626491118085e+00 2.955536894756555667e-03
5.000000000000000000e+00 1.649384888466119137e-01 5.000000000000000000e-01 1.001489544586292801e+00 2.099096952159529121e-03
5.000000000000000000e+00 1.894645708137999429e-01 5.000000000000000000e-01 1.001126546081898328e+00 1.187504374542909958e-03
5.000000000000000000e+00 2.176376408240312810e-01 5.000000000000000000e-01 1.000879345679953403e+00 6.470342167185938074e-04
5.000000000000000000e+00 2.500000000000003331e-01 5.000000000000000000e-01 1.000737067727782481e+00 3.935884551009344767e-04
5.000000000000000000e+00 2.871745887492591631e-01 5.000000000000000000e-01 1.000674107275917546e+00 2.403155042988689729e-04
5.000000000000000000e+00 3.298769776932240494e-01 5.000000000000000000e-01 1.000789880665396314e+00 1.695165433805137154e-04
5.000000000000000000e+00 3.789291416276001079e-01 5.000000000000000000e-01 1.001294634632603042e+00 4.302337114697549355e-04
5.000000000000000000e+00 4.352752816480628395e-01 5.000000000000000000e-01 1.002970240827812498e+00 1.715544015014886740e-03
5.000000000000000000e+00 5.000000000000008882e-01 5.000000000000000000e-01 1.008547043965440704e+00 6.767022967936181001e-03
5.000000000000000000e+00 5.743491774985186593e-01 5.000000000000000000e-01 1.026218066583892696e+00 2.541998718332481172e-02
5.000000000000000000e+00 6.597539553864485429e-01 5.000000000000000000e-01 1.058237692311209344e+00 5.672918069936526420e-02
5.000000000000000000e+00 7.578582832552007709e-01 5.000000000000000000e-01 1.089263560903705352e+00 6.848378804494230365e-02
5.000000000000000000e+00 8.705505632961261231e-01 5.000000000000000000e-01 1.128934461323962690e+00 9.737533248801384655e-02
5.000000000000000000e+00 1.000000000000002442e+00 5.000000000000000000e-01 1.159618622756214190e+00 1.289453992677353777e-01
5.000000000000000000e+00 1.148698354997037985e+00 5.000000000000000000e-01 1.184198321641874552e+00 1.531101811486741127e-01
5.000000000000000000e+00 1.319507910772897752e+00 5.000000000000000000e-01 1.168321323563783043e+00 1.184651116180715918e-01
5.000000000000000000e+00 1.515716566510402430e+00 5.000000000000000000e-01 1.155555384850571299e+00 8.729555640884680001e-02
5.000000000000000000e+00 1.741101126592253356e+00 5.000000000000000000e-01 1.159585328830430528e+00 1.158581145799392198e-01
5.000000000000000000e+00 2.000000000000006217e+00 5.000000000000000000e-01 1.171492798968998494e+00 1.291206156754925449e-01
5.000000000000000000e+00 2.297396709994077302e+00 5.000000000000000000e-01 1.180551316203797274e+00 1.277088061075694059e-01
5.000000000000000000e+00 2.639015821545797280e+00 5.000000000000000000e-01 1.190832517415287395e+00 1.565251954153789593e-01
5.000000000000000000e+00 3.031433133020806636e+00 5.000000000000000000e-01 1.176562765896650209e+00 1.299898205348109514e-01
5.000000000000000000e+00 3.482202253184508933e+00 5.000000000000000000e-01 1.194923408153223177e+00 1.889150569252385226e-01
5.000000000000000000e+00 4.000000000000015099e+00 5.000000000000000000e-01 1.125649407953115189e+00 4.512399109986463958e-02
5.000000000000000000e+00 4.594793419988157268e+00 5.000000000000000000e-01 1.140288785546328842e+00 6.021371149194152533e-02
5.000000000000000000e+00 5.278031643091598113e+00 5.000000000000000000e-01 1.146877720446557891e+00 1.159431769798469902e-01
5.000000000000000000e+00 6.062866266041616825e+00 5.000000000000000000e-01 1.163526423928269882e+00 7.400545107763571717e-02
5.000000000000000000e+00 6.964404506369022307e+00 5.000000000000000000e-01 1.137123214559977447e+00 5.678231777972411048e-02
5.000000000000000000e+00 8.000000000000033751e+00 5.000000000000000000e-01 1.139374825477754705e+00 6.046940364686201330e-02
5.000000000000000000e+00 9.189586839976321642e+00 5.000000000000000000e-01 1.148820268423235369e+00 7.792521950218689319e-02
5.000000000000000000e+00 1.055606328618320155e+01 5.000000000000000000e-01 1.221620987664886915e+00 1.267163645011279149e-01
5.000000000000000000e+00 1.212573253208324076e+01 5.000000000000000000e-01 1.162257182502683950e+00 6.143771211572846697e-02
5.000000000000000000e+00 1.392880901273805350e+01 5.000000000000000000e-01 1.166839573965552601e+00 1.076439035945578465e-01
5.000000000000000000e+00 1.600000000000007816e+01 5.000000000000000000e-01 1.178814384102793822e+00 1.554006694358911200e-01
