5.000000000000000000e+00 7.812500000000000000e-03 7.500000000000000000e-01 5.121811348386927421e+00 1.241632561023203740e+00
5.000000000000000000e+00 8.373230176064788352e-03 7.500000000000000000e-01 5.246618306804977649e+00 1.090029512052717475e+00
5.000000000000000000e+00 8.974205898414331500e-03 7.500000000000000000e-01 4.836827573225299659e+00 1.187061255896316725e+00
5.000000000000000000e+00 9.618315729257151739e-03 7.500000000000000000e-01 4.637809529056740487e+00 1.108092020939280609e+00
5.000000000000000000e+00 1.030865555291322552e-02 7.500000000000000000e-01 4.142974310568731333e+00 1.431686334186945686e+00
5.000000000000000000e+00 1.104854345603979195e-02 7.500000000000000000e-01 3.913606790156146875e+00 1.194978928781067262e+00
5.000000000000000000e+00 1.184153567586246694e-02 7.500000000000000000e-01 3.583739150148335106e+00 1.261065791165628225e+00
5.000000000000000000e+00 1.269144369306615845e-02 7.500000000000000000e-01 3.139750725312637325e+00 1.176059060963035030e+00
5.000000000000000000e+00 1.360235255150191343e-02 7.500000000000000000e-01 2.915039290348530709e+00 1.061533440542956841e+00
5.000000000000000000e+00 1.457864049276258282e-02 7.500000000000000000e-01 2.670711893520927305e+00 1.023184274466551136e+00
5.000000000000000000e+00 1.562499999999996184e-02 7.500000000000000000e-01 2.422554236437679087e+00 9.300641426905730258e-01
5.000000000000000000e+00 1.674646035212953507e-02 7.500000000000000000e-01 2.265399563294227647e+00 9.350627803428923634e-01
5.000000000000000000e+00 1.794841179682861790e-02 7.500000000000000000e-01 2.050418629898882905e+00 8.476968851597935783e-01
5.000000000000000000e+00 1.923663145851425491e-02 7.500000000000000000e-01 1.926068209455430447e+00 8.489250605141749340e-01
5.000000000000000000e+00 2.061731110582640247e-02 7.500000000000000000e-01 1.794747408406883959e+00 7.774187878283266295e-01
5.000000000000000000e+00 2.209708691207952838e-02 7.500000000000000000e-01 1.720964530235048029e+00 8.533287159865375893e-01
5.000000000000000000e+00 2.368307135172487837e-02 7.500000000000000000e-01 1.612787644743587823e+00 7.842061404141980052e-01
5.000000000000000000e+00 2.538288738613225445e-02 7.500000000000000000e-01 1.512580011457624440e+00 7.198602114619013781e-01
5.000000000000000000e+00 2.720470510300375747e-02 7.500000000000000000e-01 1.442052992069820183e+00 6.853050289034818832e-01
5.000000000000000000e+00 2.915728098552509626e-02 7.500000000000000000e-01 1.375159454355657340e+00 6.445313428266465916e-01
5.000000000000000000e+00 3.124999999999984734e-02 7.500000000000000000e-01 1.299229685129943856e+00 5.543037930521290679e-01
5.000000000000000000e+00 3.349292070425898687e-02 7.500000000000000000e-01 1.264417045200667777e+00 5.530152898424350871e-01
5.000000000000000000e+00 3.589682359365715253e-02 7.500000000000000000e-01 1.203190532005821156e+00 4.444930606746562707e-01
5.000000000000000000e+00 3.847326291702841267e-02 7.500000000000000000e-01 1.159711344719732917e+00 3.704046402808675587e-01
5.000000000000000000e+00 4.123462221165270086e-02 7.500000000000000000e-01 1.125117957365041388e+00 3.048327626020118641e-01
5.000000000000000000e+00 4.419417382415894574e-02 7.500000000000000000e-01 1.098126329333610762e+00 2.496630767622017022e-01
5.000000000000000000e+00 4.736614270344963878e-02 7.500000000000000000e-01 1.077647091700407955e+00 2.043605037405500369e-01
5.000000000000000000e+00 5.076577477226438401e-02 7.500000000000000000e-01 1.063228240566969962e+00 1.708892741255669534e-01
5.000000000000000000e+00 5.440941020600738309e-02 7.500000000000000000e-01 1.052888490859598125e+00 1.453464966138036940e-01
5.000000000000000000e+00 5.831456197105004680e-02 7.500000000000000000e-01 1.044249312139987174e+00 1.224717232828427399e-01
5.000000000000000000e+00 6.249999999999953509e-02 7.500000000000000000e-01 1.038196480035779690e+00 1.059271990190703422e-01
5.000000000000000000e+00 6.698584140851780722e-02 7.500000000000000000e-01 1.032901469383475490e+00 9.090676948649971389e-02
5.000000000000000000e+00 7.179364718731412465e-02 7.500000000000000000e-01 1.029136711834908624e+00 8.009823301953898633e-02
5.000000000000000000e+00 7.694652583405664492e-02 7.500000000000000000e-01 1.025176703703773118e+00 6.853115029182851869e-02
5.000000000000000000e+00 8.246924442330520744e-02 7.500000000000000000e-01 1.021638886960322123e+00 5.814707340144364273e-02
5.000000000000000000e+00 8.838834764831768331e-02 7.500000000000000000e-01 1.018290969662973833e+00 4.829248287096645637e-02
5.000000000000000000e+00 9.473228540689904165e-02 7.500000000000000000e-01 1.015463098759172844e+00 3.997202331705617534e-02
5.000000000000000000e+00 1.015315495445285182e-01 7.500000000000000000e-01 1.012839926000734803e+00 3.224793223681660798e-02
5.000000000000000000e+00 1.088188204120145025e-01 7.500000000000000000e-01 1.010723192516374436e+00 2.603067676239299161e-02
5.000000000000000000e+00 1.166291239420998022e-01 7.500000000000000000e-01 1.008998223923877502e+00 2.098244266212329762e-02
5.000000000000000000e+00 1.249999999999987649e-01 7.500000000000000000e-01 1.007648867573341933e+00 1.706047696533533053e-02
5.000000000000000000e+00 1.339716828170352814e-01 7.500000000000000000e-01 1.006631374004008705e+00 1.413861490635720357e-02
5.000000000000000000e+00 1.435872943746278885e-01 7.500000000000000000e-01 1.005825210799071945e+00 1.185969355731494000e-02
5.000000000000000000e+00 1.538930516681129013e-01 7.500000000000000000e-01 1.005213616616516870e+00 1.017588274071337152e-02
5.000000000000000000e+00 1.649384888466099985e-01 7.500000000000000000e-01 1.004585042820247631e+00 8.456870971686507310e-03
5.000000000000000000e+00 1.767766952966349225e-01 7.500000000000000000e-01 1.003906128275993570e+00 6.605725249973878194e-03
5.000000000000000000e+00 1.894645708137976114e-01 7.500000000000000000e-01 1.003228778891986916e+00 4.781284623072998806e-03
5.000000000000000000e+00 2.030630990890565368e-01 7.500000000000000000e-01 1.002686404576105472e+00 3.382190725953231319e-03
5.000000000000000000e+00 2.176376408240284499e-01 7.500000000000000000e-01 1.002333071134719367e+00 2.559521954307846219e-03
5.000000000000000000e+00 2.332582478841990492e-01 7.500000000000000000e-01 1.002067081637597612e+00 2.003634581704576666e-03
5.000000000000000000e+00 2.499999999999969191e-01 7.500000000000000000e-01 1.001815804670702859e+00 1.497974999483979094e-03
5.000000000000000000e+00 2.679433656340699521e-01 7.500000000000000000e-01 1.001601500733529049e+00 1.093437735140149981e-03
5.000000000000000000e+00 2.871745887492550553e-01 7.500000000000000000e-01 1.001481359457027320e+00 9.023013621419206107e-04
5.000000000000000000e+00 3.077861033362250809e-01 7.500000000000000000e-01 1.001446822655399194e+00 8.524944950524737056e-04
5.000000000000000000e+00 3.298769776932191644e-01 7.500000000000000000e-01 1.001470465322536807e+00 8.286422403626259470e-04
5.000000000000000000e+00 3.535533905932689569e-01 7.500000000000000000e-01 1.001592342412244818e+00 8.474827888985969355e-04
5.000000000000000000e+00 3.789291416275942792e-01 7.500000000000000000e-01 1.001868359928239638e+00 9.151150662452796434e-04
5.000000000000000000e+00 4.061261981781120745e-01 7.500000000000000000e-01 1.002396377883254752e+00 1.078304871626353323e-03
5.000000000000000000e+00 4.352752816480558451e-01 7.500000000000000000e-01 1.003383539961037796e+00 1.628155498129434239e-03
5.000000000000000000e+00 4.665164957683969327e-01 7.500000000000000000e-01 1.005225298282705904e+00 3.102708508770166216e-03
5.000000000000000000e+00 4.999999999999926170e-01 7.500000000000000000e-01 1.008660118575243958e+00 6.342609787752410098e-03
5.000000000000000000e+00 5.358867312681385719e-01 7.500000000000000000e-01 1.015027004877183003e+00 1.292007202365304773e-02
5.000000000000000000e+00 5.743491774985087783e-01 7.500000000000000000e-01 1.025845990897790161e+00 2.478772088906917165e-02
5.000000000000000000e+00 6.155722066724486075e-01 7.500000000000000000e-01 1.040949988789568348e+00 4.120651332011527473e-02
5.000000000000000000e+00 6.597539553864367745e-01 7.500000000000000000e-01 1.057311569001805562e+00 5.594661164765370176e-02
5.000000000000000000e+00 7.071067811865362485e-01 7.500000000000000000e-01 1.072986884829147058e+00 6.288868533344410539e-02
5.000000000000000000e+00 7.578582832551866710e-01 7.500000000000000000e-01 1.087835749363063043e+00 6.720638370674798800e-02
5.000000000000000000e+00 8.122523963562221505e-01 7.500000000000000000e-01 1.106479611451404832e+00 8.007401009589810992e-02
5.000000000000000000e+00 8.705505632961095808e-01 7.500000000000000000e-01 1.126536671909161402e+00 9.434163008255623539e-02
5.000000000000000000e+00 9.330329915367915339e-01 7.500000000000000000e-01 1.142680928980400523e+00 1.106338564938939562e-01
5.000000000000000000e+00 9.999999999999827915e-01 7.500000000000000000e-01 1.155631179974455858e+00 1.234265873194926311e-01
5.000000000000000000e+00 1.071773462536274479e+00 7.500000000000000000e-01 1.170333641507481426e+00 1.382563118267411684e-01
5.000000000000000000e+00 1.148698354997014670e+00 7.500000000000000000e-01 1.179470847660401667e+00 1.472410894112218538e-01
5.000000000000000000e+00 1.231144413344894106e+00 7.500000000000000000e-01 1.176089753904393742e+00 1.375304701551147979e-01
5.000000000000000000e+00 1.319507910772870218e+00 7.500000000000000000e-01 1.163643626603032111e+00 1.154323291468302148e-01
5.000000000000000000e+00 1.414213562373068944e+00 7.500000000000000000e-01 1.154223444581860214e+00 9.528290864403264615e-02
5.000000000000000000e+00 1.515716566510369789e+00 7.500000000000000000e-01 1.149786601508637540e+00 8.500163139431346493e-02
5.000000000000000000e+00 1.624504792712440304e+00 7.500000000000000000e-01 1.151071377179761157e+00 9.949974490387940296e-02
5.000000000000000000e+00 1.741101126592214943e+00 7.500000000000000000e-01 1.153786386544315423e+00 1.117738697742345910e-01
5.000000000000000000e+00 1.866065983073578627e+00 7.500000000000000000e-01 1.168969496235749750e+00 1.342553666278444302e-01
5.000000000000000000e+00 1.999999999999960698e+00 7.500000000000000000e-01 1.165635505864740518e+00 1.245345749149791015e-01
5.000000000000000000e+00 2.143546925072543630e+00 7.500000000000000000e-01 1.158891764113102685e+00 1.044940471685427835e-01
5.000000000000000000e+00 2.297396709994023567e+00 7.500000000000000000e-01 1.175741843940880216e+00 1.238694483715582773e-01
5.000000000000000000e+00 2.462288826689782439e+00 7.500000000000000000e-01 1.182957639996570220e+00 1.510070455376011089e-01
5.000000000000000000e+00 2.639015821545733775e+00 7.500000000000000000e-01 1.184763113405152168e+00 1.498208348944136681e-01
5.000000000000000000e+00 2.828427124746130783e+00 7.500000000000000000e-01 1.178884834175464302e+00 1.374140645820238760e-01
5.000000000000000000e+00 3.031433133020732029e+00 7.500000000000000000e-01 1.168707263584052303e+00 1.235636383321327553e-01
5.000000000000000000e+00 3.249009585424872615e+00 7.500000000000000000e-01 1.199284956355616716e+00 2.057337778577505161e-01
5.000000000000000000e+00 3.482202253184421004e+00 7.500000000000000000e-01 1.188149662430127096e+00 1.836155697518027652e-01
5.000000000000000000e+00 3.732131966147147928e+00 7.500000000000000000e-01 1.147283492820731610e+00 8.980243420780069374e-02
5.000000000000000000e+00 3.999999999999911182e+00 7.500000000000000000e-01 1.121050724372284702e+00 4.383425467316059282e-02
5.000000000000000000e+00 4.287093850145076601e+00 7.500000000000000000e-01 1.146387535765140964e+00 1.214446862817689793e-01
5.000000000000000000e+00 4.594793419988035588e+00 7.500000000000000000e-01 1.135072752076746294e+00 5.786947996279991069e-02
5.000000000000000000e+00 4.924577653379552444e+00 7.500000000000000000e-01 1.154916993959570259e+00 6.205508308389154348e-02
5.000000000000000000e+00 5.278031643091455116e+00 7.500000000000000000e-01 1.141696952003127041e+00 1.116510589483554611e-01
5.000000000000000000e+00 5.656854249492248243e+00 7.500000000000000000e-01 1.124541982406712881e+00 7.282223202778545512e-02
5.000000000000000000e+00 6.062866266041448959e+00 7.500000000000000000e-01 1.156068247410482641e+00 7.078495413592161833e-02
5.000000000000000000e+00 6.498019170849729242e+00 7.500000000000000000e-01 1.141517069834991238e+00 6.166432501143068873e-02
5.000000000000000000e+00 6.964404506368825132e+00 7.500000000000000000e-01 1.131940053720212891e+00 5.394109587018022789e-02
5.000000000000000000e+00 7.464263932294277204e+00 7.500000000000000000e-01 1.155114930246056160e+00 5.481461502152664561e-02
5.000000000000000000e+00 7.999999999999802824e+00 7.500000000000000000e-01 1.134003473142212837e+00 5.798777840670163441e-02
5.000000000000000000e+00 8.574187700290131886e+00 7.500000000000000000e-01 1.155245763611391974e+00 9.512365065443126322e-02
5.000000000000000000e+00 9.189586839976049859e+00 7.500000000000000000e-01 1.143019867469637019e+00 7.525007303611697118e-02
5.000000000000000000e+00 9.849155306759080020e+00 7.500000000000000000e-01 1.184766581755424042e+00 1.027745219604908750e-01
5.000000000000000000e+00 1.055606328618288359e+01 7.500000000000000000e-01 1.214111300652916281e+00 1.233768271186283516e-01
5.000000000000000000e+00 1.131370849898446806e+01 7.500000000000000000e-01 1.172159547992497330e+00 9.854983897021472872e-02
5.000000000000000000e+00 1.212573253208286772e+01 7.500000000000000000e-01 1.157282323573656235e+00 5.936902412345334418e-02
5.000000000000000000e+00 1.299603834169942651e+01 7.500000000000000000e-01 1.187599939629393697e+00 9.868720570130957992e-02
5.000000000000000000e+00 1.392880901273761651e+01 7.500000000000000000e-01 1.161012144949921554e+00 1.043287070538725519e-01
5.000000000000000000e+00 1.492852786458851710e+01 7.500000000000000000e-01 1.143183138315890135e+00 8.054882239511672315e-02
5.000000000000000000e+00 1.599999999999956657e+01 7.500000000000000000e-01 1.171972158488329141e+00 1.495272117883709173e-01
5.000000000000000000e+00 1.714837540058022114e+01 7.500000000000000000e-01 1.153518519850422308e+00 8.623823708308532565e-02
5.000000000000000000e+00 1.837917367995205353e+01 7.500000000000000000e-01 1.180152276449222271e+00 8.363302053131703440e-02
5.000000000000000000e+00 1.969831061351811385e+01 7.500000000000000000e-01 1.151099766579807504e+00 1.127638039679815657e-01
5.000000000000000000e+00 2.111212657236571388e+01 7.500000000000000000e-01 1.149846357263921481e+00 7.441282225958958940e-02
5.000000000000000000e+00 2.262741699796887929e+01 7.500000000000000000e-01 1.127896511808955671e+00 5.185595870416795372e-02
5.000000000000000000e+00 2.425146506416567505e+01 7.500000000000000000e-01 1.133504562866157750e+00 4.664326729509168934e-02
5.000000000000000000e+00 2.599207668339878907e+01 7.500000000000000000e-01 1.193508526632562905e+00 1.453257496162186635e-01
5.000000000000000000e+00 2.785761802547516197e+01 7.500000000000000000e-01 1.163529559766294019e+00 1.153252548445060782e-01
5.000000000000000000e+00 2.985705572917696315e+01 7.500000000000000000e-01 1.151830285082120486e+00 6.438188975329625641e-02
5.000000000000000000e+00 3.199999999999905498e+01 7.500000000000000000e-01 1.151951331056886074e+00 8.631031498465045748e-02
