5.000000000000000000e+00 7.812500000000000000e-03 8.399999999999999689e-01 5.021300348413602066e+00 1.274110872276397632e+00
5.000000000000000000e+00 8.373230176064788352e-03 8.399999999999999689e-01 5.436931901662993560e+00 9.676460127761115082e-01
5.000000000000000000e+00 8.974205898414331500e-03 8.399999999999999689e-01 5.032640240954901145e+00 1.080442683214050570e+00
5.000000000000000000e+00 9.618315729257151739e-03 8.399999999999999689e-01 5.241954195228506030e+00 9.302209512649017853e-01
5.000000000000000000e+00 1.030865555291322552e-02 8.399999999999999689e-01 4.609888056513127275e+00 1.396787702549343813e+00
5.000000000000000000e+00 1.104854345603979195e-02 8.399999999999999689e-01 4.570318563945615864e+00 9.380035416923304670e-01
5.000000000000000000e+00 1.184153567586246694e-02 8.399999999999999689e-01 4.333939694683631494e+00 1.193339066302314899e+00
5.000000000000000000e+00 1.269144369306615845e-02 8.399999999999999689e-01 3.978399480184022785e+00 1.187663332813301054e+00
5.000000000000000000e+00 1.360235255150191343e-02 8.399999999999999689e-01 3.612787761293455358e+00 1.187529031625943254e+00
5.000000000000000000e+00 1.457864049276258282e-02 8.399999999999999689e-01 3.372005849839205815e+00 1.104422945834810044e+00
5.000000000000000000e+00 1.562499999999996184e-02 8.399999999999999689e-01 3.118350920587412922e+00 1.101778176854206759e+00
5.000000000000000000e+00 1.674646035212953507e-02 8.399999999999999689e-01 2.909228844464350594e+00 1.055249400224381962e+00
5.000000000000000000e+00 1.794841179682861790e-02 8.399999999999999689e-01 2.603168199399207516e+00 9.321468720236777417e-01
5.000000000000000000e+00 1.923663145851425491e-02 8.399999999999999689e-01 2.441502453490381974e+00 9.176426437970861549e-01
5.000000000000000000e+00 2.061731110582640247e-02 8.399999999999999689e-01 2.236407788669727559e+00 8.344910692063759461e-01
5.000000000000000000e+00 2.209708691207952838e-02 8.399999999999999689e-01 2.104581619003974780e+00 8.990167276428840948e-01
5.000000000000000000e+00 2.368307135172487837e-02 8.399999999999999689e-01 1.966859372074641898e+00 8.929623427173581929e-01
5.000000000000000000e+00 2.538288738613225445e-02 8.399999999999999689e-01 1.840023253718955587e+00 8.864813420263516486e-01
5.000000000000000000e+00 2.720470510300375747e-02 8.399999999999999689e-01 1.722396437497189625e+00 8.486743856364588057e-01
5.000000000000000000e+00 2.915728098552509626e-02 8.399999999999999689e-01 1.630773491913280582e+00 8.578454892966753675e-01
5.000000000000000000e+00 3.124999999999984734e-02 8.399999999999999689e-01 1.542131464469631119e+00 8.551297379714714042e-01
5.000000000000000000e+00 3.349292070425898687e-02 8.399999999999999689e-01 1.478335590512168896e+00 8.789912391034243599e-01
5.000000000000000000e+00 3.589682359365715253e-02 8.399999999999999689e-01 1.393602403179788007e+00 7.926904068209912335e-01
5.000000000000000000e+00 3.847326291702841267e-02 8.399999999999999689e-01 1.326748061465715667e+00 7.246024617567837778e-01
5.000000000000000000e+00 4.123462221165270086e-02 8.399999999999999689e-01 1.267787393438088772e+00 6.393577790402845684e-01
5.000000000000000000e+00 4.419417382415894574e-02 8.399999999999999689e-01 1.217808265706313176e+00 5.519751012923667099e-01
5.000000000000000000e+00 4.736614270344963878e-02 8.399999999999999689e-01 1.175318370713462235e+00 4.640585489020267462e-01
5.000000000000000000e+00 5.076577477226438401e-02 8.399999999999999689e-01 1.144642094006162569e+00 3.959135284696244650e-01
5.000000000000000000e+00 5.440941020600738309e-02 8.399999999999999689e-01 1.121616756043191554e+00 3.401844695226284854e-01
5.000000000000000000e+00 5.831456197105004680e-02 8.399999999999999689e-01 1.102628377752337796e+00 2.906110868912843426e-01
5.000000000000000000e+00 6.249999999999953509e-02 8.399999999999999689e-01 1.088794056230427909e+00 2.530124778473499259e-01
5.000000000000000000e+00 6.698584140851780722e-02 8.399999999999999689e-01 1.076913764280312380e+00 2.194390936915396328e-01
5.000000000000000000e+00 7.179364718731412465e-02 8.399999999999999689e-01 1.068365997605166040e+00 1.949339698420960720e-01
5.000000000000000000e+00 7.694652583405664492e-02 8.399999999999999689e-01 1.059116371238450816e+00 1.678945130795330143e-01
5.000000000000000000e+00 8.246924442330520744e-02 8.399999999999999689e-01 1.050717900416491712e+00 1.431974877978043625e-01
5.000000000000000000e+00 8.838834764831768331e-02 8.399999999999999689e-01 1.042492680442073771e+00 1.189134963419567065e-01
5.000000000000000000e+00 9.473228540689904165e-02 8.399999999999999689e-01 1.035609255707367726e+00 9.858209463972025799e-02
5.000000000000000000e+00 1.015315495445285182e-01 8.399999999999999689e-01 1.029082272603144776e+00 7.926563792113952567e-02
5.000000000000000000e+00 1.088188204120145025e-01 8.399999999999999689e-01 1.023865459025190550e+00 6.383717482492086426e-02
5.000000000000000000e+00 1.166291239420998022e-01 8.399999999999999689e-01 1.019672011580440962e+00 5.144994222143355056e-02
5.000000000000000000e+00 1.249999999999987649e-01 8.399999999999999689e-01 1.016391155784075462e+00 4.178450788484944917e-02
5.000000000000000000e+00 1.339716828170352814e-01 8.399999999999999689e-01 1.013953629528490108e+00 3.464484233745937503e-02
5.000000000000000000e+00 1.435872943746278885e-01 8.399999999999999689e-01 1.012024198484313464e+00 2.903477338999749593e-02
5.000000000000000000e+00 1.538930516681129013e-01 8.399999999999999689e-01 1.010607686961386920e+00 2.497483226788844643e-02
5.000000000000000000e+00 1.649384888466099985e-01 8.399999999999999689e-01 1.009145511578434240e+00 2.079509963742669568e-02
5.000000000000000000e+00 1.767766952966349225e-01 8.399999999999999689e-01 1.007563580928967362e+00 1.627691242478138470e-02
5.000000000000000000e+00 1.894645708137976114e-01 8.399999999999999689e-01 1.005993678356907894e+00 1.181845178860386689e-02
5.000000000000000000e+00 2.030630990890565368e-01 8.399999999999999689e-01 1.004759880900345070e+00 8.391102540157256706e-03
5.000000000000000000e+00 2.176376408240284499e-01 8.399999999999999689e-01 1.003989555067883677e+00 6.369596891903901367e-03
5.000000000000000000e+00 2.332582478841990492e-01 8.399999999999999689e-01 1.003431721404166810e+00 4.996884599778146467e-03
5.000000000000000000e+00 2.499999999999969191e-01 8.399999999999999689e-01 1.002907065652861585e+00 3.732578246885227824e-03
5.000000000000000000e+00 2.679433656340699521e-01 8.399999999999999689e-01 1.002462567127844650e+00 2.702658575322173726e-03
5.000000000000000000e+00 2.871745887492550553e-01 8.399999999999999689e-01 1.002226656132281457e+00 2.247779793493867063e-03
5.000000000000000000e+00 3.077861033362250809e-01 8.399999999999999689e-01 1.002159659490709398e+00 2.205781069470264585e-03
5.000000000000000000e+00 3.298769776932191644e-01 8.399999999999999689e-01 1.002164751323317615e+00 2.239331204697194311e-03
5.000000000000000000e+00 3.535533905932689569e-01 8.399999999999999689e-01 1.002285632377817315e+00 2.366039783298744779e-03
5.000000000000000000e+00 3.789291416275942792e-01 8.399999999999999689e-01 1.002568660083804852e+00 2.534530396847658150e-03
5.000000000000000000e+00 4.061261981781120745e-01 8.399999999999999689e-01 1.003087321422724276e+00 2.632450036102365609e-03
5.000000000000000000e+00 4.352752816480558451e-01 8.399999999999999689e-01 1.004037465456812939e+00 2.743155955606693761e-03
5.000000000000000000e+00 4.665164957683969327e-01 8.399999999999999689e-01 1.005808420616988386e+00 3.467350221123535834e-03
5.000000000000000000e+00 4.999999999999926170e-01 8.399999999999999689e-01 1.009140317073220272e+00 6.176381847990596898e-03
5.000000000000000000e+00 5.358867312681385719e-01 8.399999999999999689e-01 1.015382484636253579e+00 1.255932069864039609e-02
5.000000000000000000e+00 5.743491774985087783e-01 8.399999999999999689e-01 1.026069629541806361e+00 2.439034211171868874e-02
5.000000000000000000e+00 6.155722066724486075e-01 8.399999999999999689e-01 1.041049059507088481e+00 4.081994180403006323e-02
5.000000000000000000e+00 6.597539553864367745e-01 8.399999999999999689e-01 1.057311294390999024e+00 5.557545104896541299e-02
5.000000000000000000e+00 7.071067811865362485e-01 8.399999999999999689e-01 1.072906896258091880e+00 6.250107334333221409e-02
5.000000000000000000e+00 7.578582832551866710e-01 8.399999999999999689e-01 1.087693662542178252e+00 6.677038018724699986e-02
5.000000000000000000e+00 8.122523963562221505e-01 8.399999999999999689e-01 1.106255188547564661e+00 7.953883369155986816e-02
5.000000000000000000e+00 8.705505632961095808e-01 8.399999999999999689e-01 1.126185751051396622e+00 9.360314009619492837e-02
5.000000000000000000e+00 9.330329915367915339e-01 8.399999999999999689e-01 1.142184943668120400e+00 1.096911237274942885e-01
5.000000000000000000e+00 9.999999999999827915e-01 8.399999999999999689e-01 1.154974290879393184e+00 1.222984625234426054e-01
5.000000000000000000e+00 1.071773462536274479e+00 8.399999999999999689e-01 1.169552749451347795e+00 1.370566024298647267e-01
5.000000000000000000e+00 1.148698354997014670e+00 8.399999999999999689e-01 1.178586843355375446e+00 1.460657758364505843e-01
5.000000000000000000e+00 1.231144413344894106e+00 8.399999999999999689e-01 1.175155034535293019e+00 1.366236422495473446e-01
5.000000000000000000e+00 1.319507910772870218e+00 8.399999999999999689e-01 1.162636776055444798e+00 1.148957215394257048e-01
5.000000000000000000e+00 1.414213562373068944e+00 8.399999999999999689e-01 1.153009879402624449e+00 9.495116612239284937e-02
5.000000000000000000e+00 1.515716566510369789e+00 8.399999999999999689e-01 1.148454928727048685e+00 8.461609933748431844e-02
5.000000000000000000e+00 1.624504792712440304e+00 8.399999999999999689e-01 1.149818453207051672e+00 9.894988865972453862e-02
5.000000000000000000e+00 1.741101126592214943e+00 8.399999999999999689e-01 1.152559958376188964e+00 1.109977253946386050e-01
5.000000000000000000e+00 1.866065983073578627e+00 8.399999999999999689e-01 1.167565199855778557e+00 1.331337323874931811e-01
5.000000000000000000e+00 1.999999999999960698e+00 8.399999999999999689e-01 1.164359668770948764e+00 1.235685726707803633e-01
5.000000000000000000e+00 2.143546925072543630e+00 8.399999999999999689e-01 1.157866973206962413e+00 1.035682556894372275e-01
5.000000000000000000e+00 2.297396709994023567e+00 8.399999999999999689e-01 1.174746245959066515e+00 1.229334740692852312e-01
5.000000000000000000e+00 2.462288826689782439e+00 8.399999999999999689e-01 1.181970958651580972e+00 1.499615087178307327e-01
5.000000000000000000e+00 2.639015821545733775e+00 8.399999999999999689e-01 1.183632702112256574e+00 1.484242619519849926e-01
5.000000000000000000e+00 2.828427124746130783e+00 8.399999999999999689e-01 1.177393925954866694e+00 1.360862370671306609e-01
5.000000000000000000e+00 3.031433133020732029e+00 8.399999999999999689e-01 1.167154067776326576e+00 1.223017033536345916e-01
5.000000000000000000e+00 3.249009585424872615e+00 8.399999999999999689e-01 1.197891777377033673e+00 2.045576949545148682e-01
5.000000000000000000e+00 3.482202253184421004e+00 8.399999999999999689e-01 1.186775617994627607e+00 1.825880167906160367e-01
5.000000000000000000e+00 3.732131966147147928e+00 8.399999999999999689e-01 1.146422986945112132e+00 8.947026562473842093e-02
5.000000000000000000e+00 3.999999999999911182e+00 8.399999999999999689e-01 1.120079873761839595e+00 4.357476276944048654e-02
5.000000000000000000e+00 4.287093850145076601e+00 8.399999999999999689e-01 1.145025097923437318e+00 1.203354232983580990e-01
5.000000000000000000e+00 4.594793419988035588e+00 8.399999999999999689e-01 1.134006505410210419e+00 5.741783203419562054e-02
5.000000000000000000e+00 4.924577653379552444e+00 8.399999999999999689e-01 1.153652649975170030e+00 6.125260679975529088e-02
5.000000000000000000e+00 5.278031643091455116e+00 8.399999999999999689e-01 1.140691348110107084e+00 1.107408062026136036e-01
5.000000000000000000e+00 5.656854249492248243e+00 8.399999999999999689e-01 1.123227357945578930e+00 7.181072371950567024e-02
5.000000000000000000e+00 6.062866266041448959e+00 8.399999999999999689e-01 1.154511467433720240e+00 7.013700591630846193e-02
5.000000000000000000e+00 6.498019170849729242e+00 8.399999999999999689e-01 1.140325595197780428e+00 6.110683756450364934e-02
5.000000000000000000e+00 6.964404506368825132e+00 8.399999999999999689e-01 1.130924695394931234e+00 5.343032168345581562e-02
5.000000000000000000e+00 7.464263932294277204e+00 8.399999999999999689e-01 1.154018032153891760e+00 5.430297329853632504e-02
5.000000000000000000e+00 7.999999999999802824e+00 8.399999999999999689e-01 1.132792151327032704e+00 5.743677657324459257e-02
5.000000000000000000e+00 8.574187700290131886e+00 8.399999999999999689e-01 1.153850321010035263e+00 9.388650339383507182e-02
5.000000000000000000e+00 9.189586839976049859e+00 8.399999999999999689e-01 1.141796713709382072e+00 7.462635724001469295e-02
5.000000000000000000e+00 9.849155306759080020e+00 8.399999999999999689e-01 1.183241443015709216e+00 1.018552338063096890e-01
5.000000000000000000e+00 1.055606328618288359e+01 8.399999999999999689e-01 1.212647481635347857e+00 1.226972683537823072e-01
5.000000000000000000e+00 1.131370849898446806e+01 8.399999999999999689e-01 1.170985994253937346e+00 9.800641565444204173e-02
5.000000000000000000e+00 1.212573253208286772e+01 8.399999999999999689e-01 1.156320499804039725e+00 5.894834863858487012e-02
5.000000000000000000e+00 1.299603834169942651e+01 8.399999999999999689e-01 1.185911809110129056e+00 9.766833697007580584e-02
5.000000000000000000e+00 1.392880901273761651e+01 8.399999999999999689e-01 1.159726169604358592e+00 1.036276565998616866e-01
5.000000000000000000e+00 1.492852786458851710e+01 8.399999999999999689e-01 1.141984722903611971e+00 8.023120931985405768e-02
5.000000000000000000e+00 1.599999999999956657e+01 8.399999999999999689e-01 1.170608411838818030e+00 1.483438705858317885e-01
5.000000000000000000e+00 1.714837540058022114e+01 8.399999999999999689e-01 1.152401928274499276e+00 8.567310205129326228e-02
5.000000000000000000e+00 1.837917367995205353e+01 8.399999999999999689e-01 1.179040726035499587e+00 8.310908201820497998e-02
5.000000000000000000e+00 1.969831061351811385e+01 8.399999999999999689e-01 1.149959708141681247e+00 1.122055332447686321e-01
5.000000000000000000e+00 2.111212657236571388e+01 8.399999999999999689e-01 1.148730232675230223e+00 7.407894148965213366e-02
5.000000000000000000e+00 2.262741699796887929e+01 8.399999999999999689e-01 1.126882626335933946e+00 5.171612962473411818e-02
5.000000000000000000e+00 2.425146506416567505e+01 8.399999999999999689e-01 1.132650553388235615e+00 4.659045996327726424e-02
5.000000000000000000e+00 2.599207668339878907e+01 8.399999999999999689e-01 1.192558769887181569e+00 1.445399538194189204e-01
5.000000000000000000e+00 2.785761802547516197e+01 8.399999999999999689e-01 1.162569314373129048e+00 1.148259128647382415e-01
5.000000000000000000e+00 2.985705572917696315e+01 8.399999999999999689e-01 1.150868890355835505e+00 6.372891389846878363e-02
5.000000000000000000e+00 3.199999999999905498e+01 8.399999999999999689e-01 1.150782013219816324e+00 8.600772902122838515e-02
