5.000000000000000000e+00 7.812500000000000000e-03 8.000000000000000167e-02 1.672789404472763364e+00 3.333302208363683738e-01
5.000000000000000000e+00 8.373230176064788352e-03 8.000000000000000167e-02 1.565052815062691227e+00 2.950021954463887819e-01
5.000000000000000000e+00 8.974205898414331500e-03 8.000000000000000167e-02 1.502811303136695198e+00 2.595614763242772294e-01
5.000000000000000000e+00 9.618315729257151739e-03 8.000000000000000167e-02 1.434019063252718995e+00 2.545818527250507390e-01
5.000000000000000000e+00 1.030865555291322552e-02 8.000000000000000167e-02 1.371996751749661403e+00 2.082630267420899350e-01
5.000000000000000000e+00 1.104854345603979195e-02 8.000000000000000167e-02 1.331183862282163233e+00 2.114496897704862544e-01
5.000000000000000000e+00 1.184153567586246694e-02 8.000000000000000167e-02 1.273804281819356898e+00 1.905311569189827026e-01
5.000000000000000000e+00 1.269144369306615845e-02 8.000000000000000167e-02 1.219608674937322279e+00 1.630370611090799504e-01
5.000000000000000000e+00 1.360235255150191343e-02 8.000000000000000167e-02 1.197403152895966105e+00 1.535587563462540439e-01
5.000000000000000000e+00 1.457864049276258282e-02 8.000000000000000167e-02 1.166936351903400837e+00 1.439301834413402315e-01
5.000000000000000000e+00 1.562499999999996184e-02 8.000000000000000167e-02 1.145859604578471025e+00 1.398016898710506273e-01
5.000000000000000000e+00 1.674646035212953507e-02 8.000000000000000167e-02 1.128144156848659430e+00 1.410473261959275804e-01
5.000000000000000000e+00 1.794841179682861790e-02 8.000000000000000167e-02 1.104823886775343933e+00 1.193928982466752331e-01
5.000000000000000000e+00 1.923663145851425491e-02 8.000000000000000167e-02 1.083522929257237921e+00 9.516986358367181265e-02
5.000000000000000000e+00 2.061731110582640247e-02 8.000000000000000167e-02 1.076353236739973296e+00 9.875747348599571429e-02
5.000000000000000000e+00 2.209708691207952838e-02 8.000000000000000167e-02 1.066986628122182701e+00 9.769536844898502048e-02
5.000000000000000000e+00 2.368307135172487837e-02 8.000000000000000167e-02 1.052899252218363113e+00 7.760159080822770505e-02
5.000000000000000000e+00 2.538288738613225445e-02 8.000000000000000167e-02 1.042025031141113001e+00 6.479221813657690121e-02
5.000000000000000000e+00 2.720470510300375747e-02 8.000000000000000167e-02 1.036150017510250043e+00 6.102002228777547027e-02
5.000000000000000000e+00 2.915728098552509626e-02 8.000000000000000167e-02 1.029565011967196186e+00 5.369124079667085547e-02
5.000000000000000000e+00 3.124999999999984734e-02 8.000000000000000167e-02 1.022262420252936455e+00 4.202259379163714864e-02
5.000000000000000000e+00 3.349292070425898687e-02 8.000000000000000167e-02 1.019358545373922009e+00 4.097271080107903196e-02
5.000000000000000000e+00 3.589682359365715253e-02 8.000000000000000167e-02 1.014529947012188904e+00 3.195600969723740026e-02
5.000000000000000000e+00 3.847326291702841267e-02 8.000000000000000167e-02 1.011291399694564275e+00 2.631048860712912815e-02
5.000000000000000000e+00 4.123462221165270086e-02 8.000000000000000167e-02 1.008757659033157061e+00 2.149887787644098880e-02
5.000000000000000000e+00 4.419417382415894574e-02 8.000000000000000167e-02 1.006830770756387938e+00 1.761475987683027225e-02
5.000000000000000000e+00 4.736614270344963878e-02 8.000000000000000167e-02 1.005415044108655120e+00 1.454438493875495446e-02
5.000000000000000000e+00 5.076577477226438401e-02 8.000000000000000167e-02 1.004402568705578203e+00 1.222674791952192003e-02
5.000000000000000000e+00 5.440941020600738309e-02 8.000000000000000167e-02 1.003681955392851322e+00 1.046860422883839903e-02
5.000000000000000000e+00 5.831456197105004680e-02 8.000000000000000167e-02 1.003069898192857412e+00 8.855281155509861502e-03
5.000000000000000000e+00 6.249999999999953509e-02 8.000000000000000167e-02 1.002643978960380933e+00 7.695244114335865818e-03
5.000000000000000000e+00 6.698584140851780722e-02 8.000000000000000167e-02 1.002264962114977287e+00 6.620239860197981406e-03
5.000000000000000000e+00 7.179364718731412465e-02 8.000000000000000167e-02 1.001990795598317829e+00 5.831617594938213155e-03
5.000000000000000000e+00 7.694652583405664492e-02 8.000000000000000167e-02 1.001705872528408037e+00 4.997434187390810585e-03
5.000000000000000000e+00 8.246924442330520744e-02 8.000000000000000167e-02 1.001449262903254755e+00 4.241597158593927649e-03
5.000000000000000000e+00 8.838834764831768331e-02 8.000000000000000167e-02 1.001211193598023907e+00 3.537896164514212592e-03
5.000000000000000000e+00 9.473228540689904165e-02 8.000000000000000167e-02 1.001005725503427479e+00 2.929519680698526411e-03
5.000000000000000000e+00 1.015315495445285182e-01 8.000000000000000167e-02 1.000819259458666455e+00 2.376147298244718747e-03
5.000000000000000000e+00 1.088188204120145025e-01 8.000000000000000167e-02 1.000667318757049395e+00 1.924647155638858822e-03
5.000000000000000000e+00 1.166291239420998022e-01 8.000000000000000167e-02 1.000542742041825806e+00 1.553850314226288502e-03
5.000000000000000000e+00 1.249999999999987649e-01 8.000000000000000167e-02 1.000447023187392315e+00 1.268507714083930106e-03
5.000000000000000000e+00 1.339716828170352814e-01 8.000000000000000167e-02 1.000374954204569233e+00 1.053158602888460511e-03
5.000000000000000000e+00 1.435872943746278885e-01 8.000000000000000167e-02 1.000319551164368992e+00 8.868485489681105297e-04
5.000000000000000000e+00 1.538930516681129013e-01 8.000000000000000167e-02 1.000278161591867887e+00 7.613741639631933832e-04
5.000000000000000000e+00 1.649384888466099985e-01 8.000000000000000167e-02 1.000236691076156648e+00 6.339781117616576480e-04
5.000000000000000000e+00 1.767766952966349225e-01 8.000000000000000167e-02 1.000192905566069435e+00 4.970700309778972861e-04
5.000000000000000000e+00 1.894645708137976114e-01 8.000000000000000167e-02 1.000150986599179115e+00 3.616653848526288242e-04
5.000000000000000000e+00 2.030630990890565368e-01 8.000000000000000167e-02 1.000121238827317072e+00 2.565530914628379221e-04
5.000000000000000000e+00 2.176376408240284499e-01 8.000000000000000167e-02 1.000108966871958938e+00 1.940587543856069248e-04
5.000000000000000000e+00 2.332582478841990492e-01 8.000000000000000167e-02 1.000108278099187897e+00 1.509753450853562021e-04
5.000000000000000000e+00 2.499999999999969191e-01 8.000000000000000167e-02 1.000116540125716158e+00 1.115520314801465114e-04
5.000000000000000000e+00 2.679433656340699521e-01 8.000000000000000167e-02 1.000139873620613518e+00 8.389767061946650677e-05
5.000000000000000000e+00 2.871745887492550553e-01 8.000000000000000167e-02 1.000189396129660624e+00 8.728461036523102706e-05
5.000000000000000000e+00 3.077861033362250809e-01 8.000000000000000167e-02 1.000276861057251887e+00 1.238562050981830266e-04
5.000000000000000000e+00 3.298769776932191644e-01 8.000000000000000167e-02 1.000420370250955759e+00 1.992104348373936436e-04
5.000000000000000000e+00 3.535533905932689569e-01 8.000000000000000167e-02 1.000659965375521043e+00 3.375640238027940413e-04
5.000000000000000000e+00 3.789291416275942792e-01 8.000000000000000167e-02 1.001063029919762259e+00 5.916710025290505305e-04
5.000000000000000000e+00 4.061261981781120745e-01 8.000000000000000167e-02 1.001755154654913937e+00 1.066355299674357545e-03
5.000000000000000000e+00 4.352752816480558451e-01 8.000000000000000167e-02 1.002970570683160201e+00 1.977267869786353618e-03
5.000000000000000000e+00 4.665164957683969327e-01 8.000000000000000167e-02 1.005142945412565547e+00 3.761254372749514314e-03
5.000000000000000000e+00 4.999999999999926170e-01 8.000000000000000167e-02 1.009057782073570886e+00 7.299558696501965739e-03
5.000000000000000000e+00 5.358867312681385719e-01 8.000000000000000167e-02 1.016108326959779706e+00 1.426075347223720001e-02
5.000000000000000000e+00 5.743491774985087783e-01 8.000000000000000167e-02 1.027850072439028040e+00 2.661244780980311433e-02
5.000000000000000000e+00 6.155722066724486075e-01 8.000000000000000167e-02 1.044072091996467444e+00 4.346580362509391143e-02
5.000000000000000000e+00 6.597539553864367745e-01 8.000000000000000167e-02 1.061540102415742037e+00 5.846718667023155513e-02
5.000000000000000000e+00 7.071067811865362485e-01 8.000000000000000167e-02 1.078320329547939993e+00 6.591877481152995377e-02
5.000000000000000000e+00 7.578582832551866710e-01 8.000000000000000167e-02 1.094487641810081513e+00 7.185151987285259834e-02
5.000000000000000000e+00 8.122523963562221505e-01 8.000000000000000167e-02 1.115002627282185133e+00 8.774901552358792267e-02
5.000000000000000000e+00 8.705505632961095808e-01 8.000000000000000167e-02 1.137644848986296697e+00 1.065198709189290743e-01
5.000000000000000000e+00 9.330329915367915339e-01 8.000000000000000167e-02 1.157033606374997525e+00 1.282232423461732995e-01
5.000000000000000000e+00 9.999999999999827915e-01 8.000000000000000167e-02 1.173807734062921160e+00 1.466884314619636698e-01
5.000000000000000000e+00 1.071773462536274479e+00 8.000000000000000167e-02 1.190738944798788612e+00 1.639413085248281332e-01
5.000000000000000000e+00 1.148698354997014670e+00 8.000000000000000167e-02 1.200529887422888464e+00 1.724769748199278252e-01
5.000000000000000000e+00 1.231144413344894106e+00 8.000000000000000167e-02 1.196284308330096913e+00 1.579524700793649705e-01
5.000000000000000000e+00 1.319507910772870218e+00 8.000000000000000167e-02 1.183188164918736351e+00 1.292144008156417001e-01
5.000000000000000000e+00 1.414213562373068944e+00 8.000000000000000167e-02 1.175323778113332995e+00 1.052950052100836559e-01
5.000000000000000000e+00 1.515716566510369789e+00 8.000000000000000167e-02 1.172926090022783585e+00 9.588611791854388666e-02
5.000000000000000000e+00 1.624504792712440304e+00 8.000000000000000167e-02 1.174675858523522187e+00 1.138508276848828327e-01
5.000000000000000000e+00 1.741101126592214943e+00 8.000000000000000167e-02 1.178445277590899121e+00 1.301107472983128732e-01
5.000000000000000000e+00 1.866065983073578627e+00 8.000000000000000167e-02 1.196326408079808390e+00 1.576765436544038113e-01
5.000000000000000000e+00 1.999999999999960698e+00 8.000000000000000167e-02 1.190067571217677145e+00 1.438717329081045659e-01
5.000000000000000000e+00 2.143546925072543630e+00 8.000000000000000167e-02 1.179263983457709664e+00 1.208017085097974341e-01
5.000000000000000000e+00 2.297396709994023567e+00 8.000000000000000167e-02 1.196437434078848394e+00 1.388471551125634862e-01
5.000000000000000000e+00 2.462288826689782439e+00 8.000000000000000167e-02 1.205820003411783192e+00 1.704573789176581089e-01
5.000000000000000000e+00 2.639015821545733775e+00 8.000000000000000167e-02 1.211982736765414348e+00 1.782940190330887797e-01
5.000000000000000000e+00 2.828427124746130783e+00 8.000000000000000167e-02 1.212148205121856392e+00 1.657967515241289269e-01
5.000000000000000000e+00 3.031433133020732029e+00 8.000000000000000167e-02 1.203213055885623994e+00 1.521177074722284139e-01
5.000000000000000000e+00 3.249009585424872615e+00 8.000000000000000167e-02 1.231787082926728782e+00 2.384756631543092642e-01
5.000000000000000000e+00 3.482202253184421004e+00 8.000000000000000167e-02 1.217292526352042881e+00 2.069281445862876934e-01
5.000000000000000000e+00 3.732131966147147928e+00 8.000000000000000167e-02 1.166508761020442986e+00 9.750732360086519779e-02
5.000000000000000000e+00 3.999999999999911182e+00 8.000000000000000167e-02 1.140608025355323685e+00 4.979863094705659632e-02
5.000000000000000000e+00 4.287093850145076601e+00 8.000000000000000167e-02 1.174911050811275004e+00 1.486192077399979827e-01
5.000000000000000000e+00 4.594793419988035588e+00 8.000000000000000167e-02 1.157503289119200307e+00 6.869090092464723296e-02
5.000000000000000000e+00 4.924577653379552444e+00 8.000000000000000167e-02 1.183171083527598366e+00 7.877193819265877750e-02
5.000000000000000000e+00 5.278031643091455116e+00 8.000000000000000167e-02 1.164596205391651873e+00 1.302727796503657665e-01
5.000000000000000000e+00 5.656854249492248243e+00 8.000000000000000167e-02 1.149002435963140112e+00 9.171109835766529106e-02
5.000000000000000000e+00 6.062866266041448959e+00 8.000000000000000167e-02 1.187764201286176213e+00 8.535623087379314022e-02
5.000000000000000000e+00 6.498019170849729242e+00 8.000000000000000167e-02 1.167496614253623610e+00 7.033320838704573696e-02
5.000000000000000000e+00 6.964404506368825132e+00 8.000000000000000167e-02 1.154819287046869869e+00 6.734507056758268218e-02
5.000000000000000000e+00 7.464263932294277204e+00 8.000000000000000167e-02 1.178068939295794593e+00 6.803928472709463993e-02
5.000000000000000000e+00 7.999999999999802824e+00 8.000000000000000167e-02 1.155985807210270222e+00 6.839489384230566793e-02
5.000000000000000000e+00 8.574187700290131886e+00 8.000000000000000167e-02 1.183114435584176949e+00 1.227036539852250779e-01
5.000000000000000000e+00 9.189586839976049859e+00 8.000000000000000167e-02 1.167774759623537717e+00 8.631017677057717385e-02
5.000000000000000000e+00 9.849155306759080020e+00 8.000000000000000167e-02 1.216378876753906990e+00 1.204104012674327706e-01
5.000000000000000000e+00 1.055606328618288359e+01 8.000000000000000167e-02 1.247081852175205174e+00 1.381048972330460312e-01
5.000000000000000000e+00 1.131370849898446806e+01 8.000000000000000167e-02 1.197678546003182465e+00 1.141942401204094765e-01
5.000000000000000000e+00 1.212573253208286772e+01 8.000000000000000167e-02 1.179141490901245870e+00 6.854621846071731750e-02
5.000000000000000000e+00 1.299603834169942651e+01 8.000000000000000167e-02 1.219213464092777199e+00 1.168226222965377953e-01
5.000000000000000000e+00 1.392880901273761651e+01 8.000000000000000167e-02 1.185082891473925981e+00 1.182802206202917261e-01
5.000000000000000000e+00 1.492852786458851710e+01 8.000000000000000167e-02 1.167905397847953886e+00 9.052533953187728855e-02
5.000000000000000000e+00 1.599999999999956657e+01 8.000000000000000167e-02 1.201890236099478093e+00 1.752999089805729327e-01
5.000000000000000000e+00 1.714837540058022114e+01 8.000000000000000167e-02 1.177686128925098163e+00 9.916911983728221580e-02
5.000000000000000000e+00 1.837917367995205353e+01 8.000000000000000167e-02 1.204510238991600257e+00 9.621624788738747380e-02
5.000000000000000000e+00 1.969831061351811385e+01 8.000000000000000167e-02 1.175346422144684766e+00 1.289063199136826210e-01
5.000000000000000000e+00 2.111212657236571388e+01 8.000000000000000167e-02 1.175959165996658395e+00 8.764904781111221288e-02
5.000000000000000000e+00 2.262741699796887929e+01 8.000000000000000167e-02 1.150373546973155081e+00 5.919689454060910599e-02
5.000000000000000000e+00 2.425146506416567505e+01 8.000000000000000167e-02 1.153428884949803557e+00 5.405732517810223070e-02
5.000000000000000000e+00 2.599207668339878907e+01 8.000000000000000167e-02 1.218591181337337570e+00 1.702818941582697754e-01
5.000000000000000000e+00 2.785761802547516197e+01 8.000000000000000167e-02 1.184769684479703100e+00 1.293958932464684131e-01
5.000000000000000000e+00 2.985705572917696315e+01 8.000000000000000167e-02 1.174238884353676626e+00 7.975783334487833443e-02
5.000000000000000000e+00 3.199999999999905498e+01 8.000000000000000167e-02 1.175582763192636770e+00 9.832961078222525464e-02
