1.000000000000000000e+00 6.250000000000000000e-02 0.000000000000000000e+00 5.000000000000000000e+00 0.000000000000000000e+00
1.000000000000000000e+00 1.250000000000000000e-01 0.000000000000000000e+00 5.000000000000000000e+00 0.000000000000000000e+00
1.000000000000000000e+00 2.500000000000000000e-01 0.000000000000000000e+00 5.000000000000000000e+00 0.000000000000000000e+00
1.000000000000000000e+00 5.000000000000000000e-01 0.000000000000000000e+00 5.000000000000000000e+00 0.000000000000000000e+00
1.000000000000000000e+00 1.000000000000000000e+00 0.000000000000000000e+00 5.000000000000000000e+00 0.000000000000000000e+00
1.000000000000000000e+00 2.000000000000000000e+00 0.000000000000000000e+00 5.000000000000000000e+00 0.000000000000000000e+00
1.000000000000000000e+00 4.000000000000000000e+00 0.000000000000000000e+00 5.000000000000000000e+00 0.000000000000000000e+00
1.000000000000000000e+00 8.000000000000000000e+00 0.000000000000000000e+00 5.000000000000000000e+00 0.000000000000000000e+00
1.000000000000000000e+00 1.600000000000000000e+01 0.000000000000000000e+00 5.000000000000000000e+00 0.000000000000000000e+00
1.000000000000000000e+00 3.200000000000000000e+01 0.000000000000000000e+00 5.000000000000000000e+00 0.000000000000000000e+00
1.000000000000000000e+00 6.400000000000000000e+01 0.000000000000000000e+00 5.000000000000000000e+00 0.000000000000000000e+00
1.000000000000000000e+00 1.280000000000000000e+02 0.000000000000000000e+00 5.000000000000000000e+00 0.000000000000000000e+00
2.000000000000000000e+00 6.250000000000000000e-02 0.000000000000000000e+00 1.000000000000000000e+01 0.000000000000000000e+00
2.000000000000000000e+00 1.250000000000000000e-01 0.000000000000000000e+00 1.000000000000000000e+01 0.000000000000000000e+00
2.000000000000000000e+00 2.500000000000000000e-01 0.000000000000000000e+00 1.000000000000000000e+01 0.000000000000000000e+00
2.000000000000000000e+00 5.000000000000000000e-01 0.000000000000000000e+00 1.000000000000000000e+01 0.000000000000000000e+00
2.000000000000000000e+00 1.000000000000000000e+00 0.000000000000000000e+00 1.000000000000000000e+01 0.000000000000000000e+00
2.000000000000000000e+00 2.000000000000000000e+00 0.000000000000000000e+00 1.000000000000000000e+01 0.000000000000000000e+00
2.000000000000000000e+00 4.000000000000000000e+00 0.000000000000000000e+00 1.000000000000000000e+01 0.000000000000000000e+00
2.000000000000000000e+00 8.000000000000000000e+00 0.000000000000000000e+00 1.000000000000000000e+01 0.000000000000000000e+00
2.000000000000000000e+00 1.600000000000000000e+01 0.000000000000000000e+00 1.000000000000000000e+01 0.000000000000000000e+00
2.000000000000000000e+00 3.200000000000000000e+01 0.000000000000000000e+00 1.000000000000000000e+01 0.000000000000000000e+00
2.000000000000000000e+00 6.400000000000000000e+01 0.000000000000000000e+00 1.000000000000000000e+01 0.000000000000000000e+00
2.000000000000000000e+00 1.280000000000000000e+02 0.000000000000000000e+00 1.000000000000000000e+01 0.000000000000000000e+00
3.000000000000000000e+00 6.250000000000000000e-02 0.000000000000000000e+00 1.500000000000000000e+01 0.000000000000000000e+00
3.000000000000000000e+00 1.250000000000000000e-01 0.000000000000000000e+00 1.500000000000000000e+01 0.000000000000000000e+00
3.000000000000000000e+00 2.500000000000000000e-01 0.000000000000000000e+00 1.500000000000000000e+01 0.000000000000000000e+00
3.000000000000000000e+00 5.000000000000000000e-01 0.000000000000000000e+00 1.500000000000000000e+01 0.000000000000000000e+00
3.000000000000000000e+00 1.000000000000000000e+00 0.000000000000000000e+00 1.500000000000000000e+01 0.000000000000000000e+00
3.000000000000000000e+00 2.000000000000000000e+00 0.000000000000000000e+00 1.500000000000000000e+01 0.000000000000000000e+00
3.000000000000000000e+00 4.000000000000000000e+00 0.000000000000000000e+00 1.500000000000000000e+01 0.000000000000000000e+00
3.000000000000000000e+00 8.000000000000000000e+00 0.000000000000000000e+00 1.500000000000000000e+01 0.000000000000000000e+00
3.000000000000000000e+00 1.600000000000000000e+01 0.000000000000000000e+00 1.500000000000000000e+01 0.000000000000000000e+00
3.000000000000000000e+00 3.200000000000000000e+01 0.000000000000000000e+00 1.500000000000000000e+01 0.000000000000000000e+00
3.000000000000000000e+00 6.400000000000000000e+01 0.000000000000000000e+00 1.500000000000000000e+01 0.000000000000000000e+00
3.000000000000000000e+00 1.280000000000000000e+02 0.000000000000000000e+00 1.500000000000000000e+01 0.000000000000000000e+00
4.000000000000000000e+00 6.250000000000000000e-02 0.000000000000000000e+00 2.000000000000000000e+01 0.000000000000000000e+00
4.000000000000000000e+00 1.250000000000000000e-01 0.000000000000000000e+00 2.000000000000000000e+01 0.000000000000000000e+00
4.000000000000000000e+00 2.500000000000000000e-01 0.000000000000000000e+00 2.000000000000000000e+01 0.000000000000000000e+00
4.000000000000000000e+00 5.000000000000000000e-01 0.000000000000000000e+00 2.000000000000000000e+01 0.000000000000000000e+00
4.000000000000000000e+00 1.000000000000000000e+00 0.000000000000000000e+00 2.000000000000000000e+01 0.000000000000000000e+00
4.000000000000000000e+00 2.000000000000000000e+00 0.000000000000000000e+00 2.000000000000000000e+01 0.000000000000000000e+00
4.000000000000000000e+00 4.000000000000000000e+00 0.000000000000000000e+00 2.000000000000000000e+01 0.000000000000000000e+00
4.000000000000000000e+00 8.000000000000000000e+00 0.000000000000000000e+00 2.000000000000000000e+01 0.000000000000000000e+00
4.000000000000000000e+00 1.600000000000000000e+01 0.000000000000000000e+00 2.000000000000000000e+01 0.000000000000000000e+00
4.000000000000000000e+00 3.200000000000000000e+01 0.000000000000000000e+00 2.000000000000000000e+01 0.000000000000000000e+00
4.000000000000000000e+00 6.400000000000000000e+01 0.000000000000000000e+00 2.000000000000000000e+01 0.000000000000000000e+00
4.000000000000000000e+00 1.280000000000000000e+02 0.000000000000000000e+00 2.000000000000000000e+01 0.000000000000000000e+00
5.000000000000000000e+00 6.250000000000000000e-02 0.000000000000000000e+00 2.500000000000000000e+01 0.000000000000000000e+00
5.000000000000000000e+00 1.250000000000000000e-01 0.000000000000000000e+00 2.500000000000000000e+01 0.000000000000000000e+00
5.000000000000000000e+00 2.500000000000000000e-01 0.000000000000000000e+00 2.500000000000000000e+01 0.000000000000000000e+00
5.000000000000000000e+00 5.000000000000000000e-01 0.000000000000000000e+00 2.500000000000000000e+01 0.000000000000000000e+00
5.000000000000000000e+00 1.000000000000000000e+00 0.000000000000000000e+00 2.500000000000000000e+01 0.000000000000000000e+00
5.000000000000000000e+00 2.000000000000000000e+00 0.000000000000000000e+00 2.500000000000000000e+01 0.000000000000000000e+00
5.000000000000000000e+00 4.000000000000000000e+00 0.000000000000000000e+00 2.500000000000000000e+01 0.000000000000000000e+00
5.000000000000000000e+00 8.000000000000000000e+00 0.000000000000000000e+00 2.500000000000000000e+01 0.000000000000000000e+00
5.000000000000000000e+00 1.600000000000000000e+01 0.000000000000000000e+00 2.500000000000000000e+01 0.000000000000000000e+00
5.000000000000000000e+00 3.200000000000000000e+01 0.000000000000000000e+00 2.500000000000000000e+01 0.000000000000000000e+00
5.000000000000000000e+00 6.400000000000000000e+01 0.000000000000000000e+00 2.500000000000000000e+01 0.000000000000000000e+00
5.000000000000000000e+00 1.280000000000000000e+02 0.000000000000000000e+00 2.500000000000000000e+01 0.000000000000000000e+00
