5.000000000000000000e+00 7.812500000000000000e-03 4.099999999999999756e-01 2.664748080104096140e+00 8.114401697176161221e-01
5.000000000000000000e+00 8.373230176064788352e-03 4.099999999999999756e-01 2.429619845929967159e+00 7.415447034818026806e-01
5.000000000000000000e+00 8.974205898414331500e-03 4.099999999999999756e-01 2.270483309055417287e+00 6.649746367978178752e-01
5.000000000000000000e+00 9.618315729257151739e-03 4.099999999999999756e-01 2.097231786427289357e+00 6.440167051084292327e-01
5.000000000000000000e+00 1.030865555291322552e-02 4.099999999999999756e-01 1.929027776329804045e+00 5.247334659975202431e-01
5.000000000000000000e+00 1.104854345603979195e-02 4.099999999999999756e-01 1.828323165827466568e+00 5.214427346058101431e-01
5.000000000000000000e+00 1.184153567586246694e-02 4.099999999999999756e-01 1.686218541620221556e+00 4.747640890464374097e-01
5.000000000000000000e+00 1.269144369306615845e-02 4.099999999999999756e-01 1.544340735897022476e+00 3.981616182690800310e-01
5.000000000000000000e+00 1.360235255150191343e-02 4.099999999999999756e-01 1.488930786217765423e+00 3.762279564567077572e-01
5.000000000000000000e+00 1.457864049276258282e-02 4.099999999999999756e-01 1.415269009259067845e+00 3.573755707969663020e-01
5.000000000000000000e+00 1.562499999999996184e-02 4.099999999999999756e-01 1.359016188599591279e+00 3.392144788593856597e-01
5.000000000000000000e+00 1.674646035212953507e-02 4.099999999999999756e-01 1.317322967434304770e+00 3.485756358153089263e-01
5.000000000000000000e+00 1.794841179682861790e-02 4.099999999999999756e-01 1.258932018344919301e+00 2.940395598246850484e-01
5.000000000000000000e+00 1.923663145851425491e-02 4.099999999999999756e-01 1.207581035459468710e+00 2.381892593377933631e-01
5.000000000000000000e+00 2.061731110582640247e-02 4.099999999999999756e-01 1.188763892788325061e+00 2.442910429158593744e-01
5.000000000000000000e+00 2.209708691207952838e-02 4.099999999999999756e-01 1.166807166010177532e+00 2.446579789725459586e-01
5.000000000000000000e+00 2.368307135172487837e-02 4.099999999999999756e-01 1.131781979171752939e+00 1.944322024073183997e-01
5.000000000000000000e+00 2.538288738613225445e-02 4.099999999999999756e-01 1.104756441861797445e+00 1.621289473410839899e-01
5.000000000000000000e+00 2.720470510300375747e-02 4.099999999999999756e-01 1.090328853493980787e+00 1.529235277361978562e-01
5.000000000000000000e+00 2.915728098552509626e-02 4.099999999999999756e-01 1.073963015725731385e+00 1.343811696369672237e-01
5.000000000000000000e+00 3.124999999999984734e-02 4.099999999999999756e-01 1.055740726567793830e+00 1.048988243916906399e-01
5.000000000000000000e+00 3.349292070425898687e-02 4.099999999999999756e-01 1.048666055450122592e+00 1.023945420278375984e-01
5.000000000000000000e+00 3.589682359365715253e-02 4.099999999999999756e-01 1.036577466754323940e+00 7.951612421441854595e-02
5.000000000000000000e+00 3.847326291702841267e-02 4.099999999999999756e-01 1.028491120824659433e+00 6.521558376672423329e-02
5.000000000000000000e+00 4.123462221165270086e-02 4.099999999999999756e-01 1.022202205822762000e+00 5.315754678774223946e-02
5.000000000000000000e+00 4.419417382415894574e-02 4.099999999999999756e-01 1.017425333480801442e+00 4.344645561528069633e-02
5.000000000000000000e+00 4.736614270344963878e-02 4.099999999999999756e-01 1.013909400561163743e+00 3.577435294405686278e-02
5.000000000000000000e+00 5.076577477226438401e-02 4.099999999999999756e-01 1.011406361845553992e+00 3.002238458744199354e-02
5.000000000000000000e+00 5.440941020600738309e-02 4.099999999999999756e-01 1.009623429546743001e+00 2.566074214877618956e-02
5.000000000000000000e+00 5.831456197105004680e-02 4.099999999999999756e-01 1.008112635926777134e+00 2.167829555055863014e-02
5.000000000000000000e+00 6.249999999999953509e-02 4.099999999999999756e-01 1.007060244755729528e+00 1.881531110722758568e-02
5.000000000000000000e+00 6.698584140851780722e-02 4.099999999999999756e-01 1.006123802510378695e+00 1.616621053894750151e-02
5.000000000000000000e+00 7.179364718731412465e-02 4.099999999999999756e-01 1.005448931692165093e+00 1.423442941222080073e-02
5.000000000000000000e+00 7.694652583405664492e-02 4.099999999999999756e-01 1.004745500049439411e+00 1.218653577712247929e-02
5.000000000000000000e+00 8.246924442330520744e-02 4.099999999999999756e-01 1.004112789051368360e+00 1.033658438223484036e-02
5.000000000000000000e+00 8.838834764831768331e-02 4.099999999999999756e-01 1.003523128414498089e+00 8.609465534039425702e-03
5.000000000000000000e+00 9.473228540689904165e-02 4.099999999999999756e-01 1.003014983570598817e+00 7.123236986382792957e-03
5.000000000000000000e+00 1.015315495445285182e-01 4.099999999999999756e-01 1.002550364671297878e+00 5.765594065359653207e-03
5.000000000000000000e+00 1.088188204120145025e-01 4.099999999999999756e-01 1.002170573305513290e+00 4.661447150536741045e-03
5.000000000000000000e+00 1.166291239420998022e-01 4.099999999999999756e-01 1.001856940594027190e+00 3.756048213894750548e-03
5.000000000000000000e+00 1.249999999999987649e-01 4.099999999999999756e-01 1.001611722583930053e+00 3.057179672820513425e-03
5.000000000000000000e+00 1.339716828170352814e-01 4.099999999999999756e-01 1.001423574969347419e+00 2.531654664560687232e-03
5.000000000000000000e+00 1.435872943746278885e-01 4.099999999999999756e-01 1.001274036393805078e+00 2.124810506490974141e-03
5.000000000000000000e+00 1.538930516681129013e-01 4.099999999999999756e-01 1.001157086723565737e+00 1.818720683760337862e-03
5.000000000000000000e+00 1.649384888466099985e-01 4.099999999999999756e-01 1.001037416825169446e+00 1.508600592058083247e-03
5.000000000000000000e+00 1.767766952966349225e-01 4.099999999999999756e-01 1.000908955393431166e+00 1.176902565166745287e-03
5.000000000000000000e+00 1.894645708137976114e-01 4.099999999999999756e-01 1.000780989098579932e+00 8.519285563180921308e-04
5.000000000000000000e+00 2.030630990890565368e-01 4.099999999999999756e-01 1.000677910505122448e+00 6.046205427728687997e-04
5.000000000000000000e+00 2.176376408240284499e-01 4.099999999999999756e-01 1.000610664791907078e+00 4.598388755063536238e-04
5.000000000000000000e+00 2.332582478841990492e-01 4.099999999999999756e-01 1.000562320134241956e+00 3.611861905322514285e-04
5.000000000000000000e+00 2.499999999999969191e-01 4.099999999999999756e-01 1.000522075885464712e+00 2.718440619469881018e-04
5.000000000000000000e+00 2.679433656340699521e-01 4.099999999999999756e-01 1.000497788581226288e+00 1.990807200914110309e-04
5.000000000000000000e+00 2.871745887492550553e-01 4.099999999999999756e-01 1.000505674049846139e+00 1.532192776516035971e-04
5.000000000000000000e+00 3.077861033362250809e-01 4.099999999999999756e-01 1.000554709850049573e+00 1.253096920304057067e-04
5.000000000000000000e+00 3.298769776932191644e-01 4.099999999999999756e-01 1.000657004243727277e+00 1.340732759054236319e-04
5.000000000000000000e+00 3.535533905932689569e-01 4.099999999999999756e-01 1.000850964613049898e+00 2.368980878478432110e-04
5.000000000000000000e+00 3.789291416275942792e-01 4.099999999999999756e-01 1.001199611059458316e+00 4.694779827942148162e-04
5.000000000000000000e+00 4.061261981781120745e-01 4.099999999999999756e-01 1.001819192037292527e+00 9.174896864601421584e-04
5.000000000000000000e+00 4.352752816480558451e-01 4.099999999999999756e-01 1.002930062183085447e+00 1.784189043975746699e-03
5.000000000000000000e+00 4.665164957683969327e-01 4.099999999999999756e-01 1.004942960111585792e+00 3.488091638346422184e-03
5.000000000000000000e+00 4.999999999999926170e-01 4.099999999999999756e-01 1.008610218550779258e+00 6.882342416704991320e-03
5.000000000000000000e+00 5.358867312681385719e-01 4.099999999999999756e-01 1.015281802801238253e+00 1.360680984124320973e-02
5.000000000000000000e+00 5.743491774985087783e-01 4.099999999999999756e-01 1.026479729545539676e+00 2.564225834916017410e-02
5.000000000000000000e+00 6.155722066724486075e-01 4.099999999999999756e-01 1.042012868297686579e+00 4.220711851847327306e-02
5.000000000000000000e+00 6.597539553864367745e-01 4.099999999999999756e-01 1.058769602114905783e+00 5.704177141912943755e-02
5.000000000000000000e+00 7.071067811865362485e-01 4.099999999999999756e-01 1.074818266954917334e+00 6.418480744815673045e-02
5.000000000000000000e+00 7.578582832551866710e-01 4.099999999999999756e-01 1.090081998153779708e+00 6.906035054108330962e-02
5.000000000000000000e+00 8.122523963562221505e-01 4.099999999999999756e-01 1.109337629404981040e+00 8.297402572769811691e-02
5.000000000000000000e+00 8.705505632961095808e-01 4.099999999999999756e-01 1.130289222930421555e+00 9.888434698494624753e-02
5.000000000000000000e+00 9.330329915367915339e-01 4.099999999999999756e-01 1.147564654927097916e+00 1.170942605688516935e-01
5.000000000000000000e+00 9.999999999999827915e-01 4.099999999999999756e-01 1.161840476690973123e+00 1.318297413568711995e-01
5.000000000000000000e+00 1.071773462536274479e+00 4.099999999999999756e-01 1.177316315891912435e+00 1.474169892756401756e-01
5.000000000000000000e+00 1.148698354997014670e+00 4.099999999999999756e-01 1.186757722331509335e+00 1.562069609849088825e-01
5.000000000000000000e+00 1.231144413344894106e+00 4.099999999999999756e-01 1.183233359700837761e+00 1.447435059029787696e-01
5.000000000000000000e+00 1.319507910772870218e+00 4.099999999999999756e-01 1.170719387710515758e+00 1.201390957488072536e-01
5.000000000000000000e+00 1.414213562373068944e+00 4.099999999999999756e-01 1.162082250729606470e+00 9.857834243150204179e-02
5.000000000000000000e+00 1.515716566510369789e+00 4.099999999999999756e-01 1.158416642166114396e+00 8.859500678922573036e-02
5.000000000000000000e+00 1.624504792712440304e+00 4.099999999999999756e-01 1.159669625230763446e+00 1.043264163981645065e-01
5.000000000000000000e+00 1.741101126592214943e+00 4.099999999999999756e-01 1.162591486646461281e+00 1.180701960976650172e-01
5.000000000000000000e+00 1.866065983073578627e+00 4.099999999999999756e-01 1.178861929091577165e+00 1.426084557316710522e-01
5.000000000000000000e+00 1.999999999999960698e+00 4.099999999999999756e-01 1.174485509103405656e+00 1.314917073429596461e-01
5.000000000000000000e+00 2.143546925072543630e+00 4.099999999999999756e-01 1.166179897182976433e+00 1.105700159029106983e-01
5.000000000000000000e+00 2.297396709994023567e+00 4.099999999999999756e-01 1.183067458054084531e+00 1.295649587372159628e-01
5.000000000000000000e+00 2.462288826689782439e+00 4.099999999999999756e-01 1.190905031306387141e+00 1.581830157703475737e-01
5.000000000000000000e+00 2.639015821545733775e+00 4.099999999999999756e-01 1.194130774269307693e+00 1.600122750415644557e-01
5.000000000000000000e+00 2.828427124746130783e+00 4.099999999999999756e-01 1.190526451920315143e+00 1.474179949336293927e-01
5.000000000000000000e+00 3.031433133020732029e+00 4.099999999999999756e-01 1.180747000019075621e+00 1.334352507937050514e-01
5.000000000000000000e+00 3.249009585424872615e+00 4.099999999999999756e-01 1.210527060111922237e+00 2.167391336643101629e-01
5.000000000000000000e+00 3.482202253184421004e+00 4.099999999999999756e-01 1.198481753177118581e+00 1.917516986917120192e-01
5.000000000000000000e+00 3.732131966147147928e+00 4.099999999999999756e-01 1.153964946374810951e+00 9.242864789785619484e-02
5.000000000000000000e+00 3.999999999999911182e+00 4.099999999999999756e-01 1.128034374517584926e+00 4.582285304714358437e-02
5.000000000000000000e+00 4.287093850145076601e+00 4.099999999999999756e-01 1.156502053777415107e+00 1.307015317566993795e-01
5.000000000000000000e+00 4.594793419988035588e+00 4.099999999999999756e-01 1.143023289554569333e+00 6.149878892751595161e-02
5.000000000000000000e+00 4.924577653379552444e+00 4.099999999999999756e-01 1.164813479514763106e+00 6.797022345598949244e-02
5.000000000000000000e+00 5.278031643091455116e+00 4.099999999999999756e-01 1.149646013075968920e+00 1.181926652835355585e-01
5.000000000000000000e+00 5.656854249492248243e+00 4.099999999999999756e-01 1.133489217230673640e+00 7.961369352209005101e-02
5.000000000000000000e+00 6.062866266041448959e+00 4.099999999999999756e-01 1.167393882830337626e+00 7.575078429900067301e-02
5.000000000000000000e+00 6.498019170849729242e+00 4.099999999999999756e-01 1.150596196758583822e+00 6.483476297516005404e-02
5.000000000000000000e+00 6.964404506368825132e+00 4.099999999999999756e-01 1.139893540035329611e+00 5.836930527512113054e-02
5.000000000000000000e+00 7.464263932294277204e+00 4.099999999999999756e-01 1.163235656638490267e+00 5.925053282835973656e-02
5.000000000000000000e+00 7.999999999999802824e+00 4.099999999999999756e-01 1.142074326937202455e+00 6.173418324808650770e-02
5.000000000000000000e+00 8.574187700290131886e+00 4.099999999999999756e-01 1.165228191248144807e+00 1.047729760750417127e-01
5.000000000000000000e+00 9.189586839976049859e+00 4.099999999999999756e-01 1.151832669217735861e+00 7.926365045174041390e-02
5.000000000000000000e+00 9.849155306759080020e+00 4.099999999999999756e-01 1.196015084168335463e+00 1.090876097687940582e-01
5.000000000000000000e+00 1.055606328618288359e+01 4.099999999999999756e-01 1.225626803613701465e+00 1.284891426701857686e-01
5.000000000000000000e+00 1.131370849898446806e+01 4.099999999999999756e-01 1.181168836541256484e+00 1.036493678539440605e-01
5.000000000000000000e+00 1.212573253208286772e+01 4.099999999999999756e-01 1.164915734787485002e+00 6.254214466498919656e-02
5.000000000000000000e+00 1.299603834169942651e+01 4.099999999999999756e-01 1.199129960547767215e+00 1.052583374610536471e-01
5.000000000000000000e+00 1.392880901273761651e+01 4.099999999999999756e-01 1.169794225608142835e+00 1.093540596051010561e-01
5.000000000000000000e+00 1.492852786458851710e+01 4.099999999999999756e-01 1.151992213705663737e+00 8.376966032446635235e-02
5.000000000000000000e+00 1.599999999999956657e+01 4.099999999999999756e-01 1.182445700886477935e+00 1.585167078912126104e-01
5.000000000000000000e+00 1.714837540058022114e+01 4.099999999999999756e-01 1.162042162169869775e+00 9.067227552129064616e-02
5.000000000000000000e+00 1.837917367995205353e+01 4.099999999999999756e-01 1.188700681504478940e+00 8.794727303462597512e-02
5.000000000000000000e+00 1.969831061351811385e+01 4.099999999999999756e-01 1.159666127814221515e+00 1.181220953658947553e-01
5.000000000000000000e+00 2.111212657236571388e+01 4.099999999999999756e-01 1.158873939551073207e+00 7.848009098970301634e-02
5.000000000000000000e+00 2.262741699796887929e+01 4.099999999999999756e-01 1.135734264433093665e+00 5.385894037979084559e-02
5.000000000000000000e+00 2.425146506416567505e+01 4.099999999999999756e-01 1.140399100363662210e+00 4.872015598918304907e-02
5.000000000000000000e+00 2.599207668339878907e+01 4.099999999999999756e-01 1.201991466272205988e+00 1.534517414506698374e-01
5.000000000000000000e+00 2.785761802547516197e+01 4.099999999999999756e-01 1.170924907197457232e+00 1.199051242467924772e-01
5.000000000000000000e+00 2.985705572917696315e+01 4.099999999999999756e-01 1.159564193950994415e+00 6.955475813819268771e-02
5.000000000000000000e+00 3.199999999999905498e+01 4.099999999999999756e-01 1.160359270146954502e+00 8.999842235945725022e-02
