5.000000000000000000e+00 7.812500000000000000e-03 1.000000000000000000e+00 4.331771664553102141e+00 1.241676059693632928e+00
5.000000000000000000e+00 8.373230176064788352e-03 1.000000000000000000e+00 4.639732457831053480e+00 9.806921947541432649e-01
5.000000000000000000e+00 8.974205898414331500e-03 1.000000000000000000e+00 4.251462618002872063e+00 1.075688820659720157e+00
5.000000000000000000e+00 9.618315729257151739e-03 1.000000000000000000e+00 4.451590150961869163e+00 9.009341295780671777e-01
5.000000000000000000e+00 1.030865555291322552e-02 1.000000000000000000e+00 3.885462741621040550e+00 1.339488776280961968e+00
5.000000000000000000e+00 1.104854345603979195e-02 1.000000000000000000e+00 3.975680442199303055e+00 9.252624704125577138e-01
5.000000000000000000e+00 1.184153567586246694e-02 1.000000000000000000e+00 3.813787642715344539e+00 1.128760143637874469e+00
5.000000000000000000e+00 1.269144369306615845e-02 1.000000000000000000e+00 3.732456265021699693e+00 1.066980231630821230e+00
5.000000000000000000e+00 1.360235255150191343e-02 1.000000000000000000e+00 3.248431914972241152e+00 1.090077334949098864e+00
5.000000000000000000e+00 1.457864049276258282e-02 1.000000000000000000e+00 3.021723307541660741e+00 9.646328621952390270e-01
5.000000000000000000e+00 1.562499999999996184e-02 1.000000000000000000e+00 3.032613559876260023e+00 9.865365432639359167e-01
5.000000000000000000e+00 1.674646035212953507e-02 1.000000000000000000e+00 2.936270462464551034e+00 9.354543424686141417e-01
5.000000000000000000e+00 1.794841179682861790e-02 1.000000000000000000e+00 2.671917098031749482e+00 7.891247749540517553e-01
5.000000000000000000e+00 1.923663145851425491e-02 1.000000000000000000e+00 2.592428377242614435e+00 8.736532971838701922e-01
5.000000000000000000e+00 2.061731110582640247e-02 1.000000000000000000e+00 2.438127736825660197e+00 8.314412642816694232e-01
5.000000000000000000e+00 2.209708691207952838e-02 1.000000000000000000e+00 2.391371260367343154e+00 8.482947958738543681e-01
5.000000000000000000e+00 2.368307135172487837e-02 1.000000000000000000e+00 2.260271782045276456e+00 8.468335274847019756e-01
5.000000000000000000e+00 2.538288738613225445e-02 1.000000000000000000e+00 2.182803624298792045e+00 8.122697288953227845e-01
5.000000000000000000e+00 2.720470510300375747e-02 1.000000000000000000e+00 2.105783997451765366e+00 7.628358848632185163e-01
5.000000000000000000e+00 2.915728098552509626e-02 1.000000000000000000e+00 1.980978742641598345e+00 6.486671441789471082e-01
5.000000000000000000e+00 3.124999999999984734e-02 1.000000000000000000e+00 1.899628251122796652e+00 5.832582577215312813e-01
5.000000000000000000e+00 3.349292070425898687e-02 1.000000000000000000e+00 1.810109169529313444e+00 5.846627974400749883e-01
5.000000000000000000e+00 3.589682359365715253e-02 1.000000000000000000e+00 1.744176156165430758e+00 5.449962657948572708e-01
5.000000000000000000e+00 3.847326291702841267e-02 1.000000000000000000e+00 1.735961675674215998e+00 5.590363330311111101e-01
5.000000000000000000e+00 4.123462221165270086e-02 1.000000000000000000e+00 1.729632621651485014e+00 5.590267368803922832e-01
5.000000000000000000e+00 4.419417382415894574e-02 1.000000000000000000e+00 1.748276070509607649e+00 5.884039901863534761e-01
5.000000000000000000e+00 4.736614270344963878e-02 1.000000000000000000e+00 1.804954504710901020e+00 6.748699022936937020e-01
5.000000000000000000e+00 5.076577477226438401e-02 1.000000000000000000e+00 1.735779091819561470e+00 5.823108067857423187e-01
5.000000000000000000e+00 5.440941020600738309e-02 1.000000000000000000e+00 1.587186470800742821e+00 4.322455240627933182e-01
5.000000000000000000e+00 5.831456197105004680e-02 1.000000000000000000e+00 1.449824202785864546e+00 3.855655820957105129e-01
5.000000000000000000e+00 6.249999999999953509e-02 1.000000000000000000e+00 1.354504873269034348e+00 3.693118614416279200e-01
5.000000000000000000e+00 6.698584140851780722e-02 1.000000000000000000e+00 1.274988374971133265e+00 3.319445291422351563e-01
5.000000000000000000e+00 7.179364718731412465e-02 1.000000000000000000e+00 1.191858739507524412e+00 2.712825643743890236e-01
5.000000000000000000e+00 7.694652583405664492e-02 1.000000000000000000e+00 1.161014083150878395e+00 2.853587215003428046e-01
5.000000000000000000e+00 8.246924442330520744e-02 1.000000000000000000e+00 1.151401283966876354e+00 2.989472444090057190e-01
5.000000000000000000e+00 8.838834764831768331e-02 1.000000000000000000e+00 1.136753167295340150e+00 3.033742529209150773e-01
5.000000000000000000e+00 9.473228540689904165e-02 1.000000000000000000e+00 1.123166434776480038e+00 2.814545600278112736e-01
5.000000000000000000e+00 1.015315495445285182e-01 1.000000000000000000e+00 1.107233669749427163e+00 2.406422255316806869e-01
5.000000000000000000e+00 1.088188204120145025e-01 1.000000000000000000e+00 1.089990799952164746e+00 1.926851540359230397e-01
5.000000000000000000e+00 1.166291239420998022e-01 1.000000000000000000e+00 1.077534629372981945e+00 1.571435514069380590e-01
5.000000000000000000e+00 1.249999999999987649e-01 1.000000000000000000e+00 1.072807547444384335e+00 1.467423419702945653e-01
5.000000000000000000e+00 1.339716828170352814e-01 1.000000000000000000e+00 1.080533441507393722e+00 1.801245907709203842e-01
5.000000000000000000e+00 1.435872943746278885e-01 1.000000000000000000e+00 1.099893823343176980e+00 2.557822055262632954e-01
5.000000000000000000e+00 1.538930516681129013e-01 1.000000000000000000e+00 1.103819197655322437e+00 2.842273914578107852e-01
5.000000000000000000e+00 1.649384888466099985e-01 1.000000000000000000e+00 1.063527009720748318e+00 1.743455784992236635e-01
5.000000000000000000e+00 1.767766952966349225e-01 1.000000000000000000e+00 1.026294883291221760e+00 6.870419195938361201e-02
5.000000000000000000e+00 1.894645708137976114e-01 1.000000000000000000e+00 1.009698094841903204e+00 2.243124262844721495e-02
5.000000000000000000e+00 2.030630990890565368e-01 1.000000000000000000e+00 1.003817656711241124e+00 7.635182669631018944e-03
5.000000000000000000e+00 2.176376408240284499e-01 1.000000000000000000e+00 1.003148373991612274e+00 5.306416950810836745e-03
5.000000000000000000e+00 2.332582478841990492e-01 1.000000000000000000e+00 1.466215199165923577e+00 1.393545714990840789e+00
5.000000000000000000e+00 2.499999999999969191e-01 1.000000000000000000e+00 1.182483925475887876e+00 5.418642253603078718e-01
5.000000000000000000e+00 2.679433656340699521e-01 1.000000000000000000e+00 1.693862294828628823e+00 2.074904710389496643e+00
5.000000000000000000e+00 2.871745887492550553e-01 1.000000000000000000e+00 1.636384322832146854e+00 1.902506363607566975e+00
5.000000000000000000e+00 3.077861033362250809e-01 1.000000000000000000e+00 1.605428957065427653e+00 1.812011780574643849e+00
5.000000000000000000e+00 3.298769776932191644e-01 1.000000000000000000e+00 1.544540585020867551e+00 1.631458092806974625e+00
5.000000000000000000e+00 3.535533905932689569e-01 1.000000000000000000e+00 1.657760212785521547e+00 1.961966928125373766e+00
5.000000000000000000e+00 3.789291416275942792e-01 1.000000000000000000e+00 3.020567926099333000e+00 4.054980503076479614e+00
5.000000000000000000e+00 4.061261981781120745e-01 1.000000000000000000e+00 2.758781503005672597e+00 3.506124471820091681e+00
5.000000000000000000e+00 4.352752816480558451e-01 1.000000000000000000e+00 3.568122985078286291e+00 4.882772593008957607e+00
5.000000000000000000e+00 4.665164957683969327e-01 1.000000000000000000e+00 3.280936965637766267e+00 4.098742365885703620e+00
5.000000000000000000e+00 4.999999999999926170e-01 1.000000000000000000e+00 3.716218123046094668e+00 4.327364310883516474e+00
5.000000000000000000e+00 5.358867312681385719e-01 1.000000000000000000e+00 4.176135881409952511e+00 4.375237084806903098e+00
5.000000000000000000e+00 5.743491774985087783e-01 1.000000000000000000e+00 4.608366588362877714e+00 4.345584425770101511e+00
5.000000000000000000e+00 6.155722066724486075e-01 1.000000000000000000e+00 5.572081673279802416e+00 4.223634002047896630e+00
5.000000000000000000e+00 6.597539553864367745e-01 1.000000000000000000e+00 5.580509277939916579e+00 4.846564945313917683e+00
5.000000000000000000e+00 7.071067811865362485e-01 1.000000000000000000e+00 5.343794465447615494e+00 4.872670600808816310e+00
5.000000000000000000e+00 7.578582832551866710e-01 1.000000000000000000e+00 6.123811236912160005e+00 4.351947095139233390e+00
5.000000000000000000e+00 8.122523963562221505e-01 1.000000000000000000e+00 6.048272328845896162e+00 3.980597004987846077e+00
5.000000000000000000e+00 8.705505632961095808e-01 1.000000000000000000e+00 6.746732011428045794e+00 4.502611779275553339e+00
5.000000000000000000e+00 9.330329915367915339e-01 1.000000000000000000e+00 7.544914458375683530e+00 4.574453111890991686e+00
5.000000000000000000e+00 9.999999999999827915e-01 1.000000000000000000e+00 8.038893465210005473e+00 4.572701032440348534e+00
5.000000000000000000e+00 1.071773462536274479e+00 1.000000000000000000e+00 7.754990059826828208e+00 3.933987755519241070e+00
5.000000000000000000e+00 1.148698354997014670e+00 1.000000000000000000e+00 7.391579673193803046e+00 5.650686501083310276e+00
5.000000000000000000e+00 1.231144413344894106e+00 1.000000000000000000e+00 7.321612517844014789e+00 3.935065592895770514e+00
5.000000000000000000e+00 1.319507910772870218e+00 1.000000000000000000e+00 7.907914547136963179e+00 4.177609861008758863e+00
5.000000000000000000e+00 1.414213562373068944e+00 1.000000000000000000e+00 7.879863699798612231e+00 4.266683182475341951e+00
5.000000000000000000e+00 1.515716566510369789e+00 1.000000000000000000e+00 7.888444880675885784e+00 4.616311723926418864e+00
5.000000000000000000e+00 1.624504792712440304e+00 1.000000000000000000e+00 8.369891386119970633e+00 5.106304356476423223e+00
5.000000000000000000e+00 1.741101126592214943e+00 1.000000000000000000e+00 8.282338366625449311e+00 3.933078400276218911e+00
5.000000000000000000e+00 1.866065983073578627e+00 1.000000000000000000e+00 7.047354667219158486e+00 4.993447804276040181e+00
5.000000000000000000e+00 1.999999999999960698e+00 1.000000000000000000e+00 8.871621102054254138e+00 4.819969047848917221e+00
5.000000000000000000e+00 2.143546925072543630e+00 1.000000000000000000e+00 8.513307064546021152e+00 5.193438593615874233e+00
5.000000000000000000e+00 2.297396709994023567e+00 1.000000000000000000e+00 9.611492007173048080e+00 5.047579417455336781e+00
5.000000000000000000e+00 2.462288826689782439e+00 1.000000000000000000e+00 9.368790416041246516e+00 4.663421761708876900e+00
5.000000000000000000e+00 2.639015821545733775e+00 1.000000000000000000e+00 8.272124056741688491e+00 4.685634046554466359e+00
5.000000000000000000e+00 2.828427124746130783e+00 1.000000000000000000e+00 8.283506121017584434e+00 5.069936622174745722e+00
5.000000000000000000e+00 3.031433133020732029e+00 1.000000000000000000e+00 9.663210514147955621e+00 4.840148179404939910e+00
5.000000000000000000e+00 3.249009585424872615e+00 1.000000000000000000e+00 8.585094885972999634e+00 5.404605432995218450e+00
5.000000000000000000e+00 3.482202253184421004e+00 1.000000000000000000e+00 1.045129121334029598e+01 3.662203295846223394e+00
5.000000000000000000e+00 3.732131966147147928e+00 1.000000000000000000e+00 9.175339911559168726e+00 5.068022827897467941e+00
5.000000000000000000e+00 3.999999999999911182e+00 1.000000000000000000e+00 1.059479964535430518e+01 4.773115835645505456e+00
5.000000000000000000e+00 4.287093850145076601e+00 1.000000000000000000e+00 9.582374229510815411e+00 4.427920181766453744e+00
5.000000000000000000e+00 4.594793419988035588e+00 1.000000000000000000e+00 1.051740040766922490e+01 4.235379640320195094e+00
5.000000000000000000e+00 4.924577653379552444e+00 1.000000000000000000e+00 1.068694965261272323e+01 4.767948983123053708e+00
5.000000000000000000e+00 5.278031643091455116e+00 1.000000000000000000e+00 8.861059919326267575e+00 4.818520751509142386e+00
5.000000000000000000e+00 5.656854249492248243e+00 1.000000000000000000e+00 9.504892571773577714e+00 4.871008171014982402e+00
5.000000000000000000e+00 6.062866266041448959e+00 1.000000000000000000e+00 9.356617662219735010e+00 4.616765511051208470e+00
5.000000000000000000e+00 6.498019170849729242e+00 1.000000000000000000e+00 9.811329559221750429e+00 5.130277217153815350e+00
5.000000000000000000e+00 6.964404506368825132e+00 1.000000000000000000e+00 9.684490240844121800e+00 4.938899294041936727e+00
5.000000000000000000e+00 7.464263932294277204e+00 1.000000000000000000e+00 9.559716702814480271e+00 4.758708945706129789e+00
5.000000000000000000e+00 7.999999999999802824e+00 1.000000000000000000e+00 9.184392496570614739e+00 5.126631285114789272e+00
5.000000000000000000e+00 8.574187700290131886e+00 1.000000000000000000e+00 9.685408194621491162e+00 4.637087161274883407e+00
5.000000000000000000e+00 9.189586839976049859e+00 1.000000000000000000e+00 8.156465967602972711e+00 5.580038967881854717e+00
5.000000000000000000e+00 9.849155306759080020e+00 1.000000000000000000e+00 9.384291771631179557e+00 3.984707211973366192e+00
5.000000000000000000e+00 1.055606328618288359e+01 1.000000000000000000e+00 9.774830468824593055e+00 4.658128228832149276e+00
5.000000000000000000e+00 1.131370849898446806e+01 1.000000000000000000e+00 9.428253811424569975e+00 5.239975932407517689e+00
5.000000000000000000e+00 1.212573253208286772e+01 1.000000000000000000e+00 9.541453360313589371e+00 5.088577663110586791e+00
5.000000000000000000e+00 1.299603834169942651e+01 1.000000000000000000e+00 1.030418340394592569e+01 4.398784525724101613e+00
5.000000000000000000e+00 1.392880901273761651e+01 1.000000000000000000e+00 1.076247284529814863e+01 5.006630815252377076e+00
5.000000000000000000e+00 1.492852786458851710e+01 1.000000000000000000e+00 9.780566891909943550e+00 5.236204791615457488e+00
5.000000000000000000e+00 1.599999999999956657e+01 1.000000000000000000e+00 1.186429927796103279e+01 4.307810920309520952e+00
5.000000000000000000e+00 1.714837540058022114e+01 1.000000000000000000e+00 1.016660428498188118e+01 4.835517382596887792e+00
5.000000000000000000e+00 1.837917367995205353e+01 1.000000000000000000e+00 8.666950749774528617e+00 5.247038996383678544e+00
5.000000000000000000e+00 1.969831061351811385e+01 1.000000000000000000e+00 1.009109609047726330e+01 5.052596380908082274e+00
5.000000000000000000e+00 2.111212657236571388e+01 1.000000000000000000e+00 1.087553249616068385e+01 5.130545780128868749e+00
5.000000000000000000e+00 2.262741699796887929e+01 1.000000000000000000e+00 1.052007420098095203e+01 5.064200456255152361e+00
5.000000000000000000e+00 2.425146506416567505e+01 1.000000000000000000e+00 1.159563435555136302e+01 3.854147482483845089e+00
5.000000000000000000e+00 2.599207668339878907e+01 1.000000000000000000e+00 9.443298267775485755e+00 5.558164081683040436e+00
5.000000000000000000e+00 2.785761802547516197e+01 1.000000000000000000e+00 1.012999533180828493e+01 5.075325094301672557e+00
5.000000000000000000e+00 2.985705572917696315e+01 1.000000000000000000e+00 9.631689524763840993e+00 4.709851078935280988e+00
5.000000000000000000e+00 3.199999999999905498e+01 1.000000000000000000e+00 1.002065725469075197e+01 5.233567471546437311e+00
