1.000000000000000000e+00 6.250000000000000000e-02 0.000000000000000000e+00 1.483284160995939294e+00 0.000000000000000000e+00
1.000000000000000000e+00 1.250000000000000000e-01 0.000000000000000000e+00 1.038790474372655037e+00 0.000000000000000000e+00
1.000000000000000000e+00 2.500000000000000000e-01 0.000000000000000000e+00 1.000134123766331484e+00 0.000000000000000000e+00
1.000000000000000000e+00 5.000000000000000000e-01 0.000000000000000000e+00 1.000301680087879896e+00 0.000000000000000000e+00
1.000000000000000000e+00 1.000000000000000000e+00 0.000000000000000000e+00 1.012289803936789578e+00 0.000000000000000000e+00
1.000000000000000000e+00 2.000000000000000000e+00 0.000000000000000000e+00 1.016283156458248405e+00 0.000000000000000000e+00
1.000000000000000000e+00 4.000000000000000000e+00 0.000000000000000000e+00 1.081482174529492024e+00 0.000000000000000000e+00
1.000000000000000000e+00 8.000000000000000000e+00 0.000000000000000000e+00 1.039034994687354052e+00 0.000000000000000000e+00
1.000000000000000000e+00 1.600000000000000000e+01 0.000000000000000000e+00 1.042506050897062053e+00 0.000000000000000000e+00
1.000000000000000000e+00 3.200000000000000000e+01 0.000000000000000000e+00 1.051909077895409661e+00 0.000000000000000000e+00
1.000000000000000000e+00 6.400000000000000000e+01 0.000000000000000000e+00 1.071252539738207998e+00 0.000000000000000000e+00
1.000000000000000000e+00 1.280000000000000000e+02 0.000000000000000000e+00 1.082375340573690448e+00 0.000000000000000000e+00
2.000000000000000000e+00 6.250000000000000000e-02 0.000000000000000000e+00 1.022528419215722684e+00 0.000000000000000000e+00
2.000000000000000000e+00 1.250000000000000000e-01 0.000000000000000000e+00 1.000205202274939920e+00 0.000000000000000000e+00
2.000000000000000000e+00 2.500000000000000000e-01 0.000000000000000000e+00 1.000039068484598337e+00 0.000000000000000000e+00
2.000000000000000000e+00 5.000000000000000000e-01 0.000000000000000000e+00 1.001815625938311749e+00 0.000000000000000000e+00
2.000000000000000000e+00 1.000000000000000000e+00 0.000000000000000000e+00 1.031573705028807186e+00 0.000000000000000000e+00
2.000000000000000000e+00 2.000000000000000000e+00 0.000000000000000000e+00 1.201102091080067824e+00 0.000000000000000000e+00
2.000000000000000000e+00 4.000000000000000000e+00 0.000000000000000000e+00 1.387559652525896414e+00 0.000000000000000000e+00
2.000000000000000000e+00 8.000000000000000000e+00 0.000000000000000000e+00 1.430388293610372230e+00 0.000000000000000000e+00
2.000000000000000000e+00 1.600000000000000000e+01 0.000000000000000000e+00 1.368287434308390838e+00 0.000000000000000000e+00
2.000000000000000000e+00 3.200000000000000000e+01 0.000000000000000000e+00 1.299824275067114288e+00 0.000000000000000000e+00
2.000000000000000000e+00 6.400000000000000000e+01 0.000000000000000000e+00 1.335771922489883190e+00 0.000000000000000000e+00
2.000000000000000000e+00 1.280000000000000000e+02 0.000000000000000000e+00 1.299735578474530140e+00 0.000000000000000000e+00
3.000000000000000000e+00 6.250000000000000000e-02 0.000000000000000000e+00 1.415485467545460008e+00 0.000000000000000000e+00
3.000000000000000000e+00 1.250000000000000000e-01 0.000000000000000000e+00 1.031186624907490357e+00 0.000000000000000000e+00
3.000000000000000000e+00 2.500000000000000000e-01 0.000000000000000000e+00 1.000292683512436165e+00 0.000000000000000000e+00
3.000000000000000000e+00 5.000000000000000000e-01 0.000000000000000000e+00 1.001368772798104434e+00 0.000000000000000000e+00
3.000000000000000000e+00 1.000000000000000000e+00 0.000000000000000000e+00 1.057331846110342255e+00 0.000000000000000000e+00
3.000000000000000000e+00 2.000000000000000000e+00 0.000000000000000000e+00 1.383973741827074555e+00 0.000000000000000000e+00
3.000000000000000000e+00 4.000000000000000000e+00 0.000000000000000000e+00 1.509240257911126815e+00 0.000000000000000000e+00
3.000000000000000000e+00 8.000000000000000000e+00 0.000000000000000000e+00 1.372135515700762642e+00 0.000000000000000000e+00
3.000000000000000000e+00 1.600000000000000000e+01 0.000000000000000000e+00 1.334435956230674902e+00 0.000000000000000000e+00
3.000000000000000000e+00 3.200000000000000000e+01 0.000000000000000000e+00 1.381752532181378390e+00 0.000000000000000000e+00
3.000000000000000000e+00 6.400000000000000000e+01 0.000000000000000000e+00 1.354563513600932634e+00 0.000000000000000000e+00
3.000000000000000000e+00 1.280000000000000000e+02 0.000000000000000000e+00 1.366494205637847292e+00 0.000000000000000000e+00
4.000000000000000000e+00 6.250000000000000000e-02 0.000000000000000000e+00 1.201113285275834608e+00 0.000000000000000000e+00
4.000000000000000000e+00 1.250000000000000000e-01 0.000000000000000000e+00 1.030031912661535820e+00 0.000000000000000000e+00
4.000000000000000000e+00 2.500000000000000000e-01 0.000000000000000000e+00 1.000841774869983603e+00 0.000000000000000000e+00
4.000000000000000000e+00 5.000000000000000000e-01 0.000000000000000000e+00 1.000556623965213721e+00 0.000000000000000000e+00
4.000000000000000000e+00 1.000000000000000000e+00 0.000000000000000000e+00 1.024331138165629485e+00 0.000000000000000000e+00
4.000000000000000000e+00 2.000000000000000000e+00 0.000000000000000000e+00 1.133784392594332280e+00 0.000000000000000000e+00
4.000000000000000000e+00 4.000000000000000000e+00 0.000000000000000000e+00 1.225005540677532201e+00 0.000000000000000000e+00
4.000000000000000000e+00 8.000000000000000000e+00 0.000000000000000000e+00 1.241020096140064366e+00 0.000000000000000000e+00
4.000000000000000000e+00 1.600000000000000000e+01 0.000000000000000000e+00 1.173371173410790336e+00 0.000000000000000000e+00
4.000000000000000000e+00 3.200000000000000000e+01 0.000000000000000000e+00 1.192861829315523758e+00 0.000000000000000000e+00
4.000000000000000000e+00 6.400000000000000000e+01 0.000000000000000000e+00 1.192942614218453823e+00 0.000000000000000000e+00
4.000000000000000000e+00 1.280000000000000000e+02 0.000000000000000000e+00 1.194067405633668200e+00 0.000000000000000000e+00
5.000000000000000000e+00 6.250000000000000000e-02 0.000000000000000000e+00 1.007717463813381231e+00 0.000000000000000000e+00
5.000000000000000000e+00 1.250000000000000000e-01 0.000000000000000000e+00 1.000055961060711374e+00 0.000000000000000000e+00
5.000000000000000000e+00 2.500000000000000000e-01 0.000000000000000000e+00 1.000024817870275307e+00 0.000000000000000000e+00
5.000000000000000000e+00 5.000000000000000000e-01 0.000000000000000000e+00 1.001459880565736871e+00 0.000000000000000000e+00
5.000000000000000000e+00 1.000000000000000000e+00 0.000000000000000000e+00 1.046564582604067706e+00 0.000000000000000000e+00
5.000000000000000000e+00 2.000000000000000000e+00 0.000000000000000000e+00 1.219598626735257429e+00 0.000000000000000000e+00
5.000000000000000000e+00 4.000000000000000000e+00 0.000000000000000000e+00 1.484092572883713768e+00 0.000000000000000000e+00
5.000000000000000000e+00 8.000000000000000000e+00 0.000000000000000000e+00 1.230979616938479460e+00 0.000000000000000000e+00
5.000000000000000000e+00 1.600000000000000000e+01 0.000000000000000000e+00 1.297655896656832120e+00 0.000000000000000000e+00
5.000000000000000000e+00 3.200000000000000000e+01 0.000000000000000000e+00 1.229854104597312148e+00 0.000000000000000000e+00
5.000000000000000000e+00 6.400000000000000000e+01 0.000000000000000000e+00 1.245543582619060174e+00 0.000000000000000000e+00
5.000000000000000000e+00 1.280000000000000000e+02 0.000000000000000000e+00 1.323637336682762733e+00 0.000000000000000000e+00
