5.000000000000000000e+00 7.812500000000000000e-03 7.199999999999999734e-01 4.987891492030368745e+00 1.237090151907477287e+00
5.000000000000000000e+00 8.373230176064788352e-03 7.199999999999999734e-01 4.995804585625102767e+00 1.159750116083744231e+00
5.000000000000000000e+00 8.974205898414331500e-03 7.199999999999999734e-01 4.606933423146310602e+00 1.235126039601249337e+00
5.000000000000000000e+00 9.618315729257151739e-03 7.199999999999999734e-01 4.331230852279645660e+00 1.186408102821542299e+00
5.000000000000000000e+00 1.030865555291322552e-02 7.199999999999999734e-01 3.886393950679152276e+00 1.397468122262756074e+00
5.000000000000000000e+00 1.104854345603979195e-02 7.199999999999999734e-01 3.644061251658135436e+00 1.205558807418896983e+00
5.000000000000000000e+00 1.184153567586246694e-02 7.199999999999999734e-01 3.311724444502867293e+00 1.222740843204758621e+00
5.000000000000000000e+00 1.269144369306615845e-02 7.199999999999999734e-01 2.884127185599481002e+00 1.098331859735787841e+00
5.000000000000000000e+00 1.360235255150191343e-02 7.199999999999999734e-01 2.689077490656190950e+00 9.917534937787978455e-01
5.000000000000000000e+00 1.457864049276258282e-02 7.199999999999999734e-01 2.467486915317159024e+00 9.730016958392743165e-01
5.000000000000000000e+00 1.562499999999996184e-02 7.199999999999999734e-01 2.241674355509778227e+00 8.722012785988821904e-01
5.000000000000000000e+00 1.674646035212953507e-02 7.199999999999999734e-01 2.104914303581179258e+00 8.958458585814667030e-01
5.000000000000000000e+00 1.794841179682861790e-02 7.199999999999999734e-01 1.915925551940949934e+00 8.059087318292634805e-01
5.000000000000000000e+00 1.923663145851425491e-02 7.199999999999999734e-01 1.797565132969254353e+00 7.861130734585066726e-01
5.000000000000000000e+00 2.061731110582640247e-02 7.199999999999999734e-01 1.689306565817815464e+00 7.296114363191742447e-01
5.000000000000000000e+00 2.209708691207952838e-02 7.199999999999999734e-01 1.625232528551133981e+00 7.922161353118765126e-01
5.000000000000000000e+00 2.368307135172487837e-02 7.199999999999999734e-01 1.523512158491791890e+00 7.055207328455788129e-01
5.000000000000000000e+00 2.538288738613225445e-02 7.199999999999999734e-01 1.432247100887483526e+00 6.315516680839884378e-01
5.000000000000000000e+00 2.720470510300375747e-02 7.199999999999999734e-01 1.373099952904273779e+00 6.004792867332130468e-01
5.000000000000000000e+00 2.915728098552509626e-02 7.199999999999999734e-01 1.313474398338482896e+00 5.533640826431843740e-01
5.000000000000000000e+00 3.124999999999984734e-02 7.199999999999999734e-01 1.245288184144174526e+00 4.604401423989299413e-01
5.000000000000000000e+00 3.349292070425898687e-02 7.199999999999999734e-01 1.216264012772744874e+00 4.563866353367446727e-01
5.000000000000000000e+00 3.589682359365715253e-02 7.199999999999999734e-01 1.164412666893764881e+00 3.609124082723906835e-01
5.000000000000000000e+00 3.847326291702841267e-02 7.199999999999999734e-01 1.128441319230079065e+00 2.978694035314121691e-01
5.000000000000000000e+00 4.123462221165270086e-02 7.199999999999999734e-01 1.100216097000078275e+00 2.436299899173558492e-01
5.000000000000000000e+00 4.419417382415894574e-02 7.199999999999999734e-01 1.078435453760705487e+00 1.988477856124941656e-01
5.000000000000000000e+00 4.736614270344963878e-02 7.199999999999999734e-01 1.062099624186091829e+00 1.626845365597161253e-01
5.000000000000000000e+00 5.076577477226438401e-02 7.199999999999999734e-01 1.050599457268855286e+00 1.359840414327266878e-01
5.000000000000000000e+00 5.440941020600738309e-02 7.199999999999999734e-01 1.042380936415735704e+00 1.156966015632950179e-01
5.000000000000000000e+00 5.831456197105004680e-02 7.199999999999999734e-01 1.035495990888343432e+00 9.747105634210898040e-02
5.000000000000000000e+00 6.249999999999953509e-02 7.199999999999999734e-01 1.030685370014231550e+00 8.432971715621410957e-02
5.000000000000000000e+00 6.698584140851780722e-02 7.199999999999999734e-01 1.026461269359239870e+00 7.235129789496591579e-02
5.000000000000000000e+00 7.179364718731412465e-02 7.199999999999999734e-01 1.023453952134085965e+00 6.372172178219384642e-02
5.000000000000000000e+00 7.694652583405664492e-02 7.199999999999999734e-01 1.020298322833726123e+00 5.451019881394295052e-02
5.000000000000000000e+00 8.246924442330520744e-02 7.199999999999999734e-01 1.017478325933342198e+00 4.623973122032121880e-02
5.000000000000000000e+00 8.838834764831768331e-02 7.199999999999999734e-01 1.014819707983464436e+00 3.842227834615061233e-02
5.000000000000000000e+00 9.473228540689904165e-02 7.199999999999999734e-01 1.012566011339323335e+00 3.179987723186002840e-02
5.000000000000000000e+00 1.015315495445285182e-01 7.199999999999999734e-01 1.010481622690790005e+00 2.567249995955250830e-02
5.000000000000000000e+00 1.088188204120145025e-01 7.199999999999999734e-01 1.008795314006462940e+00 2.073072884736108790e-02
5.000000000000000000e+00 1.166291239420998022e-01 7.199999999999999734e-01 1.007417089498289897e+00 1.670969632366545513e-02
5.000000000000000000e+00 1.249999999999987649e-01 7.199999999999999734e-01 1.006338459934337015e+00 1.358856396158794437e-02
5.000000000000000000e+00 1.339716828170352814e-01 7.199999999999999734e-01 1.005522085418036227e+00 1.125940232189747738e-02
5.000000000000000000e+00 1.435872943746278885e-01 7.199999999999999734e-01 1.004874451048494377e+00 9.445314607817672722e-03
5.000000000000000000e+00 1.538930516681129013e-01 7.199999999999999734e-01 1.004379432094957059e+00 8.099825158838815098e-03
5.000000000000000000e+00 1.649384888466099985e-01 7.199999999999999734e-01 1.003870868594577637e+00 6.728543411891345707e-03
5.000000000000000000e+00 1.767766952966349225e-01 7.199999999999999734e-01 1.003321788532488323e+00 5.253636743467154056e-03
5.000000000000000000e+00 1.894645708137976114e-01 7.199999999999999734e-01 1.002773235182050637e+00 3.801421407927947204e-03
5.000000000000000000e+00 2.030630990890565368e-01 7.199999999999999734e-01 1.002331722429570915e+00 2.689704591145228047e-03
5.000000000000000000e+00 2.176376408240284499e-01 7.199999999999999734e-01 1.002040791969951883e+00 2.037205636233845388e-03
5.000000000000000000e+00 2.332582478841990492e-01 7.199999999999999734e-01 1.001819727277476035e+00 1.597088669797836315e-03
5.000000000000000000e+00 2.499999999999969191e-01 7.199999999999999734e-01 1.001611075565327358e+00 1.199016190846512436e-03
5.000000000000000000e+00 2.679433656340699521e-01 7.199999999999999734e-01 1.001433578568920124e+00 8.829066643102978854e-04
5.000000000000000000e+00 2.871745887492550553e-01 7.199999999999999734e-01 1.001334359505495986e+00 7.284479904729181067e-04
5.000000000000000000e+00 3.077861033362250809e-01 7.199999999999999734e-01 1.001309214379215717e+00 6.761317788475824106e-04
5.000000000000000000e+00 3.298769776932191644e-01 7.199999999999999734e-01 1.001340468043220744e+00 6.420196043860615636e-04
5.000000000000000000e+00 3.535533905932689569e-01 7.199999999999999734e-01 1.001467646181046334e+00 6.455778898189000296e-04
5.000000000000000000e+00 3.789291416275942792e-01 7.199999999999999734e-01 1.001748056551814203e+00 7.114986756218492350e-04
5.000000000000000000e+00 4.061261981781120745e-01 7.199999999999999734e-01 1.002283208537742887e+00 9.267515520739853406e-04
5.000000000000000000e+00 4.352752816480558451e-01 7.199999999999999734e-01 1.003282085533384160e+00 1.579151122698519956e-03
5.000000000000000000e+00 4.665164957683969327e-01 7.199999999999999734e-01 1.005141487569562786e+00 3.133465562776630194e-03
5.000000000000000000e+00 4.999999999999926170e-01 7.199999999999999734e-01 1.008600107001734303e+00 6.410841259115626981e-03
5.000000000000000000e+00 5.358867312681385719e-01 7.199999999999999734e-01 1.014995855231098254e+00 1.300334639410942635e-02
5.000000000000000000e+00 5.743491774985087783e-01 7.199999999999999734e-01 1.025846697790722128e+00 2.487808041037724988e-02
5.000000000000000000e+00 6.155722066724486075e-01 7.199999999999999734e-01 1.040982632251853612e+00 4.130063297992796895e-02
5.000000000000000000e+00 6.597539553864367745e-01 7.199999999999999734e-01 1.057370459062839441e+00 5.604307115503174425e-02
5.000000000000000000e+00 7.071067811865362485e-01 7.199999999999999734e-01 1.073068128209223149e+00 6.299650419155701508e-02
5.000000000000000000e+00 7.578582832551866710e-01 7.199999999999999734e-01 1.087937325496451946e+00 6.734198024272765315e-02
5.000000000000000000e+00 8.122523963562221505e-01 7.199999999999999734e-01 1.106612202336789919e+00 8.026234735609362458e-02
5.000000000000000000e+00 8.705505632961095808e-01 7.199999999999999734e-01 1.126718557712695690e+00 9.462205133177178928e-02
5.000000000000000000e+00 9.330329915367915339e-01 7.199999999999999734e-01 1.142923217414012926e+00 1.110132241048663038e-01
5.000000000000000000e+00 9.999999999999827915e-01 7.199999999999999734e-01 1.155942910709814919e+00 1.239000481470730053e-01
5.000000000000000000e+00 1.071773462536274479e+00 7.199999999999999734e-01 1.170692230622799368e+00 1.387660756462132383e-01
5.000000000000000000e+00 1.148698354997014670e+00 7.199999999999999734e-01 1.179860315848765939e+00 1.477404905656587997e-01
5.000000000000000000e+00 1.231144413344894106e+00 7.199999999999999734e-01 1.176487879547956750e+00 1.379236508501242298e-01
5.000000000000000000e+00 1.319507910772870218e+00 7.199999999999999734e-01 1.164057271778981217e+00 1.156751517503530058e-01
5.000000000000000000e+00 1.414213562373068944e+00 7.199999999999999734e-01 1.154705986861223943e+00 9.544200693774493316e-02
5.000000000000000000e+00 1.515716566510369789e+00 7.199999999999999734e-01 1.150316341181669033e+00 8.518037713657092280e-02
5.000000000000000000e+00 1.624504792712440304e+00 7.199999999999999734e-01 1.151580902427548736e+00 9.974802173781317782e-02
5.000000000000000000e+00 1.741101126592214943e+00 7.199999999999999734e-01 1.154293858925555138e+00 1.121120950378345776e-01
5.000000000000000000e+00 1.866065983073578627e+00 7.199999999999999734e-01 1.169546755609750743e+00 1.347275355969931310e-01
5.000000000000000000e+00 1.999999999999960698e+00 7.199999999999999734e-01 1.166156370415026178e+00 1.249355575642848021e-01
5.000000000000000000e+00 2.143546925072543630e+00 7.199999999999999734e-01 1.159314070368854699e+00 1.048644715223169266e-01
5.000000000000000000e+00 2.297396709994023567e+00 7.199999999999999734e-01 1.176158062675942473e+00 1.242326711170619880e-01
5.000000000000000000e+00 2.462288826689782439e+00 7.199999999999999734e-01 1.183387408325671242e+00 1.514335748422997729e-01
5.000000000000000000e+00 2.639015821545733775e+00 7.199999999999999734e-01 1.185261334408975298e+00 1.504033100481326213e-01
5.000000000000000000e+00 2.828427124746130783e+00 7.199999999999999734e-01 1.179524914426531401e+00 1.379744694496418955e-01
5.000000000000000000e+00 3.031433133020732029e+00 7.199999999999999734e-01 1.169371277866966263e+00 1.241042464835545034e-01
5.000000000000000000e+00 3.249009585424872615e+00 7.199999999999999734e-01 1.199891541592412292e+00 2.062833389292970110e-01
5.000000000000000000e+00 3.482202253184421004e+00 7.199999999999999734e-01 1.188730477116461293e+00 1.840593994703490777e-01
5.000000000000000000e+00 3.732131966147147928e+00 7.199999999999999734e-01 1.147651303287423596e+00 8.994513835199596796e-02
5.000000000000000000e+00 3.999999999999911182e+00 7.199999999999999734e-01 1.121452820972792974e+00 4.394349367443926846e-02
5.000000000000000000e+00 4.287093850145076601e+00 7.199999999999999734e-01 1.146959737859797546e+00 1.219340729452455113e-01
5.000000000000000000e+00 4.594793419988035588e+00 7.199999999999999734e-01 1.135521730913978455e+00 5.806363089537174005e-02
5.000000000000000000e+00 4.924577653379552444e+00 7.199999999999999734e-01 1.155461073100104930e+00 6.238961323125349900e-02
5.000000000000000000e+00 5.278031643091455116e+00 7.199999999999999734e-01 1.142132694442385743e+00 1.120245060131566939e-01
5.000000000000000000e+00 5.656854249492248243e+00 7.199999999999999734e-01 1.125077552975530581e+00 7.322489682974002434e-02
5.000000000000000000e+00 6.062866266041448959e+00 7.199999999999999734e-01 1.156718901318972481e+00 7.105502795445120534e-02
5.000000000000000000e+00 6.498019170849729242e+00 7.199999999999999734e-01 1.142022568389862380e+00 6.187233535269551221e-02
5.000000000000000000e+00 6.964404506368825132e+00 7.199999999999999734e-01 1.132376197112548777e+00 5.416922438227365910e-02
5.000000000000000000e+00 7.464263932294277204e+00 7.199999999999999734e-01 1.155574895587017759e+00 5.504393267509143789e-02
5.000000000000000000e+00 7.999999999999802824e+00 7.199999999999999734e-01 1.134490317597763198e+00 5.821039352397287814e-02
5.000000000000000000e+00 8.574187700290131886e+00 7.199999999999999734e-01 1.155822767687737285e+00 9.565434486260028513e-02
5.000000000000000000e+00 9.189586839976049859e+00 7.199999999999999734e-01 1.143526675263966785e+00 7.549627280015015762e-02
5.000000000000000000e+00 9.849155306759080020e+00 7.199999999999999734e-01 1.185405891117409016e+00 1.031472696874380646e-01
5.000000000000000000e+00 1.055606328618288359e+01 7.199999999999999734e-01 1.214742831943982138e+00 1.236621664807616705e-01
5.000000000000000000e+00 1.131370849898446806e+01 7.199999999999999734e-01 1.172662681821489361e+00 9.879884945438192900e-02
5.000000000000000000e+00 1.212573253208286772e+01 7.199999999999999734e-01 1.157699206300841777e+00 5.954499622560933264e-02
5.000000000000000000e+00 1.299603834169942651e+01 7.199999999999999734e-01 1.188285157144235882e+00 9.908962492691743285e-02
5.000000000000000000e+00 1.392880901273761651e+01 7.199999999999999734e-01 1.161534395456899738e+00 1.046192833488022583e-01
5.000000000000000000e+00 1.492852786458851710e+01 7.199999999999999734e-01 1.143685106301494780e+00 8.070155933267736392e-02
5.000000000000000000e+00 1.599999999999956657e+01 7.199999999999999734e-01 1.172553067291704831e+00 1.500278454557825991e-01
5.000000000000000000e+00 1.714837540058022114e+01 7.199999999999999734e-01 1.153994176130932692e+00 8.647974721708232004e-02
5.000000000000000000e+00 1.837917367995205353e+01 7.199999999999999734e-01 1.180626756088958951e+00 8.386290387478827213e-02
5.000000000000000000e+00 1.969831061351811385e+01 7.199999999999999734e-01 1.151581298765622652e+00 1.130270299446581722e-01
5.000000000000000000e+00 2.111212657236571388e+01 7.199999999999999734e-01 1.150333158377095266e+00 7.458906428251563248e-02
5.000000000000000000e+00 2.262741699796887929e+01 7.199999999999999734e-01 1.128329564697293508e+00 5.193368456700617197e-02
5.000000000000000000e+00 2.425146506416567505e+01 7.199999999999999734e-01 1.133876783343896966e+00 4.670512946620818118e-02
5.000000000000000000e+00 2.599207668339878907e+01 7.199999999999999734e-01 1.193942749127211211e+00 1.457099414465018450e-01
5.000000000000000000e+00 2.785761802547516197e+01 7.199999999999999734e-01 1.163938705078221503e+00 1.155540960850534871e-01
5.000000000000000000e+00 2.985705572917696315e+01 7.199999999999999734e-01 1.152248975683015431e+00 6.466016416611838902e-02
5.000000000000000000e+00 3.199999999999905498e+01 7.199999999999999734e-01 1.152435656660378172e+00 8.646999331302104852e-02
