5.000000000000000000e+00 7.812500000000000000e-03 3.300000000000000155e-01 2.301341641669378824e+00 6.478690723048966538e-01
5.000000000000000000e+00 8.373230176064788352e-03 3.300000000000000155e-01 2.105066763786322959e+00 5.812300022110318265e-01
5.000000000000000000e+00 8.974205898414331500e-03 3.300000000000000155e-01 1.981235591920803341e+00 5.157667129213495683e-01
5.000000000000000000e+00 9.618315729257151739e-03 3.300000000000000155e-01 1.846561875720690749e+00 5.007479751389138922e-01
5.000000000000000000e+00 1.030865555291322552e-02 3.300000000000000155e-01 1.718776707113008673e+00 4.063956176137011878e-01
5.000000000000000000e+00 1.104854345603979195e-02 3.300000000000000155e-01 1.640436339555811474e+00 4.078909089383453423e-01
5.000000000000000000e+00 1.184153567586246694e-02 3.300000000000000155e-01 1.529586208644471368e+00 3.692628837393163721e-01
5.000000000000000000e+00 1.269144369306615845e-02 3.300000000000000155e-01 1.421458375827506782e+00 3.114683013757624797e-01
5.000000000000000000e+00 1.360235255150191343e-02 3.300000000000000155e-01 1.378563085222441975e+00 2.940156889701897591e-01
5.000000000000000000e+00 1.457864049276258282e-02 3.300000000000000155e-01 1.320873639302578617e+00 2.774441955191159770e-01
5.000000000000000000e+00 1.562499999999996184e-02 3.300000000000000155e-01 1.278584581368586326e+00 2.658223877781701883e-01
5.000000000000000000e+00 1.674646035212953507e-02 3.300000000000000155e-01 1.245707856455194662e+00 2.713360278436205975e-01
5.000000000000000000e+00 1.794841179682861790e-02 3.300000000000000155e-01 1.200553822866138542e+00 2.287558707906877931e-01
5.000000000000000000e+00 1.923663145851425491e-02 3.300000000000000155e-01 1.160221156418732358e+00 1.837159379336186227e-01
5.000000000000000000e+00 2.061731110582640247e-02 3.300000000000000155e-01 1.146080567514384585e+00 1.894355836488619549e-01
5.000000000000000000e+00 2.209708691207952838e-02 3.300000000000000155e-01 1.128741141088598798e+00 1.887320821196428466e-01
5.000000000000000000e+00 2.368307135172487837e-02 3.300000000000000155e-01 1.101626657299206169e+00 1.497346400161991831e-01
5.000000000000000000e+00 2.538288738613225445e-02 3.300000000000000155e-01 1.080749575353176395e+00 1.248064624332198558e-01
5.000000000000000000e+00 2.720470510300375747e-02 3.300000000000000155e-01 1.069589447693119588e+00 1.176629916256094477e-01
5.000000000000000000e+00 2.915728098552509626e-02 3.300000000000000155e-01 1.056957622642297423e+00 1.033894502662592169e-01
5.000000000000000000e+00 3.124999999999984734e-02 3.300000000000000155e-01 1.042916671902849535e+00 8.073070863816921017e-02
5.000000000000000000e+00 3.349292070425898687e-02 3.300000000000000155e-01 1.037428407989684498e+00 7.876363421973298085e-02
5.000000000000000000e+00 3.589682359365715253e-02 3.300000000000000155e-01 1.028135176994944278e+00 6.124610566371391229e-02
5.000000000000000000e+00 3.847326291702841267e-02 3.300000000000000155e-01 1.021914700846034973e+00 5.029376231667019581e-02
5.000000000000000000e+00 4.123462221165270086e-02 3.300000000000000155e-01 1.017067164700570681e+00 4.102679625959101961e-02
5.000000000000000000e+00 4.419417382415894574e-02 3.300000000000000155e-01 1.013384351217879509e+00 3.356008584643754150e-02
5.000000000000000000e+00 4.736614270344963878e-02 3.300000000000000155e-01 1.010675005807900373e+00 2.765979638935796292e-02
5.000000000000000000e+00 5.076577477226438401e-02 3.300000000000000155e-01 1.008743154883954274e+00 2.322610407384720355e-02
5.000000000000000000e+00 5.440941020600738309e-02 3.300000000000000155e-01 1.007367138146499252e+00 1.986304586752283066e-02
5.000000000000000000e+00 5.831456197105004680e-02 3.300000000000000155e-01 1.006200090186228913e+00 1.678726725263113978e-02
5.000000000000000000e+00 6.249999999999953509e-02 3.300000000000000155e-01 1.005387203472467350e+00 1.457570787696343961e-02
5.000000000000000000e+00 6.698584140851780722e-02 3.300000000000000155e-01 1.004663559778600890e+00 1.252774714775345063e-02
5.000000000000000000e+00 7.179364718731412465e-02 3.300000000000000155e-01 1.004141334650065165e+00 1.103163590493212720e-02
5.000000000000000000e+00 7.694652583405664492e-02 3.300000000000000155e-01 1.003597455568546071e+00 9.446667911646618176e-03
5.000000000000000000e+00 8.246924442330520744e-02 3.300000000000000155e-01 1.003107964642636185e+00 8.013574967211053307e-03
5.000000000000000000e+00 8.838834764831768331e-02 3.300000000000000155e-01 1.002652304624769286e+00 6.676752593100842084e-03
5.000000000000000000e+00 9.473228540689904165e-02 3.300000000000000155e-01 1.002259301711694528e+00 5.524718428110396602e-03
5.000000000000000000e+00 1.015315495445285182e-01 3.300000000000000155e-01 1.001900586189646836e+00 4.473565172276163480e-03
5.000000000000000000e+00 1.088188204120145025e-01 3.300000000000000155e-01 1.001607448738710993e+00 3.617913130351050211e-03
5.000000000000000000e+00 1.166291239420998022e-01 3.300000000000000155e-01 1.001365600098425901e+00 2.915794986152822361e-03
5.000000000000000000e+00 1.249999999999987649e-01 3.300000000000000155e-01 1.001177127712803649e+00 2.374218054930361897e-03
5.000000000000000000e+00 1.339716828170352814e-01 3.300000000000000155e-01 1.001032935141998870e+00 1.966500657161780220e-03
5.000000000000000000e+00 1.435872943746278885e-01 3.300000000000000155e-01 1.000918988054046110e+00 1.650994409458289352e-03
5.000000000000000000e+00 1.538930516681129013e-01 3.300000000000000155e-01 1.000830503957988560e+00 1.413372709459709492e-03
5.000000000000000000e+00 1.649384888466099985e-01 3.300000000000000155e-01 1.000740274559304366e+00 1.172457562500473513e-03
5.000000000000000000e+00 1.767766952966349225e-01 3.300000000000000155e-01 1.000643688174600587e+00 9.143933608160630068e-04
5.000000000000000000e+00 1.894645708137976114e-01 3.300000000000000155e-01 1.000548078554773790e+00 6.607314017021469286e-04
5.000000000000000000e+00 2.030630990890565368e-01 3.300000000000000155e-01 1.000472462247689931e+00 4.663170449182731494e-04
5.000000000000000000e+00 2.176376408240284499e-01 3.300000000000000155e-01 1.000425626637166721e+00 3.515462536246966008e-04
5.000000000000000000e+00 2.332582478841990492e-01 3.300000000000000155e-01 1.000394816277039967e+00 2.724398784560388932e-04
5.000000000000000000e+00 2.499999999999969191e-01 3.300000000000000155e-01 1.000372315366455878e+00 1.991657482789327481e-04
5.000000000000000000e+00 2.679433656340699521e-01 3.300000000000000155e-01 1.000365271278174761e+00 1.377739573475918232e-04
5.000000000000000000e+00 2.871745887492550553e-01 3.300000000000000155e-01 1.000387881185230698e+00 1.020412487693550042e-04
5.000000000000000000e+00 3.077861033362250809e-01 3.300000000000000155e-01 1.000450040048395550e+00 9.529542334443847241e-05
5.000000000000000000e+00 3.298769776932191644e-01 3.300000000000000155e-01 1.000565923974064741e+00 1.401525939675119707e-04
5.000000000000000000e+00 3.535533905932689569e-01 3.300000000000000155e-01 1.000774162519047827e+00 2.645297404672956073e-04
5.000000000000000000e+00 3.789291416275942792e-01 3.300000000000000155e-01 1.001138744556466786e+00 5.063465986851614165e-04
5.000000000000000000e+00 4.061261981781120745e-01 3.300000000000000155e-01 1.001778154000158683e+00 9.618289816357871629e-04
5.000000000000000000e+00 4.352752816480558451e-01 3.300000000000000155e-01 1.002915678757029472e+00 1.838453414756127972e-03
5.000000000000000000e+00 4.665164957683969327e-01 3.300000000000000155e-01 1.004966704839586278e+00 3.558766106988092964e-03
5.000000000000000000e+00 4.999999999999926170e-01 3.300000000000000155e-01 1.008689889129589012e+00 6.981790659429575052e-03
5.000000000000000000e+00 5.358867312681385719e-01 3.300000000000000155e-01 1.015443044649832149e+00 1.375346058895086931e-02
5.000000000000000000e+00 5.743491774985087783e-01 3.300000000000000155e-01 1.026753921629758981e+00 2.585206055236506303e-02
5.000000000000000000e+00 6.155722066724486075e-01 3.300000000000000155e-01 1.042426490245405013e+00 4.247446172924106145e-02
5.000000000000000000e+00 6.597539553864367745e-01 3.300000000000000155e-01 1.059322721592796945e+00 5.734401641420189960e-02
5.000000000000000000e+00 7.071067811865362485e-01 3.300000000000000155e-01 1.075511359326737137e+00 6.455219799084579990e-02
5.000000000000000000e+00 7.578582832551866710e-01 3.300000000000000155e-01 1.090944181386081180e+00 6.963512042155797777e-02
5.000000000000000000e+00 8.122523963562221505e-01 3.300000000000000155e-01 1.110438942357910186e+00 8.393773904252926910e-02
5.000000000000000000e+00 8.705505632961095808e-01 3.300000000000000155e-01 1.131719497221481463e+00 1.004241815862710052e-01
5.000000000000000000e+00 9.330329915367915339e-01 3.300000000000000155e-01 1.149411163582753082e+00 1.193341232202614066e-01
5.000000000000000000e+00 9.999999999999827915e-01 3.300000000000000155e-01 1.164178104182400642e+00 1.348053125484769688e-01
5.000000000000000000e+00 1.071773462536274479e+00 3.300000000000000155e-01 1.179929424423171280e+00 1.506953664339294174e-01
5.000000000000000000e+00 1.148698354997014670e+00 3.300000000000000155e-01 1.189440223472509883e+00 1.594217576681032644e-01
5.000000000000000000e+00 1.231144413344894106e+00 3.300000000000000155e-01 1.185799398404665528e+00 1.473533917973285645e-01
5.000000000000000000e+00 1.319507910772870218e+00 3.300000000000000155e-01 1.173191435405839922e+00 1.219016941122812864e-01
5.000000000000000000e+00 1.414213562373068944e+00 3.300000000000000155e-01 1.164739606621693957e+00 9.985952771206042800e-02
5.000000000000000000e+00 1.515716566510369789e+00 3.300000000000000155e-01 1.161332915769818230e+00 8.998076201706178834e-02
5.000000000000000000e+00 1.624504792712440304e+00 3.300000000000000155e-01 1.162650090651569990e+00 1.061515309464445139e-01
5.000000000000000000e+00 1.741101126592214943e+00 3.300000000000000155e-01 1.165707000267298676e+00 1.203958864859613065e-01
5.000000000000000000e+00 1.866065983073578627e+00 3.300000000000000155e-01 1.182322680253486080e+00 1.455831431311419843e-01
5.000000000000000000e+00 1.999999999999960698e+00 3.300000000000000155e-01 1.177570057329687447e+00 1.339413810041969466e-01
5.000000000000000000e+00 2.143546925072543630e+00 3.300000000000000155e-01 1.168751324007011316e+00 1.126287895287653301e-01
5.000000000000000000e+00 2.297396709994023567e+00 3.300000000000000155e-01 1.185683429161519920e+00 1.314428009171013378e-01
5.000000000000000000e+00 2.462288826689782439e+00 3.300000000000000155e-01 1.193812581726890976e+00 1.606474086771924048e-01
5.000000000000000000e+00 2.639015821545733775e+00 3.300000000000000155e-01 1.197594304209929739e+00 1.636226156458305270e-01
5.000000000000000000e+00 2.828427124746130783e+00 3.300000000000000155e-01 1.194750462045893302e+00 1.510169878212149763e-01
5.000000000000000000e+00 3.031433133020732029e+00 3.300000000000000155e-01 1.185120051457140722e+00 1.370497946213537488e-01
5.000000000000000000e+00 3.249009585424872615e+00 3.300000000000000155e-01 1.214655544366148865e+00 2.209292647283417066e-01
5.000000000000000000e+00 3.482202253184421004e+00 3.300000000000000155e-01 1.202177926906758287e+00 1.947157357786316600e-01
5.000000000000000000e+00 3.732131966147147928e+00 3.300000000000000155e-01 1.156399293025142549e+00 9.339993987764672045e-02
5.000000000000000000e+00 3.999999999999911182e+00 3.300000000000000155e-01 1.130505965651725342e+00 4.656682713124836448e-02
5.000000000000000000e+00 4.287093850145076601e+00 3.300000000000000155e-01 1.160114500264372683e+00 1.341517853090361256e-01
5.000000000000000000e+00 4.594793419988035588e+00 3.300000000000000155e-01 1.145864192982745111e+00 6.286387104627882971e-02
5.000000000000000000e+00 4.924577653379552444e+00 3.300000000000000155e-01 1.168401928612604834e+00 7.008849638754613420e-02
5.000000000000000000e+00 5.278031643091455116e+00 3.300000000000000155e-01 1.152544270022051176e+00 1.205393106805088266e-01
5.000000000000000000e+00 5.656854249492248243e+00 3.300000000000000155e-01 1.136570289691081870e+00 8.199232263965815226e-02
5.000000000000000000e+00 6.062866266041448959e+00 3.300000000000000155e-01 1.171399897491345099e+00 7.759262550394574465e-02
5.000000000000000000e+00 6.498019170849729242e+00 3.300000000000000155e-01 1.153882600876105613e+00 6.589814105011698731e-02
5.000000000000000000e+00 6.964404506368825132e+00 3.300000000000000155e-01 1.142792468116326399e+00 6.006270364067678447e-02
5.000000000000000000e+00 7.464263932294277204e+00 3.300000000000000155e-01 1.166138511060513583e+00 6.092918479514932567e-02
5.000000000000000000e+00 7.999999999999802824e+00 3.300000000000000155e-01 1.144842167640124142e+00 6.304141916006106294e-02
5.000000000000000000e+00 8.574187700290131886e+00 3.300000000000000155e-01 1.168749362971790884e+00 1.082756630748349103e-01
5.000000000000000000e+00 9.189586839976049859e+00 3.300000000000000155e-01 1.154958085618347008e+00 8.064305719777406511e-02
5.000000000000000000e+00 9.849155306759080020e+00 3.300000000000000155e-01 1.200017198524549578e+00 1.113016616290626315e-01
5.000000000000000000e+00 1.055606328618288359e+01 3.300000000000000155e-01 1.229810373959576930e+00 1.303460695334693886e-01
5.000000000000000000e+00 1.131370849898446806e+01 3.300000000000000155e-01 1.184402619160864312e+00 1.056427813713207708e-01
5.000000000000000000e+00 1.212573253208286772e+01 3.300000000000000155e-01 1.167692273346646825e+00 6.370111529163677289e-02
5.000000000000000000e+00 1.299603834169942651e+01 3.300000000000000155e-01 1.203120056115016157e+00 1.075209393350296944e-01
5.000000000000000000e+00 1.392880901273761651e+01 3.300000000000000155e-01 1.172830694467445811e+00 1.111199447724851436e-01
5.000000000000000000e+00 1.492852786458851710e+01 3.300000000000000155e-01 1.155121422407846321e+00 8.504282523135524297e-02
5.000000000000000000e+00 1.599999999999956657e+01 3.300000000000000155e-01 1.186236164658020176e+00 1.617745184459747632e-01
5.000000000000000000e+00 1.714837540058022114e+01 3.300000000000000155e-01 1.165106179306541812e+00 9.230583827659871732e-02
5.000000000000000000e+00 1.837917367995205353e+01 3.300000000000000155e-01 1.191787063898227528e+00 8.954465317293196225e-02
5.000000000000000000e+00 1.969831061351811385e+01 3.300000000000000155e-01 1.162737067011235803e+00 1.201870452284028307e-01
5.000000000000000000e+00 2.111212657236571388e+01 3.300000000000000155e-01 1.162189687552931172e+00 8.016536531393854415e-02
5.000000000000000000e+00 2.262741699796887929e+01 3.300000000000000155e-01 1.138580233326379698e+00 5.477177709515690385e-02
5.000000000000000000e+00 2.425146506416567505e+01 3.300000000000000155e-01 1.142928984436507811e+00 4.968057515964180437e-02
5.000000000000000000e+00 2.599207668339878907e+01 3.300000000000000155e-01 1.205189053219962059e+00 1.566447363712562268e-01
5.000000000000000000e+00 2.785761802547516197e+01 3.300000000000000155e-01 1.173611671591389349e+00 1.216841336447440358e-01
5.000000000000000000e+00 2.985705572917696315e+01 3.300000000000000155e-01 1.162404435835401983e+00 7.149080205591978876e-02
5.000000000000000000e+00 3.199999999999905498e+01 3.300000000000000155e-01 1.163340143666137472e+00 9.152799532710956254e-02
