5.000000000000000000e+00 7.812500000000000000e-03 6.099999999999999867e-01 4.121329851949063539e+00 1.214541683825917096e+00
5.000000000000000000e+00 8.373230176064788352e-03 6.099999999999999867e-01 3.881501095079063823e+00 1.216017240427134549e+00
5.000000000000000000e+00 8.974205898414331500e-03 6.099999999999999867e-01 3.588186788603704880e+00 1.181187118873723962e+00
5.000000000000000000e+00 9.618315729257151739e-03 6.099999999999999867e-01 3.276661440638378053e+00 1.152612818039399523e+00
5.000000000000000000e+00 1.030865555291322552e-02 6.099999999999999867e-01 2.946197813636583174e+00 1.056766739164379132e+00
5.000000000000000000e+00 1.104854345603979195e-02 6.099999999999999867e-01 2.746521458383397452e+00 9.800568114886144544e-01
5.000000000000000000e+00 1.184153567586246694e-02 6.099999999999999867e-01 2.476324811475743015e+00 9.281757972110001864e-01
5.000000000000000000e+00 1.269144369306615845e-02 6.099999999999999867e-01 2.170060737019499530e+00 7.791942704861490876e-01
5.000000000000000000e+00 1.360235255150191343e-02 6.099999999999999867e-01 2.051632131231416967e+00 7.282750905256923923e-01
5.000000000000000000e+00 1.457864049276258282e-02 6.099999999999999867e-01 1.904678329408981963e+00 7.183015404078385568e-01
5.000000000000000000e+00 1.562499999999996184e-02 6.099999999999999867e-01 1.767058305385184269e+00 6.505398988450024067e-01
5.000000000000000000e+00 1.674646035212953507e-02 6.099999999999999867e-01 1.682836228517283317e+00 6.834664552327049947e-01
5.000000000000000000e+00 1.794841179682861790e-02 6.099999999999999867e-01 1.560858134064903258e+00 5.911943294247549163e-01
5.000000000000000000e+00 1.923663145851425491e-02 6.099999999999999867e-01 1.465408003143681359e+00 5.179682010944952619e-01
5.000000000000000000e+00 2.061731110582640247e-02 6.099999999999999867e-01 1.414134034009052687e+00 5.093232303791793703e-01
5.000000000000000000e+00 2.209708691207952838e-02 6.099999999999999867e-01 1.371368321040281169e+00 5.287243845074481863e-01
5.000000000000000000e+00 2.368307135172487837e-02 6.099999999999999867e-01 1.298611127056537473e+00 4.348742710105405473e-01
5.000000000000000000e+00 2.538288738613225445e-02 6.099999999999999867e-01 1.239690075907838862e+00 3.691606314765123464e-01
5.000000000000000000e+00 2.720470510300375747e-02 6.099999999999999867e-01 1.206939449785006779e+00 3.492874623417510094e-01
5.000000000000000000e+00 2.915728098552509626e-02 6.099999999999999867e-01 1.170483065966886782e+00 3.101402747184859865e-01
5.000000000000000000e+00 3.124999999999984734e-02 6.099999999999999867e-01 1.129353722282636197e+00 2.449590951055153620e-01
5.000000000000000000e+00 3.349292070425898687e-02 6.099999999999999867e-01 1.113407005509386760e+00 2.401495603139332524e-01
5.000000000000000000e+00 3.589682359365715253e-02 6.099999999999999867e-01 1.085185183352350702e+00 1.863504983684879934e-01
5.000000000000000000e+00 3.847326291702841267e-02 6.099999999999999867e-01 1.066222801762014338e+00 1.524263453301263338e-01
5.000000000000000000e+00 4.123462221165270086e-02 6.099999999999999867e-01 1.051540943497750957e+00 1.240129984205416008e-01
5.000000000000000000e+00 4.419417382415894574e-02 6.099999999999999867e-01 1.040365766533928316e+00 1.010668988155649789e-01
5.000000000000000000e+00 4.736614270344963878e-02 6.099999999999999867e-01 1.032107645632956316e+00 8.289168626830593911e-02
5.000000000000000000e+00 5.076577477226438401e-02 6.099999999999999867e-01 1.026267473598436508e+00 6.939234577906587542e-02
5.000000000000000000e+00 5.440941020600738309e-02 6.099999999999999867e-01 1.022107442615391992e+00 5.916827948214609806e-02
5.000000000000000000e+00 5.831456197105004680e-02 6.099999999999999867e-01 1.018599813206508387e+00 4.990306199414636795e-02
5.000000000000000000e+00 6.249999999999953509e-02 6.099999999999999867e-01 1.016155888999827450e+00 4.324263374629497975e-02
5.000000000000000000e+00 6.698584140851780722e-02 6.099999999999999867e-01 1.013991996416244934e+00 3.711581737314494783e-02
5.000000000000000000e+00 7.179364718731412465e-02 6.099999999999999867e-01 1.012442545058383825e+00 3.267777466343166348e-02
5.000000000000000000e+00 7.694652583405664492e-02 6.099999999999999867e-01 1.010823008421611657e+00 2.795996209037566668e-02
5.000000000000000000e+00 8.246924442330520744e-02 6.099999999999999867e-01 1.009371443176784400e+00 2.371335059579614268e-02
5.000000000000000000e+00 8.838834764831768331e-02 6.099999999999999867e-01 1.008012363805973033e+00 1.972960705669828466e-02
5.000000000000000000e+00 9.473228540689904165e-02 6.099999999999999867e-01 1.006849416360285687e+00 1.632569725519818563e-02
5.000000000000000000e+00 1.015315495445285182e-01 6.099999999999999867e-01 1.005780419539736403e+00 1.319892281230887129e-02
5.000000000000000000e+00 1.088188204120145025e-01 6.099999999999999867e-01 1.004909977589434344e+00 1.066540938791230020e-02
5.000000000000000000e+00 1.166291239420998022e-01 6.099999999999999867e-01 1.004193616100655939e+00 8.594640734856766329e-03
5.000000000000000000e+00 1.249999999999987649e-01 6.099999999999999867e-01 1.003632161699714143e+00 6.991550132112970758e-03
5.000000000000000000e+00 1.339716828170352814e-01 6.099999999999999867e-01 1.003203055362274609e+00 5.790570899785975854e-03
5.000000000000000000e+00 1.435872943746278885e-01 6.099999999999999867e-01 1.002861194601338823e+00 4.858378723503750836e-03
5.000000000000000000e+00 1.538930516681129013e-01 6.099999999999999867e-01 1.002595040033373630e+00 4.161141602655163765e-03
5.000000000000000000e+00 1.649384888466099985e-01 6.099999999999999867e-01 1.002321736705126032e+00 3.453488313666133649e-03
5.000000000000000000e+00 1.767766952966349225e-01 6.099999999999999867e-01 1.002027085644485727e+00 2.695381130982321509e-03
5.000000000000000000e+00 1.894645708137976114e-01 6.099999999999999867e-01 1.001731943930340041e+00 1.952194735052732852e-03
5.000000000000000000e+00 2.030630990890565368e-01 6.099999999999999867e-01 1.001491514128619809e+00 1.387424648169490902e-03
5.000000000000000000e+00 2.176376408240284499e-01 6.099999999999999867e-01 1.001329062718191221e+00 1.058295335301645936e-03
5.000000000000000000e+00 2.332582478841990492e-01 6.099999999999999867e-01 1.001203778914967257e+00 8.372527900385903473e-04
5.000000000000000000e+00 2.499999999999969191e-01 6.099999999999999867e-01 1.001087292218961533e+00 6.407926997896640957e-04
5.000000000000000000e+00 2.679433656340699521e-01 6.099999999999999867e-01 1.000991576598428079e+00 4.872609343414178681e-04
5.000000000000000000e+00 2.871745887492550553e-01 6.099999999999999867e-01 1.000944490845732116e+00 4.009865876729645849e-04
5.000000000000000000e+00 3.077861033362250809e-01 6.099999999999999867e-01 1.000950072975381966e+00 3.484176610098765631e-04
5.000000000000000000e+00 3.298769776932191644e-01 6.099999999999999867e-01 1.001009199611513356e+00 3.015927656901828567e-04
5.000000000000000000e+00 3.535533905932689569e-01 6.099999999999999867e-01 1.001160433886655543e+00 2.998485612941789616e-04
5.000000000000000000e+00 3.789291416275942792e-01 6.099999999999999867e-01 1.001464015662633766e+00 4.313821945791514135e-04
5.000000000000000000e+00 4.061261981781120745e-01 6.099999999999999867e-01 1.002029165001542044e+00 8.076690007202300906e-04
5.000000000000000000e+00 4.352752816480558451e-01 6.099999999999999867e-01 1.003069483330793599e+00 1.622282248490168177e-03
5.000000000000000000e+00 4.665164957683969327e-01 6.099999999999999867e-01 1.004986261698907812e+00 3.277999073110442804e-03
5.000000000000000000e+00 4.999999999999926170e-01 6.099999999999999867e-01 1.008520918810470679e+00 6.610899108590733569e-03
5.000000000000000000e+00 5.358867312681385719e-01 6.099999999999999867e-01 1.015011738822793941e+00 1.324354267382834953e-02
5.000000000000000000e+00 5.743491774985087783e-01 6.099999999999999867e-01 1.025974055579422117e+00 2.515824911256955843e-02
5.000000000000000000e+00 6.155722066724486075e-01 6.099999999999999867e-01 1.041229457384657220e+00 4.161399395998281736e-02
5.000000000000000000e+00 6.597539553864367745e-01 6.099999999999999867e-01 1.057721275209098533e+00 5.637886201568696742e-02
5.000000000000000000e+00 7.071067811865362485e-01 6.099999999999999867e-01 1.073512903746002056e+00 6.338681572765514360e-02
5.000000000000000000e+00 7.578582832551866710e-01 6.099999999999999867e-01 1.088478890294939605e+00 6.787119428224253070e-02
5.000000000000000000e+00 8.122523963562221505e-01 6.099999999999999867e-01 1.107301421179841538e+00 8.105213943447181490e-02
5.000000000000000000e+00 8.705505632961095808e-01 6.099999999999999867e-01 1.127634029320249809e+00 9.583874495961908213e-02
5.000000000000000000e+00 9.330329915367915339e-01 6.099999999999999867e-01 1.144122924901967320e+00 1.127113299738991409e-01
5.000000000000000000e+00 9.999999999999827915e-01 6.099999999999999867e-01 1.157473711302179797e+00 1.260722460174105164e-01
5.000000000000000000e+00 1.071773462536274479e+00 6.099999999999999867e-01 1.172426544083335020e+00 1.411200324806635709e-01
5.000000000000000000e+00 1.148698354997014670e+00 6.099999999999999867e-01 1.181698405889898496e+00 1.500441949612784653e-01
5.000000000000000000e+00 1.231144413344894106e+00 6.099999999999999867e-01 1.178323406935908979e+00 1.397613805122307762e-01
5.000000000000000000e+00 1.319507910772870218e+00 6.099999999999999867e-01 1.165914079380947710e+00 1.168448739693945804e-01
5.000000000000000000e+00 1.414213562373068944e+00 6.099999999999999867e-01 1.156815697783009078e+00 9.623767083098540287e-02
5.000000000000000000e+00 1.515716566510369789e+00 6.099999999999999867e-01 1.152633177002499121e+00 8.605698711205568563e-02
5.000000000000000000e+00 1.624504792712440304e+00 6.099999999999999867e-01 1.153850780571173740e+00 1.009434073962916650e-01
5.000000000000000000e+00 1.741101126592214943e+00 6.099999999999999867e-01 1.156587291262932027e+00 1.137009611839324280e-01
5.000000000000000000e+00 1.866065983073578627e+00 6.099999999999999867e-01 1.172140324752342533e+00 1.368873135226013338e-01
5.000000000000000000e+00 1.999999999999960698e+00 6.099999999999999867e-01 1.168484729227200258e+00 1.267500908220879907e-01
5.000000000000000000e+00 2.143546925072543630e+00 6.099999999999999867e-01 1.161216790303022606e+00 1.064913505151117157e-01
5.000000000000000000e+00 2.297396709994023567e+00 6.099999999999999867e-01 1.178053818289036325e+00 1.257886576365232767e-01
5.000000000000000000e+00 2.462288826689782439e+00 6.099999999999999867e-01 1.185402253814527684e+00 1.533345062474322784e-01
5.000000000000000000e+00 2.639015821545733775e+00 6.099999999999999867e-01 1.187618047066832938e+00 1.530503208318856057e-01
5.000000000000000000e+00 2.828427124746130783e+00 6.099999999999999867e-01 1.182496590844118511e+00 1.405469307627860431e-01
5.000000000000000000e+00 3.031433133020732029e+00 6.099999999999999867e-01 1.172446417755069303e+00 1.266146782739034637e-01
5.000000000000000000e+00 3.249009585424872615e+00 6.099999999999999867e-01 1.202736723953938380e+00 2.089821581552856467e-01
5.000000000000000000e+00 3.482202253184421004e+00 6.099999999999999867e-01 1.191394968002482013e+00 1.861291893062034242e-01
5.000000000000000000e+00 3.732131966147147928e+00 6.099999999999999867e-01 1.149355418563727582e+00 9.060981320860427013e-02
5.000000000000000000e+00 3.999999999999911182e+00 6.099999999999999867e-01 1.123271189447178742e+00 4.444672074444623588e-02
5.000000000000000000e+00 4.287093850145076601e+00 6.099999999999999867e-01 1.149573769203198204e+00 1.242535976840408174e-01
5.000000000000000000e+00 4.594793419988035588e+00 6.099999999999999867e-01 1.137575463847564361e+00 5.897291387634315957e-02
5.000000000000000000e+00 4.924577653379552444e+00 6.099999999999999867e-01 1.157988018033179412e+00 6.391617985314702877e-02
5.000000000000000000e+00 5.278031643091455116e+00 6.099999999999999867e-01 1.144158862202026228e+00 1.137161461962034464e-01
5.000000000000000000e+00 5.656854249492248243e+00 6.099999999999999867e-01 1.127452254650493257e+00 7.501081192460856695e-02
5.000000000000000000e+00 6.062866266041448959e+00 6.099999999999999867e-01 1.159667962994299639e+00 7.230835751418383806e-02
5.000000000000000000e+00 6.498019170849729242e+00 6.099999999999999867e-01 1.144350040910445454e+00 6.274204139155679927e-02
5.000000000000000000e+00 6.964404506368825132e+00 6.099999999999999867e-01 1.134402596543086617e+00 5.526268664519722040e-02
5.000000000000000000e+00 7.464263932294277204e+00 6.099999999999999867e-01 1.157674076545194053e+00 5.614369292546139006e-02
5.000000000000000000e+00 7.999999999999802824e+00 6.099999999999999867e-01 1.136638251742709382e+00 5.919859553069508479e-02
5.000000000000000000e+00 8.574187700290131886e+00 6.099999999999999867e-01 1.158427428300646378e+00 9.811725048878075506e-02
5.000000000000000000e+00 9.189586839976049859e+00 6.099999999999999867e-01 1.145819409072724948e+00 7.656931127771343659e-02
5.000000000000000000e+00 9.849155306759080020e+00 6.099999999999999867e-01 1.188320266468233521e+00 1.048072819059376881e-01
5.000000000000000000e+00 1.055606328618288359e+01 6.099999999999999867e-01 1.217680134281325266e+00 1.249721149367412215e-01
5.000000000000000000e+00 1.131370849898446806e+01 6.099999999999999867e-01 1.174981342492153358e+00 1.000295542427420831e-01
5.000000000000000000e+00 1.212573253208286772e+01 6.099999999999999867e-01 1.159643427035944585e+00 6.035467211138620391e-02
5.000000000000000000e+00 1.299603834169942651e+01 6.099999999999999867e-01 1.191332920951060359e+00 1.008445901265788702e-01
5.000000000000000000e+00 1.392880901273761651e+01 6.099999999999999867e-01 1.163857081170976970e+00 1.059321281709414003e-01
5.000000000000000000e+00 1.492852786458851710e+01 6.099999999999999867e-01 1.145970279912691403e+00 8.147111824142269643e-02
5.000000000000000000e+00 1.599999999999956657e+01 6.099999999999999867e-01 1.175235192294689979e+00 1.523314759201970237e-01
5.000000000000000000e+00 1.714837540058022114e+01 6.099999999999999867e-01 1.156185399910433897e+00 8.760354460601237070e-02
5.000000000000000000e+00 1.837917367995205353e+01 6.099999999999999867e-01 1.182818278896082154e+00 8.494847374337062551e-02
5.000000000000000000e+00 1.969831061351811385e+01 6.099999999999999867e-01 1.153789293406635608e+00 1.143300680823557125e-01
5.000000000000000000e+00 2.111212657236571388e+01 6.099999999999999867e-01 1.152617700909601250e+00 7.552454461967443577e-02
5.000000000000000000e+00 2.262741699796887929e+01 6.099999999999999867e-01 1.130332859399668211e+00 5.236606309551409405e-02
5.000000000000000000e+00 2.425146506416567505e+01 6.099999999999999867e-01 1.135622597305765202e+00 4.712672455776321934e-02
5.000000000000000000e+00 2.599207668339878907e+01 6.099999999999999867e-01 1.196043661993696494e+00 1.476548609953919344e-01
5.000000000000000000e+00 2.785761802547516197e+01 6.099999999999999867e-01 1.165829300619749320e+00 1.166703743735462429e-01
5.000000000000000000e+00 2.985705572917696315e+01 6.099999999999999867e-01 1.154208781875772249e+00 6.596005562856972759e-02
5.000000000000000000e+00 3.199999999999905498e+01 6.099999999999999867e-01 1.154624625701787588e+00 8.731782522527517520e-02
