5.000000000000000000e+00 7.812500000000000000e-03 3.499999999999999778e-01 2.382003944632425707e+00 6.857047757548009326e-01
5.000000000000000000e+00 8.373230176064788352e-03 3.499999999999999778e-01 2.176174559973323319e+00 6.173859405182892113e-01
5.000000000000000000e+00 8.974205898414331500e-03 3.499999999999999778e-01 2.044455958517848781e+00 5.489518655077634257e-01
5.000000000000000000e+00 9.618315729257151739e-03 3.499999999999999778e-01 1.901231630211488666e+00 5.325727848062754566e-01
5.000000000000000000e+00 1.030865555291322552e-02 3.499999999999999778e-01 1.764596561710500833e+00 4.323436820424239047e-01
5.000000000000000000e+00 1.104854345603979195e-02 3.499999999999999778e-01 1.681353192894511350e+00 4.330756631166643444e-01
5.000000000000000000e+00 1.184153567586246694e-02 3.499999999999999778e-01 1.563594046716927588e+00 3.924960467819553211e-01
5.000000000000000000e+00 1.269144369306615845e-02 3.499999999999999778e-01 1.448165425226999536e+00 3.305939204703626788e-01
5.000000000000000000e+00 1.360235255150191343e-02 3.499999999999999778e-01 1.402541985760515031e+00 3.121502840116581190e-01
5.000000000000000000e+00 1.457864049276258282e-02 3.499999999999999778e-01 1.341337314639209799e+00 2.949431852194554504e-01
5.000000000000000000e+00 1.562499999999996184e-02 3.499999999999999778e-01 1.296083158884797415e+00 2.820284469017512174e-01
5.000000000000000000e+00 1.674646035212953507e-02 3.499999999999999778e-01 1.261265992866519081e+00 2.883051927190656838e-01
5.000000000000000000e+00 1.794841179682861790e-02 3.499999999999999778e-01 1.213225797258649097e+00 2.430499327440623636e-01
5.000000000000000000e+00 1.923663145851425491e-02 3.499999999999999778e-01 1.170454180640739805e+00 1.955141283708462796e-01
5.000000000000000000e+00 2.061731110582640247e-02 3.499999999999999778e-01 1.155330770645375260e+00 2.013848295056022697e-01
5.000000000000000000e+00 2.209708691207952838e-02 3.499999999999999778e-01 1.136973084831912617e+00 2.008529440948604861e-01
5.000000000000000000e+00 2.368307135172487837e-02 3.499999999999999778e-01 1.108136211710482044e+00 1.593855059460671519e-01
5.000000000000000000e+00 2.538288738613225445e-02 3.499999999999999778e-01 1.085927711810836804e+00 1.328508754290388949e-01
5.000000000000000000e+00 2.720470510300375747e-02 3.499999999999999778e-01 1.074062590796288852e+00 1.252603858062474318e-01
5.000000000000000000e+00 2.915728098552509626e-02 3.499999999999999778e-01 1.060623910914631818e+00 1.100608077143993280e-01
5.000000000000000000e+00 3.124999999999984734e-02 3.499999999999999778e-01 1.045680958172479080e+00 8.592850501426570198e-02
5.000000000000000000e+00 3.349292070425898687e-02 3.499999999999999778e-01 1.039849833084420805e+00 8.384329047119636058e-02
5.000000000000000000e+00 3.589682359365715253e-02 3.499999999999999778e-01 1.029955711646403982e+00 6.517527117017241078e-02
5.000000000000000000e+00 3.847326291702841267e-02 3.499999999999999778e-01 1.023334189377973269e+00 5.350474807499704805e-02
5.000000000000000000e+00 4.123462221165270086e-02 3.499999999999999778e-01 1.018176529405244279e+00 4.363815222495173035e-02
5.000000000000000000e+00 4.419417382415894574e-02 3.499999999999999778e-01 1.014258354683687857e+00 3.568932923609658553e-02
5.000000000000000000e+00 4.736614270344963878e-02 3.499999999999999778e-01 1.011375539248840827e+00 2.940844411582750270e-02
5.000000000000000000e+00 5.076577477226438401e-02 3.499999999999999778e-01 1.009320722864810893e+00 2.469119122038949954e-02
5.000000000000000000e+00 5.440941020600738309e-02 3.499999999999999778e-01 1.007857089601004397e+00 2.111326803907038335e-02
5.000000000000000000e+00 5.831456197105004680e-02 3.499999999999999778e-01 1.006615972157408612e+00 1.784220502608674028e-02
5.000000000000000000e+00 6.249999999999953509e-02 3.499999999999999778e-01 1.005751469724710301e+00 1.549032501413496674e-02
5.000000000000000000e+00 6.698584140851780722e-02 3.499999999999999778e-01 1.004981925954005373e+00 1.331275946728255333e-02
5.000000000000000000e+00 7.179364718731412465e-02 3.499999999999999778e-01 1.004426740428178144e+00 1.172263564914484586e-02
5.000000000000000000e+00 7.694652583405664492e-02 3.499999999999999778e-01 1.003848419255395807e+00 1.003780836577318133e-02
5.000000000000000000e+00 8.246924442330520744e-02 3.499999999999999778e-01 1.003327991302539468e+00 8.514748978326162204e-03
5.000000000000000000e+00 8.838834764831768331e-02 3.499999999999999778e-01 1.002843398011154630e+00 7.093746095223228340e-03
5.000000000000000000e+00 9.473228540689904165e-02 3.499999999999999778e-01 1.002425501971149213e+00 5.869562327806598749e-03
5.000000000000000000e+00 1.015315495445285182e-01 3.499999999999999778e-01 1.002043898219633133e+00 4.752286575154815798e-03
5.000000000000000000e+00 1.088188204120145025e-01 3.499999999999999778e-01 1.001732012343787392e+00 3.843000853095755991e-03
5.000000000000000000e+00 1.166291239420998022e-01 3.499999999999999778e-01 1.001474611348106558e+00 3.096986109215706280e-03
5.000000000000000000e+00 1.249999999999987649e-01 3.499999999999999778e-01 1.001273831345516507e+00 2.521454890478436878e-03
5.000000000000000000e+00 1.339716828170352814e-01 3.499999999999999778e-01 1.001120081224267100e+00 2.088294518470216500e-03
5.000000000000000000e+00 1.435872943746278885e-01 3.499999999999999778e-01 1.000998376853184491e+00 1.753066477719218957e-03
5.000000000000000000e+00 1.538930516681129013e-01 3.499999999999999778e-01 1.000903661690669910e+00 1.500647732577307545e-03
5.000000000000000000e+00 1.649384888466099985e-01 3.499999999999999778e-01 1.000806982569458992e+00 1.244782438893836255e-03
5.000000000000000000e+00 1.767766952966349225e-01 3.499999999999999778e-01 1.000703411897010620e+00 9.708219091133374204e-04
5.000000000000000000e+00 1.894645708137976114e-01 3.499999999999999778e-01 1.000600703174264750e+00 7.017774682095314753e-04
5.000000000000000000e+00 2.030630990890565368e-01 3.499999999999999778e-01 1.000519033092233334e+00 4.959681422480451086e-04
5.000000000000000000e+00 2.176376408240284499e-01 3.499999999999999778e-01 1.000467654575718512e+00 3.747326630995393782e-04
5.000000000000000000e+00 2.332582478841990492e-01 3.499999999999999778e-01 1.000432909450934327e+00 2.914055196680688368e-04
5.000000000000000000e+00 2.499999999999969191e-01 3.499999999999999778e-01 1.000406414906073405e+00 2.146605111834148873e-04
5.000000000000000000e+00 2.679433656340699521e-01 3.499999999999999778e-01 1.000395469740780197e+00 1.507685726737097403e-04
5.000000000000000000e+00 2.871745887492550553e-01 3.499999999999999778e-01 1.000414704326601179e+00 1.123531468454903436e-04
5.000000000000000000e+00 3.077861033362250809e-01 3.499999999999999778e-01 1.000473809919233403e+00 9.956325226545785360e-05
5.000000000000000000e+00 3.298769776932191644e-01 3.499999999999999778e-01 1.000586506789258312e+00 1.365053766945050785e-04
5.000000000000000000e+00 3.535533905932689569e-01 3.499999999999999778e-01 1.000791357274931404e+00 2.572273805495408358e-04
5.000000000000000000e+00 3.789291416275942792e-01 3.499999999999999778e-01 1.001152106210733361e+00 4.973699064804511412e-04
5.000000000000000000e+00 4.061261981781120745e-01 3.499999999999999778e-01 1.001786685608353489e+00 9.512263200136931735e-04
5.000000000000000000e+00 4.352752816480558451e-01 3.499999999999999778e-01 1.002917627824865932e+00 1.825425984898606992e-03
5.000000000000000000e+00 4.665164957683969327e-01 3.499999999999999778e-01 1.004959104950827520e+00 3.541517884938302427e-03
5.000000000000000000e+00 4.999999999999926170e-01 3.499999999999999778e-01 1.008668089786241673e+00 6.957017125938141228e-03
5.000000000000000000e+00 5.358867312681385719e-01 3.499999999999999778e-01 1.015400272453210961e+00 1.371630713438731601e-02
5.000000000000000000e+00 5.743491774985087783e-01 3.499999999999999778e-01 1.026681820421705416e+00 2.579834037465678076e-02
5.000000000000000000e+00 6.155722066724486075e-01 3.499999999999999778e-01 1.042317924771021920e+00 4.240563742180131213e-02
5.000000000000000000e+00 6.597539553864367745e-01 3.499999999999999778e-01 1.059177382722617855e+00 5.726613239265292143e-02
5.000000000000000000e+00 7.071067811865362485e-01 3.499999999999999778e-01 1.075328907636084796e+00 6.445745020876079978e-02
5.000000000000000000e+00 7.578582832551866710e-01 3.499999999999999778e-01 1.090716624399138635e+00 6.948571244429091465e-02
5.000000000000000000e+00 8.122523963562221505e-01 3.499999999999999778e-01 1.110147874284491465e+00 8.368579488415005263e-02
5.000000000000000000e+00 8.705505632961095808e-01 3.499999999999999778e-01 1.131341613487955255e+00 1.000213147951329040e-01
5.000000000000000000e+00 9.330329915367915339e-01 3.499999999999999778e-01 1.148923638249639723e+00 1.187474265703552245e-01
5.000000000000000000e+00 9.999999999999827915e-01 3.499999999999999778e-01 1.163561149329774835e+00 1.340246655006367971e-01
5.000000000000000000e+00 1.071773462536274479e+00 3.499999999999999778e-01 1.179239588315141862e+00 1.498337898114146527e-01
5.000000000000000000e+00 1.148698354997014670e+00 3.499999999999999778e-01 1.188732597680958625e+00 1.585763411466290240e-01
5.000000000000000000e+00 1.231144413344894106e+00 3.499999999999999778e-01 1.185124125608349122e+00 1.466668108558858707e-01
5.000000000000000000e+00 1.319507910772870218e+00 3.499999999999999778e-01 1.172542470002069903e+00 1.214361911852757936e-01
5.000000000000000000e+00 1.414213562373068944e+00 3.499999999999999778e-01 1.164044248159775474e+00 9.951977341555164058e-02
5.000000000000000000e+00 1.515716566510369789e+00 3.499999999999999778e-01 1.160569977844557288e+00 8.961317819903037718e-02
5.000000000000000000e+00 1.624504792712440304e+00 3.499999999999999778e-01 1.161868135850963046e+00 1.056684077759376394e-01
5.000000000000000000e+00 1.741101126592214943e+00 3.499999999999999778e-01 1.164887609945460145e+00 1.197815663088856314e-01
5.000000000000000000e+00 1.866065983073578627e+00 3.499999999999999778e-01 1.181414029494985085e+00 1.448010410220341437e-01
5.000000000000000000e+00 1.999999999999960698e+00 3.499999999999999778e-01 1.176760225003144367e+00 1.332979004260106126e-01
5.000000000000000000e+00 2.143546925072543630e+00 3.499999999999999778e-01 1.168075146420849864e+00 1.120901964610381135e-01
5.000000000000000000e+00 2.297396709994023567e+00 3.499999999999999778e-01 1.184994734027568386e+00 1.309525437972644535e-01
5.000000000000000000e+00 2.462288826689782439e+00 3.499999999999999778e-01 1.193045936946723007e+00 1.600021523731059714e-01
5.000000000000000000e+00 2.639015821545733775e+00 3.499999999999999778e-01 1.196680014808770620e+00 1.626736590345281286e-01
5.000000000000000000e+00 2.828427124746130783e+00 3.499999999999999778e-01 1.193637407849456711e+00 1.500691809511064956e-01
5.000000000000000000e+00 3.031433133020732029e+00 3.499999999999999778e-01 1.183967067647381466e+00 1.360955473910104574e-01
5.000000000000000000e+00 3.249009585424872615e+00 3.499999999999999778e-01 1.213566173218515454e+00 2.198208206570673728e-01
5.000000000000000000e+00 3.482202253184421004e+00 3.499999999999999778e-01 1.201205395352566097e+00 1.939344972215939489e-01
5.000000000000000000e+00 3.732131966147147928e+00 3.499999999999999778e-01 1.155757084350705677e+00 9.314300884663458124e-02
5.000000000000000000e+00 3.999999999999911182e+00 3.499999999999999778e-01 1.129855955421376734e+00 4.636926889872042962e-02
5.000000000000000000e+00 4.287093850145076601e+00 3.499999999999999778e-01 1.159163856816189941e+00 1.332396506590259599e-01
5.000000000000000000e+00 4.594793419988035588e+00 3.499999999999999778e-01 1.145116575395328073e+00 6.250195497405935940e-02
5.000000000000000000e+00 4.924577653379552444e+00 3.499999999999999778e-01 1.167456469275541586e+00 6.953085341342146730e-02
5.000000000000000000e+00 5.278031643091455116e+00 3.499999999999999778e-01 1.151779604881357111e+00 1.199207088074926431e-01
5.000000000000000000e+00 5.656854249492248243e+00 3.499999999999999778e-01 1.135762224808095855e+00 8.136693471698355773e-02
5.000000000000000000e+00 6.062866266041448959e+00 3.499999999999999778e-01 1.170346503261122439e+00 7.710542729650446403e-02
5.000000000000000000e+00 6.498019170849729242e+00 3.499999999999999778e-01 1.153016101410274219e+00 6.561840695865291118e-02
5.000000000000000000e+00 6.964404506368825132e+00 3.499999999999999778e-01 1.142027830244801256e+00 5.961315539184144918e-02
5.000000000000000000e+00 7.464263932294277204e+00 3.499999999999999778e-01 1.165374297957072036e+00 6.048458184116720093e-02
5.000000000000000000e+00 7.999999999999802824e+00 3.499999999999999778e-01 1.144116577277958235e+00 6.269775515075255712e-02
5.000000000000000000e+00 8.574187700290131886e+00 3.499999999999999778e-01 1.167823692943634306e+00 1.073525960643308269e-01
5.000000000000000000e+00 9.189586839976049859e+00 3.499999999999999778e-01 1.154135752344585431e+00 8.028055093075202320e-02
5.000000000000000000e+00 9.849155306759080020e+00 3.499999999999999778e-01 1.198964476351341180e+00 1.107191960110617823e-01
5.000000000000000000e+00 1.055606328618288359e+01 3.499999999999999778e-01 1.228707703380689242e+00 1.298559269673164873e-01
5.000000000000000000e+00 1.131370849898446806e+01 3.499999999999999778e-01 1.183551304670528825e+00 1.051132737240264015e-01
5.000000000000000000e+00 1.212573253208286772e+01 3.499999999999999778e-01 1.166960512514784387e+00 6.339506825425335335e-02
5.000000000000000000e+00 1.299603834169942651e+01 3.499999999999999778e-01 1.202073339089716253e+00 1.069261972227451007e-01
5.000000000000000000e+00 1.392880901273761651e+01 3.499999999999999778e-01 1.172034192845179401e+00 1.106561280140515580e-01
5.000000000000000000e+00 1.492852786458851710e+01 3.499999999999999778e-01 1.154298424344679441e+00 8.470433679160313534e-02
5.000000000000000000e+00 1.599999999999956657e+01 3.499999999999999778e-01 1.185237161968827557e+00 1.609153045622675193e-01
5.000000000000000000e+00 1.714837540058022114e+01 3.499999999999999778e-01 1.164299460505950901e+00 9.187410319185845831e-02
5.000000000000000000e+00 1.837917367995205353e+01 3.499999999999999778e-01 1.190973954866966666e+00 8.912272634770602997e-02
5.000000000000000000e+00 1.969831061351811385e+01 3.499999999999999778e-01 1.161928590881000201e+00 1.196399366108233386e-01
5.000000000000000000e+00 2.111212657236571388e+01 3.499999999999999778e-01 1.161314724575795321e+00 7.971488076804621181e-02
5.000000000000000000e+00 2.262741699796887929e+01 3.499999999999999778e-01 1.137829765466896292e+00 5.452406373874210677e-02
5.000000000000000000e+00 2.425146506416567505e+01 3.499999999999999778e-01 1.142261479753252429e+00 4.942205671654308768e-02
5.000000000000000000e+00 2.599207668339878907e+01 3.499999999999999778e-01 1.204343481968464413e+00 1.557970374216245402e-01
5.000000000000000000e+00 2.785761802547516197e+01 3.499999999999999778e-01 1.172902998296777577e+00 1.212111750242421265e-01
5.000000000000000000e+00 2.985705572917696315e+01 3.499999999999999778e-01 1.161654655870252295e+00 7.097777824493826937e-02
5.000000000000000000e+00 3.199999999999905498e+01 3.499999999999999778e-01 1.162555722250003587e+00 9.111905553538098002e-02
