1.000000000000000000e+00 6.250000000000000000e-02 9.000000000000000222e-01 2.899999999999999911e+00 1.374772708486752038e+00
1.000000000000000000e+00 8.838834764831844659e-02 9.000000000000000222e-01 2.299999999999999822e+00 1.486606874731850603e+00
1.000000000000000000e+00 1.250000000000000000e-01 9.000000000000000222e-01 1.800000000000000044e+00 7.483314773547882215e-01
1.000000000000000000e+00 1.767766952966368932e-01 9.000000000000000222e-01 1.300000000000000044e+00 4.582575694955839385e-01
1.000000000000000000e+00 2.500000000000000000e-01 9.000000000000000222e-01 1.300000000000000044e+00 4.582575694955839385e-01
1.000000000000000000e+00 3.535533905932737864e-01 9.000000000000000222e-01 1.399999999999999911e+00 6.633249580710800508e-01
1.000000000000000000e+00 5.000000000000000000e-01 9.000000000000000222e-01 1.899999999999999911e+00 8.306623862918074419e-01
1.000000000000000000e+00 7.071067811865475727e-01 9.000000000000000222e-01 2.399999999999999911e+00 9.165151389911680990e-01
1.000000000000000000e+00 1.000000000000000000e+00 9.000000000000000222e-01 3.299999999999999822e+00 1.417744687875782672e+00
1.000000000000000000e+00 1.414213562373095145e+00 9.000000000000000222e-01 4.099999999999999645e+00 1.220655561573370296e+00
1.000000000000000000e+00 2.000000000000000000e+00 9.000000000000000222e-01 4.200000000000000178e+00 9.797958971132711969e-01
1.000000000000000000e+00 2.828427124746190291e+00 9.000000000000000222e-01 4.400000000000000355e+00 8.000000000000000444e-01
1.000000000000000000e+00 4.000000000000000000e+00 9.000000000000000222e-01 4.200000000000000178e+00 1.248999599679679662e+00
1.000000000000000000e+00 5.656854249492380582e+00 9.000000000000000222e-01 4.200000000000000178e+00 1.248999599679679662e+00
1.000000000000000000e+00 8.000000000000000000e+00 9.000000000000000222e-01 4.299999999999999822e+00 1.268857754044952157e+00
1.000000000000000000e+00 1.131370849898476116e+01 9.000000000000000222e-01 4.400000000000000355e+00 1.019803902718556810e+00
1.000000000000000000e+00 1.600000000000000000e+01 9.000000000000000222e-01 4.500000000000000000e+00 9.219544457292887518e-01
1.000000000000000000e+00 2.262741699796952233e+01 9.000000000000000222e-01 4.599999999999999645e+00 6.633249580710799398e-01
1.000000000000000000e+00 3.200000000000000000e+01 9.000000000000000222e-01 4.599999999999999645e+00 6.633249580710799398e-01
1.000000000000000000e+00 4.525483399593904466e+01 9.000000000000000222e-01 4.700000000000000178e+00 4.582575694955840495e-01
1.000000000000000000e+00 6.400000000000000000e+01 9.000000000000000222e-01 4.700000000000000178e+00 4.582575694955840495e-01
1.000000000000000000e+00 9.050966799187808931e+01 9.000000000000000222e-01 4.700000000000000178e+00 4.582575694955840495e-01
1.000000000000000000e+00 1.280000000000000000e+02 9.000000000000000222e-01 4.700000000000000178e+00 4.582575694955840495e-01
2.000000000000000000e+00 6.250000000000000000e-02 9.000000000000000222e-01 4.599999999999999645e+00 2.690724809414742236e+00
2.000000000000000000e+00 8.838834764831844659e-02 9.000000000000000222e-01 3.399999999999999911e+00 2.457641145488901557e+00
2.000000000000000000e+00 1.250000000000000000e-01 9.000000000000000222e-01 2.399999999999999911e+00 1.959591794226542172e+00
2.000000000000000000e+00 1.767766952966368932e-01 9.000000000000000222e-01 1.800000000000000044e+00 1.469693845669906906e+00
2.000000000000000000e+00 2.500000000000000000e-01 9.000000000000000222e-01 1.399999999999999911e+00 6.633249580710800508e-01
2.000000000000000000e+00 3.535533905932737864e-01 9.000000000000000222e-01 1.199999999999999956e+00 5.999999999999999778e-01
2.000000000000000000e+00 5.000000000000000000e-01 9.000000000000000222e-01 1.199999999999999956e+00 5.999999999999999778e-01
2.000000000000000000e+00 7.071067811865475727e-01 9.000000000000000222e-01 1.300000000000000044e+00 7.810249675906654199e-01
2.000000000000000000e+00 1.000000000000000000e+00 9.000000000000000222e-01 1.500000000000000000e+00 6.708203932499369193e-01
2.000000000000000000e+00 1.414213562373095145e+00 9.000000000000000222e-01 1.899999999999999911e+00 5.385164807134503739e-01
2.000000000000000000e+00 2.000000000000000000e+00 9.000000000000000222e-01 1.699999999999999956e+00 7.810249675906655309e-01
2.000000000000000000e+00 2.828427124746190291e+00 9.000000000000000222e-01 1.899999999999999911e+00 5.385164807134504850e-01
2.000000000000000000e+00 4.000000000000000000e+00 9.000000000000000222e-01 2.000000000000000000e+00 6.324555320336758824e-01
2.000000000000000000e+00 5.656854249492380582e+00 9.000000000000000222e-01 1.899999999999999911e+00 6.999999999999999556e-01
2.000000000000000000e+00 8.000000000000000000e+00 9.000000000000000222e-01 1.899999999999999911e+00 5.385164807134504850e-01
2.000000000000000000e+00 1.131370849898476116e+01 9.000000000000000222e-01 2.100000000000000089e+00 5.385164807134504850e-01
2.000000000000000000e+00 1.600000000000000000e+01 9.000000000000000222e-01 2.000000000000000000e+00 6.324555320336758824e-01
2.000000000000000000e+00 2.262741699796952233e+01 9.000000000000000222e-01 1.899999999999999911e+00 5.385164807134504850e-01
2.000000000000000000e+00 3.200000000000000000e+01 9.000000000000000222e-01 1.899999999999999911e+00 5.385164807134504850e-01
2.000000000000000000e+00 4.525483399593904466e+01 9.000000000000000222e-01 2.200000000000000178e+00 5.999999999999999778e-01
2.000000000000000000e+00 6.400000000000000000e+01 9.000000000000000222e-01 2.100000000000000089e+00 5.385164807134504850e-01
2.000000000000000000e+00 9.050966799187808931e+01 9.000000000000000222e-01 2.000000000000000000e+00 4.472135954999579277e-01
2.000000000000000000e+00 1.280000000000000000e+02 9.000000000000000222e-01 2.000000000000000000e+00 0.000000000000000000e+00
3.000000000000000000e+00 6.250000000000000000e-02 9.000000000000000222e-01 5.000000000000000000e+00 1.788854381999831711e+00
3.000000000000000000e+00 8.838834764831844659e-02 9.000000000000000222e-01 3.600000000000000089e+00 1.624807680927192077e+00
3.000000000000000000e+00 1.250000000000000000e-01 9.000000000000000222e-01 2.799999999999999822e+00 8.717797887081346619e-01
3.000000000000000000e+00 1.767766952966368932e-01 9.000000000000000222e-01 2.200000000000000178e+00 7.483314773547882215e-01
3.000000000000000000e+00 2.500000000000000000e-01 9.000000000000000222e-01 1.800000000000000044e+00 7.483314773547882215e-01
3.000000000000000000e+00 3.535533905932737864e-01 9.000000000000000222e-01 1.199999999999999956e+00 4.000000000000000222e-01
3.000000000000000000e+00 5.000000000000000000e-01 9.000000000000000222e-01 1.199999999999999956e+00 4.000000000000000222e-01
3.000000000000000000e+00 7.071067811865475727e-01 9.000000000000000222e-01 1.500000000000000000e+00 5.000000000000000000e-01
3.000000000000000000e+00 1.000000000000000000e+00 9.000000000000000222e-01 1.899999999999999911e+00 6.999999999999999556e-01
3.000000000000000000e+00 1.414213562373095145e+00 9.000000000000000222e-01 2.399999999999999911e+00 8.000000000000000444e-01
3.000000000000000000e+00 2.000000000000000000e+00 9.000000000000000222e-01 2.399999999999999911e+00 6.633249580710800508e-01
3.000000000000000000e+00 2.828427124746190291e+00 9.000000000000000222e-01 2.600000000000000089e+00 4.898979485566356540e-01
3.000000000000000000e+00 4.000000000000000000e+00 9.000000000000000222e-01 2.200000000000000178e+00 5.999999999999999778e-01
3.000000000000000000e+00 5.656854249492380582e+00 9.000000000000000222e-01 2.100000000000000089e+00 5.385164807134504850e-01
3.000000000000000000e+00 8.000000000000000000e+00 9.000000000000000222e-01 2.200000000000000178e+00 3.999999999999999667e-01
3.000000000000000000e+00 1.131370849898476116e+01 9.000000000000000222e-01 2.399999999999999911e+00 4.898979485566356540e-01
3.000000000000000000e+00 1.600000000000000000e+01 9.000000000000000222e-01 2.100000000000000089e+00 5.385164807134504850e-01
3.000000000000000000e+00 2.262741699796952233e+01 9.000000000000000222e-01 2.500000000000000000e+00 5.000000000000000000e-01
3.000000000000000000e+00 3.200000000000000000e+01 9.000000000000000222e-01 2.500000000000000000e+00 5.000000000000000000e-01
3.000000000000000000e+00 4.525483399593904466e+01 9.000000000000000222e-01 2.399999999999999911e+00 4.898979485566356540e-01
3.000000000000000000e+00 6.400000000000000000e+01 9.000000000000000222e-01 2.200000000000000178e+00 3.999999999999999667e-01
3.000000000000000000e+00 9.050966799187808931e+01 9.000000000000000222e-01 2.399999999999999911e+00 4.898979485566356540e-01
3.000000000000000000e+00 1.280000000000000000e+02 9.000000000000000222e-01 2.500000000000000000e+00 5.000000000000000000e-01
4.000000000000000000e+00 6.250000000000000000e-02 9.000000000000000222e-01 6.599999999999999645e+00 3.322649545167229768e+00
4.000000000000000000e+00 8.838834764831844659e-02 9.000000000000000222e-01 4.500000000000000000e+00 2.617250465660480252e+00
4.000000000000000000e+00 1.250000000000000000e-01 9.000000000000000222e-01 3.399999999999999911e+00 1.800000000000000044e+00
4.000000000000000000e+00 1.767766952966368932e-01 9.000000000000000222e-01 2.399999999999999911e+00 1.019803902718557032e+00
4.000000000000000000e+00 2.500000000000000000e-01 9.000000000000000222e-01 2.000000000000000000e+00 7.745966692414834043e-01
4.000000000000000000e+00 3.535533905932737864e-01 9.000000000000000222e-01 1.199999999999999956e+00 4.000000000000000222e-01
4.000000000000000000e+00 5.000000000000000000e-01 9.000000000000000222e-01 1.100000000000000089e+00 2.999999999999999889e-01
4.000000000000000000e+00 7.071067811865475727e-01 9.000000000000000222e-01 1.600000000000000089e+00 4.898979485566356540e-01
4.000000000000000000e+00 1.000000000000000000e+00 9.000000000000000222e-01 1.899999999999999911e+00 5.385164807134503739e-01
4.000000000000000000e+00 1.414213562373095145e+00 9.000000000000000222e-01 2.500000000000000000e+00 5.000000000000000000e-01
4.000000000000000000e+00 2.000000000000000000e+00 9.000000000000000222e-01 3.000000000000000000e+00 6.324555320336758824e-01
4.000000000000000000e+00 2.828427124746190291e+00 9.000000000000000222e-01 3.100000000000000089e+00 6.999999999999999556e-01
4.000000000000000000e+00 4.000000000000000000e+00 9.000000000000000222e-01 2.600000000000000089e+00 6.633249580710800508e-01
4.000000000000000000e+00 5.656854249492380582e+00 9.000000000000000222e-01 2.899999999999999911e+00 5.385164807134503739e-01
4.000000000000000000e+00 8.000000000000000000e+00 9.000000000000000222e-01 2.799999999999999822e+00 3.999999999999999667e-01
4.000000000000000000e+00 1.131370849898476116e+01 9.000000000000000222e-01 2.500000000000000000e+00 6.708203932499369193e-01
4.000000000000000000e+00 1.600000000000000000e+01 9.000000000000000222e-01 2.700000000000000178e+00 4.582575694955840495e-01
4.000000000000000000e+00 2.262741699796952233e+01 9.000000000000000222e-01 2.799999999999999822e+00 7.483314773547882215e-01
4.000000000000000000e+00 3.200000000000000000e+01 9.000000000000000222e-01 3.100000000000000089e+00 2.999999999999999889e-01
4.000000000000000000e+00 4.525483399593904466e+01 9.000000000000000222e-01 2.799999999999999822e+00 3.999999999999999667e-01
4.000000000000000000e+00 6.400000000000000000e+01 9.000000000000000222e-01 2.799999999999999822e+00 5.999999999999999778e-01
4.000000000000000000e+00 9.050966799187808931e+01 9.000000000000000222e-01 2.799999999999999822e+00 3.999999999999999667e-01
4.000000000000000000e+00 1.280000000000000000e+02 9.000000000000000222e-01 2.700000000000000178e+00 4.582575694955840495e-01
5.000000000000000000e+00 6.250000000000000000e-02 9.000000000000000222e-01 7.099999999999999645e+00 2.736786436680801682e+00
5.000000000000000000e+00 8.838834764831844659e-02 9.000000000000000222e-01 4.700000000000000178e+00 1.615549442140351344e+00
5.000000000000000000e+00 1.250000000000000000e-01 9.000000000000000222e-01 3.000000000000000000e+00 1.788854381999831711e+00
5.000000000000000000e+00 1.767766952966368932e-01 9.000000000000000222e-01 2.399999999999999911e+00 1.199999999999999956e+00
5.000000000000000000e+00 2.500000000000000000e-01 9.000000000000000222e-01 2.000000000000000000e+00 1.000000000000000000e+00
5.000000000000000000e+00 3.535533905932737864e-01 9.000000000000000222e-01 1.199999999999999956e+00 5.999999999999999778e-01
5.000000000000000000e+00 5.000000000000000000e-01 9.000000000000000222e-01 1.100000000000000089e+00 2.999999999999999889e-01
5.000000000000000000e+00 7.071067811865475727e-01 9.000000000000000222e-01 2.000000000000000000e+00 4.472135954999579277e-01
5.000000000000000000e+00 1.000000000000000000e+00 9.000000000000000222e-01 2.299999999999999822e+00 4.582575694955840495e-01
5.000000000000000000e+00 1.414213562373095145e+00 9.000000000000000222e-01 2.799999999999999822e+00 3.999999999999999667e-01
5.000000000000000000e+00 2.000000000000000000e+00 9.000000000000000222e-01 2.799999999999999822e+00 3.999999999999999667e-01
5.000000000000000000e+00 2.828427124746190291e+00 9.000000000000000222e-01 3.000000000000000000e+00 6.324555320336758824e-01
5.000000000000000000e+00 4.000000000000000000e+00 9.000000000000000222e-01 2.799999999999999822e+00 3.999999999999999667e-01
5.000000000000000000e+00 5.656854249492380582e+00 9.000000000000000222e-01 2.899999999999999911e+00 2.999999999999999889e-01
5.000000000000000000e+00 8.000000000000000000e+00 9.000000000000000222e-01 2.600000000000000089e+00 4.898979485566356540e-01
5.000000000000000000e+00 1.131370849898476116e+01 9.000000000000000222e-01 3.000000000000000000e+00 0.000000000000000000e+00
5.000000000000000000e+00 1.600000000000000000e+01 9.000000000000000222e-01 2.899999999999999911e+00 2.999999999999999889e-01
5.000000000000000000e+00 2.262741699796952233e+01 9.000000000000000222e-01 3.000000000000000000e+00 4.472135954999579277e-01
5.000000000000000000e+00 3.200000000000000000e+01 9.000000000000000222e-01 2.899999999999999911e+00 5.385164807134503739e-01
5.000000000000000000e+00 4.525483399593904466e+01 9.000000000000000222e-01 3.100000000000000089e+00 2.999999999999999889e-01
5.000000000000000000e+00 6.400000000000000000e+01 9.000000000000000222e-01 2.899999999999999911e+00 5.385164807134503739e-01
5.000000000000000000e+00 9.050966799187808931e+01 9.000000000000000222e-01 3.000000000000000000e+00 0.000000000000000000e+00
5.000000000000000000e+00 1.280000000000000000e+02 9.000000000000000222e-01 2.799999999999999822e+00 3.999999999999999667e-01
