5.000000000000000000e+00 7.812500000000000000e-03 8.699999999999999956e-01 4.852649035558178170e+00 1.269606624552686691e+00
5.000000000000000000e+00 8.373230176064788352e-03 8.699999999999999956e-01 5.282287978487954838e+00 9.584618441478418571e-01
5.000000000000000000e+00 8.974205898414331500e-03 8.699999999999999956e-01 4.890864463126210815e+00 1.070481273916955578e+00
5.000000000000000000e+00 9.618315729257151739e-03 8.699999999999999956e-01 5.185890510872360082e+00 9.259967661560920549e-01
5.000000000000000000e+00 1.030865555291322552e-02 8.699999999999999956e-01 4.568688179275472550e+00 1.398952441207476971e+00
5.000000000000000000e+00 1.104854345603979195e-02 8.699999999999999956e-01 4.643968869402787192e+00 9.483801170560084426e-01
5.000000000000000000e+00 1.184153567586246694e-02 8.699999999999999956e-01 4.459572651346210392e+00 1.179787977760307305e+00
5.000000000000000000e+00 1.269144369306615845e-02 8.699999999999999956e-01 4.213887622253601251e+00 1.147259053984603261e+00
5.000000000000000000e+00 1.360235255150191343e-02 8.699999999999999956e-01 3.776420731523554508e+00 1.165291141180414991e+00
5.000000000000000000e+00 1.457864049276258282e-02 8.699999999999999956e-01 3.564233096919249277e+00 1.086920740553535492e+00
5.000000000000000000e+00 1.562499999999996184e-02 8.699999999999999956e-01 3.354186454191731226e+00 1.121178062042818446e+00
5.000000000000000000e+00 1.674646035212953507e-02 8.699999999999999956e-01 3.139830460493332254e+00 1.097368256090366812e+00
5.000000000000000000e+00 1.794841179682861790e-02 8.699999999999999956e-01 2.830325845079088687e+00 9.760756532827671306e-01
5.000000000000000000e+00 1.923663145851425491e-02 8.699999999999999956e-01 2.665410825367358960e+00 9.453313227293548282e-01
5.000000000000000000e+00 2.061731110582640247e-02 8.699999999999999956e-01 2.444950517791253830e+00 8.618930958721698898e-01
5.000000000000000000e+00 2.209708691207952838e-02 8.699999999999999956e-01 2.289257578050506670e+00 8.778235259150031222e-01
5.000000000000000000e+00 2.368307135172487837e-02 8.699999999999999956e-01 2.130273913781205231e+00 8.676326047176030620e-01
5.000000000000000000e+00 2.538288738613225445e-02 8.699999999999999956e-01 1.991077495027794741e+00 8.664094238975266205e-01
5.000000000000000000e+00 2.720470510300375747e-02 8.699999999999999956e-01 1.854655059686770358e+00 8.354409944137298760e-01
5.000000000000000000e+00 2.915728098552509626e-02 8.699999999999999956e-01 1.748146782050654879e+00 8.647398345991658131e-01
5.000000000000000000e+00 3.124999999999984734e-02 8.699999999999999956e-01 1.649955059498801946e+00 8.921221073098084542e-01
5.000000000000000000e+00 3.349292070425898687e-02 8.699999999999999956e-01 1.568761043609335548e+00 9.227689637806394396e-01
5.000000000000000000e+00 3.589682359365715253e-02 8.699999999999999956e-01 1.476023491281911237e+00 8.675604891982592326e-01
5.000000000000000000e+00 3.847326291702841267e-02 8.699999999999999956e-01 1.403231597737026215e+00 8.344361340432124852e-01
5.000000000000000000e+00 4.123462221165270086e-02 8.699999999999999956e-01 1.338567562493867102e+00 7.734057724969010117e-01
5.000000000000000000e+00 4.419417382415894574e-02 8.699999999999999956e-01 1.283507272173131097e+00 7.009502916031455921e-01
5.000000000000000000e+00 4.736614270344963878e-02 8.699999999999999956e-01 1.233116034573554787e+00 6.094039983745697109e-01
5.000000000000000000e+00 5.076577477226438401e-02 8.699999999999999956e-01 1.196134084754943760e+00 5.345158729500837369e-01
5.000000000000000000e+00 5.440941020600738309e-02 8.699999999999999956e-01 1.167162307958166112e+00 4.677783766551970590e-01
5.000000000000000000e+00 5.831456197105004680e-02 8.699999999999999956e-01 1.143789324535241736e+00 4.088299407184611822e-01
5.000000000000000000e+00 6.249999999999953509e-02 8.699999999999999956e-01 1.125909135490682500e+00 3.610855204626266524e-01
5.000000000000000000e+00 6.698584140851780722e-02 8.699999999999999956e-01 1.110816611094081585e+00 3.189192571383350772e-01
5.000000000000000000e+00 7.179364718731412465e-02 8.699999999999999956e-01 1.099628489792120023e+00 2.870571602374463183e-01
5.000000000000000000e+00 7.694652583405664492e-02 8.699999999999999956e-01 1.087036051659727054e+00 2.503295792840740663e-01
5.000000000000000000e+00 8.246924442330520744e-02 8.699999999999999956e-01 1.075195249806899955e+00 2.155342001579993449e-01
5.000000000000000000e+00 8.838834764831768331e-02 8.699999999999999956e-01 1.063085341858104105e+00 1.797660390404677844e-01
5.000000000000000000e+00 9.473228540689904165e-02 8.699999999999999956e-01 1.052871691514820629e+00 1.495722556508698176e-01
5.000000000000000000e+00 1.015315495445285182e-01 8.699999999999999956e-01 1.042954276926368884e+00 1.201799345999976787e-01
5.000000000000000000e+00 1.088188204120145025e-01 8.699999999999999956e-01 1.035031968524781743e+00 9.670315559508153858e-02
5.000000000000000000e+00 1.166291239420998022e-01 8.699999999999999956e-01 1.028705170156442250e+00 7.796314822178265769e-02
5.000000000000000000e+00 1.249999999999987649e-01 8.699999999999999956e-01 1.023741223660232347e+00 6.328087493318722279e-02
5.000000000000000000e+00 1.339716828170352814e-01 8.699999999999999956e-01 1.020076557849618926e+00 5.248298669044468290e-02
5.000000000000000000e+00 1.435872943746278885e-01 8.699999999999999956e-01 1.017167189543919381e+00 4.395129431902877748e-02
5.000000000000000000e+00 1.538930516681129013e-01 8.699999999999999956e-01 1.015068093583926911e+00 3.785971817887474888e-02
5.000000000000000000e+00 1.649384888466099985e-01 8.699999999999999956e-01 1.012891913781539088e+00 3.155343236044828165e-02
5.000000000000000000e+00 1.767766952966349225e-01 8.699999999999999956e-01 1.010534343398324042e+00 2.472374866475648275e-02
5.000000000000000000e+00 1.894645708137976114e-01 8.699999999999999956e-01 1.008198642234847453e+00 1.798340684509022042e-02
5.000000000000000000e+00 2.030630990890565368e-01 8.699999999999999956e-01 1.006374798542918780e+00 1.280200327669113111e-02
5.000000000000000000e+00 2.176376408240284499e-01 8.699999999999999956e-01 1.005253032613931286e+00 9.744442163206374491e-03
5.000000000000000000e+00 2.332582478841990492e-01 8.699999999999999956e-01 1.004452532793982833e+00 7.664371834405526995e-03
5.000000000000000000e+00 2.499999999999969191e-01 8.699999999999999956e-01 1.003702241196629874e+00 5.744691516231909337e-03
5.000000000000000000e+00 2.679433656340699521e-01 8.699999999999999956e-01 1.003070486762217994e+00 4.175728372091387294e-03
5.000000000000000000e+00 2.871745887492550553e-01 8.699999999999999956e-01 1.002747675939845262e+00 3.489947498583072152e-03
5.000000000000000000e+00 3.077861033362250809e-01 8.699999999999999956e-01 1.002666956544029597e+00 3.444690724139953981e-03
5.000000000000000000e+00 3.298769776932191644e-01 8.699999999999999956e-01 1.002670956619044151e+00 3.515398165277191546e-03
5.000000000000000000e+00 3.535533905932689569e-01 8.699999999999999956e-01 1.002806431873116688e+00 3.726464859313820700e-03
5.000000000000000000e+00 3.789291416275942792e-01 8.699999999999999956e-01 1.003111533398062694e+00 3.996174670727235811e-03
5.000000000000000000e+00 4.061261981781120745e-01 8.699999999999999956e-01 1.003639103278772593e+00 4.131951094690563576e-03
5.000000000000000000e+00 4.352752816480558451e-01 8.699999999999999956e-01 1.004575567208767284e+00 4.114596708132610588e-03
5.000000000000000000e+00 4.665164957683969327e-01 8.699999999999999956e-01 1.006306058275966420e+00 4.345851760268392046e-03
5.000000000000000000e+00 4.999999999999926170e-01 8.699999999999999956e-01 1.009572909369590210e+00 6.369816329611367213e-03
5.000000000000000000e+00 5.358867312681385719e-01 8.699999999999999956e-01 1.015734633716370183e+00 1.240798487407108151e-02
5.000000000000000000e+00 5.743491774985087783e-01 8.699999999999999956e-01 1.026337904700050263e+00 2.415866567984141511e-02
5.000000000000000000e+00 6.155722066724486075e-01 8.699999999999999956e-01 1.041240203020865618e+00 4.059369109666238762e-02
5.000000000000000000e+00 6.597539553864367745e-01 8.699999999999999956e-01 1.057440240705880052e+00 5.536850583334196330e-02
5.000000000000000000e+00 7.071067811865362485e-01 8.699999999999999956e-01 1.072987208077209376e+00 6.230039618524973316e-02
5.000000000000000000e+00 7.578582832551866710e-01 8.699999999999999956e-01 1.087738946180146549e+00 6.657259136245270714e-02
5.000000000000000000e+00 8.122523963562221505e-01 8.699999999999999956e-01 1.106265826749903258e+00 7.933817437309212406e-02
5.000000000000000000e+00 8.705505632961095808e-01 8.699999999999999956e-01 1.126152818930584498e+00 9.336808115126900287e-02
5.000000000000000000e+00 9.330329915367915339e-01 8.699999999999999956e-01 1.142109213151924152e+00 1.094268612849441796e-01
5.000000000000000000e+00 9.999999999999827915e-01 8.699999999999999956e-01 1.154855725818645373e+00 1.220103428210848745e-01
5.000000000000000000e+00 1.071773462536274479e+00 8.699999999999999956e-01 1.169394585607578918e+00 1.367608732361270951e-01
5.000000000000000000e+00 1.148698354997014670e+00 8.699999999999999956e-01 1.178388346945173693e+00 1.457782311629281236e-01
5.000000000000000000e+00 1.231144413344894106e+00 8.699999999999999956e-01 1.174930253575225958e+00 1.364104700202919407e-01
5.000000000000000000e+00 1.319507910772870218e+00 8.699999999999999956e-01 1.162378850613600578e+00 1.147796743199877567e-01
5.000000000000000000e+00 1.414213562373068944e+00 8.699999999999999956e-01 1.152682797300556006e+00 9.488838700381142799e-02
5.000000000000000000e+00 1.515716566510369789e+00 8.699999999999999956e-01 1.148096141627716005e+00 8.453703922174393703e-02
5.000000000000000000e+00 1.624504792712440304e+00 8.699999999999999956e-01 1.149491764710697028e+00 9.883078583688408025e-02
5.000000000000000000e+00 1.741101126592214943e+00 8.699999999999999956e-01 1.152248629301056537e+00 1.108175550311074065e-01
5.000000000000000000e+00 1.866065983073578627e+00 8.699999999999999956e-01 1.167205135349910661e+00 1.328572227946386852e-01
5.000000000000000000e+00 1.999999999999960698e+00 8.699999999999999956e-01 1.164028872940383597e+00 1.233248280403770325e-01
5.000000000000000000e+00 2.143546925072543630e+00 8.699999999999999956e-01 1.157605056543064448e+00 1.033210524505540490e-01
5.000000000000000000e+00 2.297396709994023567e+00 8.699999999999999956e-01 1.174497786149039102e+00 1.226721599449754341e-01
5.000000000000000000e+00 2.462288826689782439e+00 8.699999999999999956e-01 1.181742200767854634e+00 1.496907436421050230e-01
5.000000000000000000e+00 2.639015821545733775e+00 8.699999999999999956e-01 1.183376188387893269e+00 1.480743656940464725e-01
5.000000000000000000e+00 2.828427124746130783e+00 8.699999999999999956e-01 1.177038713208320875e+00 1.357597183561060350e-01
5.000000000000000000e+00 3.031433133020732029e+00 8.699999999999999956e-01 1.166781034994995414e+00 1.219993087192425829e-01
5.000000000000000000e+00 3.249009585424872615e+00 8.699999999999999956e-01 1.197568246966186800e+00 2.043222341086837757e-01
5.000000000000000000e+00 3.482202253184421004e+00 8.699999999999999956e-01 1.186439439498520709e+00 1.823457748564548953e-01
5.000000000000000000e+00 3.732131966147147928e+00 8.699999999999999956e-01 1.146216145470176695e+00 8.939098001294859541e-02
5.000000000000000000e+00 3.999999999999911182e+00 8.699999999999999956e-01 1.119833839688255228e+00 4.351034317262685719e-02
5.000000000000000000e+00 4.287093850145076601e+00 8.699999999999999956e-01 1.144687919056195380e+00 1.200837160734783277e-01
5.000000000000000000e+00 4.594793419988035588e+00 8.699999999999999956e-01 1.133744207635494217e+00 5.730904888615055703e-02
5.000000000000000000e+00 4.924577653379552444e+00 8.699999999999999956e-01 1.153354253178212385e+00 6.104843009549912325e-02
5.000000000000000000e+00 5.278031643091455116e+00 8.699999999999999956e-01 1.140461840830900853e+00 1.104995668165111716e-01
5.000000000000000000e+00 5.656854249492248243e+00 8.699999999999999956e-01 1.122893420977603141e+00 7.152798072519404859e-02
5.000000000000000000e+00 6.062866266041448959e+00 8.699999999999999956e-01 1.154129657757945626e+00 6.996205383488093843e-02
5.000000000000000000e+00 6.498019170849729242e+00 8.699999999999999956e-01 1.140036354171756638e+00 6.094062929739817863e-02
5.000000000000000000e+00 6.964404506368825132e+00 8.699999999999999956e-01 1.130683017824187564e+00 5.331682552451178642e-02
5.000000000000000000e+00 7.464263932294277204e+00 8.699999999999999956e-01 1.153745787036676074e+00 5.419031208227432367e-02
5.000000000000000000e+00 7.999999999999802824e+00 8.699999999999999956e-01 1.132470707822891942e+00 5.729140181527901665e-02
5.000000000000000000e+00 8.574187700290131886e+00 8.699999999999999956e-01 1.153496015788135320e+00 9.359113872174491811e-02
5.000000000000000000e+00 9.189586839976049859e+00 8.699999999999999956e-01 1.141487076423299607e+00 7.445586686341901239e-02
5.000000000000000000e+00 9.849155306759080020e+00 8.699999999999999956e-01 1.182863182747690978e+00 1.016137719910704534e-01
5.000000000000000000e+00 1.055606328618288359e+01 8.699999999999999956e-01 1.212303848832323672e+00 1.225262863749624204e-01
5.000000000000000000e+00 1.131370849898446806e+01 8.699999999999999956e-01 1.170712768567243378e+00 9.788293253502666769e-02
5.000000000000000000e+00 1.212573253208286772e+01 8.699999999999999956e-01 1.156097025198747907e+00 5.884017694031044160e-02
5.000000000000000000e+00 1.299603834169942651e+01 8.699999999999999956e-01 1.185470445316179733e+00 9.739029398099324775e-02
5.000000000000000000e+00 1.392880901273761651e+01 8.699999999999999956e-01 1.159390475412128696e+00 1.034503899570527879e-01
5.000000000000000000e+00 1.492852786458851710e+01 8.699999999999999956e-01 1.141688081388775533e+00 8.017000728363983530e-02
5.000000000000000000e+00 1.599999999999956657e+01 8.699999999999999956e-01 1.170279239890405609e+00 1.480537271458656212e-01
5.000000000000000000e+00 1.714837540058022114e+01 8.699999999999999956e-01 1.152134081183117775e+00 8.553487284577381000e-02
5.000000000000000000e+00 1.837917367995205353e+01 8.699999999999999956e-01 1.178773947360773677e+00 8.298837616687042285e-02
5.000000000000000000e+00 1.969831061351811385e+01 8.699999999999999956e-01 1.149680606162936325e+00 1.120954162928138181e-01
5.000000000000000000e+00 2.111212657236571388e+01 8.699999999999999956e-01 1.148472519666972058e+00 7.403074444837032253e-02
5.000000000000000000e+00 2.262741699796887929e+01 8.699999999999999956e-01 1.126639208178854989e+00 5.169860502066786490e-02
5.000000000000000000e+00 2.425146506416567505e+01 8.699999999999999956e-01 1.132453116200263343e+00 4.661613860700481587e-02
5.000000000000000000e+00 2.599207668339878907e+01 8.699999999999999956e-01 1.192360391574718737e+00 1.443978238768309219e-01
5.000000000000000000e+00 2.785761802547516197e+01 8.699999999999999956e-01 1.162337321986290029e+00 1.147206715086636769e-01
5.000000000000000000e+00 2.985705572917696315e+01 8.699999999999999956e-01 1.150648296832641027e+00 6.356587056458187779e-02
5.000000000000000000e+00 3.199999999999905498e+01 8.699999999999999956e-01 1.150486508125927898e+00 8.596383210042408962e-02
