5.000000000000000000e+00 7.812500000000000000e-03 2.899999999999999800e-01 2.157577123358064064e+00 5.786185465799756900e-01
5.000000000000000000e+00 8.373230176064788352e-03 2.899999999999999800e-01 1.979503538807139140e+00 5.162379908842544829e-01
5.000000000000000000e+00 8.974205898414331500e-03 2.899999999999999800e-01 1.869774094880519710e+00 4.566763757114435385e-01
5.000000000000000000e+00 9.618315729257151739e-03 2.899999999999999800e-01 1.750299408623989139e+00 4.440921822449325762e-01
5.000000000000000000e+00 1.030865555291322552e-02 2.899999999999999800e-01 1.638081510088484460e+00 3.605171090971867054e-01
5.000000000000000000e+00 1.104854345603979195e-02 2.899999999999999800e-01 1.568411389138623546e+00 3.630130672879626208e-01
5.000000000000000000e+00 1.184153567586246694e-02 2.899999999999999800e-01 1.469840843757482585e+00 3.280718258773286933e-01
5.000000000000000000e+00 1.269144369306615845e-02 2.899999999999999800e-01 1.374483418748220220e+00 2.774874160416727631e-01
5.000000000000000000e+00 1.360235255150191343e-02 2.899999999999999800e-01 1.336395688538628779e+00 2.618107774660188292e-01
5.000000000000000000e+00 1.457864049276258282e-02 2.899999999999999800e-01 1.284943725347571952e+00 2.465351287391795987e-01
5.000000000000000000e+00 1.562499999999996184e-02 2.899999999999999800e-01 1.247777038049993514e+00 2.370135405883869728e-01
5.000000000000000000e+00 1.674646035212953507e-02 2.899999999999999800e-01 1.218348514631359958e+00 2.412925332244640619e-01
5.000000000000000000e+00 1.794841179682861790e-02 2.899999999999999800e-01 1.178277811664227626e+00 2.034960134731811920e-01
5.000000000000000000e+00 1.923663145851425491e-02 2.899999999999999800e-01 1.142286810818643250e+00 1.630174685757125319e-01
5.000000000000000000e+00 2.061731110582640247e-02 2.899999999999999800e-01 1.129835153924442226e+00 1.683888832831558491e-01
5.000000000000000000e+00 2.209708691207952838e-02 2.899999999999999800e-01 1.114306842894681404e+00 1.674597478379032112e-01
5.000000000000000000e+00 2.368307135172487837e-02 2.899999999999999800e-01 1.090223866272401754e+00 1.328345888433616617e-01
5.000000000000000000e+00 2.538288738613225445e-02 2.899999999999999800e-01 1.071682792674964579e+00 1.107329865026221161e-01
5.000000000000000000e+00 2.720470510300375747e-02 2.899999999999999800e-01 1.061757491050193902e+00 1.043746544102848312e-01
5.000000000000000000e+00 2.915728098552509626e-02 2.899999999999999800e-01 1.050539630859140150e+00 9.172646574891878124e-02
5.000000000000000000e+00 3.124999999999984734e-02 2.899999999999999800e-01 1.038077562493689321e+00 7.164735819862642907e-02
5.000000000000000000e+00 3.349292070425898687e-02 2.899999999999999800e-01 1.033190757459315989e+00 6.988990315888486682e-02
5.000000000000000000e+00 3.589682359365715253e-02 2.899999999999999800e-01 1.024947017938041105e+00 5.437870568136050908e-02
5.000000000000000000e+00 3.847326291702841267e-02 2.899999999999999800e-01 1.019427056533096509e+00 4.467857700760988898e-02
5.000000000000000000e+00 4.123462221165270086e-02 2.899999999999999800e-01 1.015121731447072850e+00 3.645869099652523926e-02
5.000000000000000000e+00 4.419417382415894574e-02 2.899999999999999800e-01 1.011850393156903172e+00 2.983383150874330952e-02
5.000000000000000000e+00 4.736614270344963878e-02 2.899999999999999800e-01 1.009444271072791111e+00 2.459819036848997706e-02
5.000000000000000000e+00 5.076577477226438401e-02 2.899999999999999800e-01 1.007727534243664902e+00 2.066023635202007824e-02
5.000000000000000000e+00 5.440941020600738309e-02 2.899999999999999800e-01 1.006504817054095779e+00 1.767292252942528549e-02
5.000000000000000000e+00 5.831456197105004680e-02 2.899999999999999800e-01 1.005467439138306052e+00 1.493891840610145523e-02
5.000000000000000000e+00 6.249999999999953509e-02 2.899999999999999800e-01 1.004744927951465305e+00 1.297296784173534827e-02
5.000000000000000000e+00 6.698584140851780722e-02 2.899999999999999800e-01 1.004101701795647728e+00 1.115200724703696751e-02
5.000000000000000000e+00 7.179364718731412465e-02 2.899999999999999800e-01 1.003637272423307358e+00 9.820676315219012756e-03
5.000000000000000000e+00 7.694652583405664492e-02 2.899999999999999800e-01 1.003153772662474630e+00 8.410687351895949904e-03
5.000000000000000000e+00 8.246924442330520744e-02 2.899999999999999800e-01 1.002718543827316067e+00 7.135301394259793359e-03
5.000000000000000000e+00 8.838834764831768331e-02 2.899999999999999800e-01 1.002313616343324387e+00 5.945980454582112419e-03
5.000000000000000000e+00 9.473228540689904165e-02 2.899999999999999800e-01 1.001964301359980380e+00 4.920457066622581192e-03
5.000000000000000000e+00 1.015315495445285182e-01 2.899999999999999800e-01 1.001645745393728637e+00 3.985192875661732609e-03
5.000000000000000000e+00 1.088188204120145025e-01 2.899999999999999800e-01 1.001385528160677385e+00 3.223573111737455203e-03
5.000000000000000000e+00 1.166291239420998022e-01 2.899999999999999800e-01 1.001171014101194690e+00 2.598450232153443583e-03
5.000000000000000000e+00 1.249999999999987649e-01 2.899999999999999800e-01 1.001004188462792044e+00 2.116418958336822777e-03
5.000000000000000000e+00 1.339716828170352814e-01 2.899999999999999800e-01 1.000876835068495341e+00 1.753342338510999361e-03
5.000000000000000000e+00 1.435872943746278885e-01 2.899999999999999800e-01 1.000776577020177305e+00 1.472438169014768502e-03
5.000000000000000000e+00 1.538930516681129013e-01 2.899999999999999800e-01 1.000699120387864571e+00 1.260796871104720050e-03
5.000000000000000000e+00 1.649384888466099985e-01 2.899999999999999800e-01 1.000620311973892784e+00 1.046131547415882213e-03
5.000000000000000000e+00 1.767766952966349225e-01 2.899999999999999800e-01 1.000536094685154698e+00 8.159813885843624067e-04
5.000000000000000000e+00 1.894645708137976114e-01 2.899999999999999800e-01 1.000453068465877449e+00 5.893487138337821871e-04
5.000000000000000000e+00 2.030630990890565368e-01 2.899999999999999800e-01 1.000388216841413103e+00 4.149916740265759520e-04
5.000000000000000000e+00 2.176376408240284499e-01 2.899999999999999800e-01 1.000349511820795012e+00 3.116457386854832668e-04
5.000000000000000000e+00 2.332582478841990492e-01 2.899999999999999800e-01 1.000325783129578205e+00 2.400606870846520608e-04
5.000000000000000000e+00 2.499999999999969191e-01 2.899999999999999800e-01 1.000310486579913283e+00 1.730795974614781328e-04
5.000000000000000000e+00 2.679433656340699521e-01 2.899999999999999800e-01 1.000310508011114319e+00 1.165119620788840441e-04
5.000000000000000000e+00 2.871745887492550553e-01 2.899999999999999800e-01 1.000339291333159464e+00 8.687600987913447032e-05
5.000000000000000000e+00 3.077861033362250809e-01 2.899999999999999800e-01 1.000407100940040817e+00 9.265802468624263972e-05
5.000000000000000000e+00 3.298769776932191644e-01 2.899999999999999800e-01 1.000528931780033215e+00 1.497295108143025346e-04
5.000000000000000000e+00 3.535533905932689569e-01 2.899999999999999800e-01 1.000743569679642064e+00 2.790966009824479423e-04
5.000000000000000000e+00 3.789291416275942792e-01 2.899999999999999800e-01 1.001115499454367841e+00 5.235326067575640611e-04
5.000000000000000000e+00 4.061261981781120745e-01 2.899999999999999800e-01 1.001764305341931838e+00 9.820283048695194108e-04
5.000000000000000000e+00 4.352752816480558451e-01 2.899999999999999800e-01 1.002914835075802147e+00 1.863526027238462035e-03
5.000000000000000000e+00 4.665164957683969327e-01 2.899999999999999800e-01 1.004985009482450176e+00 3.592593352066310395e-03
5.000000000000000000e+00 4.999999999999926170e-01 2.899999999999999800e-01 1.008737059312742268e+00 7.031369801730754689e-03
5.000000000000000000e+00 5.358867312681385719e-01 2.899999999999999800e-01 1.015533361989193084e+00 1.382898027751222787e-02
5.000000000000000000e+00 5.743491774985087783e-01 2.899999999999999800e-01 1.026905124741105624e+00 2.596228879193688763e-02
5.000000000000000000e+00 6.155722066724486075e-01 2.899999999999999800e-01 1.042653883858760899e+00 4.261634721473052390e-02
5.000000000000000000e+00 6.597539553864367745e-01 2.899999999999999800e-01 1.059627530497544878e+00 5.750467848732329634e-02
5.000000000000000000e+00 7.071067811865362485e-01 2.899999999999999800e-01 1.075894739052189353e+00 6.474773954226099859e-02
5.000000000000000000e+00 7.578582832551866710e-01 2.899999999999999800e-01 1.091423575664634660e+00 6.994571292660389794e-02
5.000000000000000000e+00 8.122523963562221505e-01 2.899999999999999800e-01 1.111053011995366102e+00 8.446418744859232608e-02
5.000000000000000000e+00 8.705505632961095808e-01 2.899999999999999800e-01 1.132516570661375566e+00 1.012663840142280086e-01
5.000000000000000000e+00 9.330329915367915339e-01 2.899999999999999800e-01 1.150438830100881882e+00 1.205616205891525267e-01
5.000000000000000000e+00 9.999999999999827915e-01 2.899999999999999800e-01 1.165478102934601301e+00 1.364408294942212330e-01
5.000000000000000000e+00 1.071773462536274479e+00 2.899999999999999800e-01 1.181383706200653583e+00 1.525038458301675726e-01
5.000000000000000000e+00 1.148698354997014670e+00 2.899999999999999800e-01 1.190931352193425496e+00 1.611976848941081286e-01
5.000000000000000000e+00 1.231144413344894106e+00 2.899999999999999800e-01 1.187219131930187466e+00 1.487959145209153955e-01
5.000000000000000000e+00 1.319507910772870218e+00 2.899999999999999800e-01 1.174552918107307997e+00 1.228835185693655657e-01
5.000000000000000000e+00 1.414213562373068944e+00 2.899999999999999800e-01 1.166194042443891465e+00 1.005790332992839292e-01
5.000000000000000000e+00 1.515716566510369789e+00 2.899999999999999800e-01 1.162928263769770876e+00 9.075962639887123762e-02
5.000000000000000000e+00 1.624504792712440304e+00 2.899999999999999800e-01 1.164289729543779739e+00 1.071731920439882024e-01
5.000000000000000000e+00 1.741101126592214943e+00 2.899999999999999800e-01 1.167429300355632638e+00 1.216924541352605027e-01
5.000000000000000000e+00 1.866065983073578627e+00 2.899999999999999800e-01 1.184229214603345071e+00 1.472260167741366588e-01
5.000000000000000000e+00 1.999999999999960698e+00 2.899999999999999800e-01 1.179269370612001433e+00 1.352920608721572271e-01
5.000000000000000000e+00 2.143546925072543630e+00 2.899999999999999800e-01 1.170172444513773558e+00 1.137548851807669015e-01
5.000000000000000000e+00 2.297396709994023567e+00 2.899999999999999800e-01 1.187132434716116958e+00 1.324661358369654818e-01
5.000000000000000000e+00 2.462288826689782439e+00 2.899999999999999800e-01 1.195427524461839086e+00 1.619974130735999940e-01
5.000000000000000000e+00 2.639015821545733775e+00 2.899999999999999800e-01 1.199522391887771544e+00 1.656156014646549268e-01
5.000000000000000000e+00 2.828427124746130783e+00 2.899999999999999800e-01 1.197093817695948248e+00 1.530113927584001166e-01
5.000000000000000000e+00 3.031433133020732029e+00 2.899999999999999800e-01 1.187549137244469311e+00 1.390629129056208668e-01
5.000000000000000000e+00 3.249009585424872615e+00 2.899999999999999800e-01 1.216952141863774539e+00 2.232709729516663966e-01
5.000000000000000000e+00 3.482202253184421004e+00 2.899999999999999800e-01 1.204222582814597597e+00 1.963607859177455284e-01
5.000000000000000000e+00 3.732131966147147928e+00 2.899999999999999800e-01 1.157753141655085471e+00 9.394318451091306088e-02
5.000000000000000000e+00 3.999999999999911182e+00 2.899999999999999800e-01 1.131872165416889064e+00 4.698637818079826056e-02
5.000000000000000000e+00 4.287093850145076601e+00 2.899999999999999800e-01 1.162113588098407702e+00 1.360783915435925251e-01
5.000000000000000000e+00 4.594793419988035588e+00 2.899999999999999800e-01 1.147436378114967237e+00 6.363069822613325044e-02
5.000000000000000000e+00 4.924577653379552444e+00 2.899999999999999800e-01 1.170392177579221649e+00 7.126149701417294757e-02
5.000000000000000000e+00 5.278031643091455116e+00 2.899999999999999800e-01 1.154156511978338573e+00 1.218427473724847665e-01
5.000000000000000000e+00 5.656854249492248243e+00 2.899999999999999800e-01 1.138264357677611471e+00 8.330659767879322608e-02
5.000000000000000000e+00 6.062866266041448959e+00 2.899999999999999800e-01 1.173613633981303028e+00 7.862246686247890970e-02
5.000000000000000000e+00 6.498019170849729242e+00 2.899999999999999800e-01 1.155708353509770303e+00 6.648725775705741081e-02
5.000000000000000000e+00 6.964404506368825132e+00 2.899999999999999800e-01 1.144404096835898610e+00 6.101641274114708718e-02
5.000000000000000000e+00 7.464263932294277204e+00 2.899999999999999800e-01 1.167746351165205976e+00 6.187000426761735811e-02
5.000000000000000000e+00 7.999999999999802824e+00 2.899999999999999800e-01 1.146362671496967023e+00 6.376372497112467452e-02
5.000000000000000000e+00 8.574187700290131886e+00 2.899999999999999800e-01 1.170694209687549447e+00 1.102191774591457507e-01
5.000000000000000000e+00 9.189586839976049859e+00 2.899999999999999800e-01 1.156687366971409281e+00 8.140502644841164648e-02
5.000000000000000000e+00 9.849155306759080020e+00 2.899999999999999800e-01 1.202230047032438964e+00 1.125267816486815037e-01
5.000000000000000000e+00 1.055606328618288359e+01 2.899999999999999800e-01 1.232132596830767923e+00 1.313801753047743048e-01
5.000000000000000000e+00 1.131370849898446806e+01 2.899999999999999800e-01 1.186193506090916783e+00 1.067661906800235344e-01
5.000000000000000000e+00 1.212573253208286772e+01 2.899999999999999800e-01 1.169233148845815418e+00 6.434700199919159147e-02
5.000000000000000000e+00 1.299603834169942651e+01 2.899999999999999800e-01 1.205314654051778067e+00 1.087712928229489090e-01
5.000000000000000000e+00 1.392880901273761651e+01 2.899999999999999800e-01 1.174500649337649971e+00 1.120934726821333494e-01
5.000000000000000000e+00 1.492852786458851710e+01 2.899999999999999800e-01 1.156851163226738199e+00 8.576154137549303613e-02
5.000000000000000000e+00 1.599999999999956657e+01 2.899999999999999800e-01 1.188340092419292615e+00 1.635855327574070595e-01
5.000000000000000000e+00 1.714837540058022114e+01 2.899999999999999800e-01 1.166803378488908471e+00 9.321775802256643262e-02
5.000000000000000000e+00 1.837917367995205353e+01 2.899999999999999800e-01 1.193498831342936439e+00 9.043510544168692489e-02
5.000000000000000000e+00 1.969831061351811385e+01 2.899999999999999800e-01 1.164437912380646978e+00 1.213446588000053616e-01
5.000000000000000000e+00 2.111212657236571388e+01 2.899999999999999800e-01 1.164034425678333928e+00 8.112710578699476593e-02
5.000000000000000000e+00 2.262741699796887929e+01 2.899999999999999800e-01 1.140161630315013941e+00 5.530896338014079650e-02
5.000000000000000000e+00 2.425146506416567505e+01 2.899999999999999800e-01 1.144336154423144070e+00 5.023568143359219418e-02
5.000000000000000000e+00 2.599207668339878907e+01 2.899999999999999800e-01 1.206975190899792105e+00 1.584419701974245365e-01
5.000000000000000000e+00 2.785761802547516197e+01 2.899999999999999800e-01 1.175105479341320702e+00 1.226889097135966666e-01
5.000000000000000000e+00 2.985705572917696315e+01 2.899999999999999800e-01 1.163986029247689569e+00 7.257742698157106098e-02
5.000000000000000000e+00 3.199999999999905498e+01 2.899999999999999800e-01 1.164990051014518135e+00 9.240122700263450617e-02
