5.000000000000000000e+00 7.812500000000000000e-03 3.400000000000000244e-01 2.340892809541800013e+00 6.665191992822644407e-01
5.000000000000000000e+00 8.373230176064788352e-03 3.400000000000000244e-01 2.139871296030880110e+00 5.989906542485284868e-01
5.000000000000000000e+00 8.974205898414331500e-03 3.400000000000000244e-01 2.012169903262549742e+00 5.320381171095698303e-01
5.000000000000000000e+00 9.618315729257151739e-03 3.400000000000000244e-01 1.873305252481909378e+00 5.163509440754401325e-01
5.000000000000000000e+00 1.030865555291322552e-02 3.400000000000000244e-01 1.741190519687218385e+00 4.190986861729689150e-01
5.000000000000000000e+00 1.104854345603979195e-02 3.400000000000000244e-01 1.660449847469165574e+00 4.202389388472660969e-01
5.000000000000000000e+00 1.184153567586246694e-02 3.400000000000000244e-01 1.546213865908223628e+00 3.806430187470483117e-01
5.000000000000000000e+00 1.269144369306615845e-02 3.400000000000000244e-01 1.434518928804534577e+00 3.208396980664005027e-01
5.000000000000000000e+00 1.360235255150191343e-02 3.400000000000000244e-01 1.390288976204489213e+00 3.029008979442787686e-01
5.000000000000000000e+00 1.457864049276258282e-02 3.400000000000000244e-01 1.330877576539285956e+00 2.860091686004022637e-01
5.000000000000000000e+00 1.562499999999996184e-02 3.400000000000000244e-01 1.287143314824831908e+00 2.737640436531494914e-01
5.000000000000000000e+00 1.674646035212953507e-02 3.400000000000000244e-01 1.253315886683331604e+00 2.796454689688603890e-01
5.000000000000000000e+00 1.794841179682861790e-02 3.400000000000000244e-01 1.206749973690669941e+00 2.357525967870594263e-01
5.000000000000000000e+00 1.923663145851425491e-02 3.400000000000000244e-01 1.165221777256817415e+00 1.894828004703338620e-01
5.000000000000000000e+00 2.061731110582640247e-02 3.400000000000000244e-01 1.150602708397108653e+00 1.952807334648238025e-01
5.000000000000000000e+00 2.209708691207952838e-02 3.400000000000000244e-01 1.132764293717115844e+00 1.946571207823333260e-01
5.000000000000000000e+00 2.368307135172487837e-02 3.400000000000000244e-01 1.104807371020706253e+00 1.544501287345984020e-01
5.000000000000000000e+00 2.538288738613225445e-02 3.400000000000000244e-01 1.083279502439091546e+00 1.287362319216550366e-01
5.000000000000000000e+00 2.720470510300375747e-02 3.400000000000000244e-01 1.071774912427195803e+00 1.213742216145475561e-01
5.000000000000000000e+00 2.915728098552509626e-02 3.400000000000000244e-01 1.058748801447099819e+00 1.066479807269713198e-01
5.000000000000000000e+00 3.124999999999984734e-02 3.400000000000000244e-01 1.044267167112792993e+00 8.326926611683380108e-02
5.000000000000000000e+00 3.349292070425898687e-02 3.400000000000000244e-01 1.038611335065638297e+00 8.124432346120469273e-02
5.000000000000000000e+00 3.589682359365715253e-02 3.400000000000000244e-01 1.029024661552253139e+00 6.316510619320468700e-02
5.000000000000000000e+00 3.847326291702841267e-02 3.400000000000000244e-01 1.022608334919021811e+00 5.186215163550626783e-02
5.000000000000000000e+00 4.123462221165270086e-02 3.400000000000000244e-01 1.017609325244452245e+00 4.230237402095660820e-02
5.000000000000000000e+00 4.419417382415894574e-02 3.400000000000000244e-01 1.013811556054618146e+00 3.460024033209513350e-02
5.000000000000000000e+00 4.736614270344963878e-02 3.400000000000000244e-01 1.011017486803867049e+00 2.851409794589094063e-02
5.000000000000000000e+00 5.076577477226438401e-02 3.400000000000000244e-01 1.009025570044256526e+00 2.394190926284362961e-02
5.000000000000000000e+00 5.440941020600738309e-02 3.400000000000000244e-01 1.007606753416804279e+00 2.047390172983448720e-02
5.000000000000000000e+00 5.831456197105004680e-02 3.400000000000000244e-01 1.006403519380914213e+00 1.730272391196407619e-02
5.000000000000000000e+00 6.249999999999953509e-02 3.400000000000000244e-01 1.005565415538143492e+00 1.502261470534478442e-02
5.000000000000000000e+00 6.698584140851780722e-02 3.400000000000000244e-01 1.004819344464032760e+00 1.291133126114736920e-02
5.000000000000000000e+00 7.179364718731412465e-02 3.400000000000000244e-01 1.004281011953170877e+00 1.136928107505294321e-02
5.000000000000000000e+00 7.694652583405664492e-02 3.400000000000000244e-01 1.003720302115808760e+00 9.735519644736791503e-03
5.000000000000000000e+00 8.246924442330520744e-02 3.400000000000000244e-01 1.003215691813978960e+00 8.258463941011168902e-03
5.000000000000000000e+00 8.838834764831768331e-02 3.400000000000000244e-01 1.002745892485539247e+00 6.880509604714106844e-03
5.000000000000000000e+00 9.473228540689904165e-02 3.400000000000000244e-01 1.002340722497488068e+00 5.693217244137340101e-03
5.000000000000000000e+00 1.015315495445285182e-01 3.400000000000000244e-01 1.001970820341419044e+00 4.609754088020638282e-03
5.000000000000000000e+00 1.088188204120145025e-01 3.400000000000000244e-01 1.001668518239047900e+00 3.727893026626246699e-03
5.000000000000000000e+00 1.166291239420998022e-01 3.400000000000000244e-01 1.001419065828918820e+00 3.004322402538670608e-03
5.000000000000000000e+00 1.249999999999987649e-01 3.400000000000000244e-01 1.001224575201845601e+00 2.446152509805798320e-03
5.000000000000000000e+00 1.339716828170352814e-01 3.400000000000000244e-01 1.001075707518828350e+00 2.026000518301862389e-03
5.000000000000000000e+00 1.435872943746278885e-01 3.400000000000000244e-01 1.000957964711036485e+00 1.700855912798369474e-03
5.000000000000000000e+00 1.538930516681129013e-01 3.400000000000000244e-01 1.000866429921160705e+00 1.456001703644912255e-03
5.000000000000000000e+00 1.649384888466099985e-01 3.400000000000000244e-01 1.000773042418205749e+00 1.207779392958704392e-03
5.000000000000000000e+00 1.767766952966349225e-01 3.400000000000000244e-01 1.000673036096528801e+00 9.419458285690705812e-04
5.000000000000000000e+00 1.894645708137976114e-01 3.400000000000000244e-01 1.000573949708837507e+00 6.807655785389723222e-04
5.000000000000000000e+00 2.030630990890565368e-01 3.400000000000000244e-01 1.000495366692918164e+00 4.807813896935378591e-04
5.000000000000000000e+00 2.176376408240284499e-01 3.400000000000000244e-01 1.000446301897494727e+00 3.628494645172667147e-04
5.000000000000000000e+00 2.332582478841990492e-01 3.400000000000000244e-01 1.000413558631648936e+00 2.816772161389673808e-04
5.000000000000000000e+00 2.499999999999969191e-01 3.400000000000000244e-01 1.000389095049826649e+00 2.067015230089682993e-04
5.000000000000000000e+00 2.679433656340699521e-01 3.400000000000000244e-01 1.000380132359763863e+00 1.440755580470128884e-04
5.000000000000000000e+00 2.871745887492550553e-01 3.400000000000000244e-01 1.000401079171044927e+00 1.069774792361238098e-04
5.000000000000000000e+00 3.077861033362250809e-01 3.400000000000000244e-01 1.000461730375070690e+00 9.716386191555927458e-05
5.000000000000000000e+00 3.298769776932191644e-01 3.400000000000000244e-01 1.000576038471723939e+00 1.382027907181635287e-04
5.000000000000000000e+00 3.535533905932689569e-01 3.400000000000000244e-01 1.000782598476067431e+00 2.608687701302338734e-04
5.000000000000000000e+00 3.789291416275942792e-01 3.400000000000000244e-01 1.001145276977530640e+00 5.018864511830348337e-04
5.000000000000000000e+00 4.061261981781120745e-01 3.400000000000000244e-01 1.001782282242250410e+00 9.565692133955499242e-04
5.000000000000000000e+00 4.352752816480558451e-01 3.400000000000000244e-01 1.002916522436756885e+00 1.831982208323432084e-03
5.000000000000000000e+00 4.665164957683969327e-01 3.400000000000000244e-01 1.004962772200007848e+00 3.550172573727699340e-03
5.000000000000000000e+00 4.999999999999926170e-01 3.400000000000000244e-01 1.008678837798105077e+00 6.969405844933472711e-03
5.000000000000000000e+00 5.358867312681385719e-01 3.400000000000000244e-01 1.015421457481109124e+00 1.373483704206525727e-02
5.000000000000000000e+00 5.743491774985087783e-01 3.400000000000000244e-01 1.026717577840119189e+00 2.582508839951519128e-02
5.000000000000000000e+00 6.155722066724486075e-01 3.400000000000000244e-01 1.042371779186960445e+00 4.243987741422412807e-02
5.000000000000000000e+00 6.597539553864367745e-01 3.400000000000000244e-01 1.059249463838782601e+00 5.730487472394914933e-02
5.000000000000000000e+00 7.071067811865362485e-01 3.400000000000000244e-01 1.075419365952597683e+00 6.450457640528026171e-02
5.000000000000000000e+00 7.578582832551866710e-01 3.400000000000000244e-01 1.090829395968334170e+00 6.955993174454686012e-02
5.000000000000000000e+00 8.122523963562221505e-01 3.400000000000000244e-01 1.110292085999677436e+00 8.381083621697514585e-02
5.000000000000000000e+00 8.705505632961095808e-01 3.400000000000000244e-01 1.131528846484214146e+00 1.002212401282296939e-01
5.000000000000000000e+00 9.330329915367915339e-01 3.400000000000000244e-01 1.149165223383888046e+00 1.190385318640726497e-01
5.000000000000000000e+00 9.999999999999827915e-01 3.400000000000000244e-01 1.163866890971109624e+00 1.344119089904046715e-01
5.000000000000000000e+00 1.071773462536274479e+00 3.400000000000000244e-01 1.179581424532466061e+00 1.502610471823126459e-01
5.000000000000000000e+00 1.148698354997014670e+00 3.400000000000000244e-01 1.189083282825709409e+00 1.589955335196369390e-01
5.000000000000000000e+00 1.231144413344894106e+00 3.400000000000000244e-01 1.185458909130238769e+00 1.470072318021483082e-01
5.000000000000000000e+00 1.319507910772870218e+00 3.400000000000000244e-01 1.172864334369666306e+00 1.216668452053968619e-01
5.000000000000000000e+00 1.414213562373068944e+00 3.400000000000000244e-01 1.164389302771356327e+00 9.968800350972628621e-02
5.000000000000000000e+00 1.515716566510369789e+00 3.400000000000000244e-01 1.160948583390465583e+00 8.979517468937081581e-02
5.000000000000000000e+00 1.624504792712440304e+00 3.400000000000000244e-01 1.162255994882361643e+00 1.059076915275729280e-01
5.000000000000000000e+00 1.741101126592214943e+00 3.400000000000000244e-01 1.165293870099880058e+00 1.200859345243496107e-01
5.000000000000000000e+00 1.866065983073578627e+00 3.400000000000000244e-01 1.181864678410640801e+00 1.451888466712763781e-01
5.000000000000000000e+00 1.999999999999960698e+00 3.400000000000000244e-01 1.177161863244089224e+00 1.336170145599818171e-01
5.000000000000000000e+00 2.143546925072543630e+00 3.400000000000000244e-01 1.168410408331675532e+00 1.123574750932651994e-01
5.000000000000000000e+00 2.297396709994023567e+00 3.400000000000000244e-01 1.185336137519816813e+00 1.311959102637363095e-01
5.000000000000000000e+00 2.462288826689782439e+00 3.400000000000000244e-01 1.193425895792035840e+00 1.603223230173816960e-01
5.000000000000000000e+00 2.639015821545733775e+00 3.400000000000000244e-01 1.197133062016362270e+00 1.631442178593821291e-01
5.000000000000000000e+00 2.828427124746130783e+00 3.400000000000000244e-01 1.194189106412988144e+00 1.505390160279322653e-01
5.000000000000000000e+00 3.031433133020732029e+00 3.400000000000000244e-01 1.184538495974961636e+00 1.365683728006524822e-01
5.000000000000000000e+00 3.249009585424872615e+00 3.400000000000000244e-01 1.214106008757819932e+00 2.203698961258077627e-01
5.000000000000000000e+00 3.482202253184421004e+00 3.400000000000000244e-01 1.201687558755713647e+00 1.943217140608815008e-01
5.000000000000000000e+00 3.732131966147147928e+00 3.400000000000000244e-01 1.156075335149305605e+00 9.327027115478254971e-02
5.000000000000000000e+00 3.999999999999911182e+00 3.400000000000000244e-01 1.130178238310218131e+00 4.646705335158547723e-02
5.000000000000000000e+00 4.287093850145076601e+00 3.400000000000000244e-01 1.159635152919480605e+00 1.336915114898683532e-01
5.000000000000000000e+00 4.594793419988035588e+00 3.400000000000000244e-01 1.145487217109828482e+00 6.268115185638806208e-02
5.000000000000000000e+00 4.924577653379552444e+00 3.400000000000000244e-01 1.167925107808491125e+00 6.980729815842497132e-02
5.000000000000000000e+00 5.278031643091455116e+00 3.400000000000000244e-01 1.152158531783520568e+00 1.202272923962073997e-01
5.000000000000000000e+00 5.656854249492248243e+00 3.400000000000000244e-01 1.136163052163018827e+00 8.167701930485797568e-02
5.000000000000000000e+00 6.062866266041448959e+00 3.400000000000000244e-01 1.170868801431014017e+00 7.734675155667200541e-02
5.000000000000000000e+00 6.498019170849729242e+00 3.400000000000000244e-01 1.153445539690783006e+00 6.575707202624361813e-02
5.000000000000000000e+00 6.964404506368825132e+00 3.400000000000000244e-01 1.142406763784876933e+00 5.983569372146633342e-02
5.000000000000000000e+00 7.464263932294277204e+00 3.400000000000000244e-01 1.165753139241501035e+00 6.070476393704403451e-02
5.000000000000000000e+00 7.999999999999802824e+00 3.400000000000000244e-01 1.144476521322377538e+00 6.286815255728403495e-02
5.000000000000000000e+00 8.574187700290131886e+00 3.400000000000000244e-01 1.168282681580464777e+00 1.078101186290956193e-01
5.000000000000000000e+00 9.189586839976049859e+00 3.400000000000000244e-01 1.154543441305629692e+00 8.046029388057064635e-02
5.000000000000000000e+00 9.849155306759080020e+00 3.400000000000000244e-01 1.199486416890470641e+00 1.110079621486142892e-01
5.000000000000000000e+00 1.055606328618288359e+01 3.400000000000000244e-01 1.229254228849293806e+00 1.300987918145619648e-01
5.000000000000000000e+00 1.131370849898446806e+01 3.400000000000000244e-01 1.183973330174497907e+00 1.053753819520330676e-01
5.000000000000000000e+00 1.212573253208286772e+01 3.400000000000000244e-01 1.167323207914052086e+00 6.354670503834777828e-02
5.000000000000000000e+00 1.299603834169942651e+01 3.400000000000000244e-01 1.202592532533260705e+00 1.072210803374145927e-01
5.000000000000000000e+00 1.392880901273761651e+01 3.400000000000000244e-01 1.172429276863002912e+00 1.108861458905160413e-01
5.000000000000000000e+00 1.492852786458851710e+01 3.400000000000000244e-01 1.154706476574456797e+00 8.487186600959652216e-02
5.000000000000000000e+00 1.599999999999956657e+01 3.400000000000000244e-01 1.185732306746219544e+00 1.613411089981995894e-01
5.000000000000000000e+00 1.714837540058022114e+01 3.400000000000000244e-01 1.164699372058884519e+00 9.208798376646640249e-02
5.000000000000000000e+00 1.837917367995205353e+01 3.400000000000000244e-01 1.191376990576608952e+00 8.933177416807425164e-02
5.000000000000000000e+00 1.969831061351811385e+01 3.400000000000000244e-01 1.162329376967197403e+00 1.199108792097386272e-01
5.000000000000000000e+00 2.111212657236571388e+01 3.400000000000000244e-01 1.161748305508422563e+00 7.993763485978565286e-02
5.000000000000000000e+00 2.262741699796887929e+01 3.400000000000000244e-01 1.138201692178909541e+00 5.464622957925224789e-02
5.000000000000000000e+00 2.425146506416567505e+01 3.400000000000000244e-01 1.142592263322367074e+00 4.954975218800467679e-02
5.000000000000000000e+00 2.599207668339878907e+01 3.400000000000000244e-01 1.204762357460189115e+00 1.562166968695573588e-01
5.000000000000000000e+00 2.785761802547516197e+01 3.400000000000000244e-01 1.173254194185529453e+00 1.214452459935158740e-01
5.000000000000000000e+00 2.985705572917696315e+01 3.400000000000000244e-01 1.162026174685867330e+00 7.123181208569835665e-02
5.000000000000000000e+00 3.199999999999905498e+01 3.400000000000000244e-01 1.162944603241341746e+00 9.132125982561031807e-02
