5.000000000000000000e+00 7.812500000000000000e-03 5.699999999999999512e-01 3.774075033101703447e+00 1.162235542398931010e+00
5.000000000000000000e+00 8.373230176064788352e-03 5.699999999999999512e-01 3.506908155824790096e+00 1.143294206378648425e+00
5.000000000000000000e+00 8.974205898414331500e-03 5.699999999999999512e-01 3.245194884048260064e+00 1.082998733942863501e+00
5.000000000000000000e+00 9.618315729257151739e-03 5.699999999999999512e-01 2.960413947770164089e+00 1.053096405687939274e+00
5.000000000000000000e+00 1.030865555291322552e-02 5.699999999999999512e-01 2.666885510164180850e+00 9.197941738836816761e-01
5.000000000000000000e+00 1.104854345603979195e-02 5.699999999999999512e-01 2.491945053384882591e+00 8.707478766449149310e-01
5.000000000000000000e+00 1.184153567586246694e-02 5.699999999999999512e-01 2.252332695220251590e+00 8.146802692298779069e-01
5.000000000000000000e+00 1.269144369306615845e-02 5.699999999999999512e-01 1.990213578631052416e+00 6.801061093713764993e-01
5.000000000000000000e+00 1.360235255150191343e-02 5.699999999999999512e-01 1.889995599280003713e+00 6.398427602836322947e-01
5.000000000000000000e+00 1.457864049276258282e-02 5.699999999999999512e-01 1.762928627862185182e+00 6.253633069343700335e-01
5.000000000000000000e+00 1.562499999999996184e-02 5.699999999999999512e-01 1.649852052051701268e+00 5.731354579454196463e-01
5.000000000000000000e+00 1.674646035212953507e-02 5.699999999999999512e-01 1.577773575169276521e+00 6.001497309689529658e-01
5.000000000000000000e+00 1.794841179682861790e-02 5.699999999999999512e-01 1.473260687252667456e+00 5.140406371320832557e-01
5.000000000000000000e+00 1.923663145851425491e-02 5.699999999999999512e-01 1.388001941582722498e+00 4.383653858382424717e-01
5.000000000000000000e+00 2.061731110582640247e-02 5.699999999999999512e-01 1.347802433614875284e+00 4.372397769699888359e-01
5.000000000000000000e+00 2.209708691207952838e-02 5.699999999999999512e-01 1.310563759622511038e+00 4.486572873595345845e-01
5.000000000000000000e+00 2.368307135172487837e-02 5.699999999999999512e-01 1.247894149727921675e+00 3.638561776713707396e-01
5.000000000000000000e+00 2.538288738613225445e-02 5.699999999999999512e-01 1.198136589605233615e+00 3.064417851813792115e-01
5.000000000000000000e+00 2.720470510300375747e-02 5.699999999999999512e-01 1.171023129287323661e+00 2.896374804857491103e-01
5.000000000000000000e+00 2.915728098552509626e-02 5.699999999999999512e-01 1.140517671802699251e+00 2.559364854146274348e-01
5.000000000000000000e+00 3.124999999999984734e-02 5.699999999999999512e-01 1.106256849511779494e+00 2.009581500730455994e-01
5.000000000000000000e+00 3.349292070425898687e-02 5.699999999999999512e-01 1.093047105991188150e+00 1.966968721559831379e-01
5.000000000000000000e+00 3.589682359365715253e-02 5.699999999999999512e-01 1.069863760046007695e+00 1.524896581658067574e-01
5.000000000000000000e+00 3.847326291702841267e-02 5.699999999999999512e-01 1.054331066357830693e+00 1.247415472732974900e-01
5.000000000000000000e+00 4.123462221165270086e-02 5.699999999999999512e-01 1.042302405570552093e+00 1.015028709705488169e-01
5.000000000000000000e+00 4.419417382415894574e-02 5.699999999999999512e-01 1.033157786251518662e+00 8.276921651383301048e-02
5.000000000000000000e+00 4.736614270344963878e-02 5.699999999999999512e-01 1.026411135962745913e+00 6.795403116088871709e-02
5.000000000000000000e+00 5.076577477226438401e-02 5.699999999999999512e-01 1.021631690730796738e+00 5.692394923197979101e-02
5.000000000000000000e+00 5.440941020600738309e-02 5.699999999999999512e-01 1.018227625174544348e+00 4.856867617277266930e-02
5.000000000000000000e+00 5.831456197105004680e-02 5.699999999999999512e-01 1.015353168187170363e+00 4.098088833793410435e-02
5.000000000000000000e+00 6.249999999999953509e-02 5.699999999999999512e-01 1.013350745888002891e+00 3.552709602643037284e-02
5.000000000000000000e+00 6.698584140851780722e-02 5.699999999999999512e-01 1.011574762531044502e+00 3.050067108619921447e-02
5.000000000000000000e+00 7.179364718731412465e-02 5.699999999999999512e-01 1.010300874782981584e+00 2.685357653710960385e-02
5.000000000000000000e+00 7.694652583405664492e-02 5.699999999999999512e-01 1.008970345649460754e+00 2.297956028612823873e-02
5.000000000000000000e+00 8.246924442330520744e-02 5.699999999999999512e-01 1.007776635875728299e+00 1.948932284833447201e-02
5.000000000000000000e+00 8.838834764831768331e-02 5.699999999999999512e-01 1.006660480316077244e+00 1.622001326862338930e-02
5.000000000000000000e+00 9.473228540689904165e-02 5.699999999999999512e-01 1.005703279134682937e+00 1.342082211089293438e-02
5.000000000000000000e+00 1.015315495445285182e-01 5.699999999999999512e-01 1.004824604014920464e+00 1.085368674276748421e-02
5.000000000000000000e+00 1.088188204120145025e-01 5.699999999999999512e-01 1.004108095489584906e+00 8.771448621433100556e-03
5.000000000000000000e+00 1.166291239420998022e-01 5.699999999999999512e-01 1.003517547621612493e+00 7.067928731377516073e-03
5.000000000000000000e+00 1.249999999999987649e-01 5.699999999999999512e-01 1.003054631427455767e+00 5.750153917601471404e-03
5.000000000000000000e+00 1.339716828170352814e-01 5.699999999999999512e-01 1.002700068549301715e+00 4.762008989385519558e-03
5.000000000000000000e+00 1.435872943746278885e-01 5.699999999999999512e-01 1.002417366654408948e+00 3.995638156290583914e-03
5.000000000000000000e+00 1.538930516681129013e-01 5.699999999999999512e-01 1.002196455882089943e+00 3.421405149534557238e-03
5.000000000000000000e+00 1.649384888466099985e-01 5.699999999999999512e-01 1.001969667697969246e+00 2.839112406115528332e-03
5.000000000000000000e+00 1.767766952966349225e-01 5.699999999999999512e-01 1.001725319138930370e+00 2.215950194188455631e-03
5.000000000000000000e+00 1.894645708137976114e-01 5.699999999999999512e-01 1.001480564460130340e+00 1.605814277924780308e-03
5.000000000000000000e+00 2.030630990890565368e-01 5.699999999999999512e-01 1.001280907182445112e+00 1.143022427528412677e-03
5.000000000000000000e+00 2.176376408240284499e-01 5.699999999999999512e-01 1.001145747081575221e+00 8.737214417332312029e-04
5.000000000000000000e+00 2.332582478841990492e-01 5.699999999999999512e-01 1.001041794685092690e+00 6.927963314105329944e-04
5.000000000000000000e+00 2.499999999999969191e-01 5.699999999999999512e-01 1.000946199179596041e+00 5.323450273711203846e-04
5.000000000000000000e+00 2.679433656340699521e-01 5.699999999999999512e-01 1.000869642271061011e+00 4.067654205377492223e-04
5.000000000000000000e+00 2.871745887492550553e-01 5.699999999999999512e-01 1.000836323971999287e+00 3.329546622399338408e-04
5.000000000000000000e+00 3.077861033362250809e-01 5.699999999999999512e-01 1.000851828140555844e+00 2.831219529434845410e-04
5.000000000000000000e+00 3.298769776932191644e-01 5.699999999999999512e-01 1.000920536951720230e+00 2.396616522843667734e-04
5.000000000000000000e+00 3.535533905932689569e-01 5.699999999999999512e-01 1.001080871838669006e+00 2.532035263627854652e-04
5.000000000000000000e+00 3.789291416275942792e-01 5.699999999999999512e-01 1.001393747424177860e+00 4.173352870033488903e-04
5.000000000000000000e+00 4.061261981781120745e-01 5.699999999999999512e-01 1.001970149066185645e+00 8.227549836290708575e-04
5.000000000000000000e+00 4.352752816480558451e-01 5.699999999999999512e-01 1.003025043457141052e+00 1.656612487522266279e-03
5.000000000000000000e+00 4.665164957683969327e-01 5.699999999999999512e-01 1.004961405686146225e+00 3.325694416881250573e-03
5.000000000000000000e+00 4.999999999999926170e-01 5.699999999999999512e-01 1.008522259742973270e+00 6.670752255256161972e-03
5.000000000000000000e+00 5.358867312681385719e-01 5.699999999999999512e-01 1.015047240601253842e+00 1.331890450722044740e-02
5.000000000000000000e+00 5.743491774985087783e-01 5.699999999999999512e-01 1.026052031583311930e+00 2.525325248492922212e-02
5.000000000000000000e+00 6.155722066724486075e-01 5.699999999999999512e-01 1.041355557681401534e+00 4.172651857615137377e-02
5.000000000000000000e+00 6.597539553864367745e-01 5.699999999999999512e-01 1.057891469462889589e+00 5.650299547082690554e-02
5.000000000000000000e+00 7.071067811865362485e-01 5.699999999999999512e-01 1.073724650118863977e+00 6.353461623155529092e-02
5.000000000000000000e+00 7.578582832551866710e-01 5.699999999999999512e-01 1.088736739155629962e+00 6.808300488429737396e-02
5.000000000000000000e+00 8.122523963562221505e-01 5.699999999999999512e-01 1.107628053339120511e+00 8.138376066846730872e-02
5.000000000000000000e+00 8.705505632961095808e-01 5.699999999999999512e-01 1.128062243464718062e+00 9.635932526429902278e-02
5.000000000000000000e+00 9.330329915367915339e-01 5.699999999999999512e-01 1.144680076588552309e+00 1.134520282597354379e-01
5.000000000000000000e+00 9.999999999999827915e-01 5.699999999999999512e-01 1.158182011641025966e+00 1.270349943282423899e-01
5.000000000000000000e+00 1.071773462536274479e+00 5.699999999999999512e-01 1.173222544049671301e+00 1.421681561969898311e-01
5.000000000000000000e+00 1.148698354997014670e+00 5.699999999999999512e-01 1.182529443518575141e+00 1.510694314559813678e-01
5.000000000000000000e+00 1.231144413344894106e+00 5.699999999999999512e-01 1.179139909684624232e+00 1.405861212574042451e-01
5.000000000000000000e+00 1.319507910772870218e+00 5.699999999999999512e-01 1.166724474033731029e+00 1.173810298846393180e-01
5.000000000000000000e+00 1.414213562373068944e+00 5.699999999999999512e-01 1.157718180288087151e+00 9.661148383253190253e-02
5.000000000000000000e+00 1.515716566510369789e+00 5.699999999999999512e-01 1.153624406899708132e+00 8.646436011645455832e-02
5.000000000000000000e+00 1.624504792712440304e+00 5.699999999999999512e-01 1.154836027780602015e+00 1.014919140911813428e-01
5.000000000000000000e+00 1.741101126592214943e+00 5.699999999999999512e-01 1.157594004376832242e+00 1.144179976738348703e-01
5.000000000000000000e+00 1.866065983073578627e+00 5.699999999999999512e-01 1.173273138354530065e+00 1.378427528584106887e-01
5.000000000000000000e+00 1.999999999999960698e+00 5.699999999999999512e-01 1.169498182348252868e+00 1.275465685271984506e-01
5.000000000000000000e+00 2.143546925072543630e+00 5.699999999999999512e-01 1.162050197473653679e+00 1.071893354723162523e-01
5.000000000000000000e+00 2.297396709994023567e+00 5.699999999999999512e-01 1.178890698255778302e+00 1.264438056665571075e-01
5.000000000000000000e+00 2.462288826689782439e+00 5.699999999999999512e-01 1.186309118879300240e+00 1.541585464405338390e-01
5.000000000000000000e+00 2.639015821545733775e+00 5.699999999999999512e-01 1.188685688108332306e+00 1.542162091602108098e-01
5.000000000000000000e+00 2.828427124746130783e+00 5.699999999999999512e-01 1.183825577288010633e+00 1.416891184619979149e-01
5.000000000000000000e+00 3.031433133020732029e+00 5.699999999999999512e-01 1.173820008124103031e+00 1.277392035411793192e-01
5.000000000000000000e+00 3.249009585424872615e+00 5.699999999999999512e-01 1.204018477742406334e+00 2.102341555173830034e-01
5.000000000000000000e+00 3.482202253184421004e+00 5.699999999999999512e-01 1.192576169596483604e+00 1.870577223724551874e-01
5.000000000000000000e+00 3.732131966147147928e+00 5.699999999999999512e-01 1.150117181496851604e+00 9.090843493733946623e-02
5.000000000000000000e+00 3.999999999999911182e+00 5.699999999999999512e-01 1.124069691690489758e+00 4.467184432095343966e-02
5.000000000000000000e+00 4.287093850145076601e+00 5.699999999999999512e-01 1.150729739727129441e+00 1.253068636194408503e-01
5.000000000000000000e+00 4.594793419988035588e+00 5.699999999999999512e-01 1.138484232358507819e+00 5.938413581626947324e-02
5.000000000000000000e+00 4.924577653379552444e+00 5.699999999999999512e-01 1.159118033990969021e+00 6.459160790931717244e-02
5.000000000000000000e+00 5.278031643091455116e+00 5.699999999999999512e-01 1.145065577336948692e+00 1.144619902957114965e-01
5.000000000000000000e+00 5.656854249492248243e+00 5.699999999999999512e-01 1.128478217584287346e+00 7.578655900670663859e-02
5.000000000000000000e+00 6.062866266041448959e+00 5.699999999999999512e-01 1.160963625436628233e+00 7.287218758181292222e-02
5.000000000000000000e+00 6.498019170849729242e+00 5.699999999999999512e-01 1.145385753083966618e+00 6.310377715757885253e-02
5.000000000000000000e+00 6.964404506368825132e+00 5.699999999999999512e-01 1.135309735430328981e+00 5.576418156238068663e-02
5.000000000000000000e+00 7.464263932294277204e+00 5.699999999999999512e-01 1.158601882504278979e+00 5.664740424717257944e-02
5.000000000000000000e+00 7.999999999999802824e+00 5.699999999999999512e-01 1.137563764395212562e+00 5.962701712720502867e-02
5.000000000000000000e+00 8.574187700290131886e+00 5.699999999999999512e-01 1.159569365829647314e+00 9.921859244517372556e-02
5.000000000000000000e+00 9.189586839976049859e+00 5.699999999999999512e-01 1.146826662176013478e+00 7.702840520513992706e-02
5.000000000000000000e+00 9.849155306759080020e+00 5.699999999999999512e-01 1.189606582336109053e+00 1.055288175981257820e-01
5.000000000000000000e+00 1.055606328618288359e+01 5.699999999999999512e-01 1.218994789777481103e+00 1.255546164165513567e-01
5.000000000000000000e+00 1.131370849898446806e+01 5.699999999999999512e-01 1.176011337217314656e+00 1.006062121024720452e-01
5.000000000000000000e+00 1.212573253208286772e+01 5.699999999999999512e-01 1.160514998284346344e+00 6.071582287861257421e-02
5.000000000000000000e+00 1.299603834169942651e+01 5.699999999999999512e-01 1.192654251240942598e+00 1.015959731108852238e-01
5.000000000000000000e+00 1.392880901273761651e+01 5.699999999999999512e-01 1.164863725535544514e+00 1.065075944082376075e-01
5.000000000000000000e+00 1.492852786458851710e+01 5.699999999999999512e-01 1.146977776878415733e+00 8.183522633356916931e-02
5.000000000000000000e+00 1.599999999999956657e+01 5.699999999999999512e-01 1.176430549049667373e+00 1.533565859105891493e-01
5.000000000000000000e+00 1.714837540058022114e+01 5.699999999999999512e-01 1.157159440941150752e+00 8.810811176043960302e-02
5.000000000000000000e+00 1.837917367995205353e+01 5.699999999999999512e-01 1.183794579922822887e+00 8.543992104125680553e-02
5.000000000000000000e+00 1.969831061351811385e+01 5.699999999999999512e-01 1.154768101592743790e+00 1.149383939019990586e-01
5.000000000000000000e+00 2.111212657236571388e+01 5.699999999999999512e-01 1.153647045745663569e+00 7.598149794584246886e-02
5.000000000000000000e+00 2.262741699796887929e+01 5.699999999999999512e-01 1.131226982405506565e+00 5.258591204959719989e-02
5.000000000000000000e+00 2.425146506416567505e+01 5.699999999999999512e-01 1.136408841784041002e+00 4.735782846046855676e-02
5.000000000000000000e+00 2.599207668339878907e+01 5.699999999999999512e-01 1.197009161308716818e+00 1.485755985335163454e-01
5.000000000000000000e+00 2.785761802547516197e+01 5.699999999999999512e-01 1.166672714464225491e+00 1.171882944730333054e-01
5.000000000000000000e+00 2.985705572917696315e+01 5.699999999999999512e-01 1.155090310315571411e+00 6.654677887736000497e-02
5.000000000000000000e+00 3.199999999999905498e+01 5.699999999999999512e-01 1.155585556846283390e+00 8.773209788385442909e-02
