5.000000000000000000e+00 7.812500000000000000e-03 9.300000000000000488e-01 4.507058417590003252e+00 1.250877176533214064e+00
5.000000000000000000e+00 8.373230176064788352e-03 9.300000000000000488e-01 4.871592112359889981e+00 9.647229155592873528e-01
5.000000000000000000e+00 8.974205898414331500e-03 9.300000000000000488e-01 4.486258414531212324e+00 1.065899259728179560e+00
5.000000000000000000e+00 9.618315729257151739e-03 9.300000000000000488e-01 4.758038636766622531e+00 9.029937750635628202e-01
5.000000000000000000e+00 1.030865555291322552e-02 9.300000000000000488e-01 4.185735628198472114e+00 1.365659461940111008e+00
5.000000000000000000e+00 1.104854345603979195e-02 9.300000000000000488e-01 4.352118607907625503e+00 9.962935376518560204e-01
5.000000000000000000e+00 1.184153567586246694e-02 9.300000000000000488e-01 4.238308597101164032e+00 1.191455583575789623e+00
5.000000000000000000e+00 1.269144369306615845e-02 9.300000000000000488e-01 4.232746035239609128e+00 1.203289403410777281e+00
5.000000000000000000e+00 1.360235255150191343e-02 9.300000000000000488e-01 3.745063733158937147e+00 1.182114769747238947e+00
5.000000000000000000e+00 1.457864049276258282e-02 9.300000000000000488e-01 3.567074853935109591e+00 1.008776755823901139e+00
5.000000000000000000e+00 1.562499999999996184e-02 9.300000000000000488e-01 3.539961096336011082e+00 1.026154849350661147e+00
5.000000000000000000e+00 1.674646035212953507e-02 9.300000000000000488e-01 3.352093275276735174e+00 9.510927135973501478e-01
5.000000000000000000e+00 1.794841179682861790e-02 9.300000000000000488e-01 3.068723711534720344e+00 8.753866613100597105e-01
5.000000000000000000e+00 1.923663145851425491e-02 9.300000000000000488e-01 2.939166211349780511e+00 9.151556033918594180e-01
5.000000000000000000e+00 2.061731110582640247e-02 9.300000000000000488e-01 2.761506002893886702e+00 9.248879457777970936e-01
5.000000000000000000e+00 2.209708691207952838e-02 9.300000000000000488e-01 2.682577941250627429e+00 9.273586095139406682e-01
5.000000000000000000e+00 2.368307135172487837e-02 9.300000000000000488e-01 2.528031033119812587e+00 9.073351514271935647e-01
5.000000000000000000e+00 2.538288738613225445e-02 9.300000000000000488e-01 2.423252618291575011e+00 8.317007211804620104e-01
5.000000000000000000e+00 2.720470510300375747e-02 9.300000000000000488e-01 2.298239169913876001e+00 7.870075788027517394e-01
5.000000000000000000e+00 2.915728098552509626e-02 9.300000000000000488e-01 2.145562544800285298e+00 7.574828529645543096e-01
5.000000000000000000e+00 3.124999999999984734e-02 9.300000000000000488e-01 2.002527102098917489e+00 7.838081712170755777e-01
5.000000000000000000e+00 3.349292070425898687e-02 9.300000000000000488e-01 1.855516584837989980e+00 8.449575672211003807e-01
5.000000000000000000e+00 3.589682359365715253e-02 9.300000000000000488e-01 1.713236592096520017e+00 8.332944428032517115e-01
5.000000000000000000e+00 3.847326291702841267e-02 9.300000000000000488e-01 1.595178775590813114e+00 8.330420094146121501e-01
5.000000000000000000e+00 4.123462221165270086e-02 9.300000000000000488e-01 1.487673293241772665e+00 7.931517441381659150e-01
5.000000000000000000e+00 4.419417382415894574e-02 9.300000000000000488e-01 1.399396209770683797e+00 7.512635579289076437e-01
5.000000000000000000e+00 4.736614270344963878e-02 9.300000000000000488e-01 1.321114243668430221e+00 6.888242293905606495e-01
5.000000000000000000e+00 5.076577477226438401e-02 9.300000000000000488e-01 1.269851594525971628e+00 6.480858471225159345e-01
5.000000000000000000e+00 5.440941020600738309e-02 9.300000000000000488e-01 1.233171407760524918e+00 6.045805021265291401e-01
5.000000000000000000e+00 5.831456197105004680e-02 9.300000000000000488e-01 1.214995372631348935e+00 5.876757862238410901e-01
5.000000000000000000e+00 6.249999999999953509e-02 9.300000000000000488e-01 1.201498039546014418e+00 5.672552755666542268e-01
5.000000000000000000e+00 6.698584140851780722e-02 9.300000000000000488e-01 1.198817692758729736e+00 5.697927500447805826e-01
5.000000000000000000e+00 7.179364718731412465e-02 9.300000000000000488e-01 1.197209458000697779e+00 5.707101109655905447e-01
5.000000000000000000e+00 7.694652583405664492e-02 9.300000000000000488e-01 1.194223217479316368e+00 5.652315825385976211e-01
5.000000000000000000e+00 8.246924442330520744e-02 9.300000000000000488e-01 1.186701520100043927e+00 5.450193233542435234e-01
5.000000000000000000e+00 8.838834764831768331e-02 9.300000000000000488e-01 1.170234371780251248e+00 4.973799485216537364e-01
5.000000000000000000e+00 9.473228540689904165e-02 9.300000000000000488e-01 1.151380417782551069e+00 4.421638282438123957e-01
5.000000000000000000e+00 1.015315495445285182e-01 9.300000000000000488e-01 1.126626027550867493e+00 3.689196985618913294e-01
5.000000000000000000e+00 1.088188204120145025e-01 9.300000000000000488e-01 1.104619147967180970e+00 3.036483783183716034e-01
5.000000000000000000e+00 1.166291239420998022e-01 9.300000000000000488e-01 1.086735457374813363e+00 2.505424084743145818e-01
5.000000000000000000e+00 1.249999999999987649e-01 9.300000000000000488e-01 1.071772984910173365e+00 2.060575442936667945e-01
5.000000000000000000e+00 1.339716828170352814e-01 9.300000000000000488e-01 1.060627360097924132e+00 1.729375128757213165e-01
5.000000000000000000e+00 1.435872943746278885e-01 9.300000000000000488e-01 1.051325720696872690e+00 1.453072438224173313e-01
5.000000000000000000e+00 1.538930516681129013e-01 9.300000000000000488e-01 1.045028398270296810e+00 1.266769465809668982e-01
5.000000000000000000e+00 1.649384888466099985e-01 9.300000000000000488e-01 1.038239893820794846e+00 1.065784345328659732e-01
5.000000000000000000e+00 1.767766952966349225e-01 9.300000000000000488e-01 1.030721631453296094e+00 8.430589567034257881e-02
5.000000000000000000e+00 1.894645708137976114e-01 9.300000000000000488e-01 1.023163014757994649e+00 6.193324078315871201e-02
5.000000000000000000e+00 2.030630990890565368e-01 9.300000000000000488e-01 1.017257545682382469e+00 4.454304872174306290e-02
5.000000000000000000e+00 2.176376408240284499e-01 9.300000000000000488e-01 1.013689800077125280e+00 3.418724042205808361e-02
5.000000000000000000e+00 2.332582478841990492e-01 9.300000000000000488e-01 1.011195269038756450e+00 2.706924536912602708e-02
5.000000000000000000e+00 2.499999999999969191e-01 9.300000000000000488e-01 1.008872357616950932e+00 2.047804303376709809e-02
5.000000000000000000e+00 2.679433656340699521e-01 9.300000000000000488e-01 1.006942545175379511e+00 1.506421547799561243e-02
5.000000000000000000e+00 2.871745887492550553e-01 9.300000000000000488e-01 1.006043770471958254e+00 1.271290735607604958e-02
5.000000000000000000e+00 3.077861033362250809e-01 9.300000000000000488e-01 1.005915128347540932e+00 1.260053831125728004e-02
5.000000000000000000e+00 3.298769776932191644e-01 9.300000000000000488e-01 1.005963796733455817e+00 1.288670187888902620e-02
5.000000000000000000e+00 3.535533905932689569e-01 9.300000000000000488e-01 1.006257682247660545e+00 1.365592605728454915e-02
5.000000000000000000e+00 3.789291416275942792e-01 9.300000000000000488e-01 1.006776032854142411e+00 1.464232813399692600e-02
5.000000000000000000e+00 4.061261981781120745e-01 9.300000000000000488e-01 1.007425691098322362e+00 1.519318711452187325e-02
5.000000000000000000e+00 4.352752816480558451e-01 9.300000000000000488e-01 1.008324833252244757e+00 1.498911744437979310e-02
5.000000000000000000e+00 4.665164957683969327e-01 9.300000000000000488e-01 1.009831832814491737e+00 1.393883863248694850e-02
5.000000000000000000e+00 4.999999999999926170e-01 9.300000000000000488e-01 1.012705082894187036e+00 1.266166568674022622e-02
5.000000000000000000e+00 5.358867312681385719e-01 9.300000000000000488e-01 1.018366256357798871e+00 1.428066357323197304e-02
5.000000000000000000e+00 5.743491774985087783e-01 9.300000000000000488e-01 1.028442123949849130e+00 2.370719620010186546e-02
5.000000000000000000e+00 6.155722066724486075e-01 9.300000000000000488e-01 1.042856375987309736e+00 3.959257285460764803e-02
5.000000000000000000e+00 6.597539553864367745e-01 9.300000000000000488e-01 1.058649176741697229e+00 5.433913239052867716e-02
5.000000000000000000e+00 7.071067811865362485e-01 9.300000000000000488e-01 1.073873782214927131e+00 6.130636703134783455e-02
5.000000000000000000e+00 7.578582832551866710e-01 9.300000000000000488e-01 1.088384286159984171e+00 6.566605083358666162e-02
5.000000000000000000e+00 8.122523963562221505e-01 9.300000000000000488e-01 1.106715924141868701e+00 7.857160569911404713e-02
5.000000000000000000e+00 8.705505632961095808e-01 9.300000000000000488e-01 1.126422866597799777e+00 9.267461000335083798e-02
5.000000000000000000e+00 9.330329915367915339e-01 9.300000000000000488e-01 1.142232518559055388e+00 1.088169283100613310e-01
5.000000000000000000e+00 9.999999999999827915e-01 9.300000000000000488e-01 1.154856272185228017e+00 1.214696985344790175e-01
5.000000000000000000e+00 1.071773462536274479e+00 9.300000000000000488e-01 1.169280115939242526e+00 1.362720539098409844e-01
5.000000000000000000e+00 1.148698354997014670e+00 9.300000000000000488e-01 1.178159536253037709e+00 1.453318658269449892e-01
5.000000000000000000e+00 1.231144413344894106e+00 9.300000000000000488e-01 1.174621288280477405e+00 1.361042169234794874e-01
5.000000000000000000e+00 1.319507910772870218e+00 9.300000000000000488e-01 1.161983546843614601e+00 1.146349546420259990e-01
5.000000000000000000e+00 1.414213562373068944e+00 9.300000000000000488e-01 1.152145946249973019e+00 9.483148533979757211e-02
5.000000000000000000e+00 1.515716566510369789e+00 9.300000000000000488e-01 1.147506076806806607e+00 8.445124284522308178e-02
5.000000000000000000e+00 1.624504792712440304e+00 9.300000000000000488e-01 1.148974003246312048e+00 9.868740963465398586e-02
5.000000000000000000e+00 1.741101126592214943e+00 9.300000000000000488e-01 1.151770916323338723e+00 1.105734902671192538e-01
5.000000000000000000e+00 1.866065983073578627e+00 9.300000000000000488e-01 1.166645742026179988e+00 1.324488539167471557e-01
5.000000000000000000e+00 1.999999999999960698e+00 9.300000000000000488e-01 1.163507630266772397e+00 1.229536630668933428e-01
5.000000000000000000e+00 2.143546925072543630e+00 9.300000000000000488e-01 1.157199448323696256e+00 1.029181675070135055e-01
5.000000000000000000e+00 2.297396709994023567e+00 9.300000000000000488e-01 1.174124898113385385e+00 1.222247657973823398e-01
5.000000000000000000e+00 2.462288826689782439e+00 9.300000000000000488e-01 1.181434228107949069e+00 1.492655674454640702e-01
5.000000000000000000e+00 2.639015821545733775e+00 9.300000000000000488e-01 1.183042407294657705e+00 1.475459311158741349e-01
5.000000000000000000e+00 2.828427124746130783e+00 9.300000000000000488e-01 1.176539448161912471e+00 1.352780859832325433e-01
5.000000000000000000e+00 3.031433133020732029e+00 9.300000000000000488e-01 1.166250250451637216e+00 1.215694609277537808e-01
5.000000000000000000e+00 3.249009585424872615e+00 9.300000000000000488e-01 1.197131177826472381e+00 2.040850215733508166e-01
5.000000000000000000e+00 3.482202253184421004e+00 9.300000000000000488e-01 1.185948996438054959e+00 1.820101653381165641e-01
5.000000000000000000e+00 3.732131966147147928e+00 9.300000000000000488e-01 1.145921490724511882e+00 8.927851721091702164e-02
5.000000000000000000e+00 3.999999999999911182e+00 9.300000000000000488e-01 1.119457415466379446e+00 4.341301896572098001e-02
5.000000000000000000e+00 4.287093850145076601e+00 9.300000000000000488e-01 1.144188771262372395e+00 1.197543194728325766e-01
5.000000000000000000e+00 4.594793419988035588e+00 9.300000000000000488e-01 1.133361390886707065e+00 5.714701111752573670e-02
5.000000000000000000e+00 4.924577653379552444e+00 9.300000000000000488e-01 1.152953651472874430e+00 6.071030527211795230e-02
5.000000000000000000e+00 5.278031643091455116e+00 9.300000000000000488e-01 1.140215559005298473e+00 1.100493723947371799e-01
5.000000000000000000e+00 5.656854249492248243e+00 9.300000000000000488e-01 1.122451541462605062e+00 7.095618172750911556e-02
5.000000000000000000e+00 6.062866266041448959e+00 9.300000000000000488e-01 1.153630439409101927e+00 6.956553772795598389e-02
5.000000000000000000e+00 6.498019170849729242e+00 9.300000000000000488e-01 1.139625729924370168e+00 6.062413212498140441e-02
5.000000000000000000e+00 6.964404506368825132e+00 9.300000000000000488e-01 1.130344392560161726e+00 5.317258888549433044e-02
5.000000000000000000e+00 7.464263932294277204e+00 9.300000000000000488e-01 1.153340479932295493e+00 5.405033514425943569e-02
5.000000000000000000e+00 7.999999999999802824e+00 9.300000000000000488e-01 1.131950863674549002e+00 5.705658881762821349e-02
5.000000000000000000e+00 8.574187700290131886e+00 9.300000000000000488e-01 1.152953489178263125e+00 9.317321502467548755e-02
5.000000000000000000e+00 9.189586839976049859e+00 9.300000000000000488e-01 1.141015050917312035e+00 7.416805595658276795e-02
5.000000000000000000e+00 9.849155306759080020e+00 9.300000000000000488e-01 1.182302859733397549e+00 1.012238326650434506e-01
5.000000000000000000e+00 1.055606328618288359e+01 9.300000000000000488e-01 1.211845959234835179e+00 1.222464547451940359e-01
5.000000000000000000e+00 1.131370849898446806e+01 9.300000000000000488e-01 1.170399292404276093e+00 9.764525515962008129e-02
5.000000000000000000e+00 1.212573253208286772e+01 9.300000000000000488e-01 1.155806932067448667e+00 5.864709379479765561e-02
5.000000000000000000e+00 1.299603834169942651e+01 9.300000000000000488e-01 1.184768986009015368e+00 9.692434368077049167e-02
5.000000000000000000e+00 1.392880901273761651e+01 9.300000000000000488e-01 1.158858911890485510e+00 1.031791196229804169e-01
5.000000000000000000e+00 1.492852786458851710e+01 9.300000000000000488e-01 1.141257609063252465e+00 8.010187700254356447e-02
5.000000000000000000e+00 1.599999999999956657e+01 9.300000000000000488e-01 1.169811016472996235e+00 1.476248073302511565e-01
5.000000000000000000e+00 1.714837540058022114e+01 9.300000000000000488e-01 1.151767238881040267e+00 8.531437323097003367e-02
5.000000000000000000e+00 1.837917367995205353e+01 9.300000000000000488e-01 1.178399531584802151e+00 8.282103814591459945e-02
5.000000000000000000e+00 1.969831061351811385e+01 9.300000000000000488e-01 1.149275037600674398e+00 1.119855702191118879e-01
5.000000000000000000e+00 2.111212657236571388e+01 9.300000000000000488e-01 1.148131943702237034e+00 7.402173705198446252e-02
5.000000000000000000e+00 2.262741699796887929e+01 9.300000000000000488e-01 1.126296558718398400e+00 5.170124749345696852e-02
5.000000000000000000e+00 2.425146506416567505e+01 9.300000000000000488e-01 1.132191568980968510e+00 4.672785873132521278e-02
5.000000000000000000e+00 2.599207668339878907e+01 9.300000000000000488e-01 1.192150724995032274e+00 1.442812035815141947e-01
5.000000000000000000e+00 2.785761802547516197e+01 9.300000000000000488e-01 1.162004537800099380e+00 1.146002175852465221e-01
5.000000000000000000e+00 2.985705572917696315e+01 9.300000000000000488e-01 1.150377115136184569e+00 6.328179675321274344e-02
5.000000000000000000e+00 3.199999999999905498e+01 9.300000000000000488e-01 1.150041768885151416e+00 8.595356666933585965e-02
