5.000000000000000000e+00 7.812500000000000000e-03 1.000000000000000021e-02 1.575406465321456562e+00 2.830629237982552615e-01
5.000000000000000000e+00 8.373230176064788352e-03 1.000000000000000021e-02 1.483017106538445651e+00 2.507638383065602383e-01
5.000000000000000000e+00 8.974205898414331500e-03 1.000000000000000021e-02 1.430192620047776142e+00 2.206453155040892233e-01
5.000000000000000000e+00 9.618315729257151739e-03 1.000000000000000021e-02 1.371456661388245291e+00 2.169327589641843190e-01
5.000000000000000000e+00 1.030865555291322552e-02 1.000000000000000021e-02 1.319031803083383414e+00 1.779473771632450185e-01
5.000000000000000000e+00 1.104854345603979195e-02 1.000000000000000021e-02 1.284002130216178150e+00 1.808862508305874306e-01
5.000000000000000000e+00 1.184153567586246694e-02 1.000000000000000021e-02 1.234883795828441988e+00 1.629963007626510918e-01
5.000000000000000000e+00 1.269144369306615845e-02 1.000000000000000021e-02 1.188681664334698018e+00 1.398789040738274980e-01
5.000000000000000000e+00 1.360235255150191343e-02 1.000000000000000021e-02 1.169641640454347264e+00 1.316974654595545469e-01
5.000000000000000000e+00 1.457864049276258282e-02 1.000000000000000021e-02 1.143429176929456892e+00 1.233913103545660056e-01
5.000000000000000000e+00 1.562499999999996184e-02 1.000000000000000021e-02 1.125431857738119046e+00 1.200722108348926537e-01
5.000000000000000000e+00 1.674646035212953507e-02 1.000000000000000021e-02 1.110124999279915148e+00 1.209076147704379878e-01
5.000000000000000000e+00 1.794841179682861790e-02 1.000000000000000021e-02 1.090136177240532245e+00 1.024778911291613220e-01
5.000000000000000000e+00 1.923663145851425491e-02 1.000000000000000021e-02 1.071822604897452180e+00 8.166180818626500582e-02
5.000000000000000000e+00 2.061731110582640247e-02 1.000000000000000021e-02 1.065670212997486210e+00 8.479562908832438684e-02
5.000000000000000000e+00 2.209708691207952838e-02 1.000000000000000021e-02 1.057572628578182572e+00 8.380371126122759806e-02
5.000000000000000000e+00 2.368307135172487837e-02 1.000000000000000021e-02 1.045480617204523899e+00 6.661084453126299432e-02
5.000000000000000000e+00 2.538288738613225445e-02 1.000000000000000021e-02 1.036136549904726589e+00 5.564762905348610844e-02
5.000000000000000000e+00 2.720470510300375747e-02 1.000000000000000021e-02 1.031072699070268994e+00 5.239340424895935072e-02
5.000000000000000000e+00 2.915728098552509626e-02 1.000000000000000021e-02 1.025412104937530655e+00 4.611900244751391403e-02
5.000000000000000000e+00 3.124999999999984734e-02 1.000000000000000021e-02 1.019137047543851704e+00 3.611756766690070453e-02
5.000000000000000000e+00 3.349292070425898687e-02 1.000000000000000021e-02 1.016632459641703567e+00 3.521177577685361687e-02
5.000000000000000000e+00 3.589682359365715253e-02 1.000000000000000021e-02 1.012482624935998832e+00 2.747816896582196480e-02
5.000000000000000000e+00 3.847326291702841267e-02 1.000000000000000021e-02 1.009698068945851457e+00 2.263439546694720125e-02
5.000000000000000000e+00 4.123462221165270086e-02 1.000000000000000021e-02 1.007518130374572829e+00 1.850077660955953482e-02
5.000000000000000000e+00 4.419417382415894574e-02 1.000000000000000021e-02 1.005859781254302421e+00 1.516203379140512557e-02
5.000000000000000000e+00 4.736614270344963878e-02 1.000000000000000021e-02 1.004641778765301918e+00 1.252293693583927774e-02
5.000000000000000000e+00 5.076577477226438401e-02 1.000000000000000021e-02 1.003770213997587701e+00 1.052910985932631154e-02
5.000000000000000000e+00 5.440941020600738309e-02 1.000000000000000021e-02 1.003150075052851919e+00 9.016820902360877035e-03
5.000000000000000000e+00 5.831456197105004680e-02 1.000000000000000021e-02 1.002623199944595145e+00 7.628207833218109656e-03
5.000000000000000000e+00 6.249999999999953509e-02 1.000000000000000021e-02 1.002256696121953450e+00 6.629984834332919817e-03
5.000000000000000000e+00 6.698584140851780722e-02 1.000000000000000021e-02 1.001930581388336794e+00 5.704858236734750010e-03
5.000000000000000000e+00 7.179364718731412465e-02 1.000000000000000021e-02 1.001694516560800441e+00 5.025531531744707910e-03
5.000000000000000000e+00 7.694652583405664492e-02 1.000000000000000021e-02 1.001449294240485788e+00 4.307198900391438420e-03
5.000000000000000000e+00 8.246924442330520744e-02 1.000000000000000021e-02 1.001228361582304771e+00 3.655979185901320552e-03
5.000000000000000000e+00 8.838834764831768331e-02 1.000000000000000021e-02 1.001023571495275988e+00 3.050105697442696481e-03
5.000000000000000000e+00 9.473228540689904165e-02 1.000000000000000021e-02 1.000846701164476160e+00 2.525766985235539022e-03
5.000000000000000000e+00 1.015315495445285182e-01 1.000000000000000021e-02 1.000686421188091035e+00 2.049370241916773517e-03
5.000000000000000000e+00 1.088188204120145025e-01 1.000000000000000021e-02 1.000555801911018339e+00 1.660367336606360022e-03
5.000000000000000000e+00 1.166291239420998022e-01 1.000000000000000021e-02 1.000448799004214795e+00 1.340873376298140456e-03
5.000000000000000000e+00 1.249999999999987649e-01 1.000000000000000021e-02 1.000366780603466177e+00 1.095198804759157452e-03
5.000000000000000000e+00 1.339716828170352814e-01 1.000000000000000021e-02 1.000305154036530197e+00 9.096676305065629379e-04
5.000000000000000000e+00 1.435872943746278885e-01 1.000000000000000021e-02 1.000258008356714745e+00 7.664910025407560210e-04
5.000000000000000000e+00 1.538930516681129013e-01 1.000000000000000021e-02 1.000223007835530087e+00 6.583711682993409779e-04
5.000000000000000000e+00 1.649384888466099985e-01 1.000000000000000021e-02 1.000188091707101545e+00 5.486123127548062908e-04
5.000000000000000000e+00 1.767766952966349225e-01 1.000000000000000021e-02 1.000151387460959773e+00 4.306767901745118762e-04
5.000000000000000000e+00 1.894645708137976114e-01 1.000000000000000021e-02 1.000116578066888806e+00 3.140453003059442754e-04
5.000000000000000000e+00 2.030630990890565368e-01 1.000000000000000021e-02 1.000092631213218564e+00 2.234890480118635560e-04
5.000000000000000000e+00 2.176376408240284499e-01 1.000000000000000021e-02 1.000084322347794430e+00 1.697456335585118686e-04
5.000000000000000000e+00 2.332582478841990492e-01 1.000000000000000021e-02 1.000086847050688066e+00 1.329144000771826002e-04
5.000000000000000000e+00 2.499999999999969191e-01 1.000000000000000021e-02 1.000098387444906978e+00 9.999621534842120666e-05
5.000000000000000000e+00 2.679433656340699521e-01 1.000000000000000021e-02 1.000124958195101943e+00 7.947279400588302945e-05
5.000000000000000000e+00 2.871745887492550553e-01 1.000000000000000021e-02 1.000177287086428501e+00 8.842707688833074346e-05
5.000000000000000000e+00 3.077861033362250809e-01 1.000000000000000021e-02 1.000267556057190532e+00 1.281781197599060986e-04
5.000000000000000000e+00 3.298769776932191644e-01 1.000000000000000021e-02 1.000414678566914350e+00 2.061322574988041373e-04
5.000000000000000000e+00 3.535533905932689569e-01 1.000000000000000021e-02 1.000659266914146084e+00 3.472133811969559699e-04
5.000000000000000000e+00 3.789291416275942792e-01 1.000000000000000021e-02 1.001069815094182136e+00 6.053303885345206982e-04
5.000000000000000000e+00 4.061261981781120745e-01 1.000000000000000021e-02 1.001774086086374860e+00 1.086750531729397751e-03
5.000000000000000000e+00 4.352752816480558451e-01 1.000000000000000021e-02 1.003009922343612192e+00 2.009691288671696004e-03
5.000000000000000000e+00 4.665164957683969327e-01 1.000000000000000021e-02 1.005217185197556873e+00 3.815953005173208616e-03
5.000000000000000000e+00 4.999999999999926170e-01 1.000000000000000021e-02 1.009190832046306330e+00 7.394351133617829870e-03
5.000000000000000000e+00 5.358867312681385719e-01 1.000000000000000021e-02 1.016336977493718985e+00 1.442117038644820035e-02
5.000000000000000000e+00 5.743491774985087783e-01 1.000000000000000021e-02 1.028221425052527005e+00 2.686018644953793583e-02
5.000000000000000000e+00 6.155722066724486075e-01 1.000000000000000021e-02 1.044629322768839019e+00 4.379322468255250622e-02
5.000000000000000000e+00 6.597539553864367745e-01 1.000000000000000021e-02 1.062296479553341833e+00 5.883798061949874203e-02
5.000000000000000000e+00 7.071067811865362485e-01 1.000000000000000021e-02 1.079287914414220451e+00 6.636879527948537361e-02
5.000000000000000000e+00 7.578582832551866710e-01 1.000000000000000021e-02 1.095721941051500448e+00 7.259782284714461076e-02
5.000000000000000000e+00 8.122523963562221505e-01 1.000000000000000021e-02 1.116604534854889419e+00 8.905142773909456577e-02
5.000000000000000000e+00 8.705505632961095808e-01 1.000000000000000021e-02 1.139727832656353801e+00 1.085976882071466726e-01
5.000000000000000000e+00 9.330329915367915339e-01 1.000000000000000021e-02 1.159705530736135914e+00 1.312474285092778969e-01
5.000000000000000000e+00 9.999999999999827915e-01 1.000000000000000021e-02 1.177177491445905888e+00 1.507420525961399582e-01
5.000000000000000000e+00 1.071773462536274479e+00 1.000000000000000021e-02 1.194546543704803288e+00 1.685175466035778724e-01
5.000000000000000000e+00 1.148698354997014670e+00 1.000000000000000021e-02 1.204448561059395129e+00 1.770147757796064480e-01
5.000000000000000000e+00 1.231144413344894106e+00 1.000000000000000021e-02 1.199959812373311951e+00 1.616300052743659121e-01
5.000000000000000000e+00 1.319507910772870218e+00 1.000000000000000021e-02 1.186673677785704539e+00 1.317974727077499131e-01
5.000000000000000000e+00 1.414213562373068944e+00 1.000000000000000021e-02 1.178978505383573516e+00 1.072509687450779736e-01
5.000000000000000000e+00 1.515716566510369789e+00 1.000000000000000021e-02 1.176918951065411445e+00 9.802476009262757473e-02
5.000000000000000000e+00 1.624504792712440304e+00 1.000000000000000021e-02 1.178866339022952126e+00 1.166209974849000408e-01
5.000000000000000000e+00 1.741101126592214943e+00 1.000000000000000021e-02 1.182931936979114029e+00 1.335844902709353854e-01
5.000000000000000000e+00 1.866065983073578627e+00 1.000000000000000021e-02 1.201210344175332123e+00 1.618957700035551783e-01
5.000000000000000000e+00 1.999999999999960698e+00 1.000000000000000021e-02 1.194439806594107534e+00 1.473378838069986929e-01
5.000000000000000000e+00 2.143546925072543630e+00 1.000000000000000021e-02 1.182971040795021800e+00 1.236082764898719516e-01
5.000000000000000000e+00 2.297396709994023567e+00 1.000000000000000021e-02 1.200242852885309963e+00 1.413883208282801507e-01
5.000000000000000000e+00 2.462288826689782439e+00 1.000000000000000021e-02 1.210067328842523438e+00 1.738280942990022560e-01
5.000000000000000000e+00 2.639015821545733775e+00 1.000000000000000021e-02 1.217095613447051861e+00 1.834180881852706668e-01
5.000000000000000000e+00 2.828427124746130783e+00 1.000000000000000021e-02 1.218293635947051978e+00 1.710022372466460105e-01
5.000000000000000000e+00 3.031433133020732029e+00 1.000000000000000021e-02 1.209637384089831569e+00 1.575001535250672713e-01
5.000000000000000000e+00 3.249009585424872615e+00 1.000000000000000021e-02 1.237875896036617851e+00 2.447277091125571180e-01
5.000000000000000000e+00 3.482202253184421004e+00 1.000000000000000021e-02 1.222605641054868908e+00 2.112374602071575291e-01
5.000000000000000000e+00 3.732131966147147928e+00 1.000000000000000021e-02 1.170111087015962115e+00 9.899823333834846528e-02
5.000000000000000000e+00 3.999999999999911182e+00 1.000000000000000021e-02 1.144165233772542312e+00 5.100209940401606579e-02
5.000000000000000000e+00 4.287093850145076601e+00 1.000000000000000021e-02 1.180123610249125266e+00 1.538040119420707175e-01
5.000000000000000000e+00 4.594793419988035588e+00 1.000000000000000021e-02 1.161605518529302605e+00 7.081021125952220718e-02
5.000000000000000000e+00 4.924577653379552444e+00 1.000000000000000021e-02 1.188384962419383850e+00 8.182664609034000225e-02
5.000000000000000000e+00 5.278031643091455116e+00 1.000000000000000021e-02 1.168900176681175740e+00 1.337481527413113269e-01
5.000000000000000000e+00 5.656854249492248243e+00 1.000000000000000021e-02 1.153344686628288152e+00 9.513331385603870927e-02
5.000000000000000000e+00 6.062866266041448959e+00 1.000000000000000021e-02 1.193526406962539754e+00 8.815597665788957316e-02
5.000000000000000000e+00 6.498019170849729242e+00 1.000000000000000021e-02 1.172340612475757382e+00 7.194844108418568807e-02
5.000000000000000000e+00 6.964404506368825132e+00 1.000000000000000021e-02 1.159102984670778991e+00 7.001341538347720383e-02
5.000000000000000000e+00 7.464263932294277204e+00 1.000000000000000021e-02 1.182289618854224011e+00 7.060756361849832019e-02
5.000000000000000000e+00 7.999999999999802824e+00 1.000000000000000021e-02 1.159873032905590406e+00 7.029053066823798268e-02
5.000000000000000000e+00 8.574187700290131886e+00 1.000000000000000021e-02 1.188167721279865363e+00 1.277956783892168491e-01
5.000000000000000000e+00 9.189586839976049859e+00 1.000000000000000021e-02 1.172304743926035009e+00 8.833339900340742012e-02
5.000000000000000000e+00 9.849155306759080020e+00 1.000000000000000021e-02 1.222138766882226335e+00 1.236520989844854118e-01
5.000000000000000000e+00 1.055606328618288359e+01 1.000000000000000021e-02 1.253203184253517621e+00 1.408927732762486063e-01
5.000000000000000000e+00 1.131370849898446806e+01 1.000000000000000021e-02 1.202366928110741195e+00 1.173052636181381309e-01
5.000000000000000000e+00 1.212573253208286772e+01 1.000000000000000021e-02 1.183191687152753913e+00 7.028401180783634683e-02
5.000000000000000000e+00 1.299603834169942651e+01 1.000000000000000021e-02 1.224821182992915425e+00 1.201419801886827871e-01
5.000000000000000000e+00 1.392880901273761651e+01 1.000000000000000021e-02 1.189359289294132038e+00 1.207823182508783177e-01
5.000000000000000000e+00 1.492852786458851710e+01 1.000000000000000021e-02 1.172402933633590605e+00 9.252319207262642287e-02
5.000000000000000000e+00 1.599999999999956657e+01 1.000000000000000021e-02 1.207442339554312127e+00 1.801247588277229972e-01
5.000000000000000000e+00 1.714837540058022114e+01 1.000000000000000021e-02 1.182125674022337147e+00 1.016423390585388664e-01
5.000000000000000000e+00 1.837917367995205353e+01 1.000000000000000021e-02 1.209020070430554483e+00 9.860344712102822595e-02
5.000000000000000000e+00 1.969831061351811385e+01 1.000000000000000021e-02 1.179798578738610049e+00 1.320325354405246787e-01
5.000000000000000000e+00 2.111212657236571388e+01 1.000000000000000021e-02 1.180859739924417173e+00 9.044854303878036017e-02
5.000000000000000000e+00 2.262741699796887929e+01 1.000000000000000021e-02 1.154570487976578352e+00 6.096864564148608140e-02
5.000000000000000000e+00 2.425146506416567505e+01 1.000000000000000021e-02 1.157165183547349319e+00 5.571013114271006900e-02
5.000000000000000000e+00 2.599207668339878907e+01 1.000000000000000021e-02 1.223386565747772936e+00 1.752218721096646392e-01
5.000000000000000000e+00 2.785761802547516197e+01 1.000000000000000021e-02 1.188751238650674447e+00 1.322426128810339496e-01
5.000000000000000000e+00 2.985705572917696315e+01 1.000000000000000021e-02 1.178467548833713519e+00 8.278205797726229109e-02
5.000000000000000000e+00 3.199999999999905498e+01 1.000000000000000021e-02 1.179918144690250692e+00 1.008776966470108089e-01
