5.000000000000000000e+00 7.812500000000000000e-03 3.599999999999999867e-01 2.424734392079066048e+00 7.054203768343432213e-01
5.000000000000000000e+00 8.373230176064788352e-03 3.599999999999999867e-01 2.214047765510786636e+00 6.364277140300313995e-01
5.000000000000000000e+00 8.974205898414331500e-03 3.599999999999999867e-01 2.078160612720832301e+00 5.665284638325347455e-01
5.000000000000000000e+00 9.618315729257151739e-03 3.599999999999999867e-01 1.930401776595383811e+00 5.494346850624765022e-01
5.000000000000000000e+00 1.030865555291322552e-02 3.599999999999999867e-01 1.789047610613100137e+00 4.461567667607163057e-01
5.000000000000000000e+00 1.104854345603979195e-02 3.599999999999999867e-01 1.703194139168138665e+00 4.464203143144318542e-01
5.000000000000000000e+00 1.184153567586246694e-02 3.599999999999999867e-01 1.581768826102313064e+00 4.048430914932020230e-01
5.000000000000000000e+00 1.269144369306615845e-02 3.599999999999999867e-01 1.462430742019161567e+00 3.407481966644741456e-01
5.000000000000000000e+00 1.360235255150191343e-02 3.599999999999999867e-01 1.415351837050510042e+00 3.217800237357139603e-01
5.000000000000000000e+00 1.457864049276258282e-02 3.599999999999999867e-01 1.352279188774082597e+00 3.042645777082834679e-01
5.000000000000000000e+00 1.562499999999996184e-02 3.599999999999999867e-01 1.305425418522142778e+00 2.906298529131244868e-01
5.000000000000000000e+00 1.674646035212953507e-02 3.599999999999999867e-01 1.269577518574884767e+00 2.973316564017020602e-01
5.000000000000000000e+00 1.794841179682861790e-02 3.599999999999999867e-01 1.219997369909662677e+00 2.506629983185539867e-01
5.000000000000000000e+00 1.923663145851425491e-02 3.599999999999999867e-01 1.175932442819667134e+00 2.018252892869377146e-01
5.000000000000000000e+00 2.061731110582640247e-02 3.599999999999999867e-01 1.160276867187787664e+00 2.077619385346624603e-01
5.000000000000000000e+00 2.209708691207952838e-02 3.599999999999999867e-01 1.141378654334155085e+00 2.073351256042121893e-01
5.000000000000000000e+00 2.368307135172487837e-02 3.599999999999999867e-01 1.111622296636264107e+00 1.645540998213797512e-01
5.000000000000000000e+00 2.538288738613225445e-02 3.599999999999999867e-01 1.088701571355492614e+00 1.371618800008964356e-01
5.000000000000000000e+00 2.720470510300375747e-02 3.599999999999999867e-01 1.076458849721624311e+00 1.293323912824957678e-01
5.000000000000000000e+00 2.915728098552509626e-02 3.599999999999999867e-01 1.062588212274387711e+00 1.136376832476307386e-01
5.000000000000000000e+00 3.124999999999984734e-02 3.599999999999999867e-01 1.047162036594607715e+00 8.871616721575480147e-02
5.000000000000000000e+00 3.349292070425898687e-02 3.599999999999999867e-01 1.041147415342415172e+00 8.656815898283201638e-02
5.000000000000000000e+00 3.589682359365715253e-02 3.599999999999999867e-01 1.030930942895563307e+00 6.728247780567642167e-02
5.000000000000000000e+00 3.847326291702841267e-02 3.599999999999999867e-01 1.024094277739058922e+00 5.522632604996625255e-02
5.000000000000000000e+00 4.123462221165270086e-02 3.599999999999999867e-01 1.018770329814577824e+00 4.503799823292641696e-02
5.000000000000000000e+00 4.419417382415894574e-02 3.599999999999999867e-01 1.014725948883296258e+00 3.683048804450946012e-02
5.000000000000000000e+00 4.736614270344963878e-02 3.599999999999999867e-01 1.011750105085925222e+00 3.034539122672975930e-02
5.000000000000000000e+00 5.076577477226438401e-02 3.599999999999999867e-01 1.009629373376323969e+00 2.547608201221772395e-02
5.000000000000000000e+00 5.440941020600738309e-02 3.599999999999999867e-01 1.008118777361807661e+00 2.178295658969538889e-02
5.000000000000000000e+00 5.831456197105004680e-02 3.599999999999999867e-01 1.006837970899161272e+00 1.840723507706726672e-02
5.000000000000000000e+00 6.249999999999953509e-02 3.599999999999999867e-01 1.005945813046920545e+00 1.598015684384705704e-02
5.000000000000000000e+00 6.698584140851780722e-02 3.599999999999999867e-01 1.005151685103025327e+00 1.373316158592535752e-02
5.000000000000000000e+00 7.179364718731412465e-02 3.599999999999999867e-01 1.004578854088984841e+00 1.209269439833070801e-02
5.000000000000000000e+00 7.694652583405664492e-02 3.599999999999999867e-01 1.003982091896105100e+00 1.035438475951834005e-02
5.000000000000000000e+00 8.246924442330520744e-02 3.599999999999999867e-01 1.003445104323879011e+00 8.783151772963253626e-03
5.000000000000000000e+00 8.838834764831768331e-02 3.599999999999999867e-01 1.002945021286340221e+00 7.317061836925094036e-03
5.000000000000000000e+00 9.473228540689904165e-02 3.599999999999999867e-01 1.002513805525417245e+00 6.054250393163400877e-03
5.000000000000000000e+00 1.015315495445285182e-01 3.599999999999999867e-01 1.002119953164005706e+00 4.901563824347266070e-03
5.000000000000000000e+00 1.088188204120145025e-01 3.599999999999999867e-01 1.001798038607553121e+00 3.963560758500722821e-03
5.000000000000000000e+00 1.166291239420998022e-01 3.599999999999999867e-01 1.001532323284159975e+00 3.194047518374837618e-03
5.000000000000000000e+00 1.249999999999987649e-01 3.599999999999999867e-01 1.001324966538991168e+00 2.600337759909987240e-03
5.000000000000000000e+00 1.339716828170352814e-01 3.599999999999999867e-01 1.001166114587527467e+00 2.153558745412996814e-03
5.000000000000000000e+00 1.435872943746278885e-01 3.599999999999999867e-01 1.001040273436498262e+00 1.807773718433360044e-03
5.000000000000000000e+00 1.538930516681129013e-01 3.599999999999999867e-01 1.000942241309920933e+00 1.547437289640961854e-03
5.000000000000000000e+00 1.649384888466099985e-01 3.599999999999999867e-01 1.000842130013635423e+00 1.283571549765477127e-03
5.000000000000000000e+00 1.767766952966349225e-01 3.599999999999999867e-01 1.000734842975969263e+00 1.001102871844396398e-03
5.000000000000000000e+00 1.894645708137976114e-01 3.599999999999999867e-01 1.000628358835432774e+00 7.238245505131663850e-04
5.000000000000000000e+00 2.030630990890565368e-01 3.599999999999999867e-01 1.000543475554972250e+00 5.119157342942293101e-04
5.000000000000000000e+00 2.176376408240284499e-01 3.599999999999999867e-01 1.000489695407401403e+00 3.872224831370574879e-04
5.000000000000000000e+00 2.332582478841990492e-01 3.599999999999999867e-01 1.000452877213142244e+00 3.016429060429501080e-04
5.000000000000000000e+00 2.499999999999969191e-01 3.599999999999999867e-01 1.000424281326160791e+00 2.230515933354442154e-04
5.000000000000000000e+00 2.679433656340699521e-01 3.599999999999999867e-01 1.000411288109061658e+00 1.578511699167207526e-04
5.000000000000000000e+00 2.871745887492550553e-01 3.599999999999999867e-01 1.000428760633795822e+00 1.181566820714888326e-04
5.000000000000000000e+00 3.077861033362250809e-01 3.599999999999999867e-01 1.000486282680066008e+00 1.025046185387147336e-04
5.000000000000000000e+00 3.298769776932191644e-01 3.599999999999999867e-01 1.000597333061012950e+00 1.351023607781709642e-04
5.000000000000000000e+00 3.535533905932689569e-01 3.599999999999999867e-01 1.000800443334240786e+00 2.536223311332838301e-04
5.000000000000000000e+00 3.789291416275942792e-01 3.599999999999999867e-01 1.001159237022104520e+00 4.928027000012135447e-04
5.000000000000000000e+00 4.061261981781120745e-01 3.599999999999999867e-01 1.001791369060077930e+00 9.458010800308438428e-04
5.000000000000000000e+00 4.352752816480558451e-01 3.599999999999999867e-01 1.002918999838984693e+00 1.818782749746640330e-03
5.000000000000000000e+00 4.665164957683969327e-01 3.599999999999999867e-01 1.004955707667801290e+00 3.532798489562072059e-03
5.000000000000000000e+00 4.999999999999926170e-01 3.599999999999999867e-01 1.008657649037657755e+00 6.944620182627683248e-03
5.000000000000000000e+00 5.358867312681385719e-01 3.599999999999999867e-01 1.015379492656036220e+00 1.369786608496713527e-02
5.000000000000000000e+00 5.743491774985087783e-01 3.599999999999999867e-01 1.026646651539003363e+00 2.577181132838665678e-02
5.000000000000000000e+00 6.155722066724486075e-01 3.599999999999999867e-01 1.042264928162781601e+00 4.237173636216282069e-02
5.000000000000000000e+00 6.597539553864367745e-01 3.599999999999999867e-01 1.059106477948659641e+00 5.722778426318425593e-02
5.000000000000000000e+00 7.071067811865362485e-01 3.599999999999999867e-01 1.075239981879875240e+00 6.441081429998438135e-02
5.000000000000000000e+00 7.578582832551866710e-01 3.599999999999999867e-01 1.090605861295144585e+00 6.941245533617727836e-02
5.000000000000000000e+00 8.122523963562221505e-01 3.599999999999999867e-01 1.110006297754381421e+00 8.356260404456233859e-02
5.000000000000000000e+00 8.705505632961095808e-01 3.599999999999999867e-01 1.131157784159523505e+00 9.982439199670353758e-02
5.000000000000000000e+00 9.330329915367915339e-01 3.599999999999999867e-01 1.148686391114330352e+00 1.184607939641900698e-01
5.000000000000000000e+00 9.999999999999827915e-01 3.599999999999999867e-01 1.163260858581435020e+00 1.336435671960705396e-01
5.000000000000000000e+00 1.071773462536274479e+00 3.599999999999999867e-01 1.178903884716075989e+00 1.494135659628423318e-01
5.000000000000000000e+00 1.148698354997014670e+00 3.599999999999999867e-01 1.188388128975758296e+00 1.581641459863943611e-01
5.000000000000000000e+00 1.231144413344894106e+00 3.599999999999999867e-01 1.184795013242949002e+00 1.463321051792936534e-01
5.000000000000000000e+00 1.319507910772870218e+00 3.599999999999999867e-01 1.172225808056630125e+00 1.212097088968881325e-01
5.000000000000000000e+00 1.414213562373068944e+00 3.599999999999999867e-01 1.163704407814825315e+00 9.935481492017905758e-02
5.000000000000000000e+00 1.515716566510369789e+00 3.599999999999999867e-01 1.160197063050127486e+00 8.943474325242850576e-02
5.000000000000000000e+00 1.624504792712440304e+00 3.599999999999999867e-01 1.161486470827345796e+00 1.054336437600634641e-01
5.000000000000000000e+00 1.741101126592214943e+00 3.599999999999999867e-01 1.164488167843729771e+00 1.194827374436713829e-01
5.000000000000000000e+00 1.866065983073578627e+00 3.599999999999999867e-01 1.180970685476666393e+00 1.444196885131239783e-01
5.000000000000000000e+00 1.999999999999960698e+00 3.599999999999999867e-01 1.176365095599065214e+00 1.329840054077945366e-01
5.000000000000000000e+00 2.143546925072543630e+00 3.599999999999999867e-01 1.167745494066446010e+00 1.118269305127413543e-01
5.000000000000000000e+00 2.297396709994023567e+00 3.599999999999999867e-01 1.184659172661493676e+00 1.307126759565927498e-01
5.000000000000000000e+00 2.462288826689782439e+00 3.599999999999999867e-01 1.192672660662167594e+00 1.596868722682871222e-01
5.000000000000000000e+00 2.639015821545733775e+00 3.599999999999999867e-01 1.196235106482196553e+00 1.622108906623598301e-01
5.000000000000000000e+00 2.828427124746130783e+00 3.599999999999999867e-01 1.193095300902007327e+00 1.496074269104697152e-01
5.000000000000000000e+00 3.031433133020732029e+00 3.599999999999999867e-01 1.183405689935465688e+00 1.356312475646892224e-01
5.000000000000000000e+00 3.249009585424872615e+00 3.599999999999999867e-01 1.213035967898639766e+00 2.192819759187017437e-01
5.000000000000000000e+00 3.482202253184421004e+00 3.599999999999999867e-01 1.200731382226210675e+00 1.935540412370840568e-01
5.000000000000000000e+00 3.732131966147147928e+00 3.599999999999999867e-01 1.155444495090378165e+00 9.301812866705864991e-02
5.000000000000000000e+00 3.999999999999911182e+00 3.599999999999999867e-01 1.129539076296186995e+00 4.627344658787583415e-02
5.000000000000000000e+00 4.287093850145076601e+00 3.599999999999999867e-01 1.158700554969001928e+00 1.327961363021495367e-01
5.000000000000000000e+00 4.594793419988035588e+00 3.599999999999999867e-01 1.144752222736524327e+00 6.232624490346486135e-02
5.000000000000000000e+00 4.924577653379552444e+00 3.599999999999999867e-01 1.166995958132539535e+00 6.925912956033022927e-02
5.000000000000000000e+00 5.278031643091455116e+00 3.599999999999999867e-01 1.151407432894985705e+00 1.196195109481672653e-01
5.000000000000000000e+00 5.656854249492248243e+00 3.599999999999999867e-01 1.135367758807924954e+00 8.106202643968586641e-02
5.000000000000000000e+00 6.062866266041448959e+00 3.599999999999999867e-01 1.169832937049308352e+00 7.686861172606818116e-02
5.000000000000000000e+00 6.498019170849729242e+00 3.599999999999999867e-01 1.152594224470316453e+00 6.548210690526952427e-02
5.000000000000000000e+00 6.964404506368825132e+00 3.599999999999999867e-01 1.141655614593753088e+00 5.939504251348578373e-02
5.000000000000000000e+00 7.464263932294277204e+00 3.599999999999999867e-01 1.165001936932506643e+00 6.026860240651954470e-02
5.000000000000000000e+00 7.999999999999802824e+00 3.599999999999999867e-01 1.143762292566237848e+00 6.253020054154555252e-02
5.000000000000000000e+00 8.574187700290131886e+00 3.599999999999999867e-01 1.167372339760059941e+00 1.069030414514716976e-01
5.000000000000000000e+00 9.189586839976049859e+00 3.599999999999999867e-01 1.153734963431016780e+00 8.010379403790247876e-02
5.000000000000000000e+00 9.849155306759080020e+00 3.599999999999999867e-01 1.198451314103045728e+00 1.104353156730252250e-01
5.000000000000000000e+00 1.055606328618288359e+01 3.599999999999999867e-01 1.228170728319681881e+00 1.296174333695109260e-01
5.000000000000000000e+00 1.131370849898446806e+01 3.599999999999999867e-01 1.183136490179272693e+00 1.048564132683326294e-01
5.000000000000000000e+00 1.212573253208286772e+01 3.599999999999999867e-01 1.166604143399724292e+00 6.324618029043474476e-02
5.000000000000000000e+00 1.299603834169942651e+01 3.599999999999999867e-01 1.201562417954334050e+00 1.066362340517245932e-01
5.000000000000000000e+00 1.392880901273761651e+01 3.599999999999999867e-01 1.171645396974958286e+00 1.104298660849626634e-01
5.000000000000000000e+00 1.492852786458851710e+01 3.599999999999999867e-01 1.153897216735883857e+00 8.454020957157426519e-02
5.000000000000000000e+00 1.599999999999956657e+01 3.599999999999999867e-01 1.184750664770390705e+00 1.604970413450803324e-01
5.000000000000000000e+00 1.714837540058022114e+01 3.599999999999999867e-01 1.163906396087018846e+00 9.166415988969772721e-02
5.000000000000000000e+00 1.837917367995205353e+01 3.599999999999999867e-01 1.190577904260092357e+00 8.891747983895631480e-02
5.000000000000000000e+00 1.969831061351811385e+01 3.599999999999999867e-01 1.161534658568789125e+00 1.193741829944148514e-01
5.000000000000000000e+00 2.111212657236571388e+01 3.599999999999999867e-01 1.160888887292912841e+00 7.949705224491458722e-02
5.000000000000000000e+00 2.262741699796887929e+01 3.599999999999999867e-01 1.137464400934533826e+00 5.440522226133142486e-02
5.000000000000000000e+00 2.425146506416567505e+01 3.599999999999999867e-01 1.141936590154928988e+00 4.929746288726572639e-02
5.000000000000000000e+00 2.599207668339878907e+01 3.599999999999999867e-01 1.203932371660580092e+00 1.553856969199285953e-01
5.000000000000000000e+00 2.785761802547516197e+01 3.599999999999999867e-01 1.172558031946090873e+00 1.209818698037869039e-01
5.000000000000000000e+00 2.985705572917696315e+01 3.599999999999999867e-01 1.161289825373609030e+00 7.072864740997437949e-02
5.000000000000000000e+00 3.199999999999905498e+01 3.599999999999999867e-01 1.162173445341242672e+00 9.092133542011901493e-02
