5.000000000000000000e+00 7.812500000000000000e-03 4.899999999999999911e-01 3.152625259710972294e+00 9.972353814550962703e-01
5.000000000000000000e+00 8.373230176064788352e-03 4.899999999999999911e-01 2.884980186533016688e+00 9.405052732626143497e-01
5.000000000000000000e+00 8.974205898414331500e-03 4.899999999999999911e-01 2.679751409433966280e+00 8.602658841907346865e-01
5.000000000000000000e+00 9.618315729257151739e-03 4.899999999999999911e-01 2.455212043372990038e+00 8.330329170787884596e-01
5.000000000000000000e+00 1.030865555291322552e-02 4.899999999999999911e-01 2.231384208707895223e+00 6.910281384633949475e-01
5.000000000000000000e+00 1.104854345603979195e-02 4.899999999999999911e-01 2.099248443699893940e+00 6.745104789919386112e-01
5.000000000000000000e+00 1.184153567586246694e-02 4.899999999999999911e-01 1.914609598241100885e+00 6.204629561162727791e-01
5.000000000000000000e+00 1.269144369306615845e-02 4.899999999999999911e-01 1.723432388251137315e+00 5.178216086849695143e-01
5.000000000000000000e+00 1.360235255150191343e-02 4.899999999999999911e-01 1.649959915298062185e+00 4.893510031142544459e-01
5.000000000000000000e+00 1.457864049276258282e-02 4.899999999999999911e-01 1.554004506838407851e+00 4.701567461173136175e-01
5.000000000000000000e+00 1.562499999999996184e-02 4.899999999999999911e-01 1.475964802922056007e+00 4.399176770576195827e-01
5.000000000000000000e+00 1.674646035212953507e-02 4.899999999999999911e-01 1.421857546237516257e+00 4.561031676079311259e-01
5.000000000000000000e+00 1.794841179682861790e-02 4.899999999999999911e-01 1.344495414733447580e+00 3.862934777308541512e-01
5.000000000000000000e+00 1.923663145851425491e-02 4.899999999999999911e-01 1.278212256850013828e+00 3.183675448562638399e-01
5.000000000000000000e+00 2.061731110582640247e-02 4.899999999999999911e-01 1.251743881350396048e+00 3.233725749093637747e-01
5.000000000000000000e+00 2.209708691207952838e-02 4.899999999999999911e-01 1.223368873635116483e+00 3.267247457948838640e-01
5.000000000000000000e+00 2.368307135172487837e-02 4.899999999999999911e-01 1.176950424031300013e+00 2.610921228713793951e-01
5.000000000000000000e+00 2.538288738613225445e-02 4.899999999999999911e-01 1.140856993766844685e+00 2.182358461412581274e-01
5.000000000000000000e+00 2.720470510300375747e-02 4.899999999999999911e-01 1.121520590157338848e+00 2.059972659960780106e-01
5.000000000000000000e+00 2.915728098552509626e-02 4.899999999999999911e-01 1.099594072907728037e+00 1.812384954976202778e-01
5.000000000000000000e+00 3.124999999999984734e-02 4.899999999999999911e-01 1.075107151005097794e+00 1.416167399620721357e-01
5.000000000000000000e+00 3.349292070425898687e-02 4.899999999999999911e-01 1.065657737696352969e+00 1.383622996344855138e-01
5.000000000000000000e+00 3.589682359365715253e-02 4.899999999999999911e-01 1.049320419490388900e+00 1.073092815543198325e-01
5.000000000000000000e+00 3.847326291702841267e-02 4.899999999999999911e-01 1.038393746436755194e+00 8.788688713888558046e-02
5.000000000000000000e+00 4.123462221165270086e-02 4.899999999999999911e-01 1.029915408908027796e+00 7.157266614433044349e-02
5.000000000000000000e+00 4.419417382415894574e-02 4.899999999999999911e-01 1.023475265146997604e+00 5.843536104660752850e-02
5.000000000000000000e+00 4.736614270344963878e-02 4.899999999999999911e-01 1.018731540694080007e+00 4.805643597068347955e-02
5.000000000000000000e+00 5.076577477226438401e-02 4.899999999999999911e-01 1.015361509217934888e+00 4.029840002423709655e-02
5.000000000000000000e+00 5.440941020600738309e-02 4.899999999999999911e-01 1.012961163145946086e+00 3.441841482679412062e-02
5.000000000000000000e+00 5.831456197105004680e-02 4.899999999999999911e-01 1.010929981709450587e+00 2.906158583622452801e-02
5.000000000000000000e+00 6.249999999999953509e-02 4.899999999999999911e-01 1.009515099006969008e+00 2.521119499071329539e-02
5.000000000000000000e+00 6.698584140851780722e-02 4.899999999999999911e-01 1.008257488989998674e+00 2.165355468167869113e-02
5.000000000000000000e+00 7.179364718731412465e-02 4.899999999999999911e-01 1.007352938992325031e+00 1.906496604816949880e-02
5.000000000000000000e+00 7.694652583405664492e-02 4.899999999999999911e-01 1.006409240180909936e+00 1.631845923446096844e-02
5.000000000000000000e+00 8.246924442330520744e-02 4.899999999999999911e-01 1.005561276394752790e+00 1.384030940680027084e-02
5.000000000000000000e+00 8.838834764831768331e-02 4.899999999999999911e-01 1.004769920074200851e+00 1.152376328578519696e-02
5.000000000000000000e+00 9.473228540689904165e-02 4.899999999999999911e-01 1.004089161466470204e+00 9.534362791755962227e-03
5.000000000000000000e+00 1.015315495445285182e-01 4.899999999999999911e-01 1.003465591086937447e+00 7.714186152629435612e-03
5.000000000000000000e+00 1.088188204120145025e-01 4.899999999999999911e-01 1.002956184135407991e+00 6.235528356367659071e-03
5.000000000000000000e+00 1.166291239420998022e-01 4.899999999999999911e-01 1.002535619582316073e+00 5.024173925657803713e-03
5.000000000000000000e+00 1.249999999999987649e-01 4.899999999999999911e-01 1.002206149795063173e+00 4.088285235554959748e-03
5.000000000000000000e+00 1.339716828170352814e-01 4.899999999999999911e-01 1.001953237725178525e+00 3.385437850066843560e-03
5.000000000000000000e+00 1.435872943746278885e-01 4.899999999999999911e-01 1.001751627414055434e+00 2.840953730721725978e-03
5.000000000000000000e+00 1.538930516681129013e-01 4.899999999999999911e-01 1.001593596462490909e+00 2.431962954503515909e-03
5.000000000000000000e+00 1.649384888466099985e-01 4.899999999999999911e-01 1.001431537616691569e+00 2.017612966471490302e-03
5.000000000000000000e+00 1.767766952966349225e-01 4.899999999999999911e-01 1.001257204416400537e+00 1.574633585391291626e-03
5.000000000000000000e+00 1.894645708137976114e-01 4.899999999999999911e-01 1.001082865200151328e+00 1.141304652169676222e-03
5.000000000000000000e+00 2.030630990890565368e-01 4.899999999999999911e-01 1.000941009020914096e+00 8.128373945213250703e-04
5.000000000000000000e+00 2.176376408240284499e-01 4.899999999999999911e-01 1.000845828995539533e+00 6.215897101353007976e-04
5.000000000000000000e+00 2.332582478841990492e-01 4.899999999999999911e-01 1.000774118900178422e+00 4.924964453353827560e-04
5.000000000000000000e+00 2.499999999999969191e-01 4.899999999999999911e-01 1.000710449036088523e+00 3.774633132308649391e-04
5.000000000000000000e+00 2.679433656340699521e-01 4.899999999999999911e-01 1.000663759241009476e+00 2.861373321592639626e-04
5.000000000000000000e+00 2.871745887492550553e-01 4.899999999999999911e-01 1.000653327776041435e+00 2.290649738953525610e-04
5.000000000000000000e+00 3.077861033362250809e-01 4.899999999999999911e-01 1.000686815878258251e+00 1.877758528577118315e-04
5.000000000000000000e+00 3.298769776932191644e-01 4.899999999999999911e-01 1.000773334576082085e+00 1.627461960071200568e-04
5.000000000000000000e+00 3.535533905932689569e-01 4.899999999999999911e-01 1.000951208005174342e+00 2.231212850968676976e-04
5.000000000000000000e+00 3.789291416275942792e-01 4.899999999999999911e-01 1.001282468426762273e+00 4.339704814422369280e-04
5.000000000000000000e+00 4.061261981781120745e-01 4.899999999999999911e-01 1.001880957390000937e+00 8.690206370686007513e-04
5.000000000000000000e+00 4.352752816480558451e-01 4.899999999999999911e-01 1.002964293830738374e+00 1.723596789604273658e-03
5.000000000000000000e+00 4.665164957683969327e-01 4.899999999999999911e-01 1.004939100441682109e+00 3.411508046652957701e-03
5.000000000000000000e+00 4.999999999999926170e-01 4.899999999999999911e-01 1.008552491180137345e+00 6.780179414896714968e-03
5.000000000000000000e+00 5.358867312681385719e-01 4.899999999999999911e-01 1.015148335827399162e+00 1.346352498552659711e-02
5.000000000000000000e+00 5.743491774985087783e-01 4.899999999999999911e-01 1.026244573363391144e+00 2.544412637616241812e-02
5.000000000000000000e+00 6.155722066724486075e-01 4.899999999999999911e-01 1.041655031173019719e+00 4.195914895624681951e-02
5.000000000000000000e+00 6.597539553864367745e-01 4.899999999999999911e-01 1.058292026296480781e+00 5.676261360292903652e-02
5.000000000000000000e+00 7.071067811865362485e-01 4.899999999999999911e-01 1.074222646450501140e+00 6.384672061899922257e-02
5.000000000000000000e+00 7.578582832551866710e-01 4.899999999999999911e-01 1.089346646943964547e+00 6.854435159334798522e-02
5.000000000000000000e+00 8.122523963562221505e-01 4.899999999999999911e-01 1.108401771276792624e+00 8.212457951837992542e-02
5.000000000000000000e+00 8.705505632961095808e-01 4.899999999999999911e-01 1.129071931906100890e+00 9.753160097924976069e-02
5.000000000000000000e+00 9.330329915367915339e-01 4.899999999999999911e-01 1.145989861099488527e+00 1.151356854493521126e-01
5.000000000000000000e+00 9.999999999999827915e-01 4.899999999999999911e-01 1.159844522017059232e+00 1.292419577545722842e-01
5.000000000000000000e+00 1.071773462536274479e+00 4.899999999999999911e-01 1.175084864959794473e+00 1.445786319681239551e-01
5.000000000000000000e+00 1.148698354997014670e+00 4.899999999999999911e-01 1.184459418003090958e+00 1.534277133807431803e-01
5.000000000000000000e+00 1.231144413344894106e+00 4.899999999999999911e-01 1.181018199735760721e+00 1.424910257599640018e-01
5.000000000000000000e+00 1.319507910772870218e+00 4.899999999999999911e-01 1.168568350074564055e+00 1.186353664914458622e-01
5.000000000000000000e+00 1.414213562373068944e+00 4.899999999999999911e-01 1.159746451409685353e+00 9.749868900357470947e-02
5.000000000000000000e+00 1.515716566510369789e+00 4.899999999999999911e-01 1.155851997160343592e+00 8.742689148096455254e-02
5.000000000000000000e+00 1.624504792712440304e+00 4.899999999999999911e-01 1.157070684305498975e+00 1.027780390267405697e-01
5.000000000000000000e+00 1.741101126592214943e+00 4.899999999999999911e-01 1.159894179111765400e+00 1.160835381538052186e-01
5.000000000000000000e+00 1.866065983073578627e+00 4.899999999999999911e-01 1.175851913019644757e+00 1.400335080603183069e-01
5.000000000000000000e+00 1.999999999999960698e+00 4.899999999999999911e-01 1.171801179493706213e+00 1.293645272790780454e-01
5.000000000000000000e+00 2.143546925072543630e+00 4.899999999999999911e-01 1.163952108073465164e+00 1.087599787888101632e-01
5.000000000000000000e+00 2.297396709994023567e+00 4.899999999999999911e-01 1.180809372147633596e+00 1.279020879620044182e-01
5.000000000000000000e+00 2.462288826689782439e+00 4.899999999999999911e-01 1.188409752592637592e+00 1.560232162543680468e-01
5.000000000000000000e+00 2.639015821545733775e+00 4.899999999999999911e-01 1.191168682588378713e+00 1.568834710120318165e-01
5.000000000000000000e+00 2.828427124746130783e+00 4.899999999999999911e-01 1.186893560235623424e+00 1.443164840838085383e-01
5.000000000000000000e+00 3.031433133020732029e+00 4.899999999999999911e-01 1.176990560314358225e+00 1.303414405936065557e-01
5.000000000000000000e+00 3.249009585424872615e+00 4.899999999999999911e-01 1.206990663250468332e+00 2.131822508423999174e-01
5.000000000000000000e+00 3.482202253184421004e+00 4.899999999999999911e-01 1.195288353650866497e+00 1.892049793862313478e-01
5.000000000000000000e+00 3.732131966147147928e+00 4.899999999999999911e-01 1.151877049011558629e+00 9.160137929548409219e-02
5.000000000000000000e+00 3.999999999999911182e+00 4.899999999999999911e-01 1.125894434059083737e+00 4.519490364876851962e-02
5.000000000000000000e+00 4.287093850145076601e+00 4.899999999999999911e-01 1.153381424166877611e+00 1.277622122411460059e-01
5.000000000000000000e+00 4.594793419988035588e+00 4.899999999999999911e-01 1.140569266684088978e+00 6.034405830524448150e-02
5.000000000000000000e+00 4.924577653379552444e+00 4.899999999999999911e-01 1.161726141382061428e+00 6.614252030910711122e-02
5.000000000000000000e+00 5.278031643091455116e+00 4.899999999999999911e-01 1.147160541786531152e+00 1.161735682730558467e-01
5.000000000000000000e+00 5.656854249492248243e+00 4.899999999999999911e-01 1.130798327057291219e+00 7.755119647998481858e-02
5.000000000000000000e+00 6.062866266041448959e+00 4.899999999999999911e-01 1.163923854072980602e+00 7.418303117224975263e-02
5.000000000000000000e+00 6.498019170849729242e+00 4.899999999999999911e-01 1.147772222707232670e+00 6.390884438136788803e-02
5.000000000000000000e+00 6.964404506368825132e+00 4.899999999999999911e-01 1.137406267497500068e+00 5.694284554186525987e-02
5.000000000000000000e+00 7.464263932294277204e+00 4.899999999999999911e-01 1.160730112737336617e+00 5.782819233752446719e-02
5.000000000000000000e+00 7.999999999999802824e+00 4.899999999999999911e-01 1.139653844721325804e+00 6.059963728412209871e-02
5.000000000000000000e+00 8.574187700290131886e+00 4.899999999999999911e-01 1.162175809799388615e+00 1.017613138206764356e-01
5.000000000000000000e+00 9.189586839976049859e+00 4.899999999999999911e-01 1.149129608120297075e+00 7.806337672749480427e-02
5.000000000000000000e+00 9.849155306759080020e+00 4.899999999999999911e-01 1.192553111117722109e+00 1.071696966708353960e-01
5.000000000000000000e+00 1.055606328618288359e+01 4.899999999999999911e-01 1.222030620770736764e+00 1.268975250503802388e-01
5.000000000000000000e+00 1.131370849898446806e+01 4.899999999999999911e-01 1.178378521361299613e+00 1.019765298599403375e-01
5.000000000000000000e+00 1.212573253208286772e+01 4.899999999999999911e-01 1.162529007065569164e+00 6.155043941173810734e-02
5.000000000000000000e+00 1.299603834169942651e+01 4.899999999999999911e-01 1.195649135299655885e+00 1.032909752077038751e-01
5.000000000000000000e+00 1.392880901273761651e+01 4.899999999999999911e-01 1.167144522825523278e+00 1.078198952986845066e-01
5.000000000000000000e+00 1.492852786458851710e+01 4.899999999999999911e-01 1.149284119829232953e+00 8.270434129276157953e-02
5.000000000000000000e+00 1.599999999999956657e+01 4.899999999999999911e-01 1.179185907921914911e+00 1.557193063272481748e-01
5.000000000000000000e+00 1.714837540058022114e+01 4.899999999999999911e-01 1.159399603314143379e+00 8.927793876273268370e-02
5.000000000000000000e+00 1.837917367995205353e+01 4.899999999999999911e-01 1.186043314822485817e+00 8.658290789197441162e-02
5.000000000000000000e+00 1.969831061351811385e+01 4.899999999999999911e-01 1.157016444265817734e+00 1.163772078066923898e-01
5.000000000000000000e+00 2.111212657236571388e+01 4.899999999999999911e-01 1.156033938498914448e+00 7.709232021415553249e-02
5.000000000000000000e+00 2.262741699796887929e+01 4.899999999999999911e-01 1.133290133718566128e+00 5.313843148708852215e-02
5.000000000000000000e+00 2.425146506416567505e+01 4.899999999999999911e-01 1.138231414112170548e+00 4.794930742566741455e-02
5.000000000000000000e+00 2.599207668339878907e+01 4.899999999999999911e-01 1.199271946047506088e+00 1.507700591396181899e-01
5.000000000000000000e+00 2.785761802547516197e+01 4.899999999999999911e-01 1.168618814635530301e+00 1.184133643364033567e-01
5.000000000000000000e+00 2.985705572917696315e+01 4.899999999999999911e-01 1.157133292100715138e+00 6.791395067287940568e-02
5.000000000000000000e+00 3.199999999999905498e+01 4.899999999999999911e-01 1.157781803018048006e+00 8.873944213430590144e-02
