5.000000000000000000e+00 1.000000000000000000e+00 7.812500000000000000e-03 9.000000000000000222e-01 1.706643467781468360e+00 1.820802024910397332e-01
5.000000000000000000e+00 1.000000000000000000e+00 1.562500000000000000e-02 9.000000000000000222e-01 2.280130698122964095e+00 2.461194473505989855e-01
5.000000000000000000e+00 1.000000000000000000e+00 3.125000000000000000e-02 9.000000000000000222e-01 2.113971057418267741e+00 1.886162786851839357e-01
5.000000000000000000e+00 1.000000000000000000e+00 6.250000000000000000e-02 9.000000000000000222e-01 2.071178986251626331e+00 1.660320732029173518e-01
5.000000000000000000e+00 1.000000000000000000e+00 1.250000000000000000e-01 9.000000000000000222e-01 1.725401059114985092e+00 1.300756854597152623e-01
5.000000000000000000e+00 1.000000000000000000e+00 2.500000000000000000e-01 9.000000000000000222e-01 1.095948500437473605e+00 1.477850291455210519e-01
5.000000000000000000e+00 1.000000000000000000e+00 5.000000000000000000e-01 9.000000000000000222e-01 5.198067792659212261e-01 1.468600173568021527e-01
5.000000000000000000e+00 1.000000000000000000e+00 1.000000000000000000e+00 9.000000000000000222e-01 1.955256177751402147e-01 1.413365337195315041e-01
5.000000000000000000e+00 1.000000000000000000e+00 2.000000000000000000e+00 9.000000000000000222e-01 4.789011752924234033e-02 7.774948274069769238e-02
5.000000000000000000e+00 1.000000000000000000e+00 4.000000000000000000e+00 9.000000000000000222e-01 4.373423695467401097e-03 1.148265914417468010e-02
5.000000000000000000e+00 1.000000000000000000e+00 8.000000000000000000e+00 9.000000000000000222e-01 2.690176310674460578e-05 7.427404190095720550e-05
5.000000000000000000e+00 1.000000000000000000e+00 1.600000000000000000e+01 9.000000000000000222e-01 4.374723868737174712e-05 1.302284813945892581e-04
5.000000000000000000e+00 1.000000000000000000e+00 3.200000000000000000e+01 9.000000000000000222e-01 8.602003821874274549e-06 2.025219901178636141e-05
5.000000000000000000e+00 1.000000000000000000e+00 6.400000000000000000e+01 9.000000000000000222e-01 3.396864249274943770e-06 7.781325322436548599e-06
5.000000000000000000e+00 1.000000000000000000e+00 1.280000000000000000e+02 9.000000000000000222e-01 2.896021054484548824e-05 6.330779990233314104e-05
