5.000000000000000000e+00 1.000000000000000000e+00 7.812500000000000000e-03 9.000000000000000222e-01 1.727698554554566668e+00 1.328846932280103310e-01
5.000000000000000000e+00 1.000000000000000000e+00 1.562500000000000000e-02 9.000000000000000222e-01 1.096200467434030212e+00 1.442902972780124582e-01
5.000000000000000000e+00 1.000000000000000000e+00 3.125000000000000000e-02 9.000000000000000222e-01 5.184281596197681807e-01 1.449274385999860804e-01
5.000000000000000000e+00 1.000000000000000000e+00 6.250000000000000000e-02 9.000000000000000222e-01 1.961099909353536674e-01 1.433248819417803910e-01
5.000000000000000000e+00 1.000000000000000000e+00 1.250000000000000000e-01 9.000000000000000222e-01 4.811181729914025540e-02 7.910457781586137382e-02
5.000000000000000000e+00 1.000000000000000000e+00 2.500000000000000000e-01 9.000000000000000222e-01 4.286395190482775522e-03 1.122547159560420039e-02
5.000000000000000000e+00 1.000000000000000000e+00 5.000000000000000000e-01 9.000000000000000222e-01 2.737843831447057610e-05 7.551762032451769357e-05
5.000000000000000000e+00 1.000000000000000000e+00 1.000000000000000000e+00 9.000000000000000222e-01 4.347783256618165684e-05 1.294392563641758107e-04
5.000000000000000000e+00 1.000000000000000000e+00 2.000000000000000000e+00 9.000000000000000222e-01 9.324786987065910576e-06 2.221071951858422878e-05
5.000000000000000000e+00 1.000000000000000000e+00 4.000000000000000000e+00 9.000000000000000222e-01 3.366639808423976486e-06 7.663198624673843345e-06
5.000000000000000000e+00 1.000000000000000000e+00 8.000000000000000000e+00 9.000000000000000222e-01 3.018870072223538302e-05 6.695415327305026748e-05
5.000000000000000000e+00 1.000000000000000000e+00 1.600000000000000000e+01 9.000000000000000222e-01 6.362741993969978351e-06 1.800330461748090484e-05
5.000000000000000000e+00 1.000000000000000000e+00 3.200000000000000000e+01 9.000000000000000222e-01 1.440656170397706515e-05 4.197224715987273860e-05
5.000000000000000000e+00 1.000000000000000000e+00 6.400000000000000000e+01 9.000000000000000222e-01 6.246979696387442555e-05 1.267146043345501424e-04
5.000000000000000000e+00 1.000000000000000000e+00 1.280000000000000000e+02 9.000000000000000222e-01 1.759735187819842534e-04 4.703724655736831101e-04
