5.000000000000000000e+00 1.000000000000000000e+00 7.812500000000000000e-03 5.000000000000000000e-01 1.700815979869892747e+00 1.674334444237902120e-01
5.000000000000000000e+00 1.000000000000000000e+00 1.562500000000000000e-02 5.000000000000000000e-01 2.256998237478527791e+00 2.396245765001670802e-01
5.000000000000000000e+00 1.000000000000000000e+00 3.125000000000000000e-02 5.000000000000000000e-01 2.098393913850537640e+00 1.819762412702262966e-01
5.000000000000000000e+00 1.000000000000000000e+00 6.250000000000000000e-02 5.000000000000000000e-01 2.044713495394240521e+00 1.578720571909624226e-01
5.000000000000000000e+00 1.000000000000000000e+00 1.250000000000000000e-01 5.000000000000000000e-01 1.702834551296874777e+00 1.285609969277521358e-01
5.000000000000000000e+00 1.000000000000000000e+00 2.500000000000000000e-01 5.000000000000000000e-01 1.080539006445825123e+00 1.392228328725646502e-01
5.000000000000000000e+00 1.000000000000000000e+00 5.000000000000000000e-01 5.000000000000000000e-01 5.094682900546115834e-01 1.423186256114021553e-01
5.000000000000000000e+00 1.000000000000000000e+00 1.000000000000000000e+00 5.000000000000000000e-01 1.944587172660589003e-01 1.398440368155729197e-01
5.000000000000000000e+00 1.000000000000000000e+00 2.000000000000000000e+00 5.000000000000000000e-01 4.753055142545268424e-02 7.826365158959237844e-02
5.000000000000000000e+00 1.000000000000000000e+00 4.000000000000000000e+00 5.000000000000000000e-01 4.208442433847000598e-03 1.099819325207190487e-02
5.000000000000000000e+00 1.000000000000000000e+00 8.000000000000000000e+00 5.000000000000000000e-01 2.715409801296920535e-05 7.395826200090064239e-05
5.000000000000000000e+00 1.000000000000000000e+00 1.600000000000000000e+01 5.000000000000000000e-01 4.656697303657317776e-05 1.386096384278521295e-04
5.000000000000000000e+00 1.000000000000000000e+00 3.200000000000000000e+01 5.000000000000000000e-01 8.998041123366252243e-06 2.119355425512892986e-05
5.000000000000000000e+00 1.000000000000000000e+00 6.400000000000000000e+01 5.000000000000000000e-01 3.414810456162816808e-06 7.826982845866708790e-06
5.000000000000000000e+00 1.000000000000000000e+00 1.280000000000000000e+02 5.000000000000000000e-01 3.053427366456513975e-05 6.749355186806826478e-05
