5.000000000000000000e+00 1.000000000000000000e+00 7.812500000000000000e-03 9.000000000000000222e-01 1.954147523066978587e-01 1.428408159962288593e-01
5.000000000000000000e+00 1.000000000000000000e+00 1.562500000000000000e-02 9.000000000000000222e-01 4.748635206470926129e-02 7.709834333781691307e-02
5.000000000000000000e+00 1.000000000000000000e+00 3.125000000000000000e-02 9.000000000000000222e-01 4.351290867728912007e-03 1.140106342241260784e-02
5.000000000000000000e+00 1.000000000000000000e+00 6.250000000000000000e-02 9.000000000000000222e-01 2.731634361359065239e-05 7.561708821458103030e-05
5.000000000000000000e+00 1.000000000000000000e+00 1.250000000000000000e-01 9.000000000000000222e-01 4.213785531345345167e-05 1.254438066979278975e-04
5.000000000000000000e+00 1.000000000000000000e+00 2.500000000000000000e-01 9.000000000000000222e-01 8.460250434326878170e-06 1.998587093063723278e-05
5.000000000000000000e+00 1.000000000000000000e+00 5.000000000000000000e-01 9.000000000000000222e-01 3.201022620151821160e-06 7.226012028262987579e-06
5.000000000000000000e+00 1.000000000000000000e+00 1.000000000000000000e+00 9.000000000000000222e-01 3.041868090751176303e-05 6.746564175435909160e-05
5.000000000000000000e+00 1.000000000000000000e+00 2.000000000000000000e+00 9.000000000000000222e-01 5.954313838459883315e-06 1.681460966552879053e-05
5.000000000000000000e+00 1.000000000000000000e+00 4.000000000000000000e+00 9.000000000000000222e-01 1.474456519461919124e-05 4.297237301422678052e-05
5.000000000000000000e+00 1.000000000000000000e+00 8.000000000000000000e+00 9.000000000000000222e-01 6.551450619966898352e-05 1.331277893240554995e-04
5.000000000000000000e+00 1.000000000000000000e+00 1.600000000000000000e+01 9.000000000000000222e-01 1.811710808805635760e-04 4.851264329936703272e-04
5.000000000000000000e+00 1.000000000000000000e+00 3.200000000000000000e+01 9.000000000000000222e-01 4.516100048341752229e-05 1.294095265002442885e-04
5.000000000000000000e+00 1.000000000000000000e+00 6.400000000000000000e+01 9.000000000000000222e-01 1.751228543073656959e-05 3.770361597235539900e-05
5.000000000000000000e+00 1.000000000000000000e+00 1.280000000000000000e+02 9.000000000000000222e-01 1.994293368588078065e-05 5.187738396432779216e-05
