5.000000000000000000e+00 1.500000000000000000e+01 7.812500000000000000e-03 0.000000000000000000e+00 3.973622397488456137e+00 8.709313766001205437e-01
5.000000000000000000e+00 1.500000000000000000e+01 1.562500000000000000e-02 0.000000000000000000e+00 2.075337119677462816e+00 7.037692064405334236e-01
5.000000000000000000e+00 1.500000000000000000e+01 3.125000000000000000e-02 0.000000000000000000e+00 8.403134254175492757e-01 5.979406773052954316e-01
5.000000000000000000e+00 1.500000000000000000e+01 6.250000000000000000e-02 0.000000000000000000e+00 2.548676897419718257e-01 4.461744437771374416e-01
5.000000000000000000e+00 1.500000000000000000e+01 1.250000000000000000e-01 0.000000000000000000e+00 3.858558210287570123e-02 1.044982866421188400e-01
5.000000000000000000e+00 1.500000000000000000e+01 2.500000000000000000e-01 0.000000000000000000e+00 2.401307982552396744e-03 4.997621079064599320e-03
5.000000000000000000e+00 1.500000000000000000e+01 5.000000000000000000e-01 0.000000000000000000e+00 2.152170355847302270e-03 4.168760928733524634e-03
5.000000000000000000e+00 1.500000000000000000e+01 1.000000000000000000e+00 0.000000000000000000e+00 2.657391933671831956e-03 5.479605556520007401e-03
5.000000000000000000e+00 1.500000000000000000e+01 2.000000000000000000e+00 0.000000000000000000e+00 2.285502761077219495e-03 5.410499527650792888e-03
5.000000000000000000e+00 1.500000000000000000e+01 4.000000000000000000e+00 0.000000000000000000e+00 7.817844607701166307e-03 1.941146073197462518e-02
5.000000000000000000e+00 1.500000000000000000e+01 8.000000000000000000e+00 0.000000000000000000e+00 3.597153788115678257e-03 7.518029095984694009e-03
5.000000000000000000e+00 1.500000000000000000e+01 1.600000000000000000e+01 0.000000000000000000e+00 8.385110845892419784e-03 1.887151516600809112e-02
5.000000000000000000e+00 1.500000000000000000e+01 3.200000000000000000e+01 0.000000000000000000e+00 3.626833724860902084e-03 7.990169678046677923e-03
5.000000000000000000e+00 1.500000000000000000e+01 6.400000000000000000e+01 0.000000000000000000e+00 8.568541770143387262e-03 2.109716278293642319e-02
5.000000000000000000e+00 1.500000000000000000e+01 1.280000000000000000e+02 0.000000000000000000e+00 2.392803410206294917e-03 5.066619680990661935e-03
