5.000000000000000000e+00 1.000000000000000000e+00 7.812500000000000000e-03 0.000000000000000000e+00 1.935970735735272341e-01 1.377007160468491642e-01
5.000000000000000000e+00 1.000000000000000000e+00 1.562500000000000000e-02 0.000000000000000000e+00 4.723568198732398110e-02 7.711379063466573813e-02
5.000000000000000000e+00 1.000000000000000000e+00 3.125000000000000000e-02 0.000000000000000000e+00 4.334480093305881181e-03 1.132784772963795275e-02
5.000000000000000000e+00 1.000000000000000000e+00 6.250000000000000000e-02 0.000000000000000000e+00 2.859314656551608714e-05 7.730457691765767973e-05
5.000000000000000000e+00 1.000000000000000000e+00 1.250000000000000000e-01 0.000000000000000000e+00 5.440436333246181672e-05 1.619885216972178775e-04
5.000000000000000000e+00 1.000000000000000000e+00 2.500000000000000000e-01 0.000000000000000000e+00 9.467135944668912407e-06 2.224987930781249242e-05
5.000000000000000000e+00 1.000000000000000000e+00 5.000000000000000000e-01 0.000000000000000000e+00 3.427566888692350511e-06 7.792577130154394188e-06
5.000000000000000000e+00 1.000000000000000000e+00 1.000000000000000000e+00 0.000000000000000000e+00 3.219219906289814975e-05 7.134091109998117722e-05
5.000000000000000000e+00 1.000000000000000000e+00 2.000000000000000000e+00 0.000000000000000000e+00 7.043327788585109583e-06 1.997792553859905121e-05
5.000000000000000000e+00 1.000000000000000000e+00 4.000000000000000000e+00 0.000000000000000000e+00 1.311497698049669984e-05 3.803549991789804372e-05
5.000000000000000000e+00 1.000000000000000000e+00 8.000000000000000000e+00 0.000000000000000000e+00 7.471096130890236191e-05 1.541893236565912439e-04
5.000000000000000000e+00 1.000000000000000000e+00 1.600000000000000000e+01 0.000000000000000000e+00 1.691149571047220767e-04 4.487495575061667429e-04
5.000000000000000000e+00 1.000000000000000000e+00 3.200000000000000000e+01 0.000000000000000000e+00 4.743774704679574810e-05 1.361793382314171292e-04
5.000000000000000000e+00 1.000000000000000000e+00 6.400000000000000000e+01 0.000000000000000000e+00 1.832890660105837040e-05 4.024730161615716948e-05
5.000000000000000000e+00 1.000000000000000000e+00 1.280000000000000000e+02 0.000000000000000000e+00 2.083419992317292027e-05 5.354543168640016440e-05
