5.000000000000000000e+00 1.000000000000000000e+00 7.812500000000000000e-03 5.000000000000000000e-01 2.097396778137859741e+00 1.828611068260331263e-01
5.000000000000000000e+00 1.000000000000000000e+00 1.562500000000000000e-02 5.000000000000000000e-01 2.045166247635891388e+00 1.629737100743714195e-01
5.000000000000000000e+00 1.000000000000000000e+00 3.125000000000000000e-02 5.000000000000000000e-01 1.704142687251477328e+00 1.264351238450826809e-01
5.000000000000000000e+00 1.000000000000000000e+00 6.250000000000000000e-02 5.000000000000000000e-01 1.078724304730884764e+00 1.429124423505236940e-01
5.000000000000000000e+00 1.000000000000000000e+00 1.250000000000000000e-01 5.000000000000000000e-01 5.125933451054480727e-01 1.447888024896810122e-01
5.000000000000000000e+00 1.000000000000000000e+00 2.500000000000000000e-01 5.000000000000000000e-01 1.942438879804425089e-01 1.420688917731181555e-01
5.000000000000000000e+00 1.000000000000000000e+00 5.000000000000000000e-01 5.000000000000000000e-01 4.725700122938089609e-02 7.669436605366829196e-02
5.000000000000000000e+00 1.000000000000000000e+00 1.000000000000000000e+00 5.000000000000000000e-01 4.260315516051282198e-03 1.110273922963905639e-02
5.000000000000000000e+00 1.000000000000000000e+00 2.000000000000000000e+00 5.000000000000000000e-01 2.727117118898080738e-05 7.433589148312165658e-05
5.000000000000000000e+00 1.000000000000000000e+00 4.000000000000000000e+00 5.000000000000000000e-01 5.011313136762427054e-05 1.492497658079450327e-04
5.000000000000000000e+00 1.000000000000000000e+00 8.000000000000000000e+00 5.000000000000000000e-01 9.297046203458074660e-06 2.220491693274647299e-05
5.000000000000000000e+00 1.000000000000000000e+00 1.600000000000000000e+01 5.000000000000000000e-01 3.324252146375699274e-06 7.590810936106201086e-06
5.000000000000000000e+00 1.000000000000000000e+00 3.200000000000000000e+01 5.000000000000000000e-01 3.111591798230097612e-05 6.968772359351835428e-05
5.000000000000000000e+00 1.000000000000000000e+00 6.400000000000000000e+01 5.000000000000000000e-01 6.127182041070450208e-06 1.727134752310117199e-05
5.000000000000000000e+00 1.000000000000000000e+00 1.280000000000000000e+02 5.000000000000000000e-01 1.506247703492466829e-05 4.395280920781580159e-05
