5.000000000000000000e+00 1.000000000000000000e+00 7.812500000000000000e-03 9.000000000000000222e-01 5.156348659673720691e-01 1.450657265401764373e-01
5.000000000000000000e+00 1.000000000000000000e+00 1.562500000000000000e-02 9.000000000000000222e-01 1.945197076741130848e-01 1.407936051399500399e-01
5.000000000000000000e+00 1.000000000000000000e+00 3.125000000000000000e-02 9.000000000000000222e-01 4.777574116707000718e-02 7.901094880028111667e-02
5.000000000000000000e+00 1.000000000000000000e+00 6.250000000000000000e-02 9.000000000000000222e-01 4.316240148124483866e-03 1.133651665021759812e-02
5.000000000000000000e+00 1.000000000000000000e+00 1.250000000000000000e-01 9.000000000000000222e-01 2.736959263614948654e-05 7.518635964132116720e-05
5.000000000000000000e+00 1.000000000000000000e+00 2.500000000000000000e-01 9.000000000000000222e-01 4.523835570073644625e-05 1.347054008220124270e-04
5.000000000000000000e+00 1.000000000000000000e+00 5.000000000000000000e-01 9.000000000000000222e-01 8.667823446851062252e-06 2.054209696771495586e-05
5.000000000000000000e+00 1.000000000000000000e+00 1.000000000000000000e+00 9.000000000000000222e-01 3.182532217431129923e-06 7.195302923899509257e-06
5.000000000000000000e+00 1.000000000000000000e+00 2.000000000000000000e+00 9.000000000000000222e-01 2.897068849996590405e-05 6.390744362554611185e-05
5.000000000000000000e+00 1.000000000000000000e+00 4.000000000000000000e+00 9.000000000000000222e-01 6.077968043811316417e-06 1.712780279102319283e-05
5.000000000000000000e+00 1.000000000000000000e+00 8.000000000000000000e+00 9.000000000000000222e-01 1.408585473022134495e-05 4.109436407137230968e-05
5.000000000000000000e+00 1.000000000000000000e+00 1.600000000000000000e+01 9.000000000000000222e-01 6.527720868031309305e-05 1.338201630609794218e-04
5.000000000000000000e+00 1.000000000000000000e+00 3.200000000000000000e+01 9.000000000000000222e-01 1.837640910570859684e-04 4.947758102110426034e-04
5.000000000000000000e+00 1.000000000000000000e+00 6.400000000000000000e+01 9.000000000000000222e-01 4.566941036438116068e-05 1.307810101965953113e-04
5.000000000000000000e+00 1.000000000000000000e+00 1.280000000000000000e+02 9.000000000000000222e-01 1.643435063886362592e-05 3.543606269759877177e-05
