5.000000000000000000e+00 1.500000000000000000e+01 7.812500000000000000e-03 9.000000000000000222e-01 1.022886087104385489e+01 7.621109931114377067e-01
5.000000000000000000e+00 1.500000000000000000e+01 1.562500000000000000e-02 9.000000000000000222e-01 6.904355654139216369e+00 1.021318466662792135e+00
5.000000000000000000e+00 1.500000000000000000e+01 3.125000000000000000e-02 9.000000000000000222e-01 7.468067801375087633e+00 9.038573126794915424e-01
5.000000000000000000e+00 1.500000000000000000e+01 6.250000000000000000e-02 9.000000000000000222e-01 7.638159713379204518e+00 5.829825951083442703e-01
5.000000000000000000e+00 1.500000000000000000e+01 1.250000000000000000e-01 9.000000000000000222e-01 7.398367312711057409e+00 7.227825106462503202e-01
5.000000000000000000e+00 1.500000000000000000e+01 2.500000000000000000e-01 9.000000000000000222e-01 6.233641783137804815e+00 7.464258500763568671e-01
5.000000000000000000e+00 1.500000000000000000e+01 5.000000000000000000e-01 9.000000000000000222e-01 4.041512757032159620e+00 9.052667376917056252e-01
5.000000000000000000e+00 1.500000000000000000e+01 1.000000000000000000e+00 9.000000000000000222e-01 2.100514801184520941e+00 7.168900630570256283e-01
5.000000000000000000e+00 1.500000000000000000e+01 2.000000000000000000e+00 9.000000000000000222e-01 8.510437274811163411e-01 6.158046489486680430e-01
5.000000000000000000e+00 1.500000000000000000e+01 4.000000000000000000e+00 9.000000000000000222e-01 2.547450347080371102e-01 4.448254669025721864e-01
5.000000000000000000e+00 1.500000000000000000e+01 8.000000000000000000e+00 9.000000000000000222e-01 3.897845216598795626e-02 1.056843270415306207e-01
5.000000000000000000e+00 1.500000000000000000e+01 1.600000000000000000e+01 9.000000000000000222e-01 2.357195452048272376e-03 5.210494802473747585e-03
5.000000000000000000e+00 1.500000000000000000e+01 3.200000000000000000e+01 9.000000000000000222e-01 1.843791754573203406e-03 3.659268692883344259e-03
5.000000000000000000e+00 1.500000000000000000e+01 6.400000000000000000e+01 9.000000000000000222e-01 1.932729688827277553e-03 3.874403869477004072e-03
5.000000000000000000e+00 1.500000000000000000e+01 1.280000000000000000e+02 9.000000000000000222e-01 1.019353420344171765e-03 2.165855852222330850e-03
