5.000000000000000000e+00 1.000000000000000000e+00 7.812500000000000000e-03 0.000000000000000000e+00 1.689511783923898225e+00 1.218724026213798689e-01
5.000000000000000000e+00 1.000000000000000000e+00 1.562500000000000000e-02 0.000000000000000000e+00 1.071332184296904577e+00 1.342828998159448228e-01
5.000000000000000000e+00 1.000000000000000000e+00 3.125000000000000000e-02 0.000000000000000000e+00 5.091943066391394490e-01 1.421312294645230567e-01
5.000000000000000000e+00 1.000000000000000000e+00 6.250000000000000000e-02 0.000000000000000000e+00 1.934678236691502740e-01 1.415656075209237308e-01
5.000000000000000000e+00 1.000000000000000000e+00 1.250000000000000000e-01 0.000000000000000000e+00 4.729925341136343581e-02 7.792632013349209963e-02
5.000000000000000000e+00 1.000000000000000000e+00 2.500000000000000000e-01 0.000000000000000000e+00 4.249977811244866691e-03 1.109045611973535211e-02
5.000000000000000000e+00 1.000000000000000000e+00 5.000000000000000000e-01 0.000000000000000000e+00 2.780878267458242417e-05 7.514075099677186586e-05
5.000000000000000000e+00 1.000000000000000000e+00 1.000000000000000000e+00 0.000000000000000000e+00 5.469830400361675143e-05 1.628336449563503750e-04
5.000000000000000000e+00 1.000000000000000000e+00 2.000000000000000000e+00 0.000000000000000000e+00 9.558195604592618092e-06 2.252939768369293308e-05
5.000000000000000000e+00 1.000000000000000000e+00 4.000000000000000000e+00 0.000000000000000000e+00 3.426148683758829922e-06 7.805643113224989180e-06
5.000000000000000000e+00 1.000000000000000000e+00 8.000000000000000000e+00 0.000000000000000000e+00 3.376627183977610048e-05 7.548057590232999084e-05
5.000000000000000000e+00 1.000000000000000000e+00 1.600000000000000000e+01 0.000000000000000000e+00 7.074524620009942194e-06 2.002468194183007908e-05
5.000000000000000000e+00 1.000000000000000000e+00 3.200000000000000000e+01 0.000000000000000000e+00 1.488673116612182186e-05 4.333223529432064629e-05
5.000000000000000000e+00 1.000000000000000000e+00 6.400000000000000000e+01 0.000000000000000000e+00 7.610404007927305922e-05 1.576900483955249359e-04
5.000000000000000000e+00 1.000000000000000000e+00 1.280000000000000000e+02 0.000000000000000000e+00 1.802588852087455595e-04 4.829572766694969414e-04
