5.000000000000000000e+00 1.500000000000000000e+01 7.812500000000000000e-03 0.000000000000000000e+00 2.077519539678954530e+00 7.052249614662033927e-01
5.000000000000000000e+00 1.500000000000000000e+01 1.562500000000000000e-02 0.000000000000000000e+00 8.431822544119723650e-01 6.006721346072108059e-01
5.000000000000000000e+00 1.500000000000000000e+01 3.125000000000000000e-02 0.000000000000000000e+00 2.540988363664664629e-01 4.421467585289701741e-01
5.000000000000000000e+00 1.500000000000000000e+01 6.250000000000000000e-02 0.000000000000000000e+00 3.867909371771001414e-02 1.044428175253314106e-01
5.000000000000000000e+00 1.500000000000000000e+01 1.250000000000000000e-01 0.000000000000000000e+00 2.466066868962613935e-03 5.199030091313490073e-03
5.000000000000000000e+00 1.500000000000000000e+01 2.500000000000000000e-01 0.000000000000000000e+00 2.130062528023627701e-03 4.097645738792722765e-03
5.000000000000000000e+00 1.500000000000000000e+01 5.000000000000000000e-01 0.000000000000000000e+00 2.293273035752929449e-03 4.851051015776970329e-03
5.000000000000000000e+00 1.500000000000000000e+01 1.000000000000000000e+00 0.000000000000000000e+00 2.255599939197158038e-03 5.420947104060516025e-03
5.000000000000000000e+00 1.500000000000000000e+01 2.000000000000000000e+00 0.000000000000000000e+00 8.480561136661058513e-03 2.144166163935480249e-02
5.000000000000000000e+00 1.500000000000000000e+01 4.000000000000000000e+00 0.000000000000000000e+00 3.069133722532216280e-03 6.166135330131117427e-03
5.000000000000000000e+00 1.500000000000000000e+01 8.000000000000000000e+00 0.000000000000000000e+00 8.562727359566877153e-03 1.933766054230649789e-02
5.000000000000000000e+00 1.500000000000000000e+01 1.600000000000000000e+01 0.000000000000000000e+00 3.798694156152848493e-03 8.255864167890729008e-03
5.000000000000000000e+00 1.500000000000000000e+01 3.200000000000000000e+01 0.000000000000000000e+00 8.121706813284782639e-03 1.910695467456462182e-02
5.000000000000000000e+00 1.500000000000000000e+01 6.400000000000000000e+01 0.000000000000000000e+00 2.995308854434290593e-03 6.435160957893280853e-03
5.000000000000000000e+00 1.500000000000000000e+01 1.280000000000000000e+02 0.000000000000000000e+00 2.501139855857723113e-03 5.614289858903048248e-03
