5.000000000000000000e+00 1.000000000000000000e+00 7.812500000000000000e-03 0.000000000000000000e+00 5.074143325444135932e-01 1.398433111773244308e-01
5.000000000000000000e+00 1.000000000000000000e+00 1.562500000000000000e-02 0.000000000000000000e+00 1.936671004162782150e-01 1.408221519386780862e-01
5.000000000000000000e+00 1.000000000000000000e+00 3.125000000000000000e-02 0.000000000000000000e+00 4.740269063561022150e-02 7.826768691700955460e-02
5.000000000000000000e+00 1.000000000000000000e+00 6.250000000000000000e-02 0.000000000000000000e+00 4.426194284007508965e-03 1.159445467275446381e-02
5.000000000000000000e+00 1.000000000000000000e+00 1.250000000000000000e-01 0.000000000000000000e+00 2.763983864556782415e-05 7.397565447148473348e-05
5.000000000000000000e+00 1.000000000000000000e+00 2.500000000000000000e-01 0.000000000000000000e+00 5.699487331697620016e-05 1.697119799405861574e-04
5.000000000000000000e+00 1.000000000000000000e+00 5.000000000000000000e-01 0.000000000000000000e+00 9.361719255881698353e-06 2.179801582126342474e-05
5.000000000000000000e+00 1.000000000000000000e+00 1.000000000000000000e+00 0.000000000000000000e+00 3.451139819053598131e-06 7.892480024238765661e-06
5.000000000000000000e+00 1.000000000000000000e+00 2.000000000000000000e+00 0.000000000000000000e+00 3.415814019016852934e-05 7.608114838120236376e-05
5.000000000000000000e+00 1.000000000000000000e+00 4.000000000000000000e+00 0.000000000000000000e+00 7.336351698373281157e-06 2.081096198464616972e-05
5.000000000000000000e+00 1.000000000000000000e+00 8.000000000000000000e+00 0.000000000000000000e+00 1.409413412670872157e-05 4.093847031396804142e-05
5.000000000000000000e+00 1.000000000000000000e+00 1.600000000000000000e+01 0.000000000000000000e+00 7.236397858897238640e-05 1.487556674745439602e-04
5.000000000000000000e+00 1.000000000000000000e+00 3.200000000000000000e+01 0.000000000000000000e+00 1.786438684834584930e-04 4.774272370798969415e-04
5.000000000000000000e+00 1.000000000000000000e+00 6.400000000000000000e+01 0.000000000000000000e+00 4.761663959034674202e-05 1.366794212188821315e-04
5.000000000000000000e+00 1.000000000000000000e+00 1.280000000000000000e+02 0.000000000000000000e+00 1.870348702764252976e-05 4.094723505476621859e-05
