5.000000000000000000e+00 1.000000000000000000e+00 7.812500000000000000e-03 9.000000000000000222e-01 1.097396886068976896e+00 1.460888600586720265e-01
5.000000000000000000e+00 1.000000000000000000e+00 1.562500000000000000e-02 9.000000000000000222e-01 5.182896435431245674e-01 1.437365086555244253e-01
5.000000000000000000e+00 1.000000000000000000e+00 3.125000000000000000e-02 9.000000000000000222e-01 1.947720403568164727e-01 1.395682259064151276e-01
5.000000000000000000e+00 1.000000000000000000e+00 6.250000000000000000e-02 9.000000000000000222e-01 4.790448771544665585e-02 7.862373728242881554e-02
5.000000000000000000e+00 1.000000000000000000e+00 1.250000000000000000e-01 9.000000000000000222e-01 4.323166808133097581e-03 1.131811961498633418e-02
5.000000000000000000e+00 1.000000000000000000e+00 2.500000000000000000e-01 9.000000000000000222e-01 2.709252300457931571e-05 7.488114832661183363e-05
5.000000000000000000e+00 1.000000000000000000e+00 5.000000000000000000e-01 9.000000000000000222e-01 4.722797463533629110e-05 1.406724111867317965e-04
5.000000000000000000e+00 1.000000000000000000e+00 1.000000000000000000e+00 9.000000000000000222e-01 9.367989026569886022e-06 2.231591762667065556e-05
5.000000000000000000e+00 1.000000000000000000e+00 2.000000000000000000e+00 9.000000000000000222e-01 3.270687487853822668e-06 7.406033728245588165e-06
5.000000000000000000e+00 1.000000000000000000e+00 4.000000000000000000e+00 9.000000000000000222e-01 2.993721294226279960e-05 6.616633215750967079e-05
5.000000000000000000e+00 1.000000000000000000e+00 8.000000000000000000e+00 9.000000000000000222e-01 6.099399858468369949e-06 1.725044582716431883e-05
5.000000000000000000e+00 1.000000000000000000e+00 1.600000000000000000e+01 9.000000000000000222e-01 1.437993534333159831e-05 4.191694758564293045e-05
5.000000000000000000e+00 1.000000000000000000e+00 3.200000000000000000e+01 9.000000000000000222e-01 6.489967370270504927e-05 1.320211205094837823e-04
5.000000000000000000e+00 1.000000000000000000e+00 6.400000000000000000e+01 9.000000000000000222e-01 1.789743469650773944e-04 4.802762516968303911e-04
5.000000000000000000e+00 1.000000000000000000e+00 1.280000000000000000e+02 9.000000000000000222e-01 4.671952612406563064e-05 1.340430410441280612e-04
