5.000000000000000000e+00 1.500000000000000000e+01 7.812500000000000000e-03 9.000000000000000222e-01 4.046858404647568186e+00 8.909750834549062803e-01
5.000000000000000000e+00 1.500000000000000000e+01 1.562500000000000000e-02 9.000000000000000222e-01 2.100602835708462290e+00 7.095341888891162352e-01
5.000000000000000000e+00 1.500000000000000000e+01 3.125000000000000000e-02 9.000000000000000222e-01 8.461198912830825147e-01 6.090794940616318653e-01
5.000000000000000000e+00 1.500000000000000000e+01 6.250000000000000000e-02 9.000000000000000222e-01 2.547234549060751752e-01 4.411458854939909191e-01
5.000000000000000000e+00 1.500000000000000000e+01 1.250000000000000000e-01 9.000000000000000222e-01 3.921701486804797521e-02 1.066518826981732726e-01
5.000000000000000000e+00 1.500000000000000000e+01 2.500000000000000000e-01 9.000000000000000222e-01 2.366696877032653697e-03 5.528310814176197636e-03
5.000000000000000000e+00 1.500000000000000000e+01 5.000000000000000000e-01 9.000000000000000222e-01 1.772405996134585743e-03 3.580095517954931701e-03
5.000000000000000000e+00 1.500000000000000000e+01 1.000000000000000000e+00 9.000000000000000222e-01 1.709578210169146852e-03 3.378847551844090316e-03
5.000000000000000000e+00 1.500000000000000000e+01 2.000000000000000000e+00 9.000000000000000222e-01 1.318809126883712084e-03 2.661956627432638441e-03
5.000000000000000000e+00 1.500000000000000000e+01 4.000000000000000000e+00 9.000000000000000222e-01 6.875965996635463769e-03 1.879670748013250250e-02
5.000000000000000000e+00 1.500000000000000000e+01 8.000000000000000000e+00 9.000000000000000222e-01 2.085544801607544605e-03 4.383262483041217884e-03
5.000000000000000000e+00 1.500000000000000000e+01 1.600000000000000000e+01 9.000000000000000222e-01 6.023048726091316876e-03 1.607322225334558569e-02
5.000000000000000000e+00 1.500000000000000000e+01 3.200000000000000000e+01 9.000000000000000222e-01 2.412534457828720714e-03 5.107000587524410627e-03
5.000000000000000000e+00 1.500000000000000000e+01 6.400000000000000000e+01 9.000000000000000222e-01 6.833228451547143645e-03 1.751878631348600251e-02
5.000000000000000000e+00 1.500000000000000000e+01 1.280000000000000000e+02 9.000000000000000222e-01 1.437753682491572753e-03 2.865410709122317816e-03
