5.000000000000000000e+00 1.500000000000000000e+01 7.812500000000000000e-03 9.000000000000000222e-01 6.901006169523844491e+00 1.036827019066042022e+00
5.000000000000000000e+00 1.500000000000000000e+01 1.562500000000000000e-02 9.000000000000000222e-01 7.489660498334551164e+00 9.164272746120001312e-01
5.000000000000000000e+00 1.500000000000000000e+01 3.125000000000000000e-02 9.000000000000000222e-01 7.657217968137634223e+00 5.915754998492416261e-01
5.000000000000000000e+00 1.500000000000000000e+01 6.250000000000000000e-02 9.000000000000000222e-01 7.388085367198788944e+00 7.310959580006459735e-01
5.000000000000000000e+00 1.500000000000000000e+01 1.250000000000000000e-01 9.000000000000000222e-01 6.242277554814699592e+00 7.546112555185490178e-01
5.000000000000000000e+00 1.500000000000000000e+01 2.500000000000000000e-01 9.000000000000000222e-01 4.043560322376818839e+00 8.920630083067506710e-01
5.000000000000000000e+00 1.500000000000000000e+01 5.000000000000000000e-01 9.000000000000000222e-01 2.107459438010289343e+00 7.187875041964819633e-01
5.000000000000000000e+00 1.500000000000000000e+01 1.000000000000000000e+00 9.000000000000000222e-01 8.472798214720042020e-01 6.065653599750675529e-01
5.000000000000000000e+00 1.500000000000000000e+01 2.000000000000000000e+00 9.000000000000000222e-01 2.599022995981314921e-01 4.533861228745062477e-01
5.000000000000000000e+00 1.500000000000000000e+01 4.000000000000000000e+00 9.000000000000000222e-01 4.008017947314833351e-02 1.087039578415633645e-01
5.000000000000000000e+00 1.500000000000000000e+01 8.000000000000000000e+00 9.000000000000000222e-01 2.165254348973932787e-03 4.753432282607008251e-03
5.000000000000000000e+00 1.500000000000000000e+01 1.600000000000000000e+01 9.000000000000000222e-01 1.883851105660222947e-03 3.623917360552504456e-03
5.000000000000000000e+00 1.500000000000000000e+01 3.200000000000000000e+01 9.000000000000000222e-01 1.915369453462348283e-03 3.967774163159556479e-03
5.000000000000000000e+00 1.500000000000000000e+01 6.400000000000000000e+01 9.000000000000000222e-01 1.266399918472526417e-03 2.541581421530922803e-03
5.000000000000000000e+00 1.500000000000000000e+01 1.280000000000000000e+02 9.000000000000000222e-01 6.722600148421693789e-03 1.805571877933694405e-02
