5.000000000000000000e+00 1.500000000000000000e+01 7.812500000000000000e-03 0.000000000000000000e+00 7.392867358027682023e+00 8.745062503911587015e-01
5.000000000000000000e+00 1.500000000000000000e+01 1.562500000000000000e-02 0.000000000000000000e+00 7.551779330059927631e+00 5.766942280092278716e-01
5.000000000000000000e+00 1.500000000000000000e+01 3.125000000000000000e-02 0.000000000000000000e+00 7.288435634896861082e+00 7.031793048202128471e-01
5.000000000000000000e+00 1.500000000000000000e+01 6.250000000000000000e-02 0.000000000000000000e+00 6.124302423139693197e+00 7.237663254239415922e-01
5.000000000000000000e+00 1.500000000000000000e+01 1.250000000000000000e-01 0.000000000000000000e+00 3.977660728857696171e+00 8.714066871874277531e-01
5.000000000000000000e+00 1.500000000000000000e+01 2.500000000000000000e-01 0.000000000000000000e+00 2.093386763631225556e+00 7.232449953503444773e-01
5.000000000000000000e+00 1.500000000000000000e+01 5.000000000000000000e-01 0.000000000000000000e+00 8.334184860504393333e-01 5.921690036912685695e-01
5.000000000000000000e+00 1.500000000000000000e+01 1.000000000000000000e+00 0.000000000000000000e+00 2.539773575771216985e-01 4.411736409998227582e-01
5.000000000000000000e+00 1.500000000000000000e+01 2.000000000000000000e+00 0.000000000000000000e+00 3.868116947113993398e-02 1.048319069057782049e-01
5.000000000000000000e+00 1.500000000000000000e+01 4.000000000000000000e+00 0.000000000000000000e+00 2.692037551447105416e-03 5.841303611256867118e-03
5.000000000000000000e+00 1.500000000000000000e+01 8.000000000000000000e+00 0.000000000000000000e+00 2.061757313373157284e-03 3.993449820428914519e-03
5.000000000000000000e+00 1.500000000000000000e+01 1.600000000000000000e+01 0.000000000000000000e+00 2.577053929921776024e-03 5.546093169470603552e-03
5.000000000000000000e+00 1.500000000000000000e+01 3.200000000000000000e+01 0.000000000000000000e+00 2.307590446904418842e-03 5.236495175584466970e-03
5.000000000000000000e+00 1.500000000000000000e+01 6.400000000000000000e+01 0.000000000000000000e+00 8.837318463582183314e-03 2.247012805174650879e-02
5.000000000000000000e+00 1.500000000000000000e+01 1.280000000000000000e+02 0.000000000000000000e+00 3.610235344169621021e-03 7.361203496129068574e-03
