5.000000000000000000e+00 1.500000000000000000e+01 7.812500000000000000e-03 9.000000000000000222e-01 7.660917769951433698e+00 5.924263560227843728e-01
5.000000000000000000e+00 1.500000000000000000e+01 1.562500000000000000e-02 9.000000000000000222e-01 7.386145142802433838e+00 7.282748055026797562e-01
5.000000000000000000e+00 1.500000000000000000e+01 3.125000000000000000e-02 9.000000000000000222e-01 6.231324762783811089e+00 7.375147081988837616e-01
5.000000000000000000e+00 1.500000000000000000e+01 6.250000000000000000e-02 9.000000000000000222e-01 4.047039315730527775e+00 8.959550117787810075e-01
5.000000000000000000e+00 1.500000000000000000e+01 1.250000000000000000e-01 9.000000000000000222e-01 2.102993307797953459e+00 7.197825853625757775e-01
5.000000000000000000e+00 1.500000000000000000e+01 2.500000000000000000e-01 9.000000000000000222e-01 8.503214378046661803e-01 6.108534500380201626e-01
5.000000000000000000e+00 1.500000000000000000e+01 5.000000000000000000e-01 9.000000000000000222e-01 2.567986200093739790e-01 4.501593304027988740e-01
5.000000000000000000e+00 1.500000000000000000e+01 1.000000000000000000e+00 9.000000000000000222e-01 3.948310471497445961e-02 1.066944406134929801e-01
5.000000000000000000e+00 1.500000000000000000e+01 2.000000000000000000e+00 9.000000000000000222e-01 2.429295996502847405e-03 5.278265848133440949e-03
5.000000000000000000e+00 1.500000000000000000e+01 4.000000000000000000e+00 9.000000000000000222e-01 1.759765627292995700e-03 3.457220374193881174e-03
5.000000000000000000e+00 1.500000000000000000e+01 8.000000000000000000e+00 9.000000000000000222e-01 1.897153227034887148e-03 3.751108226655711520e-03
5.000000000000000000e+00 1.500000000000000000e+01 1.600000000000000000e+01 9.000000000000000222e-01 1.371821652410577883e-03 2.813144207521889057e-03
5.000000000000000000e+00 1.500000000000000000e+01 3.200000000000000000e+01 9.000000000000000222e-01 6.233709693105988874e-03 1.677709000130964481e-02
5.000000000000000000e+00 1.500000000000000000e+01 6.400000000000000000e+01 9.000000000000000222e-01 2.174208778828069268e-03 4.600631304421538316e-03
5.000000000000000000e+00 1.500000000000000000e+01 1.280000000000000000e+02 9.000000000000000222e-01 6.988405168586446503e-03 1.773532353552917384e-02
