5.000000000000000000e+00 1.000000000000000000e+00 7.812500000000000000e-03 0.000000000000000000e+00 1.075777880389229058e+00 1.372177939025198967e-01
5.000000000000000000e+00 1.000000000000000000e+00 1.562500000000000000e-02 0.000000000000000000e+00 5.078549656840128934e-01 1.436677035409005265e-01
5.000000000000000000e+00 1.000000000000000000e+00 3.125000000000000000e-02 0.000000000000000000e+00 1.928590014091323690e-01 1.404114732738799831e-01
5.000000000000000000e+00 1.000000000000000000e+00 6.250000000000000000e-02 0.000000000000000000e+00 4.758869344518147637e-02 7.832538764685602339e-02
5.000000000000000000e+00 1.000000000000000000e+00 1.250000000000000000e-01 0.000000000000000000e+00 4.288131823664193855e-03 1.120080258865559578e-02
5.000000000000000000e+00 1.000000000000000000e+00 2.500000000000000000e-01 0.000000000000000000e+00 2.813010268492886166e-05 7.545420543759561848e-05
5.000000000000000000e+00 1.000000000000000000e+00 5.000000000000000000e-01 0.000000000000000000e+00 5.906438882992247211e-05 1.759138578333769589e-04
5.000000000000000000e+00 1.000000000000000000e+00 1.000000000000000000e+00 0.000000000000000000e+00 9.211608488627396786e-06 2.150430516124913067e-05
5.000000000000000000e+00 1.000000000000000000e+00 2.000000000000000000e+00 0.000000000000000000e+00 3.421285261061650413e-06 7.789083156543880686e-06
5.000000000000000000e+00 1.000000000000000000e+00 4.000000000000000000e+00 0.000000000000000000e+00 3.290841474176335699e-05 7.363176238467859477e-05
5.000000000000000000e+00 1.000000000000000000e+00 8.000000000000000000e+00 0.000000000000000000e+00 6.433029987964560998e-06 1.811061957715646737e-05
5.000000000000000000e+00 1.000000000000000000e+00 1.600000000000000000e+01 0.000000000000000000e+00 1.482318114544706517e-05 4.314207983604786240e-05
5.000000000000000000e+00 1.000000000000000000e+00 3.200000000000000000e+01 0.000000000000000000e+00 7.033689644904574491e-05 1.452567601372326651e-04
5.000000000000000000e+00 1.000000000000000000e+00 6.400000000000000000e+01 0.000000000000000000e+00 1.831044671061039190e-04 4.920199494624058392e-04
5.000000000000000000e+00 1.000000000000000000e+00 1.280000000000000000e+02 0.000000000000000000e+00 4.815505099788670878e-05 1.382522160343129468e-04
