5.000000000000000000e+00 1.000000000000000000e+00 7.812500000000000000e-03 5.000000000000000000e-01 1.705026888337773716e+00 1.284856000578918078e-01
5.000000000000000000e+00 1.000000000000000000e+00 1.562500000000000000e-02 5.000000000000000000e-01 1.079938544294766434e+00 1.425881607544242369e-01
5.000000000000000000e+00 1.000000000000000000e+00 3.125000000000000000e-02 5.000000000000000000e-01 5.100975392375169948e-01 1.430993599282117945e-01
5.000000000000000000e+00 1.000000000000000000e+00 6.250000000000000000e-02 5.000000000000000000e-01 1.943272550649778330e-01 1.406180664301739103e-01
5.000000000000000000e+00 1.000000000000000000e+00 1.250000000000000000e-01 5.000000000000000000e-01 4.697748280637783352e-02 7.674236806859292825e-02
5.000000000000000000e+00 1.000000000000000000e+00 2.500000000000000000e-01 5.000000000000000000e-01 4.333119777681848465e-03 1.134231147617638207e-02
5.000000000000000000e+00 1.000000000000000000e+00 5.000000000000000000e-01 5.000000000000000000e-01 2.763672696074340057e-05 7.558429040216157362e-05
5.000000000000000000e+00 1.000000000000000000e+00 1.000000000000000000e+00 5.000000000000000000e-01 4.876420334432994308e-05 1.452075483744779685e-04
5.000000000000000000e+00 1.000000000000000000e+00 2.000000000000000000e+00 5.000000000000000000e-01 9.256174647735317384e-06 2.203389142940022328e-05
5.000000000000000000e+00 1.000000000000000000e+00 4.000000000000000000e+00 5.000000000000000000e-01 3.332124329469642383e-06 7.621820097240899533e-06
5.000000000000000000e+00 1.000000000000000000e+00 8.000000000000000000e+00 5.000000000000000000e-01 3.136745970484977511e-05 6.983184187865275826e-05
5.000000000000000000e+00 1.000000000000000000e+00 1.600000000000000000e+01 5.000000000000000000e-01 6.400523164548254488e-06 1.811903038896594132e-05
5.000000000000000000e+00 1.000000000000000000e+00 3.200000000000000000e+01 5.000000000000000000e-01 1.445812559697950191e-05 4.214532399113490928e-05
5.000000000000000000e+00 1.000000000000000000e+00 6.400000000000000000e+01 5.000000000000000000e-01 6.717292975775552677e-05 1.375184808861290879e-04
5.000000000000000000e+00 1.000000000000000000e+00 1.280000000000000000e+02 5.000000000000000000e-01 1.789001640952082449e-04 4.805078228668242931e-04
