5.000000000000000000e+00 1.000000000000000000e+00 7.812500000000000000e-03 0.000000000000000000e+00 2.032813385199736533e+00 1.528468904736873246e-01
5.000000000000000000e+00 1.000000000000000000e+00 1.562500000000000000e-02 0.000000000000000000e+00 1.690000528764632692e+00 1.247162153209402796e-01
5.000000000000000000e+00 1.000000000000000000e+00 3.125000000000000000e-02 0.000000000000000000e+00 1.072992594020564905e+00 1.394398136729886051e-01
5.000000000000000000e+00 1.000000000000000000e+00 6.250000000000000000e-02 0.000000000000000000e+00 5.084249995352191354e-01 1.443816707036694458e-01
5.000000000000000000e+00 1.000000000000000000e+00 1.250000000000000000e-01 0.000000000000000000e+00 1.933009822921893939e-01 1.408489369658690038e-01
5.000000000000000000e+00 1.000000000000000000e+00 2.500000000000000000e-01 0.000000000000000000e+00 4.759206035130257584e-02 7.951271531116627100e-02
5.000000000000000000e+00 1.000000000000000000e+00 5.000000000000000000e-01 0.000000000000000000e+00 4.323403994545735665e-03 1.127985233192173829e-02
5.000000000000000000e+00 1.000000000000000000e+00 1.000000000000000000e+00 0.000000000000000000e+00 2.824934348407282246e-05 7.625511146056622111e-05
5.000000000000000000e+00 1.000000000000000000e+00 2.000000000000000000e+00 0.000000000000000000e+00 5.531660738113123368e-05 1.647825054766335136e-04
5.000000000000000000e+00 1.000000000000000000e+00 4.000000000000000000e+00 0.000000000000000000e+00 9.117184814637859753e-06 2.117254039520101303e-05
5.000000000000000000e+00 1.000000000000000000e+00 8.000000000000000000e+00 0.000000000000000000e+00 3.519827081701238711e-06 8.016112551347295050e-06
5.000000000000000000e+00 1.000000000000000000e+00 1.600000000000000000e+01 0.000000000000000000e+00 3.294258561174143580e-05 7.300702797572170206e-05
5.000000000000000000e+00 1.000000000000000000e+00 3.200000000000000000e+01 0.000000000000000000e+00 6.846722220494131652e-06 1.934621037763227728e-05
5.000000000000000000e+00 1.000000000000000000e+00 6.400000000000000000e+01 0.000000000000000000e+00 1.488926509846349318e-05 4.336134655624293848e-05
5.000000000000000000e+00 1.000000000000000000e+00 1.280000000000000000e+02 0.000000000000000000e+00 6.971002493564750879e-05 1.424517112720501914e-04
