5.000000000000000000e+00 1.500000000000000000e+01 7.812500000000000000e-03 0.000000000000000000e+00 7.271493690034065871e+00 6.948094039351885298e-01
5.000000000000000000e+00 1.500000000000000000e+01 1.562500000000000000e-02 0.000000000000000000e+00 6.127689007047621317e+00 7.004962740461706527e-01
5.000000000000000000e+00 1.500000000000000000e+01 3.125000000000000000e-02 0.000000000000000000e+00 3.968899068881897474e+00 8.714160718792419713e-01
5.000000000000000000e+00 1.500000000000000000e+01 6.250000000000000000e-02 0.000000000000000000e+00 2.078562119327841184e+00 6.960205261477693250e-01
5.000000000000000000e+00 1.500000000000000000e+01 1.250000000000000000e-01 0.000000000000000000e+00 8.422401327762371048e-01 6.093386418899764401e-01
5.000000000000000000e+00 1.500000000000000000e+01 2.500000000000000000e-01 0.000000000000000000e+00 2.519793194651117618e-01 4.361873155452251627e-01
5.000000000000000000e+00 1.500000000000000000e+01 5.000000000000000000e-01 0.000000000000000000e+00 3.819064565623003782e-02 1.033774153556052122e-01
5.000000000000000000e+00 1.500000000000000000e+01 1.000000000000000000e+00 0.000000000000000000e+00 2.822666714506016136e-03 6.120445769884617394e-03
5.000000000000000000e+00 1.500000000000000000e+01 2.000000000000000000e+00 0.000000000000000000e+00 2.233643379077139470e-03 4.329045821771425329e-03
5.000000000000000000e+00 1.500000000000000000e+01 4.000000000000000000e+00 0.000000000000000000e+00 1.854892148596673940e-03 3.865666403527176758e-03
5.000000000000000000e+00 1.500000000000000000e+01 8.000000000000000000e+00 0.000000000000000000e+00 2.546734869443858205e-03 5.707764674555697477e-03
5.000000000000000000e+00 1.500000000000000000e+01 1.600000000000000000e+01 0.000000000000000000e+00 8.496626592983048259e-03 2.067789972536469151e-02
5.000000000000000000e+00 1.500000000000000000e+01 3.200000000000000000e+01 0.000000000000000000e+00 3.425822105369555337e-03 7.091222864596737410e-03
5.000000000000000000e+00 1.500000000000000000e+01 6.400000000000000000e+01 0.000000000000000000e+00 8.956085093224406407e-03 1.944111608318493944e-02
5.000000000000000000e+00 1.500000000000000000e+01 1.280000000000000000e+02 0.000000000000000000e+00 3.966695462250572138e-03 8.885945867824599637e-03
