5.000000000000000000e+00 1.000000000000000000e+00 7.812500000000000000e-03 0.000000000000000000e+00 2.309074086303065876e+00 1.988850650721323554e-01
5.000000000000000000e+00 1.000000000000000000e+00 1.562500000000000000e-02 0.000000000000000000e+00 1.692441236551295303e+00 1.689240234522317863e-01
5.000000000000000000e+00 1.000000000000000000e+00 3.125000000000000000e-02 0.000000000000000000e+00 2.240199274647705963e+00 2.348396963697506057e-01
5.000000000000000000e+00 1.000000000000000000e+00 6.250000000000000000e-02 0.000000000000000000e+00 2.084429143200840606e+00 1.818628588074972796e-01
5.000000000000000000e+00 1.000000000000000000e+00 1.250000000000000000e-01 0.000000000000000000e+00 2.028305671083898254e+00 1.517422754599311030e-01
5.000000000000000000e+00 1.000000000000000000e+00 2.500000000000000000e-01 0.000000000000000000e+00 1.687664318539578101e+00 1.274747332120128862e-01
5.000000000000000000e+00 1.000000000000000000e+00 5.000000000000000000e-01 0.000000000000000000e+00 1.071142872758267695e+00 1.388120799909705605e-01
5.000000000000000000e+00 1.000000000000000000e+00 1.000000000000000000e+00 0.000000000000000000e+00 5.095854859283086569e-01 1.437238328959860312e-01
5.000000000000000000e+00 1.000000000000000000e+00 2.000000000000000000e+00 0.000000000000000000e+00 1.923644439846291243e-01 1.389500486349554698e-01
5.000000000000000000e+00 1.000000000000000000e+00 4.000000000000000000e+00 0.000000000000000000e+00 4.747404527238507921e-02 7.750118455028370823e-02
5.000000000000000000e+00 1.000000000000000000e+00 8.000000000000000000e+00 0.000000000000000000e+00 4.396544690372278068e-03 1.143961869407647026e-02
5.000000000000000000e+00 1.000000000000000000e+00 1.600000000000000000e+01 0.000000000000000000e+00 2.815230683569948502e-05 7.660201497570858973e-05
5.000000000000000000e+00 1.000000000000000000e+00 3.200000000000000000e+01 0.000000000000000000e+00 6.009521143575649642e-05 1.791182168138066020e-04
5.000000000000000000e+00 1.000000000000000000e+00 6.400000000000000000e+01 0.000000000000000000e+00 9.264117271044530668e-06 2.142954915291145232e-05
5.000000000000000000e+00 1.000000000000000000e+00 1.280000000000000000e+02 0.000000000000000000e+00 3.463811476915585758e-06 7.916507306987779715e-06
