5.000000000000000000e+00 1.500000000000000000e+01 7.812500000000000000e-03 9.000000000000000222e-01 6.251952676988664415e+00 7.515070928067272282e-01
5.000000000000000000e+00 1.500000000000000000e+01 1.562500000000000000e-02 9.000000000000000222e-01 4.040393241866206075e+00 8.857627117790063398e-01
5.000000000000000000e+00 1.500000000000000000e+01 3.125000000000000000e-02 9.000000000000000222e-01 2.109358924429208137e+00 7.269917324217078924e-01
5.000000000000000000e+00 1.500000000000000000e+01 6.250000000000000000e-02 9.000000000000000222e-01 8.468989661381776113e-01 6.029576089521455629e-01
5.000000000000000000e+00 1.500000000000000000e+01 1.250000000000000000e-01 9.000000000000000222e-01 2.551129299481749713e-01 4.439016579592088285e-01
5.000000000000000000e+00 1.500000000000000000e+01 2.500000000000000000e-01 9.000000000000000222e-01 3.922459115464426577e-02 1.059613013612591137e-01
5.000000000000000000e+00 1.500000000000000000e+01 5.000000000000000000e-01 9.000000000000000222e-01 2.087505497258596628e-03 4.521267000434849893e-03
5.000000000000000000e+00 1.500000000000000000e+01 1.000000000000000000e+00 9.000000000000000222e-01 1.554594206991651972e-03 3.087655870054738672e-03
5.000000000000000000e+00 1.500000000000000000e+01 2.000000000000000000e+00 9.000000000000000222e-01 1.900253901303103083e-03 3.868238102411017572e-03
5.000000000000000000e+00 1.500000000000000000e+01 4.000000000000000000e+00 9.000000000000000222e-01 1.246501281690436287e-03 2.552479566136254055e-03
5.000000000000000000e+00 1.500000000000000000e+01 8.000000000000000000e+00 9.000000000000000222e-01 6.683805443335894166e-03 1.784529038787440944e-02
5.000000000000000000e+00 1.500000000000000000e+01 1.600000000000000000e+01 9.000000000000000222e-01 1.905610926613621626e-03 4.028316470948166417e-03
5.000000000000000000e+00 1.500000000000000000e+01 3.200000000000000000e+01 9.000000000000000222e-01 6.478769396333096224e-03 1.731067428803662045e-02
5.000000000000000000e+00 1.500000000000000000e+01 6.400000000000000000e+01 9.000000000000000222e-01 2.201428884437439150e-03 4.496414778968154530e-03
5.000000000000000000e+00 1.500000000000000000e+01 1.280000000000000000e+02 9.000000000000000222e-01 7.065792479481455834e-03 1.860003500737181237e-02
