5.000000000000000000e+00 1.500000000000000000e+01 7.812500000000000000e-03 9.000000000000000222e-01 8.454787289282370555e-01 6.062707599287137095e-01
5.000000000000000000e+00 1.500000000000000000e+01 1.562500000000000000e-02 9.000000000000000222e-01 2.586135738862175848e-01 4.521951671037930942e-01
5.000000000000000000e+00 1.500000000000000000e+01 3.125000000000000000e-02 9.000000000000000222e-01 3.961747096032035287e-02 1.075684145004549702e-01
5.000000000000000000e+00 1.500000000000000000e+01 6.250000000000000000e-02 9.000000000000000222e-01 2.292362979161812874e-03 4.941644196847429227e-03
5.000000000000000000e+00 1.500000000000000000e+01 1.250000000000000000e-01 9.000000000000000222e-01 1.789755288984899674e-03 3.574455698435187977e-03
5.000000000000000000e+00 1.500000000000000000e+01 2.500000000000000000e-01 9.000000000000000222e-01 1.406936435526584973e-03 2.815184450913841511e-03
5.000000000000000000e+00 1.500000000000000000e+01 5.000000000000000000e-01 9.000000000000000222e-01 1.464625153444987400e-03 2.942011675025767940e-03
5.000000000000000000e+00 1.500000000000000000e+01 1.000000000000000000e+00 9.000000000000000222e-01 6.802248530762675452e-03 1.781470614520919496e-02
5.000000000000000000e+00 1.500000000000000000e+01 2.000000000000000000e+00 9.000000000000000222e-01 2.127578664311530893e-03 4.352414789388589847e-03
5.000000000000000000e+00 1.500000000000000000e+01 4.000000000000000000e+00 9.000000000000000222e-01 6.459177846012423285e-03 1.688355592345695128e-02
5.000000000000000000e+00 1.500000000000000000e+01 8.000000000000000000e+00 9.000000000000000222e-01 1.765550533967981655e-03 3.531062960200530374e-03
5.000000000000000000e+00 1.500000000000000000e+01 1.600000000000000000e+01 9.000000000000000222e-01 6.327388809515681681e-03 1.684535920101733891e-02
5.000000000000000000e+00 1.500000000000000000e+01 3.200000000000000000e+01 9.000000000000000222e-01 1.359424526475304026e-03 2.708117322835372053e-03
5.000000000000000000e+00 1.500000000000000000e+01 6.400000000000000000e+01 9.000000000000000222e-01 1.505108605000712299e-03 2.994689792078247207e-03
5.000000000000000000e+00 1.500000000000000000e+01 1.280000000000000000e+02 9.000000000000000222e-01 1.652956043314985192e-03 3.573577554398060102e-03
