5.000000000000000000e+00 1.500000000000000000e+01 7.812500000000000000e-03 9.000000000000000222e-01 2.108819677769357082e+00 7.225787858625448701e-01
5.000000000000000000e+00 1.500000000000000000e+01 1.562500000000000000e-02 9.000000000000000222e-01 8.417568704490451248e-01 5.983620059721853623e-01
5.000000000000000000e+00 1.500000000000000000e+01 3.125000000000000000e-02 9.000000000000000222e-01 2.552620673085730929e-01 4.407430227012657520e-01
5.000000000000000000e+00 1.500000000000000000e+01 6.250000000000000000e-02 9.000000000000000222e-01 3.842394952220560406e-02 1.048702389890039943e-01
5.000000000000000000e+00 1.500000000000000000e+01 1.250000000000000000e-01 9.000000000000000222e-01 2.365500072519572793e-03 5.168398141592810656e-03
5.000000000000000000e+00 1.500000000000000000e+01 2.500000000000000000e-01 9.000000000000000222e-01 1.923441187593220815e-03 3.767229026290203498e-03
5.000000000000000000e+00 1.500000000000000000e+01 5.000000000000000000e-01 9.000000000000000222e-01 1.860728331760902032e-03 3.685359850571543350e-03
5.000000000000000000e+00 1.500000000000000000e+01 1.000000000000000000e+00 9.000000000000000222e-01 8.219639848471982499e-04 1.726510440237697969e-03
5.000000000000000000e+00 1.500000000000000000e+01 2.000000000000000000e+00 9.000000000000000222e-01 6.740109070481163644e-03 1.844168056670394268e-02
5.000000000000000000e+00 1.500000000000000000e+01 4.000000000000000000e+00 9.000000000000000222e-01 1.970401844932055842e-03 4.485227023574818797e-03
5.000000000000000000e+00 1.500000000000000000e+01 8.000000000000000000e+00 9.000000000000000222e-01 6.860890459120307441e-03 1.783457107274402306e-02
5.000000000000000000e+00 1.500000000000000000e+01 1.600000000000000000e+01 9.000000000000000222e-01 2.182001530436988423e-03 4.370116171932387876e-03
5.000000000000000000e+00 1.500000000000000000e+01 3.200000000000000000e+01 9.000000000000000222e-01 6.884147195382057938e-03 1.757635840764021351e-02
5.000000000000000000e+00 1.500000000000000000e+01 6.400000000000000000e+01 9.000000000000000222e-01 1.521099756242336480e-03 3.032856731224452089e-03
5.000000000000000000e+00 1.500000000000000000e+01 1.280000000000000000e+02 9.000000000000000222e-01 1.423762915107182597e-03 2.861107722903579332e-03
