5.000000000000000000e+00 1.500000000000000000e+01 7.812500000000000000e-03 0.000000000000000000e+00 7.539721004816311911e+00 5.816335852285277053e-01
5.000000000000000000e+00 1.500000000000000000e+01 1.562500000000000000e-02 0.000000000000000000e+00 7.280915884795383874e+00 7.005753204214024699e-01
5.000000000000000000e+00 1.500000000000000000e+01 3.125000000000000000e-02 0.000000000000000000e+00 6.135076960997379203e+00 7.096216430305904987e-01
5.000000000000000000e+00 1.500000000000000000e+01 6.250000000000000000e-02 0.000000000000000000e+00 3.975805943331449210e+00 8.694771495824531460e-01
5.000000000000000000e+00 1.500000000000000000e+01 1.250000000000000000e-01 0.000000000000000000e+00 2.077532870658962860e+00 7.055351749244628268e-01
5.000000000000000000e+00 1.500000000000000000e+01 2.500000000000000000e-01 0.000000000000000000e+00 8.373307008807617802e-01 5.994822804215939049e-01
5.000000000000000000e+00 1.500000000000000000e+01 5.000000000000000000e-01 0.000000000000000000e+00 2.543545426841973822e-01 4.392930643788816036e-01
5.000000000000000000e+00 1.500000000000000000e+01 1.000000000000000000e+00 0.000000000000000000e+00 3.860327749825377686e-02 1.048473190672839228e-01
5.000000000000000000e+00 1.500000000000000000e+01 2.000000000000000000e+00 0.000000000000000000e+00 2.540225139537426440e-03 5.269701918777265973e-03
5.000000000000000000e+00 1.500000000000000000e+01 4.000000000000000000e+00 0.000000000000000000e+00 2.651939513302508863e-03 5.266617558423078958e-03
5.000000000000000000e+00 1.500000000000000000e+01 8.000000000000000000e+00 0.000000000000000000e+00 2.436532337019554992e-03 5.538376215504538062e-03
5.000000000000000000e+00 1.500000000000000000e+01 1.600000000000000000e+01 0.000000000000000000e+00 2.627873927209341178e-03 5.486179914731318351e-03
5.000000000000000000e+00 1.500000000000000000e+01 3.200000000000000000e+01 0.000000000000000000e+00 8.734203346069438142e-03 2.187793324883581872e-02
5.000000000000000000e+00 1.500000000000000000e+01 6.400000000000000000e+01 0.000000000000000000e+00 3.460591589921634820e-03 7.021954240007396292e-03
5.000000000000000000e+00 1.500000000000000000e+01 1.280000000000000000e+02 0.000000000000000000e+00 8.471268476854632717e-03 1.970498873739263274e-02
