5.000000000000000000e+00 1.000000000000000000e+00 7.812500000000000000e-03 5.000000000000000000e-01 2.043682827204073682e+00 1.552909832398354506e-01
5.000000000000000000e+00 1.000000000000000000e+00 1.562500000000000000e-02 5.000000000000000000e-01 1.702984697306057171e+00 1.279068990114575477e-01
5.000000000000000000e+00 1.000000000000000000e+00 3.125000000000000000e-02 5.000000000000000000e-01 1.079634909076737870e+00 1.381876043094804607e-01
5.000000000000000000e+00 1.000000000000000000e+00 6.250000000000000000e-02 5.000000000000000000e-01 5.116690739990555903e-01 1.427437467986605868e-01
5.000000000000000000e+00 1.000000000000000000e+00 1.250000000000000000e-01 5.000000000000000000e-01 1.937041970658674450e-01 1.419769271175688463e-01
5.000000000000000000e+00 1.000000000000000000e+00 2.500000000000000000e-01 5.000000000000000000e-01 4.751350792532330752e-02 7.754267485493092360e-02
5.000000000000000000e+00 1.000000000000000000e+00 5.000000000000000000e-01 5.000000000000000000e-01 4.291241405256064276e-03 1.119490339350051253e-02
5.000000000000000000e+00 1.000000000000000000e+00 1.000000000000000000e+00 5.000000000000000000e-01 2.696942808666184793e-05 7.384304369150773218e-05
5.000000000000000000e+00 1.000000000000000000e+00 2.000000000000000000e+00 5.000000000000000000e-01 4.998401492842460012e-05 1.488011936994343681e-04
5.000000000000000000e+00 1.000000000000000000e+00 4.000000000000000000e+00 5.000000000000000000e-01 9.394497908728468706e-06 2.237993768430351533e-05
5.000000000000000000e+00 1.000000000000000000e+00 8.000000000000000000e+00 5.000000000000000000e-01 3.354652339769909168e-06 7.680437876527589661e-06
5.000000000000000000e+00 1.000000000000000000e+00 1.600000000000000000e+01 5.000000000000000000e-01 3.145977600565672412e-05 7.025140880350328528e-05
5.000000000000000000e+00 1.000000000000000000e+00 3.200000000000000000e+01 5.000000000000000000e-01 6.005092333122106933e-06 1.691577626575770790e-05
5.000000000000000000e+00 1.000000000000000000e+00 6.400000000000000000e+01 5.000000000000000000e-01 1.487224597180647329e-05 4.338474344096240719e-05
5.000000000000000000e+00 1.000000000000000000e+00 1.280000000000000000e+02 5.000000000000000000e-01 6.433256095610080444e-05 1.304552226775240406e-04
