5.000000000000000000e+00 1.000000000000000000e+00 7.812500000000000000e-03 9.000000000000000222e-01 2.399218723290468702e+00 2.090013181596946101e-01
5.000000000000000000e+00 1.000000000000000000e+00 1.562500000000000000e-02 9.000000000000000222e-01 1.711080816524084725e+00 1.790979466204330184e-01
5.000000000000000000e+00 1.000000000000000000e+00 3.125000000000000000e-02 9.000000000000000222e-01 2.284663016281168524e+00 2.473617513835378312e-01
5.000000000000000000e+00 1.000000000000000000e+00 6.250000000000000000e-02 9.000000000000000222e-01 2.117242062773446953e+00 1.899406041233170084e-01
5.000000000000000000e+00 1.000000000000000000e+00 1.250000000000000000e-01 9.000000000000000222e-01 2.073157753598120934e+00 1.645781054618765671e-01
5.000000000000000000e+00 1.000000000000000000e+00 2.500000000000000000e-01 9.000000000000000222e-01 1.727340815512142358e+00 1.353048912102571277e-01
5.000000000000000000e+00 1.000000000000000000e+00 5.000000000000000000e-01 9.000000000000000222e-01 1.096586806903116829e+00 1.454736403313481585e-01
5.000000000000000000e+00 1.000000000000000000e+00 1.000000000000000000e+00 9.000000000000000222e-01 5.173717328034774798e-01 1.462800599305159877e-01
5.000000000000000000e+00 1.000000000000000000e+00 2.000000000000000000e+00 9.000000000000000222e-01 1.952258380487290057e-01 1.411231022119017742e-01
5.000000000000000000e+00 1.000000000000000000e+00 4.000000000000000000e+00 9.000000000000000222e-01 4.818947554827208990e-02 7.974411352655609575e-02
5.000000000000000000e+00 1.000000000000000000e+00 8.000000000000000000e+00 9.000000000000000222e-01 4.385613476725483753e-03 1.156031686303967375e-02
5.000000000000000000e+00 1.000000000000000000e+00 1.600000000000000000e+01 9.000000000000000222e-01 2.717319384413856807e-05 7.514300476211604400e-05
5.000000000000000000e+00 1.000000000000000000e+00 3.200000000000000000e+01 9.000000000000000222e-01 4.647147587787858254e-05 1.384534048912922847e-04
5.000000000000000000e+00 1.000000000000000000e+00 6.400000000000000000e+01 9.000000000000000222e-01 9.459173724555859416e-06 2.266121750099549785e-05
5.000000000000000000e+00 1.000000000000000000e+00 1.280000000000000000e+02 9.000000000000000222e-01 3.204289678636535100e-06 7.234658959593708522e-06
