5.000000000000000000e+00 1.500000000000000000e+01 7.812500000000000000e-03 0.000000000000000000e+00 6.805125278853482840e+00 9.799448116012846599e-01
5.000000000000000000e+00 1.500000000000000000e+01 1.562500000000000000e-02 0.000000000000000000e+00 7.389064561453634994e+00 8.589452161397278518e-01
5.000000000000000000e+00 1.500000000000000000e+01 3.125000000000000000e-02 0.000000000000000000e+00 7.541096041150497697e+00 5.796926449951351756e-01
5.000000000000000000e+00 1.500000000000000000e+01 6.250000000000000000e-02 0.000000000000000000e+00 7.282399516109561155e+00 7.017718609789249662e-01
5.000000000000000000e+00 1.500000000000000000e+01 1.250000000000000000e-01 0.000000000000000000e+00 6.124907487681432450e+00 7.090219021906336572e-01
5.000000000000000000e+00 1.500000000000000000e+01 2.500000000000000000e-01 0.000000000000000000e+00 3.975577982756269169e+00 8.646590247595772327e-01
5.000000000000000000e+00 1.500000000000000000e+01 5.000000000000000000e-01 0.000000000000000000e+00 2.083467551708318322e+00 7.131721565274578012e-01
5.000000000000000000e+00 1.500000000000000000e+01 1.000000000000000000e+00 0.000000000000000000e+00 8.358014908566586687e-01 5.918162096351671231e-01
5.000000000000000000e+00 1.500000000000000000e+01 2.000000000000000000e+00 0.000000000000000000e+00 2.542625197801402503e-01 4.432916972946445711e-01
5.000000000000000000e+00 1.500000000000000000e+01 4.000000000000000000e+00 0.000000000000000000e+00 3.918304251542727851e-02 1.069758417203480749e-01
5.000000000000000000e+00 1.500000000000000000e+01 8.000000000000000000e+00 0.000000000000000000e+00 2.318788201689506688e-03 4.983056462678114168e-03
5.000000000000000000e+00 1.500000000000000000e+01 1.600000000000000000e+01 0.000000000000000000e+00 1.903010750817083537e-03 3.655165847124613662e-03
5.000000000000000000e+00 1.500000000000000000e+01 3.200000000000000000e+01 0.000000000000000000e+00 2.334777136810982368e-03 5.214287272042129016e-03
5.000000000000000000e+00 1.500000000000000000e+01 6.400000000000000000e+01 0.000000000000000000e+00 2.015968917263863316e-03 4.184063059805127882e-03
5.000000000000000000e+00 1.500000000000000000e+01 1.280000000000000000e+02 0.000000000000000000e+00 8.708650791652488427e-03 2.128037585693210235e-02
