5.000000000000000000e+00 1.500000000000000000e+01 7.812500000000000000e-03 0.000000000000000000e+00 9.848779295682968282e+00 7.098422839958252739e-01
5.000000000000000000e+00 1.500000000000000000e+01 1.562500000000000000e-02 0.000000000000000000e+00 6.805966556297967429e+00 9.895927814979978976e-01
5.000000000000000000e+00 1.500000000000000000e+01 3.125000000000000000e-02 0.000000000000000000e+00 7.409515017565621697e+00 8.944629578545791881e-01
5.000000000000000000e+00 1.500000000000000000e+01 6.250000000000000000e-02 0.000000000000000000e+00 7.549927506246850051e+00 5.737888940034457930e-01
5.000000000000000000e+00 1.500000000000000000e+01 1.250000000000000000e-01 0.000000000000000000e+00 7.272930059866506092e+00 7.051230248249261701e-01
5.000000000000000000e+00 1.500000000000000000e+01 2.500000000000000000e-01 0.000000000000000000e+00 6.135948409447775198e+00 7.194646358595554458e-01
5.000000000000000000e+00 1.500000000000000000e+01 5.000000000000000000e-01 0.000000000000000000e+00 3.969951299457613825e+00 8.739903857011213084e-01
5.000000000000000000e+00 1.500000000000000000e+01 1.000000000000000000e+00 0.000000000000000000e+00 2.080896077480868911e+00 7.016424960238532016e-01
5.000000000000000000e+00 1.500000000000000000e+01 2.000000000000000000e+00 0.000000000000000000e+00 8.391293131449881759e-01 6.023505529085040333e-01
5.000000000000000000e+00 1.500000000000000000e+01 4.000000000000000000e+00 0.000000000000000000e+00 2.547657087031090506e-01 4.444710417850388784e-01
5.000000000000000000e+00 1.500000000000000000e+01 8.000000000000000000e+00 0.000000000000000000e+00 3.886285893928068114e-02 1.051980291644250554e-01
5.000000000000000000e+00 1.500000000000000000e+01 1.600000000000000000e+01 0.000000000000000000e+00 2.626920558031856003e-03 5.653587335616336654e-03
5.000000000000000000e+00 1.500000000000000000e+01 3.200000000000000000e+01 0.000000000000000000e+00 2.109537232809828144e-03 4.063716364277431339e-03
5.000000000000000000e+00 1.500000000000000000e+01 6.400000000000000000e+01 0.000000000000000000e+00 2.421848672940291915e-03 4.888187716579701393e-03
5.000000000000000000e+00 1.500000000000000000e+01 1.280000000000000000e+02 0.000000000000000000e+00 2.242414761909239558e-03 4.547752910722967050e-03
