5.000000000000000000e+00 1.000000000000000000e+00 7.812500000000000000e-03 5.000000000000000000e-01 5.119622722968117934e-01 1.438308730809943203e-01
5.000000000000000000e+00 1.000000000000000000e+00 1.562500000000000000e-02 5.000000000000000000e-01 1.928160481237132795e-01 1.378924726368587761e-01
5.000000000000000000e+00 1.000000000000000000e+00 3.125000000000000000e-02 5.000000000000000000e-01 4.738931448538991759e-02 7.678300220405645526e-02
5.000000000000000000e+00 1.000000000000000000e+00 6.250000000000000000e-02 5.000000000000000000e-01 4.302284675451835926e-03 1.124813871776832522e-02
5.000000000000000000e+00 1.000000000000000000e+00 1.250000000000000000e-01 5.000000000000000000e-01 2.770305982442152837e-05 7.543438683578152979e-05
5.000000000000000000e+00 1.000000000000000000e+00 2.500000000000000000e-01 5.000000000000000000e-01 4.831277446685444498e-05 1.438697510830610083e-04
5.000000000000000000e+00 1.000000000000000000e+00 5.000000000000000000e-01 5.000000000000000000e-01 9.210898549762473552e-06 2.203940726598478152e-05
5.000000000000000000e+00 1.000000000000000000e+00 1.000000000000000000e+00 5.000000000000000000e-01 3.229199316778264028e-06 7.325555518966409966e-06
5.000000000000000000e+00 1.000000000000000000e+00 2.000000000000000000e+00 5.000000000000000000e-01 3.140575767304714771e-05 6.989489184981033029e-05
5.000000000000000000e+00 1.000000000000000000e+00 4.000000000000000000e+00 5.000000000000000000e-01 6.297961438468641913e-06 1.779102337480608471e-05
5.000000000000000000e+00 1.000000000000000000e+00 8.000000000000000000e+00 5.000000000000000000e-01 1.367158792170557698e-05 3.976913508484313734e-05
5.000000000000000000e+00 1.000000000000000000e+00 1.600000000000000000e+01 5.000000000000000000e-01 6.647413611956258961e-05 1.366034061774163604e-04
5.000000000000000000e+00 1.000000000000000000e+00 3.200000000000000000e+01 5.000000000000000000e-01 1.706720898955065610e-04 4.555136904426991084e-04
5.000000000000000000e+00 1.000000000000000000e+00 6.400000000000000000e+01 5.000000000000000000e-01 4.290179927767699745e-05 1.226278769305730689e-04
5.000000000000000000e+00 1.000000000000000000e+00 1.280000000000000000e+02 5.000000000000000000e-01 1.715102429990950241e-05 3.700694266630508611e-05
