5.000000000000000000e+00 1.000000000000000000e+00 7.812500000000000000e-03 9.000000000000000222e-01 2.073330437403818394e+00 1.646872003723325595e-01
5.000000000000000000e+00 1.000000000000000000e+00 1.562500000000000000e-02 9.000000000000000222e-01 1.726967768351718835e+00 1.358943890934602439e-01
5.000000000000000000e+00 1.000000000000000000e+00 3.125000000000000000e-02 9.000000000000000222e-01 1.095949236489461853e+00 1.447951864808659783e-01
5.000000000000000000e+00 1.000000000000000000e+00 6.250000000000000000e-02 9.000000000000000222e-01 5.163237889752571030e-01 1.445996119604501251e-01
5.000000000000000000e+00 1.000000000000000000e+00 1.250000000000000000e-01 9.000000000000000222e-01 1.953521871149880851e-01 1.423253093912021927e-01
5.000000000000000000e+00 1.000000000000000000e+00 2.500000000000000000e-01 9.000000000000000222e-01 4.766914436098610569e-02 7.774306692566670951e-02
5.000000000000000000e+00 1.000000000000000000e+00 5.000000000000000000e-01 9.000000000000000222e-01 4.413580623509293956e-03 1.159236953235114401e-02
5.000000000000000000e+00 1.000000000000000000e+00 1.000000000000000000e+00 9.000000000000000222e-01 2.797800565109328364e-05 7.651963950601355080e-05
5.000000000000000000e+00 1.000000000000000000e+00 2.000000000000000000e+00 9.000000000000000222e-01 4.589434480713962570e-05 1.367281644203070909e-04
5.000000000000000000e+00 1.000000000000000000e+00 4.000000000000000000e+00 9.000000000000000222e-01 9.384775611505726168e-06 2.251383930808945874e-05
5.000000000000000000e+00 1.000000000000000000e+00 8.000000000000000000e+00 9.000000000000000222e-01 3.357552168937896681e-06 7.667634612166085220e-06
5.000000000000000000e+00 1.000000000000000000e+00 1.600000000000000000e+01 9.000000000000000222e-01 3.012619625865599340e-05 6.730698263111569931e-05
5.000000000000000000e+00 1.000000000000000000e+00 3.200000000000000000e+01 9.000000000000000222e-01 5.853786364631867787e-06 1.647880407879588345e-05
5.000000000000000000e+00 1.000000000000000000e+00 6.400000000000000000e+01 9.000000000000000222e-01 1.438909316988336739e-05 4.201484370657193400e-05
5.000000000000000000e+00 1.000000000000000000e+00 1.280000000000000000e+02 9.000000000000000222e-01 6.258768153791182916e-05 1.272809076650344021e-04
