5.000000000000000000e+00 1.000000000000000000e+00 7.812500000000000000e-03 5.000000000000000000e-01 2.337214169476502512e+00 2.039595201194009666e-01
5.000000000000000000e+00 1.000000000000000000e+00 1.562500000000000000e-02 5.000000000000000000e-01 1.696512636322865974e+00 1.718510639138877139e-01
5.000000000000000000e+00 1.000000000000000000e+00 3.125000000000000000e-02 5.000000000000000000e-01 2.257817519509583981e+00 2.397105714437828550e-01
5.000000000000000000e+00 1.000000000000000000e+00 6.250000000000000000e-02 5.000000000000000000e-01 2.094274331877644890e+00 1.854635461778529892e-01
5.000000000000000000e+00 1.000000000000000000e+00 1.250000000000000000e-01 5.000000000000000000e-01 2.042208321007323413e+00 1.560746714553009895e-01
5.000000000000000000e+00 1.000000000000000000e+00 2.500000000000000000e-01 5.000000000000000000e-01 1.705893080649384830e+00 1.255587395565490594e-01
5.000000000000000000e+00 1.000000000000000000e+00 5.000000000000000000e-01 5.000000000000000000e-01 1.082116089831660410e+00 1.419836629151079443e-01
5.000000000000000000e+00 1.000000000000000000e+00 1.000000000000000000e+00 5.000000000000000000e-01 5.142163916092444831e-01 1.442886702004886057e-01
5.000000000000000000e+00 1.000000000000000000e+00 2.000000000000000000e+00 5.000000000000000000e-01 1.948963847243415648e-01 1.411663014183267006e-01
5.000000000000000000e+00 1.000000000000000000e+00 4.000000000000000000e+00 5.000000000000000000e-01 4.702469009875438061e-02 7.630718222023354091e-02
5.000000000000000000e+00 1.000000000000000000e+00 8.000000000000000000e+00 5.000000000000000000e-01 4.309408941919994941e-03 1.128637377600467950e-02
5.000000000000000000e+00 1.000000000000000000e+00 1.600000000000000000e+01 5.000000000000000000e-01 2.718589151285767566e-05 7.420594923708833139e-05
5.000000000000000000e+00 1.000000000000000000e+00 3.200000000000000000e+01 5.000000000000000000e-01 4.736756450338804015e-05 1.410027838660191210e-04
5.000000000000000000e+00 1.000000000000000000e+00 6.400000000000000000e+01 5.000000000000000000e-01 8.860635561759362558e-06 2.102605017330998329e-05
5.000000000000000000e+00 1.000000000000000000e+00 1.280000000000000000e+02 5.000000000000000000e-01 3.354338521408519425e-06 7.632476172862698551e-06
