5.000000000000000000e+00 1.500000000000000000e+01 7.812500000000000000e-03 9.000000000000000222e-01 7.485955865518410413e+00 9.081077295175011832e-01
5.000000000000000000e+00 1.500000000000000000e+01 1.562500000000000000e-02 9.000000000000000222e-01 7.659428196334433281e+00 5.614099377503859456e-01
5.000000000000000000e+00 1.500000000000000000e+01 3.125000000000000000e-02 9.000000000000000222e-01 7.405499149876274778e+00 7.255238040864206983e-01
5.000000000000000000e+00 1.500000000000000000e+01 6.250000000000000000e-02 9.000000000000000222e-01 6.241531168705131805e+00 7.489120812937567484e-01
5.000000000000000000e+00 1.500000000000000000e+01 1.250000000000000000e-01 9.000000000000000222e-01 4.049281254687969955e+00 8.823551366442315969e-01
5.000000000000000000e+00 1.500000000000000000e+01 2.500000000000000000e-01 9.000000000000000222e-01 2.103388943063762007e+00 7.226960838893549122e-01
5.000000000000000000e+00 1.500000000000000000e+01 5.000000000000000000e-01 9.000000000000000222e-01 8.541611216047824140e-01 6.136811277890804606e-01
5.000000000000000000e+00 1.500000000000000000e+01 1.000000000000000000e+00 9.000000000000000222e-01 2.538864048439238852e-01 4.415938605713101150e-01
5.000000000000000000e+00 1.500000000000000000e+01 2.000000000000000000e+00 9.000000000000000222e-01 3.976801563553456625e-02 1.089727984516400128e-01
5.000000000000000000e+00 1.500000000000000000e+01 4.000000000000000000e+00 9.000000000000000222e-01 2.355950760985533153e-03 5.294309628038657185e-03
5.000000000000000000e+00 1.500000000000000000e+01 8.000000000000000000e+00 9.000000000000000222e-01 1.826183091947513075e-03 3.675892858962198292e-03
5.000000000000000000e+00 1.500000000000000000e+01 1.600000000000000000e+01 9.000000000000000222e-01 1.451298885446272464e-03 2.853319608259567274e-03
5.000000000000000000e+00 1.500000000000000000e+01 3.200000000000000000e+01 9.000000000000000222e-01 8.322938291329132687e-04 1.663886035918857569e-03
5.000000000000000000e+00 1.500000000000000000e+01 6.400000000000000000e+01 9.000000000000000222e-01 6.359451025040788359e-03 1.738558149787702498e-02
5.000000000000000000e+00 1.500000000000000000e+01 1.280000000000000000e+02 9.000000000000000222e-01 2.160244885612509942e-03 4.567842518857876712e-03
