5.000000000000000000e+00 1.000000000000000000e+00 7.812500000000000000e-03 9.000000000000000222e-01 2.283763118006628456e+00 2.487802811608154085e-01
5.000000000000000000e+00 1.000000000000000000e+00 1.562500000000000000e-02 9.000000000000000222e-01 2.120140053253187329e+00 1.885789966473455370e-01
5.000000000000000000e+00 1.000000000000000000e+00 3.125000000000000000e-02 9.000000000000000222e-01 2.072656982055439467e+00 1.629646305267744844e-01
5.000000000000000000e+00 1.000000000000000000e+00 6.250000000000000000e-02 9.000000000000000222e-01 1.724088145455936028e+00 1.362077290696016574e-01
5.000000000000000000e+00 1.000000000000000000e+00 1.250000000000000000e-01 9.000000000000000222e-01 1.099253818720858700e+00 1.488470775552512004e-01
5.000000000000000000e+00 1.000000000000000000e+00 2.500000000000000000e-01 9.000000000000000222e-01 5.167945300092994243e-01 1.441758641393731111e-01
5.000000000000000000e+00 1.000000000000000000e+00 5.000000000000000000e-01 9.000000000000000222e-01 1.946567040807822557e-01 1.415139722969463443e-01
5.000000000000000000e+00 1.000000000000000000e+00 1.000000000000000000e+00 9.000000000000000222e-01 4.737616802635132712e-02 7.737175362595986872e-02
5.000000000000000000e+00 1.000000000000000000e+00 2.000000000000000000e+00 9.000000000000000222e-01 4.212351356059793224e-03 1.106483225395577148e-02
5.000000000000000000e+00 1.000000000000000000e+00 4.000000000000000000e+00 9.000000000000000222e-01 2.731008315768569461e-05 7.551479880794413038e-05
5.000000000000000000e+00 1.000000000000000000e+00 8.000000000000000000e+00 9.000000000000000222e-01 4.634081733297570064e-05 1.380271366725319734e-04
5.000000000000000000e+00 1.000000000000000000e+00 1.600000000000000000e+01 9.000000000000000222e-01 8.561423658938883450e-06 2.016625266959408232e-05
5.000000000000000000e+00 1.000000000000000000e+00 3.200000000000000000e+01 9.000000000000000222e-01 3.227375534233255282e-06 7.342135121651112747e-06
5.000000000000000000e+00 1.000000000000000000e+00 6.400000000000000000e+01 9.000000000000000222e-01 3.026191159206510255e-05 6.714572367589323975e-05
5.000000000000000000e+00 1.000000000000000000e+00 1.280000000000000000e+02 9.000000000000000222e-01 6.175110709661672660e-06 1.747706096873360401e-05
