5.000000000000000000e+00 1.000000000000000000e+00 7.812500000000000000e-03 5.000000000000000000e-01 1.080344975522315565e+00 1.400663175570909247e-01
5.000000000000000000e+00 1.000000000000000000e+00 1.562500000000000000e-02 5.000000000000000000e-01 5.143036960881423036e-01 1.453853256476884126e-01
5.000000000000000000e+00 1.000000000000000000e+00 3.125000000000000000e-02 5.000000000000000000e-01 1.936607484503509169e-01 1.400172489621485938e-01
5.000000000000000000e+00 1.000000000000000000e+00 6.250000000000000000e-02 5.000000000000000000e-01 4.737531074253380908e-02 7.696812108530437513e-02
5.000000000000000000e+00 1.000000000000000000e+00 1.250000000000000000e-01 5.000000000000000000e-01 4.345803943028659147e-03 1.143218551456654831e-02
5.000000000000000000e+00 1.000000000000000000e+00 2.500000000000000000e-01 5.000000000000000000e-01 2.747144895382669242e-05 7.548527454654709035e-05
5.000000000000000000e+00 1.000000000000000000e+00 5.000000000000000000e-01 5.000000000000000000e-01 4.947349485057266083e-05 1.473777961266121940e-04
5.000000000000000000e+00 1.000000000000000000e+00 1.000000000000000000e+00 5.000000000000000000e-01 8.966016596255365888e-06 2.128864945540481326e-05
5.000000000000000000e+00 1.000000000000000000e+00 2.000000000000000000e+00 5.000000000000000000e-01 3.264158904091554119e-06 7.376427251065311400e-06
5.000000000000000000e+00 1.000000000000000000e+00 4.000000000000000000e+00 5.000000000000000000e-01 3.138293003311155068e-05 6.999642966648702636e-05
5.000000000000000000e+00 1.000000000000000000e+00 8.000000000000000000e+00 5.000000000000000000e-01 6.296482363501813930e-06 1.780875225531051612e-05
5.000000000000000000e+00 1.000000000000000000e+00 1.600000000000000000e+01 5.000000000000000000e-01 1.385872955264677109e-05 4.034019641983041613e-05
5.000000000000000000e+00 1.000000000000000000e+00 3.200000000000000000e+01 5.000000000000000000e-01 6.560576233497337931e-05 1.340151477803423763e-04
5.000000000000000000e+00 1.000000000000000000e+00 6.400000000000000000e+01 5.000000000000000000e-01 1.787440498516717493e-04 4.801683001771275675e-04
5.000000000000000000e+00 1.000000000000000000e+00 1.280000000000000000e+02 5.000000000000000000e-01 4.502363416374067769e-05 1.289664597555620156e-04
