5.000000000000000000e+00 1.000000000000000000e+00 7.812500000000000000e-03 0.000000000000000000e+00 2.235121134220585670e+00 2.385037738814400343e-01
5.000000000000000000e+00 1.000000000000000000e+00 1.562500000000000000e-02 0.000000000000000000e+00 2.080909599069458160e+00 1.779565354478741812e-01
5.000000000000000000e+00 1.000000000000000000e+00 3.125000000000000000e-02 0.000000000000000000e+00 2.028377385975544733e+00 1.528126737552878978e-01
5.000000000000000000e+00 1.000000000000000000e+00 6.250000000000000000e-02 0.000000000000000000e+00 1.692654495369013912e+00 1.239586217673911694e-01
5.000000000000000000e+00 1.000000000000000000e+00 1.250000000000000000e-01 0.000000000000000000e+00 1.071374957683209672e+00 1.372737744809276739e-01
5.000000000000000000e+00 1.000000000000000000e+00 2.500000000000000000e-01 0.000000000000000000e+00 5.088693921062805714e-01 1.398559616150851503e-01
5.000000000000000000e+00 1.000000000000000000e+00 5.000000000000000000e-01 0.000000000000000000e+00 1.943084777233166638e-01 1.411531539038175798e-01
5.000000000000000000e+00 1.000000000000000000e+00 1.000000000000000000e+00 0.000000000000000000e+00 4.754415144858910314e-02 7.837070598857293069e-02
5.000000000000000000e+00 1.000000000000000000e+00 2.000000000000000000e+00 0.000000000000000000e+00 4.349257238518586428e-03 1.137502798898462099e-02
5.000000000000000000e+00 1.000000000000000000e+00 4.000000000000000000e+00 0.000000000000000000e+00 2.765831024801443838e-05 7.497032863863404249e-05
5.000000000000000000e+00 1.000000000000000000e+00 8.000000000000000000e+00 0.000000000000000000e+00 5.526857503393936978e-05 1.646010303156738045e-04
5.000000000000000000e+00 1.000000000000000000e+00 1.600000000000000000e+01 0.000000000000000000e+00 9.415144996179824279e-06 2.200809155839078576e-05
5.000000000000000000e+00 1.000000000000000000e+00 3.200000000000000000e+01 0.000000000000000000e+00 3.433021401676362603e-06 7.838919763818732133e-06
5.000000000000000000e+00 1.000000000000000000e+00 6.400000000000000000e+01 0.000000000000000000e+00 3.268531704308216595e-05 7.308974975582074635e-05
5.000000000000000000e+00 1.000000000000000000e+00 1.280000000000000000e+02 0.000000000000000000e+00 7.253527861805928389e-06 2.055427792598876204e-05
