5.000000000000000000e+00 1.000000000000000000e+00 7.812500000000000000e-03 0.000000000000000000e+00 2.083259894099140475e+00 1.794944633274955792e-01
5.000000000000000000e+00 1.000000000000000000e+00 1.562500000000000000e-02 0.000000000000000000e+00 2.028943980024538352e+00 1.534911530926637846e-01
5.000000000000000000e+00 1.000000000000000000e+00 3.125000000000000000e-02 0.000000000000000000e+00 1.693482521468294921e+00 1.234209245522610437e-01
5.000000000000000000e+00 1.000000000000000000e+00 6.250000000000000000e-02 0.000000000000000000e+00 1.072173442310581759e+00 1.377935494648876158e-01
5.000000000000000000e+00 1.000000000000000000e+00 1.250000000000000000e-01 0.000000000000000000e+00 5.074862000808961771e-01 1.423981774057642702e-01
5.000000000000000000e+00 1.000000000000000000e+00 2.500000000000000000e-01 0.000000000000000000e+00 1.921545561691417048e-01 1.390713008370266790e-01
5.000000000000000000e+00 1.000000000000000000e+00 5.000000000000000000e-01 0.000000000000000000e+00 4.733987774478363997e-02 7.764947354268482427e-02
5.000000000000000000e+00 1.000000000000000000e+00 1.000000000000000000e+00 0.000000000000000000e+00 4.356871271246266775e-03 1.136435251270926684e-02
5.000000000000000000e+00 1.000000000000000000e+00 2.000000000000000000e+00 0.000000000000000000e+00 2.740503118036258538e-05 7.370971238741466517e-05
5.000000000000000000e+00 1.000000000000000000e+00 4.000000000000000000e+00 0.000000000000000000e+00 5.822967469175530585e-05 1.734327979307964717e-04
5.000000000000000000e+00 1.000000000000000000e+00 8.000000000000000000e+00 0.000000000000000000e+00 9.085969786838990584e-06 2.107648974130831796e-05
5.000000000000000000e+00 1.000000000000000000e+00 1.600000000000000000e+01 0.000000000000000000e+00 3.492732614997796734e-06 7.983328082078397435e-06
5.000000000000000000e+00 1.000000000000000000e+00 3.200000000000000000e+01 0.000000000000000000e+00 3.359159162762499404e-05 7.507559283835437108e-05
5.000000000000000000e+00 1.000000000000000000e+00 6.400000000000000000e+01 0.000000000000000000e+00 7.018437167206035940e-06 1.985462755454933838e-05
5.000000000000000000e+00 1.000000000000000000e+00 1.280000000000000000e+02 0.000000000000000000e+00 1.474738493260310738e-05 4.294524861329497258e-05
