1.000000000000000000e+00 1.000000000000000000e+00 2.000000000000000000e+01 0.000000000000000000e+00 1.685952844024401045e-03 1.918741800813750882e-03 6.816043508426192134e-04 8.006028233575795744e-04
1.000000000000000000e+00 1.000000000000000000e+00 2.000000000000000000e+01 2.000000000000000111e-01 1.685952844024401045e-03 1.918741800813750882e-03 6.816043508426192134e-04 8.006028233575795744e-04
1.000000000000000000e+00 1.000000000000000000e+00 2.000000000000000000e+01 4.000000000000000222e-01 1.685952844024401045e-03 1.918741800813750882e-03 6.816043508426192134e-04 8.006028233575795744e-04
1.000000000000000000e+00 1.000000000000000000e+00 2.000000000000000000e+01 5.999999999999999778e-01 1.685952844024401045e-03 1.918741800813750882e-03 6.816043508426192134e-04 8.006028233575795744e-04
1.000000000000000000e+00 1.000000000000000000e+00 2.000000000000000000e+01 8.000000000000000444e-01 1.685952844024401045e-03 1.918741800813750882e-03 6.816043508426192134e-04 8.006028233575795744e-04
1.000000000000000000e+00 1.000000000000000000e+00 2.000000000000000000e+01 1.000000000000000000e+00 1.685952844024401045e-03 1.918741800813750882e-03 6.816043508426192134e-04 8.006028233575795744e-04
2.000000000000000000e+00 1.000000000000000000e+00 2.000000000000000000e+01 0.000000000000000000e+00 9.298571886470159481e-04 1.153559108343420138e-03 3.347881052382672994e-04 4.252190298491065942e-04
2.000000000000000000e+00 1.000000000000000000e+00 2.000000000000000000e+01 2.000000000000000111e-01 8.361098907041688687e-04 1.032954980206854476e-03 2.851180712643279925e-04 3.757478067605811976e-04
2.000000000000000000e+00 1.000000000000000000e+00 2.000000000000000000e+01 4.000000000000000222e-01 7.386855715010945964e-04 9.118957506568525643e-04 2.444808398913316037e-04 3.280217455553304266e-04
2.000000000000000000e+00 1.000000000000000000e+00 2.000000000000000000e+01 5.999999999999999778e-01 6.518680987303618855e-04 7.984529356895676616e-04 2.058127113060468196e-04 2.767161687672183923e-04
2.000000000000000000e+00 1.000000000000000000e+00 2.000000000000000000e+01 8.000000000000000444e-01 5.607113613414947901e-04 6.722523243164237874e-04 1.468278399854568237e-04 1.888577930848769437e-04
2.000000000000000000e+00 1.000000000000000000e+00 2.000000000000000000e+01 1.000000000000000000e+00 4.757667278579495555e-03 5.138518299013435445e-03 1.567720470951560594e-06 5.626455062529698068e-06
3.000000000000000000e+00 1.000000000000000000e+00 2.000000000000000000e+01 0.000000000000000000e+00 7.727650962568919073e-04 1.122016599957625666e-03 3.180392735421519782e-04 4.868554473033708430e-04
3.000000000000000000e+00 1.000000000000000000e+00 2.000000000000000000e+01 2.000000000000000111e-01 6.749501316145411047e-04 9.974092991189137652e-04 2.766453633252732467e-04 4.596610764069505796e-04
3.000000000000000000e+00 1.000000000000000000e+00 2.000000000000000000e+01 4.000000000000000222e-01 5.695206937722649063e-04 9.115843128720329744e-04 2.115745798940368871e-04 5.337908758687125426e-04
3.000000000000000000e+00 1.000000000000000000e+00 2.000000000000000000e+01 5.999999999999999778e-01 4.613299558301003044e-04 7.386851875118684383e-04 1.347238858157882109e-04 4.230118862484006140e-04
3.000000000000000000e+00 1.000000000000000000e+00 2.000000000000000000e+01 8.000000000000000444e-01 3.663509750912621703e-04 4.974968396376118745e-04 6.943058513307711385e-05 9.617069601458571053e-05
3.000000000000000000e+00 1.000000000000000000e+00 2.000000000000000000e+01 1.000000000000000000e+00 1.036850683906102716e-01 1.048745999948689639e-01 2.967910834418729382e-01 2.991290911877412251e-01
4.000000000000000000e+00 1.000000000000000000e+00 2.000000000000000000e+01 0.000000000000000000e+00 5.793721080088678902e-04 8.770469830575425198e-04 2.776387323301253885e-04 4.239122970714073800e-04
4.000000000000000000e+00 1.000000000000000000e+00 2.000000000000000000e+01 2.000000000000000111e-01 5.066995162070948595e-04 7.900859139005018744e-04 2.473532595170798245e-04 3.814730098453772379e-04
4.000000000000000000e+00 1.000000000000000000e+00 2.000000000000000000e+01 4.000000000000000222e-01 4.336406320416994159e-04 7.234799249759124497e-04 1.974994839083679535e-04 3.533012840210308534e-04
4.000000000000000000e+00 1.000000000000000000e+00 2.000000000000000000e+01 5.999999999999999778e-01 3.560942298410998161e-04 6.533030837737018861e-04 1.278040906310591335e-04 3.672608806456236484e-04
4.000000000000000000e+00 1.000000000000000000e+00 2.000000000000000000e+01 8.000000000000000444e-01 2.886392322479492106e-04 5.774545453081915370e-04 6.830527823207098600e-05 4.227513793334192953e-04
4.000000000000000000e+00 1.000000000000000000e+00 2.000000000000000000e+01 1.000000000000000000e+00 5.249639733946332917e-03 1.934085279171663188e-02 1.492744839346391494e-03 4.172057090740652341e-02
5.000000000000000000e+00 1.000000000000000000e+00 2.000000000000000000e+01 0.000000000000000000e+00 3.434063860036906928e-04 5.496752535325544458e-04 9.496556334798984887e-05 1.433762967050939698e-04
5.000000000000000000e+00 1.000000000000000000e+00 2.000000000000000000e+01 2.000000000000000111e-01 3.021059672383376500e-04 4.899382323151499569e-04 7.316269127660441490e-05 1.289853706039279435e-04
5.000000000000000000e+00 1.000000000000000000e+00 2.000000000000000000e+01 4.000000000000000222e-01 2.672891100110689751e-04 4.388118236185509615e-04 5.160152621574407738e-05 1.142492110802251811e-04
5.000000000000000000e+00 1.000000000000000000e+00 2.000000000000000000e+01 5.999999999999999778e-01 2.323468445971391355e-04 3.894522142496643804e-04 3.390094640117701484e-05 1.053137002345362752e-04
5.000000000000000000e+00 1.000000000000000000e+00 2.000000000000000000e+01 8.000000000000000444e-01 1.999239080064337849e-04 3.418810621773899069e-04 2.239889223511698442e-05 9.228768018381381961e-05
5.000000000000000000e+00 1.000000000000000000e+00 2.000000000000000000e+01 1.000000000000000000e+00 4.793620450930007049e-03 6.318645747826201475e-03 1.432829283818792408e-04 3.518690461091635458e-03
