1.000000000000000000e+00 1.000000000000000000e+00 2.000000000000000000e+01 0.000000000000000000e+00 1.101691403111077253e-04 1.204540847839131892e-04 7.189566352462920440e-05 7.634791349720164867e-05
1.000000000000000000e+00 1.000000000000000000e+00 2.000000000000000000e+01 2.000000000000000111e-01 1.101691403111077253e-04 1.204540847839131892e-04 7.189566352462920440e-05 7.634791349720164867e-05
1.000000000000000000e+00 1.000000000000000000e+00 2.000000000000000000e+01 4.000000000000000222e-01 1.101691403111077253e-04 1.204540847839131892e-04 7.189566352462920440e-05 7.634791349720164867e-05
1.000000000000000000e+00 1.000000000000000000e+00 2.000000000000000000e+01 5.999999999999999778e-01 1.101691403111077253e-04 1.204540847839131892e-04 7.189566352462920440e-05 7.634791349720164867e-05
1.000000000000000000e+00 1.000000000000000000e+00 2.000000000000000000e+01 8.000000000000000444e-01 1.101691403111077253e-04 1.204540847839131892e-04 7.189566352462920440e-05 7.634791349720164867e-05
1.000000000000000000e+00 1.000000000000000000e+00 2.000000000000000000e+01 1.000000000000000000e+00 1.101691403111077253e-04 1.204540847839131892e-04 7.189566352462920440e-05 7.634791349720164867e-05
2.000000000000000000e+00 1.000000000000000000e+00 2.000000000000000000e+01 0.000000000000000000e+00 1.534547579842997887e-05 1.880968697880174175e-05 1.131772418268130409e-05 1.313794124001657444e-05
2.000000000000000000e+00 1.000000000000000000e+00 2.000000000000000000e+01 2.000000000000000111e-01 1.205378057988133573e-05 1.437027262456067576e-05 8.955480470558916116e-06 9.899400168019661551e-06
2.000000000000000000e+00 1.000000000000000000e+00 2.000000000000000000e+01 4.000000000000000222e-01 9.623386172644781252e-06 1.133578246008683471e-05 7.625716553809597384e-06 8.269474688637286266e-06
2.000000000000000000e+00 1.000000000000000000e+00 2.000000000000000000e+01 5.999999999999999778e-01 7.451800556684267376e-06 8.660376407752484363e-06 6.107119361580134322e-06 6.579160748877779356e-06
2.000000000000000000e+00 1.000000000000000000e+00 2.000000000000000000e+01 8.000000000000000444e-01 7.028314953227593983e-06 7.936562050349497377e-06 6.390385067183550328e-06 6.956083175287547190e-06
2.000000000000000000e+00 1.000000000000000000e+00 2.000000000000000000e+01 1.000000000000000000e+00 6.434717842529141460e-03 6.490926660849702379e-03 1.970425077468206302e-05 1.361938846262204772e-05
3.000000000000000000e+00 1.000000000000000000e+00 2.000000000000000000e+01 0.000000000000000000e+00 6.625018763533482182e-06 9.257542276712169555e-06 6.964351447290902802e-06 1.078037666167326677e-05
3.000000000000000000e+00 1.000000000000000000e+00 2.000000000000000000e+01 2.000000000000000111e-01 5.040675946870401383e-06 8.633079712497157172e-06 5.911473531628715159e-06 1.393589987335313790e-05
3.000000000000000000e+00 1.000000000000000000e+00 2.000000000000000000e+01 4.000000000000000222e-01 3.871151470928408062e-06 7.709554847831908385e-06 4.816746488901467574e-06 1.433514693031040789e-05
3.000000000000000000e+00 1.000000000000000000e+00 2.000000000000000000e+01 5.999999999999999778e-01 2.939379941926182827e-06 4.073950144462435806e-06 3.834741883538346500e-06 5.957786009779454451e-06
3.000000000000000000e+00 1.000000000000000000e+00 2.000000000000000000e+01 8.000000000000000444e-01 2.201440972522772407e-06 3.909944067589614883e-06 3.181067687811074827e-06 7.384097823249289840e-06
3.000000000000000000e+00 1.000000000000000000e+00 2.000000000000000000e+01 1.000000000000000000e+00 1.208155973685287599e-01 8.886457885320987737e-02 3.431235018631411116e-01 2.471026314577658423e-01
4.000000000000000000e+00 1.000000000000000000e+00 2.000000000000000000e+01 0.000000000000000000e+00 1.601318591996112459e-06 2.323561253011948275e-06 5.892546007792168123e-07 9.216628906075119984e-07
4.000000000000000000e+00 1.000000000000000000e+00 2.000000000000000000e+01 2.000000000000000111e-01 1.176457125270743376e-06 1.651268414294250094e-06 3.790848011619836449e-07 5.497944541332089661e-07
4.000000000000000000e+00 1.000000000000000000e+00 2.000000000000000000e+01 4.000000000000000222e-01 8.294265197057633184e-07 1.157891680524884778e-06 2.749825775067403944e-07 3.811331874192185150e-07
4.000000000000000000e+00 1.000000000000000000e+00 2.000000000000000000e+01 5.999999999999999778e-01 5.963836703243109914e-07 8.287051013471943356e-07 2.356710665053022901e-07 3.239051033531601873e-07
4.000000000000000000e+00 1.000000000000000000e+00 2.000000000000000000e+01 8.000000000000000444e-01 4.262180373471409824e-07 6.242657071426074288e-07 2.216649470633779826e-07 3.407764360159396251e-07
4.000000000000000000e+00 1.000000000000000000e+00 2.000000000000000000e+01 1.000000000000000000e+00 6.441739732290130589e-03 6.862614040988332040e-03 3.813653487091440714e-05 9.840374357377814664e-04
5.000000000000000000e+00 1.000000000000000000e+00 2.000000000000000000e+01 0.000000000000000000e+00 9.665764216389570845e-07 1.530871289302711536e-06 8.995792810712642153e-07 1.518216552210640403e-06
5.000000000000000000e+00 1.000000000000000000e+00 2.000000000000000000e+01 2.000000000000000111e-01 6.971995572000612980e-07 1.064827520303306448e-06 5.372748930258320771e-07 8.721343849857999027e-07
5.000000000000000000e+00 1.000000000000000000e+00 2.000000000000000000e+01 4.000000000000000222e-01 5.184072435782250290e-07 7.624627690948050614e-07 3.104222337486215857e-07 4.812431219412526362e-07
5.000000000000000000e+00 1.000000000000000000e+00 2.000000000000000000e+01 5.999999999999999778e-01 3.283005124861393658e-07 4.844898404551795921e-07 1.902014901078732202e-07 2.730995086649010036e-07
5.000000000000000000e+00 1.000000000000000000e+00 2.000000000000000000e+01 8.000000000000000444e-01 2.275255688609692762e-07 3.223619757279467326e-07 9.222928020006667558e-08 1.435759215366973793e-07
5.000000000000000000e+00 1.000000000000000000e+00 2.000000000000000000e+01 1.000000000000000000e+00 6.438403688869050005e-03 6.504905943115186703e-03 1.583463002376774912e-05 1.763388904472752456e-05
