1.000000000000000000e+00 1.000000000000000000e+00 2.000000000000000000e+01 1.000000000000000056e-01 1.123393269025687452e-04 1.226472715572982206e-04 7.107845901399507992e-05 8.001127425188051348e-05
1.000000000000000000e+00 1.000000000000000000e+00 2.000000000000000000e+01 2.999999999999999889e-01 1.123393269025687452e-04 1.226472715572982206e-04 7.107845901399507992e-05 8.001127425188051348e-05
1.000000000000000000e+00 1.000000000000000000e+00 2.000000000000000000e+01 5.000000000000000000e-01 1.123393269025687452e-04 1.226472715572982206e-04 7.107845901399507992e-05 8.001127425188051348e-05
1.000000000000000000e+00 1.000000000000000000e+00 2.000000000000000000e+01 6.999999999999999556e-01 1.123393269025687452e-04 1.226472715572982206e-04 7.107845901399507992e-05 8.001127425188051348e-05
1.000000000000000000e+00 1.000000000000000000e+00 2.000000000000000000e+01 9.000000000000000222e-01 1.123393269025687452e-04 1.226472715572982206e-04 7.107845901399507992e-05 8.001127425188051348e-05
2.000000000000000000e+00 1.000000000000000000e+00 2.000000000000000000e+01 1.000000000000000056e-01 1.313687052839542652e-05 1.603916564152684844e-05 9.082735882749351221e-06 1.134034496630086222e-05
2.000000000000000000e+00 1.000000000000000000e+00 2.000000000000000000e+01 2.999999999999999889e-01 1.055838928837888937e-05 1.273316577051398429e-05 7.377945887401993608e-06 9.031457747141544276e-06
2.000000000000000000e+00 1.000000000000000000e+00 2.000000000000000000e+01 5.000000000000000000e-01 8.330663402112306972e-06 9.882048170691544415e-06 6.193730449195365088e-06 7.335922019976276489e-06
2.000000000000000000e+00 1.000000000000000000e+00 2.000000000000000000e+01 6.999999999999999556e-01 7.097877080958812626e-06 8.152051385209946002e-06 5.831379973696515051e-06 6.500692773071909933e-06
2.000000000000000000e+00 1.000000000000000000e+00 2.000000000000000000e+01 9.000000000000000222e-01 7.261575938716415199e-06 8.194783701475536090e-06 7.471596255599370925e-06 8.296626574863233668e-06
3.000000000000000000e+00 1.000000000000000000e+00 2.000000000000000000e+01 1.000000000000000056e-01 5.919511904961111996e-06 9.886388301676047203e-06 6.979107266905426246e-06 1.505844676326020515e-05
3.000000000000000000e+00 1.000000000000000000e+00 2.000000000000000000e+01 2.999999999999999889e-01 4.713526683432690873e-06 1.103311274669508852e-05 6.091962198020638550e-06 2.221186189682327171e-05
3.000000000000000000e+00 1.000000000000000000e+00 2.000000000000000000e+01 5.000000000000000000e-01 3.545415274256892072e-06 1.156660672028383837e-05 4.823057140005822920e-06 2.698386431669866904e-05
3.000000000000000000e+00 1.000000000000000000e+00 2.000000000000000000e+01 6.999999999999999556e-01 2.707205870491548896e-06 7.184098988801950992e-06 4.015070236981348578e-06 1.619355196198656296e-05
3.000000000000000000e+00 1.000000000000000000e+00 2.000000000000000000e+01 9.000000000000000222e-01 2.124539774247062800e-06 1.100505159077869585e-05 3.449442104158581309e-06 2.928215820648422078e-05
4.000000000000000000e+00 1.000000000000000000e+00 2.000000000000000000e+01 1.000000000000000056e-01 1.305002929364047068e-06 1.943774620207018847e-06 4.364566915931998768e-07 6.719184191502485899e-07
4.000000000000000000e+00 1.000000000000000000e+00 2.000000000000000000e+01 2.999999999999999889e-01 9.682583172099716315e-07 1.408189337471326073e-06 3.153608268803817112e-07 4.661746761680958255e-07
4.000000000000000000e+00 1.000000000000000000e+00 2.000000000000000000e+01 5.000000000000000000e-01 7.579059837439709299e-07 1.081859345672743405e-06 2.276778085601206805e-07 3.337095273608424609e-07
4.000000000000000000e+00 1.000000000000000000e+00 2.000000000000000000e+01 6.999999999999999556e-01 4.945546980365972100e-07 7.269299592376221978e-07 2.335823048711969421e-07 3.597049270783842210e-07
4.000000000000000000e+00 1.000000000000000000e+00 2.000000000000000000e+01 9.000000000000000222e-01 3.751296485157485066e-07 5.428490141802340433e-07 2.326902919330985336e-07 3.622639260054316684e-07
5.000000000000000000e+00 1.000000000000000000e+00 2.000000000000000000e+01 1.000000000000000056e-01 8.123146800356205236e-07 1.269222311744226651e-06 7.496260369254227662e-07 1.192762815609252312e-06
5.000000000000000000e+00 1.000000000000000000e+00 2.000000000000000000e+01 2.999999999999999889e-01 5.787777704125832990e-07 8.627045419042549702e-07 4.441464305788409652e-07 6.292109057811620617e-07
5.000000000000000000e+00 1.000000000000000000e+00 2.000000000000000000e+01 5.000000000000000000e-01 4.085447375787692571e-07 5.961028514887125629e-07 2.650392574587989968e-07 3.484465351597363359e-07
5.000000000000000000e+00 1.000000000000000000e+00 2.000000000000000000e+01 6.999999999999999556e-01 2.706983233740370574e-07 3.871948921061086371e-07 1.580312130186858636e-07 2.003998386647876304e-07
5.000000000000000000e+00 1.000000000000000000e+00 2.000000000000000000e+01 9.000000000000000222e-01 1.627195934387794480e-07 2.286858102617070942e-07 8.874685277769931649e-08 1.174490587144558470e-07
