1.000000000000000000e+00 1.000000000000000000e+00 2.000000000000000000e+01 1.000000000000000056e-01 6.479952881545179930e-04 7.624316860460686332e-04 5.450425838300287321e-04 6.861967308903030608e-04
1.000000000000000000e+00 1.000000000000000000e+00 2.000000000000000000e+01 2.999999999999999889e-01 6.479952881545179930e-04 7.624316860460686332e-04 5.450425838300287321e-04 6.861967308903030608e-04
1.000000000000000000e+00 1.000000000000000000e+00 2.000000000000000000e+01 5.000000000000000000e-01 6.479952881545179930e-04 7.624316860460686332e-04 5.450425838300287321e-04 6.861967308903030608e-04
1.000000000000000000e+00 1.000000000000000000e+00 2.000000000000000000e+01 6.999999999999999556e-01 6.479952881545179930e-04 7.624316860460686332e-04 5.450425838300287321e-04 6.861967308903030608e-04
1.000000000000000000e+00 1.000000000000000000e+00 2.000000000000000000e+01 9.000000000000000222e-01 6.479952881545179930e-04 7.624316860460686332e-04 5.450425838300287321e-04 6.861967308903030608e-04
2.000000000000000000e+00 1.000000000000000000e+00 2.000000000000000000e+01 1.000000000000000056e-01 1.361335578148393285e-04 1.629261088276923327e-04 5.405266522152139873e-05 6.237336119201858950e-05
2.000000000000000000e+00 1.000000000000000000e+00 2.000000000000000000e+01 2.999999999999999889e-01 1.157280144539630108e-04 1.371072517379343179e-04 4.374197277027740914e-05 4.951454676780661586e-05
2.000000000000000000e+00 1.000000000000000000e+00 2.000000000000000000e+01 5.000000000000000000e-01 9.735576827717965962e-05 1.154524448023005339e-04 4.028027533868043817e-05 4.575399663897987488e-05
2.000000000000000000e+00 1.000000000000000000e+00 2.000000000000000000e+01 6.999999999999999556e-01 8.223511247822874498e-05 9.749696991676913625e-05 3.467203845528694478e-05 3.866220160111646698e-05
2.000000000000000000e+00 1.000000000000000000e+00 2.000000000000000000e+01 9.000000000000000222e-01 7.638777549363225399e-05 9.003346692866453951e-05 3.158801315082841119e-05 3.566859561957178243e-05
3.000000000000000000e+00 1.000000000000000000e+00 2.000000000000000000e+01 1.000000000000000056e-01 6.008585056175741755e-05 8.657689967464041593e-05 1.884772351325338232e-05 3.765184067709524815e-05
3.000000000000000000e+00 1.000000000000000000e+00 2.000000000000000000e+01 2.999999999999999889e-01 4.779406952626402200e-05 6.823282054311952788e-05 1.620142488985946102e-05 3.380802483514204585e-05
3.000000000000000000e+00 1.000000000000000000e+00 2.000000000000000000e+01 5.000000000000000000e-01 3.769809447199918369e-05 5.465271880392555198e-05 1.610126674730110081e-05 3.500996239414320868e-05
3.000000000000000000e+00 1.000000000000000000e+00 2.000000000000000000e+01 6.999999999999999556e-01 3.064765667837686386e-05 4.395312631203017548e-05 1.655428111158802873e-05 3.247794345261500353e-05
3.000000000000000000e+00 1.000000000000000000e+00 2.000000000000000000e+01 9.000000000000000222e-01 2.641506362439661462e-05 3.728049658875536178e-05 1.876838400277673762e-05 3.363864043825579849e-05
4.000000000000000000e+00 1.000000000000000000e+00 2.000000000000000000e+01 1.000000000000000056e-01 3.104286047018476805e-05 4.740970976472383424e-05 1.380393438103103717e-05 2.256052417939157398e-05
4.000000000000000000e+00 1.000000000000000000e+00 2.000000000000000000e+01 2.999999999999999889e-01 2.319461106172719051e-05 3.491921515966738129e-05 6.942350029448231740e-06 1.162585797314405982e-05
4.000000000000000000e+00 1.000000000000000000e+00 2.000000000000000000e+01 5.000000000000000000e-01 1.717427116005619601e-05 2.537015598739497348e-05 3.655066659883942225e-06 5.814160214708039129e-06
4.000000000000000000e+00 1.000000000000000000e+00 2.000000000000000000e+01 6.999999999999999556e-01 1.236070764344997012e-05 1.773087333261548227e-05 2.797070196553135135e-06 3.250463631942396939e-06
4.000000000000000000e+00 1.000000000000000000e+00 2.000000000000000000e+01 9.000000000000000222e-01 9.680930917619127884e-06 1.310644228675728204e-05 3.336510176913660360e-06 3.176122558233787714e-06
5.000000000000000000e+00 1.000000000000000000e+00 2.000000000000000000e+01 1.000000000000000056e-01 1.645813281448532515e-05 2.798234721555902270e-05 8.345545689603962452e-06 1.643144015622043387e-05
5.000000000000000000e+00 1.000000000000000000e+00 2.000000000000000000e+01 2.999999999999999889e-01 1.266820504812992363e-05 2.099875432618423659e-05 5.477809571613137907e-06 9.950906873433346011e-06
5.000000000000000000e+00 1.000000000000000000e+00 2.000000000000000000e+01 5.000000000000000000e-01 9.840407203472981319e-06 1.549439061518092855e-05 4.101185973686563034e-06 5.992860604379038420e-06
5.000000000000000000e+00 1.000000000000000000e+00 2.000000000000000000e+01 6.999999999999999556e-01 7.792658728216785534e-06 1.083987904663446980e-05 4.828945044285040107e-06 3.935167414917853149e-06
5.000000000000000000e+00 1.000000000000000000e+00 2.000000000000000000e+01 9.000000000000000222e-01 5.457576755940176626e-06 7.524396092913706428e-06 2.807748629029529192e-06 2.339723297237293671e-06
