1.000000000000000000e+00 1.000000000000000000e+00 2.000000000000000000e+01 0.000000000000000000e+00 1.355237996073832812e-03 1.387839828687126385e-03 7.360571555503130038e-04 7.863450324013179912e-04
1.000000000000000000e+00 1.000000000000000000e+00 2.000000000000000000e+01 2.000000000000000111e-01 1.355237996073832812e-03 1.387839828687126385e-03 7.360571555503130038e-04 7.863450324013179912e-04
1.000000000000000000e+00 1.000000000000000000e+00 2.000000000000000000e+01 4.000000000000000222e-01 1.355237996073832812e-03 1.387839828687126385e-03 7.360571555503130038e-04 7.863450324013179912e-04
1.000000000000000000e+00 1.000000000000000000e+00 2.000000000000000000e+01 5.999999999999999778e-01 1.355237996073832812e-03 1.387839828687126385e-03 7.360571555503130038e-04 7.863450324013179912e-04
1.000000000000000000e+00 1.000000000000000000e+00 2.000000000000000000e+01 8.000000000000000444e-01 1.355237996073832812e-03 1.387839828687126385e-03 7.360571555503130038e-04 7.863450324013179912e-04
1.000000000000000000e+00 1.000000000000000000e+00 2.000000000000000000e+01 1.000000000000000000e+00 1.355237996073832812e-03 1.387839828687126385e-03 7.360571555503130038e-04 7.863450324013179912e-04
2.000000000000000000e+00 1.000000000000000000e+00 2.000000000000000000e+01 0.000000000000000000e+00 5.653550548115819467e-04 6.168768953852775665e-04 2.912004275108962892e-04 2.997685422138740671e-04
2.000000000000000000e+00 1.000000000000000000e+00 2.000000000000000000e+01 2.000000000000000111e-01 4.737729832565170220e-04 5.155843652831493523e-04 2.147636454299940679e-04 2.315021986917574037e-04
2.000000000000000000e+00 1.000000000000000000e+00 2.000000000000000000e+01 4.000000000000000222e-01 3.943335104065203464e-04 4.305965761866587102e-04 1.577310452321211743e-04 1.724575132259483585e-04
2.000000000000000000e+00 1.000000000000000000e+00 2.000000000000000000e+01 5.999999999999999778e-01 3.320270076602225380e-04 3.576196048552839611e-04 1.193288427566267660e-04 1.291288592821670145e-04
2.000000000000000000e+00 1.000000000000000000e+00 2.000000000000000000e+01 8.000000000000000444e-01 2.779051912213861136e-04 3.008778768737663733e-04 8.385809997356006575e-05 9.122556688669562059e-05
2.000000000000000000e+00 1.000000000000000000e+00 2.000000000000000000e+01 1.000000000000000000e+00 5.015215451548976980e-03 5.286050438682354802e-03 1.266572563933407325e-05 2.902464470030135553e-06
3.000000000000000000e+00 1.000000000000000000e+00 2.000000000000000000e+01 0.000000000000000000e+00 3.994653519267999287e-04 4.809503410703844001e-04 1.867816184103329648e-04 2.030629216985375897e-04
3.000000000000000000e+00 1.000000000000000000e+00 2.000000000000000000e+01 2.000000000000000111e-01 3.110879257312003398e-04 3.745000980299123625e-04 1.224092991413061539e-04 1.500420402848469891e-04
3.000000000000000000e+00 1.000000000000000000e+00 2.000000000000000000e+01 4.000000000000000222e-01 2.433162926770585728e-04 3.021303737415777886e-04 7.878468716632877243e-05 1.212818676309426839e-04
3.000000000000000000e+00 1.000000000000000000e+00 2.000000000000000000e+01 5.999999999999999778e-01 1.906353581023115642e-04 2.522401746323322332e-04 4.921202989555061003e-05 1.356991554082350576e-04
3.000000000000000000e+00 1.000000000000000000e+00 2.000000000000000000e+01 8.000000000000000444e-01 1.539812255282367397e-04 2.442794281593705036e-04 3.892857717187214213e-05 2.391036781225123846e-04
3.000000000000000000e+00 1.000000000000000000e+00 2.000000000000000000e+01 1.000000000000000000e+00 1.347167508368867506e-01 9.400508379487135246e-02 3.890399640002101256e-01 2.661453714117150704e-01
4.000000000000000000e+00 1.000000000000000000e+00 2.000000000000000000e+01 0.000000000000000000e+00 2.674175520180449269e-04 3.530986211112198967e-04 1.889629246964705830e-04 2.520095545413698337e-04
4.000000000000000000e+00 1.000000000000000000e+00 2.000000000000000000e+01 2.000000000000000111e-01 2.028213194431269001e-04 2.676596509257276051e-04 1.145323786303784953e-04 1.515314810891771997e-04
4.000000000000000000e+00 1.000000000000000000e+00 2.000000000000000000e+01 4.000000000000000222e-01 1.525421561669552397e-04 2.017724455078841563e-04 6.080352351518926159e-05 8.314433798832953271e-05
4.000000000000000000e+00 1.000000000000000000e+00 2.000000000000000000e+01 5.999999999999999778e-01 1.135607152908852150e-04 1.497580712093786698e-04 2.713451553792402816e-05 3.557668939688887245e-05
4.000000000000000000e+00 1.000000000000000000e+00 2.000000000000000000e+01 8.000000000000000444e-01 8.956482246218894216e-05 1.164586243149698678e-04 1.670724674481512611e-05 2.020226333231368856e-05
4.000000000000000000e+00 1.000000000000000000e+00 2.000000000000000000e+01 1.000000000000000000e+00 5.014517012649491283e-03 7.053985854523207866e-03 3.158540200818701015e-05 5.223682699185891801e-03
5.000000000000000000e+00 1.000000000000000000e+00 2.000000000000000000e+01 0.000000000000000000e+00 1.333065970391162801e-04 1.882291903773961560e-04 4.784856007598403769e-05 6.368701702127051699e-05
5.000000000000000000e+00 1.000000000000000000e+00 2.000000000000000000e+01 2.000000000000000111e-01 1.122193858032813888e-04 1.581006052659922139e-04 3.383722408971201825e-05 5.109826613631568746e-05
5.000000000000000000e+00 1.000000000000000000e+00 2.000000000000000000e+01 4.000000000000000222e-01 9.389918107707629681e-05 1.331638056489630416e-04 2.342101071738714372e-05 3.602103369051627799e-05
5.000000000000000000e+00 1.000000000000000000e+00 2.000000000000000000e+01 5.999999999999999778e-01 7.533007821852044520e-05 1.042150993685103590e-04 1.677999813306610771e-05 1.978695706564242879e-05
5.000000000000000000e+00 1.000000000000000000e+00 2.000000000000000000e+01 8.000000000000000444e-01 5.773318578248817990e-05 7.761243427591418137e-05 1.271270787930909561e-05 1.492332340057880735e-05
5.000000000000000000e+00 1.000000000000000000e+00 2.000000000000000000e+01 1.000000000000000000e+00 5.175150269283976083e-03 5.410834130151349550e-03 4.144363391349012199e-04 3.674545651087555488e-04
