1.000000000000000000e+00 1.000000000000000000e+00 2.000000000000000000e+01 1.000000000000000056e-01 1.814142382427136975e-03 2.057090131137873264e-03 7.649898231834015338e-04 7.952042261606079125e-04
1.000000000000000000e+00 1.000000000000000000e+00 2.000000000000000000e+01 2.999999999999999889e-01 1.814142382427136975e-03 2.057090131137873264e-03 7.649898231834015338e-04 7.952042261606079125e-04
1.000000000000000000e+00 1.000000000000000000e+00 2.000000000000000000e+01 5.000000000000000000e-01 1.814142382427136975e-03 2.057090131137873264e-03 7.649898231834015338e-04 7.952042261606079125e-04
1.000000000000000000e+00 1.000000000000000000e+00 2.000000000000000000e+01 6.999999999999999556e-01 1.814142382427136975e-03 2.057090131137873264e-03 7.649898231834015338e-04 7.952042261606079125e-04
1.000000000000000000e+00 1.000000000000000000e+00 2.000000000000000000e+01 9.000000000000000222e-01 1.814142382427136975e-03 2.057090131137873264e-03 7.649898231834015338e-04 7.952042261606079125e-04
2.000000000000000000e+00 1.000000000000000000e+00 2.000000000000000000e+01 1.000000000000000056e-01 9.414223837682991758e-04 1.214892412693141131e-03 3.244023278296646754e-04 3.943279438123245529e-04
2.000000000000000000e+00 1.000000000000000000e+00 2.000000000000000000e+01 2.999999999999999889e-01 8.444520599929858243e-04 1.094718358423972960e-03 2.858246948776375874e-04 3.475174504746296445e-04
2.000000000000000000e+00 1.000000000000000000e+00 2.000000000000000000e+01 5.000000000000000000e-01 7.418686090495566843e-04 9.698788810842719210e-04 2.461471590417006533e-04 2.949558143989546434e-04
2.000000000000000000e+00 1.000000000000000000e+00 2.000000000000000000e+01 6.999999999999999556e-01 6.413814397468388818e-04 8.503884913011246650e-04 1.934210574610193312e-04 2.280882420202580711e-04
2.000000000000000000e+00 1.000000000000000000e+00 2.000000000000000000e+01 9.000000000000000222e-01 5.164655868714967350e-04 7.081094466031531741e-04 9.191817377865776071e-05 1.127393435209154683e-04
3.000000000000000000e+00 1.000000000000000000e+00 2.000000000000000000e+01 1.000000000000000056e-01 7.429426118237433775e-04 1.127315623418871475e-03 2.938725753381557873e-04 4.469388718933127252e-04
3.000000000000000000e+00 1.000000000000000000e+00 2.000000000000000000e+01 2.999999999999999889e-01 6.391154925413323681e-04 1.049613907795302926e-03 2.419765759060390055e-04 5.126023346974983635e-04
3.000000000000000000e+00 1.000000000000000000e+00 2.000000000000000000e+01 5.000000000000000000e-01 5.288488470948460394e-04 1.040066958141923738e-03 1.716763711258559050e-04 8.611700946024679728e-04
3.000000000000000000e+00 1.000000000000000000e+00 2.000000000000000000e+01 6.999999999999999556e-01 4.185830277939084918e-04 1.329569271503595277e-03 9.931199523552303383e-05 2.160970427884479923e-03
3.000000000000000000e+00 1.000000000000000000e+00 2.000000000000000000e+01 9.000000000000000222e-01 3.326972706549526223e-04 1.671372879832618398e-03 4.291392596480731283e-05 3.517149845798477493e-03
4.000000000000000000e+00 1.000000000000000000e+00 2.000000000000000000e+01 1.000000000000000056e-01 5.680292066848227454e-04 8.940610116264667475e-04 2.735782114020748434e-04 4.271073263176647589e-04
4.000000000000000000e+00 1.000000000000000000e+00 2.000000000000000000e+01 2.999999999999999889e-01 4.869389147759816544e-04 7.755961484967570244e-04 2.261498515683126704e-04 3.522094691273707683e-04
4.000000000000000000e+00 1.000000000000000000e+00 2.000000000000000000e+01 5.000000000000000000e-01 4.042168975134915261e-04 6.500700456556093810e-04 1.683584901146875938e-04 2.464012212078587130e-04
4.000000000000000000e+00 1.000000000000000000e+00 2.000000000000000000e+01 6.999999999999999556e-01 3.174245071342785972e-04 5.317657800474269491e-04 9.658198388217662010e-05 1.358982029283478373e-04
4.000000000000000000e+00 1.000000000000000000e+00 2.000000000000000000e+01 9.000000000000000222e-01 2.500140788545054536e-04 4.301017463803232768e-04 3.190561588032626432e-05 4.880366987263311219e-05
5.000000000000000000e+00 1.000000000000000000e+00 2.000000000000000000e+01 1.000000000000000056e-01 3.302573213037952892e-04 5.889304260682777601e-04 9.090741615466169079e-05 1.495053773141346611e-04
5.000000000000000000e+00 1.000000000000000000e+00 2.000000000000000000e+01 2.999999999999999889e-01 2.911092370825413235e-04 5.244991275334890801e-04 7.119642693264795371e-05 1.144295893815271424e-04
5.000000000000000000e+00 1.000000000000000000e+00 2.000000000000000000e+01 5.000000000000000000e-01 2.522997854558113313e-04 4.607289350388949281e-04 5.025185081451801785e-05 8.067879212233312869e-05
5.000000000000000000e+00 1.000000000000000000e+00 2.000000000000000000e+01 6.999999999999999556e-01 2.106868225731179051e-04 4.015469350306188163e-04 3.443373007988652742e-05 5.671155116538993912e-05
5.000000000000000000e+00 1.000000000000000000e+00 2.000000000000000000e+01 9.000000000000000222e-01 1.813627098580329936e-04 3.485788700173396339e-04 2.509950130274364480e-05 3.594519165288337148e-05
