1.000000000000000000e+00 1.000000000000000000e+00 2.000000000000000000e+01 1.000000000000000056e-01 1.050328302114841035e-05 1.193167788778018043e-05 1.365549793547118789e-07 9.762173427426435834e-08
1.000000000000000000e+00 1.000000000000000000e+00 2.000000000000000000e+01 2.999999999999999889e-01 1.050328302114841035e-05 1.193167788778018043e-05 1.365549793547118789e-07 9.762173427426435834e-08
1.000000000000000000e+00 1.000000000000000000e+00 2.000000000000000000e+01 5.000000000000000000e-01 1.050328302114841035e-05 1.193167788778018043e-05 1.365549793547118789e-07 9.762173427426435834e-08
1.000000000000000000e+00 1.000000000000000000e+00 2.000000000000000000e+01 6.999999999999999556e-01 1.050328302114841035e-05 1.193167788778018043e-05 1.365549793547118789e-07 9.762173427426435834e-08
1.000000000000000000e+00 1.000000000000000000e+00 2.000000000000000000e+01 9.000000000000000222e-01 1.050328302114841035e-05 1.193167788778018043e-05 1.365549793547118789e-07 9.762173427426435834e-08
2.000000000000000000e+00 1.000000000000000000e+00 2.000000000000000000e+01 1.000000000000000056e-01 1.002410201764161760e-05 1.226346565989824586e-05 1.260037327044844244e-07 1.962059343630523789e-07
2.000000000000000000e+00 1.000000000000000000e+00 2.000000000000000000e+01 2.999999999999999889e-01 9.981156989225211640e-06 1.212510755034673106e-05 1.061297422773371044e-07 2.444870336736489274e-07
2.000000000000000000e+00 1.000000000000000000e+00 2.000000000000000000e+01 5.000000000000000000e-01 9.959515886631225390e-06 1.201084486272949501e-05 1.747948776286523703e-07 3.180245632979470357e-07
2.000000000000000000e+00 1.000000000000000000e+00 2.000000000000000000e+01 6.999999999999999556e-01 9.957910922529792432e-06 1.191175745341036264e-05 2.688394205877937799e-07 3.189868327482386463e-07
2.000000000000000000e+00 1.000000000000000000e+00 2.000000000000000000e+01 9.000000000000000222e-01 9.912925738575012946e-06 1.174442819789856755e-05 2.449378215564715347e-07 3.228137761896021340e-07
3.000000000000000000e+00 1.000000000000000000e+00 2.000000000000000000e+01 1.000000000000000056e-01 9.626676340355718923e-06 1.306860859459975540e-05 1.290621332714703809e-07 9.154167846142731187e-07
3.000000000000000000e+00 1.000000000000000000e+00 2.000000000000000000e+01 2.999999999999999889e-01 9.578872139230822978e-06 1.314873828439751125e-05 9.318554602990253180e-08 1.546636252454731696e-06
3.000000000000000000e+00 1.000000000000000000e+00 2.000000000000000000e+01 5.000000000000000000e-01 9.519636988224704509e-06 1.310614936633286648e-05 1.482055836053547471e-07 2.176833308673954232e-06
3.000000000000000000e+00 1.000000000000000000e+00 2.000000000000000000e+01 6.999999999999999556e-01 9.410111499316757512e-06 1.290262920867043251e-05 2.148682604346441627e-07 2.616666479554274145e-06
3.000000000000000000e+00 1.000000000000000000e+00 2.000000000000000000e+01 9.000000000000000222e-01 9.370476963741001234e-06 1.288712702044177597e-05 2.678625529391804016e-07 3.662327917129381755e-06
4.000000000000000000e+00 1.000000000000000000e+00 2.000000000000000000e+01 1.000000000000000056e-01 9.153802995618900176e-06 1.340442382202143772e-05 1.009171131514891320e-07 3.646335576286425374e-07
4.000000000000000000e+00 1.000000000000000000e+00 2.000000000000000000e+01 2.999999999999999889e-01 9.140201432854968237e-06 1.317376329493762229e-05 1.070593362956821228e-07 3.154995732858484989e-07
4.000000000000000000e+00 1.000000000000000000e+00 2.000000000000000000e+01 5.000000000000000000e-01 9.058497434100485610e-06 1.282481447011825066e-05 1.638582927294643087e-07 3.783308427474329476e-07
4.000000000000000000e+00 1.000000000000000000e+00 2.000000000000000000e+01 6.999999999999999556e-01 8.938113612067487201e-06 1.240671089598308801e-05 1.868823185191253516e-07 4.470920291309821212e-07
4.000000000000000000e+00 1.000000000000000000e+00 2.000000000000000000e+01 9.000000000000000222e-01 8.937661217757497564e-06 1.196427797447693534e-05 1.442929692518362100e-07 4.981797764057181536e-07
5.000000000000000000e+00 1.000000000000000000e+00 2.000000000000000000e+01 1.000000000000000056e-01 8.857755382595543212e-06 1.370238209856613432e-05 6.452206389519087698e-08 3.642729932900575621e-07
5.000000000000000000e+00 1.000000000000000000e+00 2.000000000000000000e+01 2.999999999999999889e-01 8.817558736951373324e-06 1.337943575603349578e-05 1.011581289901449335e-07 4.288707104402892972e-07
5.000000000000000000e+00 1.000000000000000000e+00 2.000000000000000000e+01 5.000000000000000000e-01 8.723961450660863953e-06 1.293893571964434515e-05 1.418715133975185394e-07 4.194143886186184998e-07
5.000000000000000000e+00 1.000000000000000000e+00 2.000000000000000000e+01 6.999999999999999556e-01 8.658249856230785109e-06 1.248413822178513018e-05 1.300471621035031167e-07 2.981741098274599270e-07
5.000000000000000000e+00 1.000000000000000000e+00 2.000000000000000000e+01 9.000000000000000222e-01 8.719148756485740705e-06 1.195587164978014543e-05 7.153801044796831465e-08 2.003297064346341120e-07
