1.000000000000000000e+00 1.000000000000000000e+00 2.000000000000000000e+01 1.000000000000000056e-01 1.264890952828417363e-03 1.555519120205057495e-03 7.200580718800448678e-04 8.752241639479386342e-04
1.000000000000000000e+00 1.000000000000000000e+00 2.000000000000000000e+01 2.999999999999999889e-01 1.264890952828417363e-03 1.555519120205057495e-03 7.200580718800448678e-04 8.752241639479386342e-04
1.000000000000000000e+00 1.000000000000000000e+00 2.000000000000000000e+01 5.000000000000000000e-01 1.264890952828417363e-03 1.555519120205057495e-03 7.200580718800448678e-04 8.752241639479386342e-04
1.000000000000000000e+00 1.000000000000000000e+00 2.000000000000000000e+01 6.999999999999999556e-01 1.264890952828417363e-03 1.555519120205057495e-03 7.200580718800448678e-04 8.752241639479386342e-04
1.000000000000000000e+00 1.000000000000000000e+00 2.000000000000000000e+01 9.000000000000000222e-01 1.264890952828417363e-03 1.555519120205057495e-03 7.200580718800448678e-04 8.752241639479386342e-04
2.000000000000000000e+00 1.000000000000000000e+00 2.000000000000000000e+01 1.000000000000000056e-01 4.781698340523572038e-04 6.462543094778480483e-04 2.292083647804700496e-04 3.186018737147870510e-04
2.000000000000000000e+00 1.000000000000000000e+00 2.000000000000000000e+01 2.999999999999999889e-01 4.060746807972565975e-04 5.444155401689951702e-04 1.762423799221236387e-04 2.407272173817502289e-04
2.000000000000000000e+00 1.000000000000000000e+00 2.000000000000000000e+01 5.000000000000000000e-01 3.373688118371652011e-04 4.473762240295962866e-04 1.286911894427471932e-04 1.716980325767422969e-04
2.000000000000000000e+00 1.000000000000000000e+00 2.000000000000000000e+01 6.999999999999999556e-01 2.846447575789698469e-04 3.715867691892960544e-04 9.770247106698371354e-05 1.248674360709629719e-04
2.000000000000000000e+00 1.000000000000000000e+00 2.000000000000000000e+01 9.000000000000000222e-01 2.600890934477672342e-04 3.395246968691450823e-04 9.684127119341959873e-05 1.210801422755178368e-04
3.000000000000000000e+00 1.000000000000000000e+00 2.000000000000000000e+01 1.000000000000000056e-01 3.193326597931981292e-04 5.073349168325710359e-04 1.315442482821847282e-04 2.335557726050232347e-04
3.000000000000000000e+00 1.000000000000000000e+00 2.000000000000000000e+01 2.999999999999999889e-01 2.506833495317545854e-04 4.084793806267683343e-04 8.725530423547126521e-05 1.877393058124967988e-04
3.000000000000000000e+00 1.000000000000000000e+00 2.000000000000000000e+01 5.000000000000000000e-01 1.974048526568300522e-04 3.304022964508534881e-04 5.826559528122050142e-05 1.766185345089317667e-04
3.000000000000000000e+00 1.000000000000000000e+00 2.000000000000000000e+01 6.999999999999999556e-01 1.582302436179078915e-04 2.724994588834537992e-04 4.469593477679528097e-05 1.863111913294065135e-04
3.000000000000000000e+00 1.000000000000000000e+00 2.000000000000000000e+01 9.000000000000000222e-01 1.326300789136346963e-04 2.545150394562258013e-04 3.907351017667232818e-05 2.575141766330269182e-04
4.000000000000000000e+00 1.000000000000000000e+00 2.000000000000000000e+01 1.000000000000000056e-01 2.087505689035356411e-04 3.428916395342312983e-04 1.332124648256930030e-04 2.232005565650003629e-04
4.000000000000000000e+00 1.000000000000000000e+00 2.000000000000000000e+01 2.999999999999999889e-01 1.592220039453423857e-04 2.608676375028656227e-04 7.593453186834382283e-05 1.333096943780451283e-04
4.000000000000000000e+00 1.000000000000000000e+00 2.000000000000000000e+01 5.000000000000000000e-01 1.208522306154660692e-04 1.938167473281695924e-04 3.685926635337081732e-05 6.533528870052734863e-05
4.000000000000000000e+00 1.000000000000000000e+00 2.000000000000000000e+01 6.999999999999999556e-01 9.357709320652613102e-05 1.450694937494616482e-04 1.970678562942916132e-05 3.030059028612234773e-05
4.000000000000000000e+00 1.000000000000000000e+00 2.000000000000000000e+01 9.000000000000000222e-01 7.718124707798344438e-05 1.127156462678946351e-04 1.850725041527967932e-05 1.556547177764533226e-05
5.000000000000000000e+00 1.000000000000000000e+00 2.000000000000000000e+01 1.000000000000000056e-01 1.107680902725791464e-04 1.939977390054231057e-04 3.995658488566924298e-05 6.898372487818623007e-05
5.000000000000000000e+00 1.000000000000000000e+00 2.000000000000000000e+01 2.999999999999999889e-01 9.353586484752511566e-05 1.619645525911362976e-04 2.696704230528540854e-05 4.337490590408155550e-05
5.000000000000000000e+00 1.000000000000000000e+00 2.000000000000000000e+01 5.000000000000000000e-01 7.728874015134758299e-05 1.314495842882192425e-04 1.838233318537760448e-05 2.559569881349794805e-05
5.000000000000000000e+00 1.000000000000000000e+00 2.000000000000000000e+01 6.999999999999999556e-01 6.105822847501097520e-05 1.013321232108600376e-04 1.282590510889645710e-05 1.582948587404175536e-05
5.000000000000000000e+00 1.000000000000000000e+00 2.000000000000000000e+01 9.000000000000000222e-01 4.950470778357657245e-05 7.835661391824837066e-05 1.034728205516322816e-05 1.190452343985205004e-05
