1.000000000000000000e+00 1.000000000000000000e+00 2.000000000000000000e+01 0.000000000000000000e+00 6.896907254131782756e-04 8.506746021301050476e-04 5.896849615915798412e-04 6.985871512087062259e-04
1.000000000000000000e+00 1.000000000000000000e+00 2.000000000000000000e+01 2.000000000000000111e-01 6.896907254131782756e-04 8.506746021301050476e-04 5.896849615915798412e-04 6.985871512087062259e-04
1.000000000000000000e+00 1.000000000000000000e+00 2.000000000000000000e+01 4.000000000000000222e-01 6.896907254131782756e-04 8.506746021301050476e-04 5.896849615915798412e-04 6.985871512087062259e-04
1.000000000000000000e+00 1.000000000000000000e+00 2.000000000000000000e+01 5.999999999999999778e-01 6.896907254131782756e-04 8.506746021301050476e-04 5.896849615915798412e-04 6.985871512087062259e-04
1.000000000000000000e+00 1.000000000000000000e+00 2.000000000000000000e+01 8.000000000000000444e-01 6.896907254131782756e-04 8.506746021301050476e-04 5.896849615915798412e-04 6.985871512087062259e-04
1.000000000000000000e+00 1.000000000000000000e+00 2.000000000000000000e+01 1.000000000000000000e+00 6.896907254131782756e-04 8.506746021301050476e-04 5.896849615915798412e-04 6.985871512087062259e-04
2.000000000000000000e+00 1.000000000000000000e+00 2.000000000000000000e+01 0.000000000000000000e+00 1.489065811513373672e-04 2.099751869766751313e-04 5.961939436139792063e-05 8.543438754138752626e-05
2.000000000000000000e+00 1.000000000000000000e+00 2.000000000000000000e+01 2.000000000000000111e-01 1.293284066364081724e-04 1.787100258872264462e-04 4.653679352894463735e-05 6.256917307932355473e-05
2.000000000000000000e+00 1.000000000000000000e+00 2.000000000000000000e+01 4.000000000000000222e-01 1.111154059451747149e-04 1.506667723129854661e-04 4.321052149047963889e-05 5.556225995318604639e-05
2.000000000000000000e+00 1.000000000000000000e+00 2.000000000000000000e+01 5.999999999999999778e-01 9.283187252792331808e-05 1.239087166395816278e-04 3.878492780185157539e-05 4.921528671036398260e-05
2.000000000000000000e+00 1.000000000000000000e+00 2.000000000000000000e+01 8.000000000000000444e-01 8.052088093118115971e-05 1.053459275857891730e-04 3.215669423426890331e-05 4.115081085438486100e-05
2.000000000000000000e+00 1.000000000000000000e+00 2.000000000000000000e+01 1.000000000000000000e+00 4.681978087155611729e-02 7.084489352993305830e-03 1.230266734576622306e-01 3.458299593830135420e-05
3.000000000000000000e+00 1.000000000000000000e+00 2.000000000000000000e+01 0.000000000000000000e+00 7.647280296495850339e-05 1.190920047150777520e-04 2.297931948548387668e-05 4.665105441195258209e-05
3.000000000000000000e+00 1.000000000000000000e+00 2.000000000000000000e+01 2.000000000000000111e-01 5.915235645326327393e-05 1.024294746848391293e-04 1.962239302747187164e-05 7.341177570852335400e-05
3.000000000000000000e+00 1.000000000000000000e+00 2.000000000000000000e+01 4.000000000000000222e-01 4.570853872400856247e-05 9.975637568166310421e-05 1.748034189854294674e-05 1.203117900548872148e-04
3.000000000000000000e+00 1.000000000000000000e+00 2.000000000000000000e+01 5.999999999999999778e-01 3.538799158858264539e-05 9.219198895155950458e-05 1.719855314831780660e-05 1.429619977613289232e-04
3.000000000000000000e+00 1.000000000000000000e+00 2.000000000000000000e+01 8.000000000000000444e-01 3.064453795121062954e-05 5.695186587912576210e-05 1.928890433106400163e-05 6.450103376206272352e-05
3.000000000000000000e+00 1.000000000000000000e+00 2.000000000000000000e+01 1.000000000000000000e+00 1.123524462563401105e-01 1.157984872741175675e-01 3.196114422133428667e-01 3.261675225352348995e-01
4.000000000000000000e+00 1.000000000000000000e+00 2.000000000000000000e+01 0.000000000000000000e+00 3.893992599964289848e-05 6.880718695711255880e-05 1.986739160382074937e-05 4.037388889263673729e-05
4.000000000000000000e+00 1.000000000000000000e+00 2.000000000000000000e+01 2.000000000000000111e-01 2.916104906512474295e-05 5.055885186747563411e-05 1.012038747128472048e-05 2.048987599463994447e-05
4.000000000000000000e+00 1.000000000000000000e+00 2.000000000000000000e+01 4.000000000000000222e-01 2.151362157605181096e-05 3.736355776794104749e-05 4.914988972710910276e-06 1.031400531582820485e-05
4.000000000000000000e+00 1.000000000000000000e+00 2.000000000000000000e+01 5.999999999999999778e-01 1.553696655048137355e-05 2.658058034082445479e-05 3.075354042860742352e-06 5.480955189565959136e-06
4.000000000000000000e+00 1.000000000000000000e+00 2.000000000000000000e+01 8.000000000000000444e-01 1.096644456778151848e-05 1.843989968903622705e-05 2.629412611313712926e-06 4.678982283107302779e-06
4.000000000000000000e+00 1.000000000000000000e+00 2.000000000000000000e+01 1.000000000000000000e+00 5.815343500729883500e-03 7.226602690773245401e-03 5.774980900294610278e-06 2.921679630669244635e-04
5.000000000000000000e+00 1.000000000000000000e+00 2.000000000000000000e+01 0.000000000000000000e+00 2.066349653601648131e-05 3.847837507005301866e-05 1.212106706768087806e-05 2.368581261979379652e-05
5.000000000000000000e+00 1.000000000000000000e+00 2.000000000000000000e+01 2.000000000000000111e-01 1.579395260922139010e-05 2.833622662879971206e-05 7.357870900343215419e-06 1.493604258606695194e-05
5.000000000000000000e+00 1.000000000000000000e+00 2.000000000000000000e+01 4.000000000000000222e-01 1.175180888016290974e-05 2.040979416571821081e-05 4.312109801423408110e-06 8.228441294947637529e-06
5.000000000000000000e+00 1.000000000000000000e+00 2.000000000000000000e+01 5.999999999999999778e-01 8.739433064616165863e-06 1.479775926694139353e-05 2.868213007818316606e-06 4.813643674751766929e-06
5.000000000000000000e+00 1.000000000000000000e+00 2.000000000000000000e+01 8.000000000000000444e-01 6.190127427193615532e-06 1.031167406395119971e-05 1.812050454531823647e-06 2.633146853303420605e-06
5.000000000000000000e+00 1.000000000000000000e+00 2.000000000000000000e+01 1.000000000000000000e+00 5.837759206605214364e-03 7.062841807473710549e-03 7.040437430006274487e-05 2.771627304377937600e-05
