1.000000000000000000e+00 1.000000000000000000e+00 2.000000000000000000e+01 0.000000000000000000e+00 1.037991358465564296e-05 1.099849770009937003e-05 1.152581629210621752e-07 1.958243590010678429e-07
1.000000000000000000e+00 1.000000000000000000e+00 2.000000000000000000e+01 2.000000000000000111e-01 1.037991358465564296e-05 1.099849770009937003e-05 1.152581629210621752e-07 1.958243590010678429e-07
1.000000000000000000e+00 1.000000000000000000e+00 2.000000000000000000e+01 4.000000000000000222e-01 1.037991358465564296e-05 1.099849770009937003e-05 1.152581629210621752e-07 1.958243590010678429e-07
1.000000000000000000e+00 1.000000000000000000e+00 2.000000000000000000e+01 5.999999999999999778e-01 1.037991358465564296e-05 1.099849770009937003e-05 1.152581629210621752e-07 1.958243590010678429e-07
1.000000000000000000e+00 1.000000000000000000e+00 2.000000000000000000e+01 8.000000000000000444e-01 1.037991358465564296e-05 1.099849770009937003e-05 1.152581629210621752e-07 1.958243590010678429e-07
1.000000000000000000e+00 1.000000000000000000e+00 2.000000000000000000e+01 1.000000000000000000e+00 1.037991358465564296e-05 1.099849770009937003e-05 1.152581629210621752e-07 1.958243590010678429e-07
2.000000000000000000e+00 1.000000000000000000e+00 2.000000000000000000e+01 0.000000000000000000e+00 9.787016933757836961e-06 1.172101719954185493e-05 1.320911948343257627e-07 1.586924729837242067e-07
2.000000000000000000e+00 1.000000000000000000e+00 2.000000000000000000e+01 2.000000000000000111e-01 9.795059559173106408e-06 1.162207437925284314e-05 1.337893742254442655e-07 2.069557462936557834e-07
2.000000000000000000e+00 1.000000000000000000e+00 2.000000000000000000e+01 4.000000000000000222e-01 9.750260353927778185e-06 1.151909595787776501e-05 2.019353911732008771e-07 2.336081611784060612e-07
2.000000000000000000e+00 1.000000000000000000e+00 2.000000000000000000e+01 5.999999999999999778e-01 9.700921452722398026e-06 1.143132259808500077e-05 2.911216791520046464e-07 2.683046352720884948e-07
2.000000000000000000e+00 1.000000000000000000e+00 2.000000000000000000e+01 8.000000000000000444e-01 9.688417449536783777e-06 1.121433701758997566e-05 3.307546159489758299e-07 2.398777589003037175e-07
2.000000000000000000e+00 1.000000000000000000e+00 2.000000000000000000e+01 1.000000000000000000e+00 7.087316696907201570e-05 6.699955356818932100e-05 1.340624433443364610e-07 1.127835006204239982e-08
3.000000000000000000e+00 1.000000000000000000e+00 2.000000000000000000e+01 0.000000000000000000e+00 9.397042740345764371e-06 1.233116837671603194e-05 1.019202044858211874e-07 4.721544744843773587e-07
3.000000000000000000e+00 1.000000000000000000e+00 2.000000000000000000e+01 2.000000000000000111e-01 9.360139824700952805e-06 1.223470371028128191e-05 7.913763210315821577e-08 7.361822007562271557e-07
3.000000000000000000e+00 1.000000000000000000e+00 2.000000000000000000e+01 4.000000000000000222e-01 9.366127777860051271e-06 1.214654839895678989e-05 1.453344840827746586e-07 8.378013684374188623e-07
3.000000000000000000e+00 1.000000000000000000e+00 2.000000000000000000e+01 5.999999999999999778e-01 9.189048576117867653e-06 1.215923504886975171e-05 2.125396964550340452e-07 1.751251908388189589e-06
3.000000000000000000e+00 1.000000000000000000e+00 2.000000000000000000e+01 8.000000000000000444e-01 9.078546852333766243e-06 1.199372750341361928e-05 2.919079210462544050e-07 1.903499621318711889e-06
3.000000000000000000e+00 1.000000000000000000e+00 2.000000000000000000e+01 1.000000000000000000e+00 4.990388481513532981e-02 5.426945896103620159e-02 1.494991728352992044e-01 1.626067908971514098e-01
4.000000000000000000e+00 1.000000000000000000e+00 2.000000000000000000e+01 0.000000000000000000e+00 9.045813260828000217e-06 1.290921926748333872e-05 1.586309427008582622e-07 5.754584805487330212e-07
4.000000000000000000e+00 1.000000000000000000e+00 2.000000000000000000e+01 2.000000000000000111e-01 8.972656131041749280e-06 1.260790936372140039e-05 1.873913995883161353e-07 4.137021523958408134e-07
4.000000000000000000e+00 1.000000000000000000e+00 2.000000000000000000e+01 4.000000000000000222e-01 8.838217320867409674e-06 1.239921644455361115e-05 1.719719343954037397e-07 3.015412239408963491e-07
4.000000000000000000e+00 1.000000000000000000e+00 2.000000000000000000e+01 5.999999999999999778e-01 8.682089005439135008e-06 1.218679929954827939e-05 1.875226868332281666e-07 2.998688082145513958e-07
4.000000000000000000e+00 1.000000000000000000e+00 2.000000000000000000e+01 8.000000000000000444e-01 8.584492496530388763e-06 1.189300836819192005e-05 1.623565647840316781e-07 2.960605972267753506e-07
4.000000000000000000e+00 1.000000000000000000e+00 2.000000000000000000e+01 1.000000000000000000e+00 7.082939523353933280e-05 6.730641198294715598e-05 1.773535473599854149e-07 6.294122318764198710e-07
5.000000000000000000e+00 1.000000000000000000e+00 2.000000000000000000e+01 0.000000000000000000e+00 8.539876081458731995e-06 1.320791617565384349e-05 1.570275398802962655e-07 3.324459034679300143e-07
5.000000000000000000e+00 1.000000000000000000e+00 2.000000000000000000e+01 2.000000000000000111e-01 8.497547856958021704e-06 1.308172193489740408e-05 1.754302718392062109e-07 3.808130256286157028e-07
5.000000000000000000e+00 1.000000000000000000e+00 2.000000000000000000e+01 4.000000000000000222e-01 8.418905419856949425e-06 1.286432075737021315e-05 1.828193196074261828e-07 3.398159711952901471e-07
5.000000000000000000e+00 1.000000000000000000e+00 2.000000000000000000e+01 5.999999999999999778e-01 8.287250136583121840e-06 1.265092645505744684e-05 1.551500137009354113e-07 3.532604087244269125e-07
5.000000000000000000e+00 1.000000000000000000e+00 2.000000000000000000e+01 8.000000000000000444e-01 8.228807997001476369e-06 1.227986986755193176e-05 1.293493038056601421e-07 2.960835197745039992e-07
5.000000000000000000e+00 1.000000000000000000e+00 2.000000000000000000e+01 1.000000000000000000e+00 7.091133595438461781e-05 6.808172670197519419e-05 1.276513642203103376e-07 2.893354923925361229e-06
