5.000000000000000000e+00 1.000000000000000000e+00 7.812500000000000000e-03 0.000000000000000000e+00 1.428027379371242800e+00 1.248337726137253856e-01
5.000000000000000000e+00 1.000000000000000000e+00 1.562500000000000000e-02 0.000000000000000000e+00 7.767732549679994269e-01 1.493074065539098660e-01
5.000000000000000000e+00 1.000000000000000000e+00 3.125000000000000000e-02 0.000000000000000000e+00 3.285121638934949684e-01 1.415313508006364740e-01
5.000000000000000000e+00 1.000000000000000000e+00 6.250000000000000000e-02 0.000000000000000000e+00 1.047237813144916985e-01 1.135976173970711794e-01
5.000000000000000000e+00 1.000000000000000000e+00 1.250000000000000000e-01 0.000000000000000000e+00 1.418535382321287931e-02 3.088731952275690362e-02
5.000000000000000000e+00 1.000000000000000000e+00 2.500000000000000000e-01 0.000000000000000000e+00 1.019536654531776195e-04 2.898692920352649474e-04
5.000000000000000000e+00 1.000000000000000000e+00 5.000000000000000000e-01 0.000000000000000000e+00 2.367255363420636251e-11 7.087242930518590541e-11
5.000000000000000000e+00 1.000000000000000000e+00 1.000000000000000000e+00 0.000000000000000000e+00 9.855538211768780303e-16 3.565358794847555723e-16
5.000000000000000000e+00 1.000000000000000000e+00 2.000000000000000000e+00 0.000000000000000000e+00 1.243716446579845298e-15 3.019504113675324165e-16
5.000000000000000000e+00 1.000000000000000000e+00 4.000000000000000000e+00 0.000000000000000000e+00 1.284114686635393281e-15 2.963920786454353438e-16
5.000000000000000000e+00 1.000000000000000000e+00 8.000000000000000000e+00 0.000000000000000000e+00 1.578043966682146066e-15 5.544897282726761548e-16
5.000000000000000000e+00 1.000000000000000000e+00 1.600000000000000000e+01 0.000000000000000000e+00 3.330062042402905369e-15 2.000422707045383580e-15
5.000000000000000000e+00 1.000000000000000000e+00 3.200000000000000000e+01 0.000000000000000000e+00 5.111634042438839868e-15 2.646930251698333273e-15
5.000000000000000000e+00 1.000000000000000000e+00 6.400000000000000000e+01 0.000000000000000000e+00 9.616202181848215850e-15 4.125829438753684506e-15
5.000000000000000000e+00 1.000000000000000000e+00 1.280000000000000000e+02 0.000000000000000000e+00 1.728078850392801296e-14 7.635143435138095453e-15
