5.000000000000000000e+00 1.000000000000000000e+00 7.812500000000000000e-03 9.000000000000000222e-01 2.124220871714012304e+00 1.757529584504028408e-01
5.000000000000000000e+00 1.000000000000000000e+00 1.562500000000000000e-02 9.000000000000000222e-01 1.922295961460660507e+00 1.492725573379796444e-01
5.000000000000000000e+00 1.000000000000000000e+00 3.125000000000000000e-02 9.000000000000000222e-01 1.460802214393041032e+00 1.345309776835886817e-01
5.000000000000000000e+00 1.000000000000000000e+00 6.250000000000000000e-02 9.000000000000000222e-01 7.917849009423566509e-01 1.544886134247006326e-01
5.000000000000000000e+00 1.000000000000000000e+00 1.250000000000000000e-01 9.000000000000000222e-01 3.348867446487325261e-01 1.454219265641617242e-01
5.000000000000000000e+00 1.000000000000000000e+00 2.500000000000000000e-01 9.000000000000000222e-01 1.048730897634008175e-01 1.132299291508342687e-01
5.000000000000000000e+00 1.000000000000000000e+00 5.000000000000000000e-01 9.000000000000000222e-01 1.433653360228747189e-02 3.084862817323198725e-02
5.000000000000000000e+00 1.000000000000000000e+00 1.000000000000000000e+00 9.000000000000000222e-01 1.005614334053150699e-04 2.844713581684679281e-04
5.000000000000000000e+00 1.000000000000000000e+00 2.000000000000000000e+00 9.000000000000000222e-01 2.316126453804155531e-11 6.938770839956228017e-11
5.000000000000000000e+00 1.000000000000000000e+00 4.000000000000000000e+00 9.000000000000000222e-01 3.405550827288012208e-16 4.728295221637865044e-17
5.000000000000000000e+00 1.000000000000000000e+00 8.000000000000000000e+00 9.000000000000000222e-01 3.425330827794135502e-16 3.775262563480690818e-17
5.000000000000000000e+00 1.000000000000000000e+00 1.600000000000000000e+01 9.000000000000000222e-01 3.447951525705544739e-16 2.835449969401589676e-17
5.000000000000000000e+00 1.000000000000000000e+00 3.200000000000000000e+01 9.000000000000000222e-01 3.485546168339151584e-16 4.794695388277454231e-17
5.000000000000000000e+00 1.000000000000000000e+00 6.400000000000000000e+01 9.000000000000000222e-01 4.679969429274234460e-16 1.576292511495356511e-16
5.000000000000000000e+00 1.000000000000000000e+00 1.280000000000000000e+02 9.000000000000000222e-01 6.368877317814870432e-16 2.642015735462495012e-16
