5.000000000000000000e+00 1.000000000000000000e+00 7.812500000000000000e-03 0.000000000000000000e+00 2.085510944295521529e+00 1.596441721950263570e-01
5.000000000000000000e+00 1.000000000000000000e+00 1.562500000000000000e-02 0.000000000000000000e+00 1.885353426581592773e+00 1.314097031292966455e-01
5.000000000000000000e+00 1.000000000000000000e+00 3.125000000000000000e-02 0.000000000000000000e+00 1.424137698439755795e+00 1.261719136349711556e-01
5.000000000000000000e+00 1.000000000000000000e+00 6.250000000000000000e-02 0.000000000000000000e+00 7.768516323585158423e-01 1.471961315808993365e-01
5.000000000000000000e+00 1.000000000000000000e+00 1.250000000000000000e-01 0.000000000000000000e+00 3.285669629492654620e-01 1.432792852681400719e-01
5.000000000000000000e+00 1.000000000000000000e+00 2.500000000000000000e-01 0.000000000000000000e+00 1.043483364756369325e-01 1.137205981026883223e-01
5.000000000000000000e+00 1.000000000000000000e+00 5.000000000000000000e-01 0.000000000000000000e+00 1.434785038088330113e-02 3.083950030855009752e-02
5.000000000000000000e+00 1.000000000000000000e+00 1.000000000000000000e+00 0.000000000000000000e+00 1.010095704101335366e-04 2.865388677224385799e-04
5.000000000000000000e+00 1.000000000000000000e+00 2.000000000000000000e+00 0.000000000000000000e+00 2.335373334880293435e-11 6.988836891157536110e-11
5.000000000000000000e+00 1.000000000000000000e+00 4.000000000000000000e+00 0.000000000000000000e+00 1.008580276871118767e-15 3.571538505734134689e-16
5.000000000000000000e+00 1.000000000000000000e+00 8.000000000000000000e+00 0.000000000000000000e+00 1.246207290394686916e-15 2.849235493668473248e-16
5.000000000000000000e+00 1.000000000000000000e+00 1.600000000000000000e+01 0.000000000000000000e+00 1.312661285200721990e-15 3.251002110898686404e-16
5.000000000000000000e+00 1.000000000000000000e+00 3.200000000000000000e+01 0.000000000000000000e+00 1.514668995854616802e-15 5.018427408936289160e-16
5.000000000000000000e+00 1.000000000000000000e+00 6.400000000000000000e+01 0.000000000000000000e+00 3.398821866773393962e-15 2.036203920277242718e-15
5.000000000000000000e+00 1.000000000000000000e+00 1.280000000000000000e+02 0.000000000000000000e+00 5.049305983187426344e-15 2.674913878678123535e-15
