5.000000000000000000e+00 1.000000000000000000e+00 7.812500000000000000e-03 0.000000000000000000e+00 3.285498384923438153e-01 1.418154638274828350e-01
5.000000000000000000e+00 1.000000000000000000e+00 1.562500000000000000e-02 0.000000000000000000e+00 1.045680664922173514e-01 1.138158362712245047e-01
5.000000000000000000e+00 1.000000000000000000e+00 3.125000000000000000e-02 0.000000000000000000e+00 1.432976717640365751e-02 3.106965505452862625e-02
5.000000000000000000e+00 1.000000000000000000e+00 6.250000000000000000e-02 0.000000000000000000e+00 1.023410473456276370e-04 2.909480547319127073e-04
5.000000000000000000e+00 1.000000000000000000e+00 1.250000000000000000e-01 0.000000000000000000e+00 2.288495718645847000e-11 6.851950071909979321e-11
5.000000000000000000e+00 1.000000000000000000e+00 2.500000000000000000e-01 0.000000000000000000e+00 1.046822329747478222e-15 4.259719116181436829e-16
5.000000000000000000e+00 1.000000000000000000e+00 5.000000000000000000e-01 0.000000000000000000e+00 1.235885650475371966e-15 3.709538564761069993e-16
5.000000000000000000e+00 1.000000000000000000e+00 1.000000000000000000e+00 0.000000000000000000e+00 1.301588042474008879e-15 3.260250677428721735e-16
5.000000000000000000e+00 1.000000000000000000e+00 2.000000000000000000e+00 0.000000000000000000e+00 1.541076110221878072e-15 5.359810112620886028e-16
5.000000000000000000e+00 1.000000000000000000e+00 4.000000000000000000e+00 0.000000000000000000e+00 3.428142029480615318e-15 2.036495682235295601e-15
5.000000000000000000e+00 1.000000000000000000e+00 8.000000000000000000e+00 0.000000000000000000e+00 5.113961777410735706e-15 2.602956849576276946e-15
5.000000000000000000e+00 1.000000000000000000e+00 1.600000000000000000e+01 0.000000000000000000e+00 9.652198936001608340e-15 4.116975756924683416e-15
5.000000000000000000e+00 1.000000000000000000e+00 3.200000000000000000e+01 0.000000000000000000e+00 1.759959356613271141e-14 7.797772460999369273e-15
5.000000000000000000e+00 1.000000000000000000e+00 6.400000000000000000e+01 0.000000000000000000e+00 4.091288912315729571e-14 3.206264463144216695e-14
5.000000000000000000e+00 1.000000000000000000e+00 1.280000000000000000e+02 0.000000000000000000e+00 7.825505469576053189e-14 5.887733009502543855e-14
