5.000000000000000000e+00 1.000000000000000000e+00 7.812500000000000000e-03 9.000000000000000222e-01 7.931821481534192531e-01 1.533663791052075065e-01
5.000000000000000000e+00 1.000000000000000000e+00 1.562500000000000000e-02 9.000000000000000222e-01 3.328010332494498735e-01 1.417857041400229501e-01
5.000000000000000000e+00 1.000000000000000000e+00 3.125000000000000000e-02 9.000000000000000222e-01 1.064069957682851342e-01 1.160422453896147593e-01
5.000000000000000000e+00 1.000000000000000000e+00 6.250000000000000000e-02 9.000000000000000222e-01 1.426180182617361666e-02 3.069121831512067536e-02
5.000000000000000000e+00 1.000000000000000000e+00 1.250000000000000000e-01 9.000000000000000222e-01 1.011278805984616453e-04 2.864436090806812851e-04
5.000000000000000000e+00 1.000000000000000000e+00 2.500000000000000000e-01 9.000000000000000222e-01 2.310022709975612869e-11 6.921338200807872409e-11
5.000000000000000000e+00 1.000000000000000000e+00 5.000000000000000000e-01 9.000000000000000222e-01 3.386573494364038962e-16 4.405205087900393890e-17
5.000000000000000000e+00 1.000000000000000000e+00 1.000000000000000000e+00 9.000000000000000222e-01 3.367962662524457171e-16 3.029860180192541654e-17
5.000000000000000000e+00 1.000000000000000000e+00 2.000000000000000000e+00 9.000000000000000222e-01 3.407106813534607289e-16 3.159659672719719738e-17
5.000000000000000000e+00 1.000000000000000000e+00 4.000000000000000000e+00 9.000000000000000222e-01 3.480730419831389741e-16 4.620122960405143190e-17
5.000000000000000000e+00 1.000000000000000000e+00 8.000000000000000000e+00 9.000000000000000222e-01 4.692258678739037878e-16 1.490887933273660376e-16
5.000000000000000000e+00 1.000000000000000000e+00 1.600000000000000000e+01 9.000000000000000222e-01 6.433703268184752371e-16 2.744550022086926391e-16
5.000000000000000000e+00 1.000000000000000000e+00 3.200000000000000000e+01 9.000000000000000222e-01 1.108677965744677864e-15 4.719473226434714108e-16
5.000000000000000000e+00 1.000000000000000000e+00 6.400000000000000000e+01 9.000000000000000222e-01 1.893165885277715234e-15 9.405989670680542104e-16
5.000000000000000000e+00 1.000000000000000000e+00 1.280000000000000000e+02 9.000000000000000222e-01 4.584265355075121537e-15 4.067418979997472806e-15
