5.000000000000000000e+00 1.000000000000000000e+00 7.812500000000000000e-03 9.000000000000000222e-01 3.338637788532283213e-01 1.439127651861571433e-01
5.000000000000000000e+00 1.000000000000000000e+00 1.562500000000000000e-02 9.000000000000000222e-01 1.057608214866088137e-01 1.157709112745186480e-01
5.000000000000000000e+00 1.000000000000000000e+00 3.125000000000000000e-02 9.000000000000000222e-01 1.453185913374726093e-02 3.153038314127600689e-02
5.000000000000000000e+00 1.000000000000000000e+00 6.250000000000000000e-02 9.000000000000000222e-01 1.006876749509232971e-04 2.854196182873699507e-04
5.000000000000000000e+00 1.000000000000000000e+00 1.250000000000000000e-01 9.000000000000000222e-01 2.298781710592569535e-11 6.886991005594301659e-11
5.000000000000000000e+00 1.000000000000000000e+00 2.500000000000000000e-01 9.000000000000000222e-01 3.382101468128566938e-16 4.872434646242699117e-17
5.000000000000000000e+00 1.000000000000000000e+00 5.000000000000000000e-01 9.000000000000000222e-01 3.396440335362814055e-16 3.451257976531984312e-17
5.000000000000000000e+00 1.000000000000000000e+00 1.000000000000000000e+00 9.000000000000000222e-01 3.441077154352127389e-16 3.496864030782334538e-17
5.000000000000000000e+00 1.000000000000000000e+00 2.000000000000000000e+00 9.000000000000000222e-01 3.497680719745880823e-16 4.338999613114449845e-17
5.000000000000000000e+00 1.000000000000000000e+00 4.000000000000000000e+00 9.000000000000000222e-01 4.588543437309765781e-16 1.434891722339908683e-16
5.000000000000000000e+00 1.000000000000000000e+00 8.000000000000000000e+00 9.000000000000000222e-01 6.312136105735011844e-16 2.607849145562530421e-16
5.000000000000000000e+00 1.000000000000000000e+00 1.600000000000000000e+01 9.000000000000000222e-01 1.111590229181149109e-15 4.721770532587888877e-16
5.000000000000000000e+00 1.000000000000000000e+00 3.200000000000000000e+01 9.000000000000000222e-01 1.913244163088878694e-15 9.259273159515697092e-16
5.000000000000000000e+00 1.000000000000000000e+00 6.400000000000000000e+01 9.000000000000000222e-01 4.596248806693588033e-15 4.126645341450390355e-15
5.000000000000000000e+00 1.000000000000000000e+00 1.280000000000000000e+02 9.000000000000000222e-01 8.126231230433950104e-15 6.160516088654671958e-15
