5.000000000000000000e+00 1.000000000000000000e+00 7.812500000000000000e-03 1.600000000000000000e+01 9.000000000000000222e-01 1.413945406520785916e-02 3.023333794797477062e-02
5.000000000000000000e+00 1.000000000000000000e+00 1.562500000000000000e-02 1.600000000000000000e+01 9.000000000000000222e-01 1.013344407841921483e-04 2.873675443339846402e-04
5.000000000000000000e+00 1.000000000000000000e+00 3.125000000000000000e-02 1.600000000000000000e+01 9.000000000000000222e-01 2.308677249976035270e-11 6.916985071618891954e-11
5.000000000000000000e+00 1.000000000000000000e+00 6.250000000000000000e-02 1.600000000000000000e+01 9.000000000000000222e-01 3.341386547642917022e-16 3.991357488640494318e-17
5.000000000000000000e+00 1.000000000000000000e+00 1.250000000000000000e-01 1.600000000000000000e+01 9.000000000000000222e-01 3.389771492330784588e-16 3.215533580676641775e-17
5.000000000000000000e+00 1.000000000000000000e+00 2.500000000000000000e-01 1.600000000000000000e+01 9.000000000000000222e-01 3.448391139167136831e-16 3.171926436059678410e-17
5.000000000000000000e+00 1.000000000000000000e+00 5.000000000000000000e-01 1.600000000000000000e+01 9.000000000000000222e-01 3.465286577756054463e-16 3.769486680435599697e-17
5.000000000000000000e+00 1.000000000000000000e+00 1.000000000000000000e+00 1.600000000000000000e+01 9.000000000000000222e-01 4.693941490688685859e-16 1.414242453687561495e-16
5.000000000000000000e+00 1.000000000000000000e+00 2.000000000000000000e+00 1.600000000000000000e+01 9.000000000000000222e-01 6.301769587824658387e-16 2.626396662426131804e-16
5.000000000000000000e+00 1.000000000000000000e+00 4.000000000000000000e+00 1.600000000000000000e+01 9.000000000000000222e-01 1.098859609592709875e-15 4.571160207538075233e-16
5.000000000000000000e+00 1.000000000000000000e+00 8.000000000000000000e+00 1.600000000000000000e+01 9.000000000000000222e-01 1.903612961259122627e-15 9.149664404467540243e-16
5.000000000000000000e+00 1.000000000000000000e+00 1.600000000000000000e+01 1.600000000000000000e+01 9.000000000000000222e-01 4.449812629831176609e-15 3.777503176209882842e-15
5.000000000000000000e+00 1.000000000000000000e+00 3.200000000000000000e+01 1.600000000000000000e+01 9.000000000000000222e-01 8.120368998273342074e-15 6.203897451284240466e-15
5.000000000000000000e+00 1.000000000000000000e+00 6.400000000000000000e+01 1.600000000000000000e+01 9.000000000000000222e-01 1.437284656529869179e-14 1.030180669578275025e-14
5.000000000000000000e+00 1.000000000000000000e+00 1.280000000000000000e+02 1.600000000000000000e+01 9.000000000000000222e-01 2.629355351709307440e-14 1.493826894874230472e-14
