5.000000000000000000e+00 1.000000000000000000e+00 7.812500000000000000e-03 0.000000000000000000e+00 1.045300269875448496e-01 1.141243383005291073e-01
5.000000000000000000e+00 1.000000000000000000e+00 1.562500000000000000e-02 0.000000000000000000e+00 1.431964398566837326e-02 3.103426615382936724e-02
5.000000000000000000e+00 1.000000000000000000e+00 3.125000000000000000e-02 0.000000000000000000e+00 1.000367554671790783e-04 2.836974018122154629e-04
5.000000000000000000e+00 1.000000000000000000e+00 6.250000000000000000e-02 0.000000000000000000e+00 2.365955475890851751e-11 7.081661114793561342e-11
5.000000000000000000e+00 1.000000000000000000e+00 1.250000000000000000e-01 0.000000000000000000e+00 1.006086680798034323e-15 3.629335518518248583e-16
5.000000000000000000e+00 1.000000000000000000e+00 2.500000000000000000e-01 0.000000000000000000e+00 1.270573657559233187e-15 3.856144368498023117e-16
5.000000000000000000e+00 1.000000000000000000e+00 5.000000000000000000e-01 0.000000000000000000e+00 1.227233150685351163e-15 3.356706252195268508e-16
5.000000000000000000e+00 1.000000000000000000e+00 1.000000000000000000e+00 0.000000000000000000e+00 1.512637103456082448e-15 5.373682614432621562e-16
5.000000000000000000e+00 1.000000000000000000e+00 2.000000000000000000e+00 0.000000000000000000e+00 3.332900802912661458e-15 2.019240549510371342e-15
5.000000000000000000e+00 1.000000000000000000e+00 4.000000000000000000e+00 0.000000000000000000e+00 4.933602303094937910e-15 2.693445365301048709e-15
5.000000000000000000e+00 1.000000000000000000e+00 8.000000000000000000e+00 0.000000000000000000e+00 9.495957660137400058e-15 3.974773785229631697e-15
5.000000000000000000e+00 1.000000000000000000e+00 1.600000000000000000e+01 0.000000000000000000e+00 1.749781114678431504e-14 7.770362506086172969e-15
5.000000000000000000e+00 1.000000000000000000e+00 3.200000000000000000e+01 0.000000000000000000e+00 4.061375401183710025e-14 3.133566852260289951e-14
5.000000000000000000e+00 1.000000000000000000e+00 6.400000000000000000e+01 0.000000000000000000e+00 7.780856081900314703e-14 5.756160263633160579e-14
5.000000000000000000e+00 1.000000000000000000e+00 1.280000000000000000e+02 0.000000000000000000e+00 1.418031328493261502e-13 9.269716199898232383e-14
