5.000000000000000000e+00 1.000000000000000000e+00 7.812500000000000000e-03 9.000000000000000222e-01 2.234623673526185073e+00 3.028760424911571825e-01
5.000000000000000000e+00 1.000000000000000000e+00 1.562500000000000000e-02 9.000000000000000222e-01 2.172586684798230028e+00 1.403056649423560787e-01
5.000000000000000000e+00 1.000000000000000000e+00 3.125000000000000000e-02 9.000000000000000222e-01 2.125144855793661858e+00 1.764767136058764674e-01
5.000000000000000000e+00 1.000000000000000000e+00 6.250000000000000000e-02 9.000000000000000222e-01 1.920644044369613113e+00 1.417467310488850496e-01
5.000000000000000000e+00 1.000000000000000000e+00 1.250000000000000000e-01 9.000000000000000222e-01 1.458036480025736381e+00 1.341745538188386377e-01
5.000000000000000000e+00 1.000000000000000000e+00 2.500000000000000000e-01 9.000000000000000222e-01 7.944424424202642943e-01 1.551433436468461768e-01
5.000000000000000000e+00 1.000000000000000000e+00 5.000000000000000000e-01 9.000000000000000222e-01 3.335732831526551645e-01 1.441519873368287685e-01
5.000000000000000000e+00 1.000000000000000000e+00 1.000000000000000000e+00 9.000000000000000222e-01 1.053558355781129829e-01 1.135010405573104036e-01
5.000000000000000000e+00 1.000000000000000000e+00 2.000000000000000000e+00 9.000000000000000222e-01 1.424856500843629803e-02 3.059988375039372072e-02
5.000000000000000000e+00 1.000000000000000000e+00 4.000000000000000000e+00 9.000000000000000222e-01 1.007202961495052396e-04 2.852748393742471030e-04
5.000000000000000000e+00 1.000000000000000000e+00 8.000000000000000000e+00 9.000000000000000222e-01 2.303244694265582112e-11 6.899938708370386261e-11
5.000000000000000000e+00 1.000000000000000000e+00 1.600000000000000000e+01 9.000000000000000222e-01 3.391442291119318510e-16 5.327428408857739331e-17
5.000000000000000000e+00 1.000000000000000000e+00 3.200000000000000000e+01 9.000000000000000222e-01 3.407248913293031017e-16 3.025395103168047236e-17
5.000000000000000000e+00 1.000000000000000000e+00 6.400000000000000000e+01 9.000000000000000222e-01 3.436298578302439475e-16 2.563444180447686881e-17
5.000000000000000000e+00 1.000000000000000000e+00 1.280000000000000000e+02 9.000000000000000222e-01 3.521138897772803150e-16 4.406808908664131862e-17
