5.000000000000000000e+00 1.000000000000000000e+00 7.812500000000000000e-03 1.000000000000000000e+00 9.000000000000000222e-01 1.460687423692998532e+00 1.385287898703364273e-01
5.000000000000000000e+00 1.000000000000000000e+00 1.562500000000000000e-02 1.000000000000000000e+00 9.000000000000000222e-01 7.917608460804014259e-01 1.527313520886276477e-01
5.000000000000000000e+00 1.000000000000000000e+00 3.125000000000000000e-02 1.000000000000000000e+00 9.000000000000000222e-01 3.319048664751138022e-01 1.416532757365356332e-01
5.000000000000000000e+00 1.000000000000000000e+00 6.250000000000000000e-02 1.000000000000000000e+00 9.000000000000000222e-01 1.060193161630825776e-01 1.158386105313948811e-01
5.000000000000000000e+00 1.000000000000000000e+00 1.250000000000000000e-01 1.000000000000000000e+00 9.000000000000000222e-01 1.423429890624258384e-02 3.045190133132479396e-02
5.000000000000000000e+00 1.000000000000000000e+00 2.500000000000000000e-01 1.000000000000000000e+00 9.000000000000000222e-01 1.034908678897448667e-04 2.939160033502404099e-04
5.000000000000000000e+00 1.000000000000000000e+00 5.000000000000000000e-01 1.000000000000000000e+00 9.000000000000000222e-01 2.228415524688679178e-11 6.676331938396340500e-11
5.000000000000000000e+00 1.000000000000000000e+00 1.000000000000000000e+00 1.000000000000000000e+00 9.000000000000000222e-01 3.422148466088982428e-16 4.931609184136481427e-17
5.000000000000000000e+00 1.000000000000000000e+00 2.000000000000000000e+00 1.000000000000000000e+00 9.000000000000000222e-01 3.385153343940443627e-16 3.361707292612244795e-17
5.000000000000000000e+00 1.000000000000000000e+00 4.000000000000000000e+00 1.000000000000000000e+00 9.000000000000000222e-01 3.430014643604034945e-16 2.998424083478157396e-17
5.000000000000000000e+00 1.000000000000000000e+00 8.000000000000000000e+00 1.000000000000000000e+00 9.000000000000000222e-01 3.503990592184716612e-16 4.340070275768116513e-17
5.000000000000000000e+00 1.000000000000000000e+00 1.600000000000000000e+01 1.000000000000000000e+00 9.000000000000000222e-01 4.670281865656362143e-16 1.394901840261489602e-16
5.000000000000000000e+00 1.000000000000000000e+00 3.200000000000000000e+01 1.000000000000000000e+00 9.000000000000000222e-01 6.385898019497605702e-16 2.628088837397847725e-16
5.000000000000000000e+00 1.000000000000000000e+00 6.400000000000000000e+01 1.000000000000000000e+00 9.000000000000000222e-01 1.106873715857118377e-15 4.772078156015220368e-16
5.000000000000000000e+00 1.000000000000000000e+00 1.280000000000000000e+02 1.000000000000000000e+00 9.000000000000000222e-01 1.912129970370225614e-15 9.377313398794055614e-16
