5.000000000000000000e+00 1.000000000000000000e+00 7.812500000000000000e-03 9.000000000000000222e-01 1.915758539301515073e+00 1.443937879911529887e-01
5.000000000000000000e+00 1.000000000000000000e+00 1.562500000000000000e-02 9.000000000000000222e-01 1.458612694193122117e+00 1.342756653898886654e-01
5.000000000000000000e+00 1.000000000000000000e+00 3.125000000000000000e-02 9.000000000000000222e-01 7.937500445010987615e-01 1.526190852894793448e-01
5.000000000000000000e+00 1.000000000000000000e+00 6.250000000000000000e-02 9.000000000000000222e-01 3.324707182305760567e-01 1.443112125679782698e-01
5.000000000000000000e+00 1.000000000000000000e+00 1.250000000000000000e-01 9.000000000000000222e-01 1.053917681813011376e-01 1.149752150125833705e-01
5.000000000000000000e+00 1.000000000000000000e+00 2.500000000000000000e-01 9.000000000000000222e-01 1.417371110581366889e-02 3.060868833964137253e-02
5.000000000000000000e+00 1.000000000000000000e+00 5.000000000000000000e-01 9.000000000000000222e-01 9.849926731841675807e-05 2.796797991812792765e-04
5.000000000000000000e+00 1.000000000000000000e+00 1.000000000000000000e+00 9.000000000000000222e-01 2.307613579306429883e-11 6.913551803942597809e-11
5.000000000000000000e+00 1.000000000000000000e+00 2.000000000000000000e+00 9.000000000000000222e-01 3.367781906752694730e-16 4.593227532373200957e-17
5.000000000000000000e+00 1.000000000000000000e+00 4.000000000000000000e+00 9.000000000000000222e-01 3.393097567625369126e-16 3.821714565881306600e-17
5.000000000000000000e+00 1.000000000000000000e+00 8.000000000000000000e+00 9.000000000000000222e-01 3.468249589809593213e-16 3.075244010001927232e-17
5.000000000000000000e+00 1.000000000000000000e+00 1.600000000000000000e+01 9.000000000000000222e-01 3.485728651851494399e-16 4.488386294926574825e-17
5.000000000000000000e+00 1.000000000000000000e+00 3.200000000000000000e+01 9.000000000000000222e-01 4.706243875155244298e-16 1.457966969101746675e-16
5.000000000000000000e+00 1.000000000000000000e+00 6.400000000000000000e+01 9.000000000000000222e-01 6.396000949797355069e-16 2.622873679259832607e-16
5.000000000000000000e+00 1.000000000000000000e+00 1.280000000000000000e+02 9.000000000000000222e-01 1.121604358671889090e-15 4.701054387726827030e-16
