5.000000000000000000e+00 1.000000000000000000e+00 7.812500000000000000e-03 0.000000000000000000e+00 7.767477967989309118e-01 1.488628353848967245e-01
5.000000000000000000e+00 1.000000000000000000e+00 1.562500000000000000e-02 0.000000000000000000e+00 3.303060429409990784e-01 1.439555725149089804e-01
5.000000000000000000e+00 1.000000000000000000e+00 3.125000000000000000e-02 0.000000000000000000e+00 1.055166667967994965e-01 1.157290262773584266e-01
5.000000000000000000e+00 1.000000000000000000e+00 6.250000000000000000e-02 0.000000000000000000e+00 1.396923982543548173e-02 3.020031593627571856e-02
5.000000000000000000e+00 1.000000000000000000e+00 1.250000000000000000e-01 0.000000000000000000e+00 1.026108502419699508e-04 2.911667154977122226e-04
5.000000000000000000e+00 1.000000000000000000e+00 2.500000000000000000e-01 0.000000000000000000e+00 2.341650692011879488e-11 7.009480489888522404e-11
5.000000000000000000e+00 1.000000000000000000e+00 5.000000000000000000e-01 0.000000000000000000e+00 1.045680940634602599e-15 4.118614157904792461e-16
5.000000000000000000e+00 1.000000000000000000e+00 1.000000000000000000e+00 0.000000000000000000e+00 1.249855975226805887e-15 3.625626670394239860e-16
5.000000000000000000e+00 1.000000000000000000e+00 2.000000000000000000e+00 0.000000000000000000e+00 1.243999612519489371e-15 3.275603059662064373e-16
5.000000000000000000e+00 1.000000000000000000e+00 4.000000000000000000e+00 0.000000000000000000e+00 1.561258231796596766e-15 5.579563554480444611e-16
5.000000000000000000e+00 1.000000000000000000e+00 8.000000000000000000e+00 0.000000000000000000e+00 3.313485092965124444e-15 2.015036526695822113e-15
5.000000000000000000e+00 1.000000000000000000e+00 1.600000000000000000e+01 0.000000000000000000e+00 5.048754365152128523e-15 2.660898301089258565e-15
5.000000000000000000e+00 1.000000000000000000e+00 3.200000000000000000e+01 0.000000000000000000e+00 9.747149551695946731e-15 4.214578655642230782e-15
5.000000000000000000e+00 1.000000000000000000e+00 6.400000000000000000e+01 0.000000000000000000e+00 1.735885375641014267e-14 7.710265305530254759e-15
5.000000000000000000e+00 1.000000000000000000e+00 1.280000000000000000e+02 0.000000000000000000e+00 4.013766456385657439e-14 3.123088395778974589e-14
