5.000000000000000000e+00 1.000000000000000000e+00 7.812500000000000000e-03 9.000000000000000222e-01 1.043718239075551724e-01 1.127046982017504695e-01
5.000000000000000000e+00 1.000000000000000000e+00 1.562500000000000000e-02 9.000000000000000222e-01 1.435157203053064913e-02 3.096814833645427159e-02
5.000000000000000000e+00 1.000000000000000000e+00 3.125000000000000000e-02 9.000000000000000222e-01 1.003774263935764170e-04 2.847921383766323844e-04
5.000000000000000000e+00 1.000000000000000000e+00 6.250000000000000000e-02 9.000000000000000222e-01 2.277848572692844413e-11 6.823940829748472406e-11
5.000000000000000000e+00 1.000000000000000000e+00 1.250000000000000000e-01 9.000000000000000222e-01 3.362891702402996922e-16 4.204987779413710933e-17
5.000000000000000000e+00 1.000000000000000000e+00 2.500000000000000000e-01 9.000000000000000222e-01 3.417514733131489097e-16 4.122916545347427191e-17
5.000000000000000000e+00 1.000000000000000000e+00 5.000000000000000000e-01 9.000000000000000222e-01 3.365673760764962989e-16 2.829124338506581231e-17
5.000000000000000000e+00 1.000000000000000000e+00 1.000000000000000000e+00 9.000000000000000222e-01 3.497570413230789677e-16 4.901979267943619963e-17
5.000000000000000000e+00 1.000000000000000000e+00 2.000000000000000000e+00 9.000000000000000222e-01 4.579869782105263517e-16 1.376340829356714939e-16
5.000000000000000000e+00 1.000000000000000000e+00 4.000000000000000000e+00 9.000000000000000222e-01 6.399139903490468414e-16 2.675254326293600387e-16
5.000000000000000000e+00 1.000000000000000000e+00 8.000000000000000000e+00 9.000000000000000222e-01 1.102935829141518858e-15 4.711512753480067192e-16
5.000000000000000000e+00 1.000000000000000000e+00 1.600000000000000000e+01 9.000000000000000222e-01 1.914688989631069616e-15 9.233439183276008942e-16
5.000000000000000000e+00 1.000000000000000000e+00 3.200000000000000000e+01 9.000000000000000222e-01 4.537564366699007124e-15 3.978478041619979778e-15
5.000000000000000000e+00 1.000000000000000000e+00 6.400000000000000000e+01 9.000000000000000222e-01 8.148637153675472894e-15 6.078939130412991056e-15
5.000000000000000000e+00 1.000000000000000000e+00 1.280000000000000000e+02 9.000000000000000222e-01 1.438698457695015261e-14 1.022556652838015071e-14
