5.000000000000000000e+00 1.000000000000000000e+00 7.812500000000000000e-03 0.000000000000000000e+00 2.204234009236766934e+00 2.984471052892899157e-01
5.000000000000000000e+00 1.000000000000000000e+00 1.562500000000000000e-02 0.000000000000000000e+00 2.120317164141616306e+00 1.309109346952998798e-01
5.000000000000000000e+00 1.000000000000000000e+00 3.125000000000000000e-02 0.000000000000000000e+00 2.079606258095975768e+00 1.617066625261859847e-01
5.000000000000000000e+00 1.000000000000000000e+00 6.250000000000000000e-02 0.000000000000000000e+00 1.883562619761176560e+00 1.323495068124733443e-01
5.000000000000000000e+00 1.000000000000000000e+00 1.250000000000000000e-01 0.000000000000000000e+00 1.428872714969261493e+00 1.259140660583948357e-01
5.000000000000000000e+00 1.000000000000000000e+00 2.500000000000000000e-01 0.000000000000000000e+00 7.787911322114354773e-01 1.504877527498798551e-01
5.000000000000000000e+00 1.000000000000000000e+00 5.000000000000000000e-01 0.000000000000000000e+00 3.292457516178386445e-01 1.425353289753824582e-01
5.000000000000000000e+00 1.000000000000000000e+00 1.000000000000000000e+00 0.000000000000000000e+00 1.047295938304285690e-01 1.134776774226897433e-01
5.000000000000000000e+00 1.000000000000000000e+00 2.000000000000000000e+00 0.000000000000000000e+00 1.442432975398994822e-02 3.114130814009394635e-02
5.000000000000000000e+00 1.000000000000000000e+00 4.000000000000000000e+00 0.000000000000000000e+00 1.013588331385535901e-04 2.876296524297668623e-04
5.000000000000000000e+00 1.000000000000000000e+00 8.000000000000000000e+00 0.000000000000000000e+00 2.321427551383787472e-11 6.947078493131200864e-11
5.000000000000000000e+00 1.000000000000000000e+00 1.600000000000000000e+01 0.000000000000000000e+00 1.048562973308003680e-15 5.177585290331944826e-16
5.000000000000000000e+00 1.000000000000000000e+00 3.200000000000000000e+01 0.000000000000000000e+00 1.247736767439957654e-15 3.128179650745889132e-16
5.000000000000000000e+00 1.000000000000000000e+00 6.400000000000000000e+01 0.000000000000000000e+00 1.206993198477384198e-15 3.009081558859114840e-16
5.000000000000000000e+00 1.000000000000000000e+00 1.280000000000000000e+02 0.000000000000000000e+00 1.596670087109694258e-15 6.418034975811487975e-16
