2.000000000000000000e+00 2.000000000000000000e+00 2.000000000000000000e+01 1.000000000000000056e-01 4.686298268906968940e-04 5.838596633679598961e-04 3.119472798110454006e-04 3.843055900293733287e-04
2.000000000000000000e+00 2.000000000000000000e+00 2.000000000000000000e+01 2.000000000000000111e-01 4.069196226788549279e-04 5.032795061243682498e-04 2.706186043319131558e-04 3.307602232884895702e-04
2.000000000000000000e+00 2.000000000000000000e+00 2.000000000000000000e+01 2.999999999999999889e-01 3.472146441908927268e-04 4.282952247987837323e-04 2.293022469087432826e-04 2.796843952144078996e-04
2.000000000000000000e+00 2.000000000000000000e+00 2.000000000000000000e+01 4.000000000000000222e-01 2.923241031291916032e-04 3.591805744496342503e-04 1.919227971079112216e-04 2.346195373877993915e-04
2.000000000000000000e+00 2.000000000000000000e+00 2.000000000000000000e+01 5.000000000000000000e-01 2.372337817257169515e-04 2.920466980931305185e-04 1.529502732800236962e-04 1.885549893553009561e-04
2.000000000000000000e+00 2.000000000000000000e+00 2.000000000000000000e+01 5.999999999999999778e-01 1.900674809623772467e-04 2.346914853988467473e-04 1.157613227853118579e-04 1.458220615549011645e-04
2.000000000000000000e+00 2.000000000000000000e+00 2.000000000000000000e+01 6.999999999999999556e-01 1.529918392553565078e-04 1.874663469612337615e-04 8.287740253083888790e-05 1.026513193969311887e-04
2.000000000000000000e+00 2.000000000000000000e+00 2.000000000000000000e+01 8.000000000000000444e-01 1.282029849009715464e-04 1.563530598313929312e-04 6.056444516508750964e-05 7.427545296160302957e-05
2.000000000000000000e+00 2.000000000000000000e+00 2.000000000000000000e+01 9.000000000000000222e-01 1.720617372688245414e-04 2.044045379226212041e-04 9.550674207554806774e-05 1.058850128155786426e-04
2.000000000000000000e+00 2.000000000000000000e+00 2.000000000000000000e+01 1.000000000000000000e+00 4.554174983918297666e-04 5.571236251664432159e-04 1.894615064821347501e-04 2.353692570742155687e-04
3.000000000000000000e+00 2.000000000000000000e+00 2.000000000000000000e+01 1.000000000000000056e-01 1.629601999143262211e-04 2.271444016583172348e-04 1.251855710012387927e-04 1.849692943544273044e-04
3.000000000000000000e+00 2.000000000000000000e+00 2.000000000000000000e+01 2.000000000000000111e-01 1.405859014649956241e-04 1.940786234904965984e-04 1.063752972176341141e-04 1.535717085299532114e-04
3.000000000000000000e+00 2.000000000000000000e+00 2.000000000000000000e+01 2.999999999999999889e-01 1.224042189306962468e-04 1.691189826072877751e-04 9.334311374724033625e-05 1.351970931471058190e-04
3.000000000000000000e+00 2.000000000000000000e+00 2.000000000000000000e+01 4.000000000000000222e-01 1.011905292621243055e-04 1.389893057713430398e-04 7.272318223073029016e-05 1.025987983491635612e-04
3.000000000000000000e+00 2.000000000000000000e+00 2.000000000000000000e+01 5.000000000000000000e-01 7.965736503889682863e-05 1.083933527485385942e-04 5.223929449510489635e-05 7.118519409691679255e-05
3.000000000000000000e+00 2.000000000000000000e+00 2.000000000000000000e+01 5.999999999999999778e-01 6.228987937438397915e-05 8.456863987845795300e-05 3.762506688745060864e-05 5.138813755055618069e-05
3.000000000000000000e+00 2.000000000000000000e+00 2.000000000000000000e+01 6.999999999999999556e-01 4.698781094495496191e-05 6.292267955041553696e-05 2.481967623764569134e-05 3.277587712067271431e-05
3.000000000000000000e+00 2.000000000000000000e+00 2.000000000000000000e+01 8.000000000000000444e-01 3.694505827130869656e-05 4.888664270258585940e-05 1.666368020411612905e-05 2.105721034590288832e-05
3.000000000000000000e+00 2.000000000000000000e+00 2.000000000000000000e+01 9.000000000000000222e-01 3.494088908872459320e-05 4.573453799804550661e-05 1.665869565159259003e-05 2.225668393778185497e-05
3.000000000000000000e+00 2.000000000000000000e+00 2.000000000000000000e+01 1.000000000000000000e+00 2.970486792677680160e-04 3.790826639396434848e-04 1.450696252725679105e-04 1.898388310237709368e-04
4.000000000000000000e+00 2.000000000000000000e+00 2.000000000000000000e+01 1.000000000000000056e-01 1.081528501824635912e-04 1.881031166336053189e-04 1.031914699243003411e-04 1.919922568729095949e-04
4.000000000000000000e+00 2.000000000000000000e+00 2.000000000000000000e+01 2.000000000000000111e-01 8.406775427894669524e-05 1.446152978757339635e-04 7.714206070508212965e-05 1.420929196842602197e-04
4.000000000000000000e+00 2.000000000000000000e+00 2.000000000000000000e+01 2.999999999999999889e-01 6.467235714866053340e-05 1.083438448113237642e-04 5.538107998470626720e-05 9.920345054687676272e-05
4.000000000000000000e+00 2.000000000000000000e+00 2.000000000000000000e+01 4.000000000000000222e-01 4.821471537734582446e-05 7.982605379640106771e-05 3.797435165402664376e-05 6.778380815819818358e-05
4.000000000000000000e+00 2.000000000000000000e+00 2.000000000000000000e+01 5.000000000000000000e-01 3.483463824665700809e-05 5.682638532324062137e-05 2.452124577673805368e-05 4.352633829320590376e-05
4.000000000000000000e+00 2.000000000000000000e+00 2.000000000000000000e+01 5.999999999999999778e-01 2.486874275546779406e-05 3.965252739839058373e-05 1.565360039523650535e-05 2.727390668914135021e-05
4.000000000000000000e+00 2.000000000000000000e+00 2.000000000000000000e+01 6.999999999999999556e-01 1.825387158128847484e-05 2.817844418382730993e-05 1.036878390246223434e-05 1.706778000044254566e-05
4.000000000000000000e+00 2.000000000000000000e+00 2.000000000000000000e+01 8.000000000000000444e-01 1.392185583078647065e-05 2.087564248046449298e-05 7.130470726751702423e-06 1.091132256934650261e-05
4.000000000000000000e+00 2.000000000000000000e+00 2.000000000000000000e+01 9.000000000000000222e-01 1.092487329739088137e-05 1.608862307773762781e-05 5.062408448107897765e-06 7.460394900446427335e-06
4.000000000000000000e+00 2.000000000000000000e+00 2.000000000000000000e+01 1.000000000000000000e+00 4.071729226214256263e-04 5.660280078925149791e-04 1.777709691208047109e-04 2.479399535885461517e-04
5.000000000000000000e+00 2.000000000000000000e+00 2.000000000000000000e+01 1.000000000000000056e-01 1.739363943002664924e-05 3.203742973669207797e-05 1.000889026728653299e-05 1.884950562444552978e-05
5.000000000000000000e+00 2.000000000000000000e+00 2.000000000000000000e+01 2.000000000000000111e-01 1.480072076452590069e-05 2.694013785239465666e-05 8.426119672160920898e-06 1.546447316755300037e-05
5.000000000000000000e+00 2.000000000000000000e+00 2.000000000000000000e+01 2.999999999999999889e-01 1.256419891579570561e-05 2.265695607647236020e-05 7.048173483835338145e-06 1.282365438380021484e-05
5.000000000000000000e+00 2.000000000000000000e+00 2.000000000000000000e+01 4.000000000000000222e-01 1.045673450547030858e-05 1.866264746401523480e-05 5.738581254245810200e-06 1.027987053364241793e-05
5.000000000000000000e+00 2.000000000000000000e+00 2.000000000000000000e+01 5.000000000000000000e-01 8.574937365674270166e-06 1.498420490458180114e-05 4.474004494779336655e-06 7.845621772799204062e-06
5.000000000000000000e+00 2.000000000000000000e+00 2.000000000000000000e+01 5.999999999999999778e-01 7.050358682035224838e-06 1.224158643918661689e-05 3.546712808638906518e-06 6.242830131023665151e-06
5.000000000000000000e+00 2.000000000000000000e+00 2.000000000000000000e+01 6.999999999999999556e-01 5.752007447204722527e-06 9.752104036813454878e-06 2.975861666529514840e-06 5.119097887889040168e-06
5.000000000000000000e+00 2.000000000000000000e+00 2.000000000000000000e+01 8.000000000000000444e-01 4.983780708554219101e-06 8.146541850514152212e-06 2.918386099146339294e-06 4.754826648166013254e-06
5.000000000000000000e+00 2.000000000000000000e+00 2.000000000000000000e+01 9.000000000000000222e-01 4.164625135366723045e-06 6.639820381951756362e-06 2.760689588844366085e-06 4.028626957491192834e-06
5.000000000000000000e+00 2.000000000000000000e+00 2.000000000000000000e+01 1.000000000000000000e+00 2.742486501161075347e-04 3.908607502868343786e-04 2.033105517181664360e-04 2.912700296805780312e-04
