1.000000000000000000e+00 1.000000000000000000e+00 1.000000000000000056e-01 3.211610758073450526e-03 3.103501035358765658e-03 1.805493376777948604e-04 1.436291157460813019e-04
1.000000000000000000e+00 5.000000000000000000e+00 1.000000000000000056e-01 2.814529451642031575e-03 2.813956965618260968e-03 3.637971646352003430e-04 3.350767851788998865e-04
1.000000000000000000e+00 1.000000000000000000e+01 1.000000000000000056e-01 1.891757659907346203e-03 1.959974334260989725e-03 8.180705298105771977e-04 8.542537960293901042e-04
1.000000000000000000e+00 1.500000000000000000e+01 1.000000000000000056e-01 1.315303381278693602e-03 1.379745659952179857e-03 8.282559492138489785e-04 8.803431085803708339e-04
1.000000000000000000e+00 2.000000000000000000e+01 1.000000000000000056e-01 1.337208002006860059e-03 1.401446375938999317e-03 7.033737814528289627e-04 7.456842044212748681e-04
1.000000000000000000e+00 2.500000000000000000e+01 1.000000000000000056e-01 1.249480201958563883e-03 1.351361826859962152e-03 7.048664991873850689e-04 7.645319038285555528e-04
2.000000000000000000e+00 1.000000000000000000e+00 1.000000000000000056e-01 2.940776678819411686e-03 2.868490119510591543e-03 1.960332945243890065e-04 1.579382780302800507e-04
2.000000000000000000e+00 5.000000000000000000e+00 1.000000000000000056e-01 1.463793492270312529e-03 1.521114770841349578e-03 7.332791902008252340e-04 7.190829157548246295e-04
2.000000000000000000e+00 1.000000000000000000e+01 1.000000000000000056e-01 6.099685201537198044e-04 6.772652175586763978e-04 4.915115706487958262e-04 5.432108946114347619e-04
2.000000000000000000e+00 1.500000000000000000e+01 1.000000000000000056e-01 3.627129173968005678e-04 4.060021257476250744e-04 2.822641313936244487e-04 3.063176418404940714e-04
2.000000000000000000e+00 2.000000000000000000e+01 1.000000000000000056e-01 2.598470803002837911e-04 2.988217451901431032e-04 1.767720541818046127e-04 2.028157412368795085e-04
2.000000000000000000e+00 2.500000000000000000e+01 1.000000000000000056e-01 3.577643814992032120e-04 4.185803935198932060e-04 2.504635476963757508e-04 2.913994027370454473e-04
3.000000000000000000e+00 1.000000000000000000e+00 1.000000000000000056e-01 2.623169460430080195e-03 2.587308219227060085e-03 3.769285356280033836e-04 3.584523167343537948e-04
3.000000000000000000e+00 5.000000000000000000e+00 1.000000000000000056e-01 9.108194937415415703e-04 9.824344175435591013e-04 4.797738490366925302e-04 5.251843395035310199e-04
3.000000000000000000e+00 1.000000000000000000e+01 1.000000000000000056e-01 3.531792484679239846e-04 4.139395935303984901e-04 2.309341590007815031e-04 2.757312673834798116e-04
3.000000000000000000e+00 1.500000000000000000e+01 1.000000000000000056e-01 1.168784508439618284e-04 1.522595687777102808e-04 1.050433792763368762e-04 1.387967941228535529e-04
3.000000000000000000e+00 2.000000000000000000e+01 1.000000000000000056e-01 1.300979066613401603e-04 1.797001577664324905e-04 1.013143753002849622e-04 1.387281959046357657e-04
3.000000000000000000e+00 2.500000000000000000e+01 1.000000000000000056e-01 1.172835332363613521e-04 1.567083517093618343e-04 7.211523833079112053e-05 9.783657960889300222e-05
4.000000000000000000e+00 1.000000000000000000e+00 1.000000000000000056e-01 2.448980652288138774e-03 2.468851717088529820e-03 1.855904346228803186e-04 1.811173277028755039e-04
4.000000000000000000e+00 5.000000000000000000e+00 1.000000000000000056e-01 5.689413313994363215e-04 6.461788252021694740e-04 2.642029777793227885e-04 3.023292009805156485e-04
4.000000000000000000e+00 1.000000000000000000e+01 1.000000000000000056e-01 2.109043876881317727e-04 2.681078743298435105e-04 1.230207164678545520e-04 1.665439134448969323e-04
4.000000000000000000e+00 1.500000000000000000e+01 1.000000000000000056e-01 7.514479403775550716e-05 1.115931182181704556e-04 5.163786586422947111e-05 7.794056102836809271e-05
4.000000000000000000e+00 2.000000000000000000e+01 1.000000000000000056e-01 5.845427283768981177e-05 9.111933685810281948e-05 3.187221096999824172e-05 4.759094749730952378e-05
4.000000000000000000e+00 2.500000000000000000e+01 1.000000000000000056e-01 5.442936092347646618e-05 8.591118025312519514e-05 2.755353939922358536e-05 4.605006227635816422e-05
5.000000000000000000e+00 1.000000000000000000e+00 1.000000000000000056e-01 2.256485523375303948e-03 2.276461955523238247e-03 1.288593318884926210e-04 1.610667108307117757e-04
5.000000000000000000e+00 5.000000000000000000e+00 1.000000000000000056e-01 3.550072859858194557e-04 3.939190010641453613e-04 1.698800977474133466e-04 1.902922350174768068e-04
5.000000000000000000e+00 1.000000000000000000e+01 1.000000000000000056e-01 1.092577279692559218e-04 1.460399174938325519e-04 9.302078790835422947e-05 1.245255063810240311e-04
5.000000000000000000e+00 1.500000000000000000e+01 1.000000000000000056e-01 3.381205817271342590e-05 5.422916434521228308e-05 1.770671505540421376e-05 2.812252980384624383e-05
5.000000000000000000e+00 2.000000000000000000e+01 1.000000000000000056e-01 2.417268525916350851e-05 4.304885779225335076e-05 1.811952126349595691e-05 3.376531036994697343e-05
5.000000000000000000e+00 2.500000000000000000e+01 1.000000000000000056e-01 3.635319807595683661e-05 6.736019575096456992e-05 2.742640128120764207e-05 4.994287688799902509e-05
