1.000000000000000000e+00 1.000000000000000000e+00 9.000000000000000222e-01 3.319087618058523710e-03 3.153024498019676210e-03 2.169551234162868597e-04 1.965473687682636338e-04
1.000000000000000000e+00 5.000000000000000000e+00 9.000000000000000222e-01 2.571646736362319559e-03 2.546351289236109105e-03 6.418771432180160131e-04 5.968539011746390888e-04
1.000000000000000000e+00 1.000000000000000000e+01 9.000000000000000222e-01 1.557193257520927444e-03 1.771919164520525513e-03 7.596182399096589695e-04 7.436996359107377053e-04
1.000000000000000000e+00 1.500000000000000000e+01 9.000000000000000222e-01 1.212941349934299352e-03 1.359953175783167652e-03 6.716550790900145456e-04 7.417871434467726262e-04
1.000000000000000000e+00 2.000000000000000000e+01 9.000000000000000222e-01 1.361348064888184524e-03 1.546645124618926644e-03 6.233107728390858797e-04 6.989796480191944744e-04
1.000000000000000000e+00 2.500000000000000000e+01 9.000000000000000222e-01 1.425875754118408837e-03 1.682245584312306837e-03 6.006251474928276605e-04 6.827165551358236901e-04
2.000000000000000000e+00 1.000000000000000000e+00 9.000000000000000222e-01 2.386413931637074767e-03 2.439600987735147681e-03 4.014514872985035124e-04 3.955092553223782544e-04
2.000000000000000000e+00 5.000000000000000000e+00 9.000000000000000222e-01 6.408308599612901144e-04 7.614903731657270266e-04 8.240455097586922367e-05 9.143850704758901598e-05
2.000000000000000000e+00 1.000000000000000000e+01 9.000000000000000222e-01 9.922685905034067048e-05 1.266042906562880421e-04 5.152296988282226755e-05 7.435284954912955361e-05
2.000000000000000000e+00 1.500000000000000000e+01 9.000000000000000222e-01 3.993264442414669140e-05 5.500657092660949114e-05 1.513727059152072668e-05 1.937518044011979904e-05
2.000000000000000000e+00 2.000000000000000000e+01 9.000000000000000222e-01 4.501743851474759812e-05 6.487432402007685828e-05 2.444487270941202514e-05 3.631419907787436871e-05
2.000000000000000000e+00 2.500000000000000000e+01 9.000000000000000222e-01 4.256768516758739445e-05 5.838370315642152315e-05 1.687537350882673578e-05 2.153954318441992012e-05
3.000000000000000000e+00 1.000000000000000000e+00 9.000000000000000222e-01 1.349970311857234513e-03 1.509991405316928915e-03 1.820455776589714476e-04 1.871004803988852983e-04
3.000000000000000000e+00 5.000000000000000000e+00 9.000000000000000222e-01 3.944124061068093315e-04 4.847265567528387040e-04 1.100561196306250859e-04 1.264860988535784075e-04
3.000000000000000000e+00 1.000000000000000000e+01 9.000000000000000222e-01 4.514857629454604212e-05 6.068303950171329654e-05 2.504900025857014306e-05 2.925381608902602042e-05
3.000000000000000000e+00 1.500000000000000000e+01 9.000000000000000222e-01 1.162387063136210963e-05 1.831369700886669919e-05 4.116507441601271938e-06 6.503105449637147724e-06
3.000000000000000000e+00 2.000000000000000000e+01 9.000000000000000222e-01 1.042509333278784090e-05 1.651870134826951333e-05 3.385484944242232834e-06 5.840158679342134539e-06
3.000000000000000000e+00 2.500000000000000000e+01 9.000000000000000222e-01 9.266046331313460978e-06 1.439969752184164939e-05 2.613159568300532481e-06 3.579736701532966520e-06
4.000000000000000000e+00 1.000000000000000000e+00 9.000000000000000222e-01 1.135056316223580263e-03 1.290249012677284826e-03 2.426896566483224750e-04 2.623348824503134234e-04
4.000000000000000000e+00 5.000000000000000000e+00 9.000000000000000222e-01 1.748768653497350355e-04 2.334680770663235053e-04 4.244845013514894004e-05 5.928925983106197453e-05
4.000000000000000000e+00 1.000000000000000000e+01 9.000000000000000222e-01 1.539478527480066564e-05 2.465023570062396875e-05 5.113447633065002502e-06 7.500781424262607100e-06
4.000000000000000000e+00 1.500000000000000000e+01 9.000000000000000222e-01 6.243351758592147111e-06 1.104628786034470093e-05 1.893888965128785726e-06 3.847581438446630330e-06
4.000000000000000000e+00 2.000000000000000000e+01 9.000000000000000222e-01 4.784079727538440538e-06 8.538824132725618575e-06 7.097735209562700675e-07 1.574749965078811778e-06
4.000000000000000000e+00 2.500000000000000000e+01 9.000000000000000222e-01 8.244429010228987936e-06 4.188752923535999777e-05 1.180076043684967125e-05 1.031675115441956577e-04
5.000000000000000000e+00 1.000000000000000000e+00 9.000000000000000222e-01 9.611376035553431110e-04 1.091225426311783321e-03 5.766039212028394284e-05 7.738529129562954996e-05
5.000000000000000000e+00 5.000000000000000000e+00 9.000000000000000222e-01 7.961446910400045017e-05 1.071867149102132363e-04 1.896202432918233776e-05 2.233581298633350565e-05
5.000000000000000000e+00 1.000000000000000000e+01 9.000000000000000222e-01 6.864854941324730451e-06 1.162884519169826312e-05 2.347980451019626740e-06 4.059166637955210940e-06
5.000000000000000000e+00 1.500000000000000000e+01 9.000000000000000222e-01 2.904302840356308233e-06 5.547051423142845625e-06 8.684835308111151493e-07 1.799720754385778410e-06
5.000000000000000000e+00 2.000000000000000000e+01 9.000000000000000222e-01 1.969716663803169296e-06 3.891228589127212868e-06 3.584920250847474625e-07 6.498300669422543967e-07
5.000000000000000000e+00 2.500000000000000000e+01 9.000000000000000222e-01 2.406045185652032230e-06 4.665968459812933015e-06 7.172253654350971005e-07 1.487281373424531237e-06
