1.000000000000000000e+00 1.000000000000000000e+00 0.000000000000000000e+00 3.373711804621933041e-03 3.286509822841445546e-03 1.784090833817892176e-04 1.910259776736682278e-04
1.000000000000000000e+00 5.000000000000000000e+00 0.000000000000000000e+00 2.502661181532858832e-03 2.459670688739960202e-03 5.546114312986439275e-04 5.457791809646105182e-04
1.000000000000000000e+00 1.000000000000000000e+01 0.000000000000000000e+00 1.836947936092581503e-03 1.936114256376268803e-03 9.677693068800436718e-04 9.555875178667876850e-04
1.000000000000000000e+00 1.500000000000000000e+01 0.000000000000000000e+00 1.769579863829412805e-03 1.900303202922170491e-03 7.185383003826007484e-04 7.483887832270243656e-04
1.000000000000000000e+00 2.000000000000000000e+01 0.000000000000000000e+00 1.623728221546974189e-03 1.803420452916407960e-03 5.801605889848989676e-04 6.650322313516951510e-04
1.000000000000000000e+00 2.500000000000000000e+01 0.000000000000000000e+00 1.305660754732300682e-03 1.472084629451773496e-03 7.387636118757446527e-04 8.287337968512873288e-04
2.000000000000000000e+00 1.000000000000000000e+00 0.000000000000000000e+00 3.082826100291792114e-03 2.993660408192475898e-03 2.113254001267091911e-04 1.876168499681942577e-04
2.000000000000000000e+00 5.000000000000000000e+00 0.000000000000000000e+00 1.537821071388372624e-03 1.613251611486137341e-03 6.547796963877726157e-04 6.419587187770609644e-04
2.000000000000000000e+00 1.000000000000000000e+01 0.000000000000000000e+00 8.713401438849452613e-04 1.016334297038014442e-03 5.849896989331396149e-04 6.712658489383679450e-04
2.000000000000000000e+00 1.500000000000000000e+01 0.000000000000000000e+00 4.277124229730566588e-04 5.583055747276844316e-04 3.898782401320688754e-04 4.968044314285495651e-04
2.000000000000000000e+00 2.000000000000000000e+01 0.000000000000000000e+00 2.995938065313410786e-04 4.200157425154979083e-04 2.425120541886289648e-04 3.549694917159825023e-04
2.000000000000000000e+00 2.500000000000000000e+01 0.000000000000000000e+00 3.552998033828027214e-04 5.094159890191320410e-04 2.629236702042763297e-04 3.925530881348189625e-04
3.000000000000000000e+00 1.000000000000000000e+00 0.000000000000000000e+00 2.846988695163274984e-03 2.756303665686883099e-03 1.870495877509327531e-04 1.586782443751513414e-04
3.000000000000000000e+00 5.000000000000000000e+00 0.000000000000000000e+00 1.241759920634777012e-03 1.415479061990581808e-03 4.535531971019558361e-04 4.875825346692641256e-04
3.000000000000000000e+00 1.000000000000000000e+01 0.000000000000000000e+00 4.555179629523754543e-04 5.897552456334340240e-04 3.086948621688339212e-04 4.122107586776942753e-04
3.000000000000000000e+00 1.500000000000000000e+01 0.000000000000000000e+00 2.226268770451263494e-04 3.428748970844009152e-04 2.626109129123196679e-04 3.950366493050837973e-04
3.000000000000000000e+00 2.000000000000000000e+01 0.000000000000000000e+00 1.119634017808532691e-04 1.903639986479852225e-04 1.130784415318919305e-04 2.125466470480952329e-04
3.000000000000000000e+00 2.500000000000000000e+01 0.000000000000000000e+00 1.528173612768969863e-04 2.533133995522982213e-04 9.634599862088499963e-05 1.635136631694123746e-04
4.000000000000000000e+00 1.000000000000000000e+00 0.000000000000000000e+00 2.733550288433559544e-03 2.636352380899602884e-03 2.231972624157743700e-04 2.705075755176684243e-04
4.000000000000000000e+00 5.000000000000000000e+00 0.000000000000000000e+00 7.507071531603370408e-04 8.747749862517181351e-04 3.798324086903056966e-04 4.186426511235811533e-04
4.000000000000000000e+00 1.000000000000000000e+01 0.000000000000000000e+00 2.086058808016213355e-04 3.028834293636023913e-04 1.629288914782763269e-04 2.419974213332361029e-04
4.000000000000000000e+00 1.500000000000000000e+01 0.000000000000000000e+00 1.194728233462704860e-04 2.063728145213073579e-04 1.275326619020838406e-04 2.085298680417405060e-04
4.000000000000000000e+00 2.000000000000000000e+01 0.000000000000000000e+00 5.803407682244965393e-05 1.143734712795581684e-04 4.028354434780125065e-05 8.407082704124347282e-05
4.000000000000000000e+00 2.500000000000000000e+01 0.000000000000000000e+00 6.420592298687468670e-05 1.270144501670709383e-04 3.095232170171103073e-05 6.255725293928150331e-05
5.000000000000000000e+00 1.000000000000000000e+00 0.000000000000000000e+00 2.485831263991999246e-03 2.411747545609350778e-03 3.434039602972706220e-04 3.260944272041644849e-04
5.000000000000000000e+00 5.000000000000000000e+00 0.000000000000000000e+00 5.382810589982885054e-04 6.925442574723832730e-04 3.640695746448088560e-04 4.744106514794765731e-04
5.000000000000000000e+00 1.000000000000000000e+01 0.000000000000000000e+00 8.388113284676779863e-05 1.353067652588234543e-04 5.028966434363250720e-05 8.168668499175975588e-05
5.000000000000000000e+00 1.500000000000000000e+01 0.000000000000000000e+00 5.606608399981588689e-05 1.221770526505840397e-04 5.405021695752400089e-05 1.293164498864929205e-04
5.000000000000000000e+00 2.000000000000000000e+01 0.000000000000000000e+00 3.062045957177120416e-05 6.534427039920830355e-05 1.790595060555337555e-05 3.811603708503959409e-05
5.000000000000000000e+00 2.500000000000000000e+01 0.000000000000000000e+00 6.841546582077535964e-05 1.622599932508831722e-04 7.463719006828758973e-05 1.884797153503376635e-04
