1.000000000000000000e+00 1.000000000000000000e+00 0.000000000000000000e+00 2.713611025387700944e-03 3.053449949819854459e-03 3.258398194816740021e-04 3.802698142637451085e-04
1.000000000000000000e+00 5.000000000000000000e+00 0.000000000000000000e+00 2.417299922732281132e-03 2.733795553717423277e-03 4.696614408707052465e-04 5.907087260864805553e-04
1.000000000000000000e+00 1.000000000000000000e+01 0.000000000000000000e+00 2.236561194370273540e-03 2.559629910689979488e-03 5.334608173063156485e-04 6.918847417282186990e-04
1.000000000000000000e+00 1.500000000000000000e+01 0.000000000000000000e+00 2.098272319435002739e-03 2.451652851611799654e-03 5.805023218631933171e-04 7.480431900593775179e-04
1.000000000000000000e+00 2.000000000000000000e+01 0.000000000000000000e+00 2.070041445996986633e-03 2.435131091403289118e-03 5.789079899598349515e-04 7.665130298720072366e-04
1.000000000000000000e+00 2.500000000000000000e+01 0.000000000000000000e+00 2.062300789971118452e-03 2.430055025529754935e-03 5.850897897353346446e-04 7.764527291794024724e-04
1.000000000000000000e+00 3.000000000000000000e+01 0.000000000000000000e+00 2.056577491016186015e-03 2.425370230936346912e-03 5.835940925337681877e-04 7.774852312314124497e-04
1.000000000000000000e+00 3.500000000000000000e+01 0.000000000000000000e+00 2.052334889921438033e-03 2.419856052421173916e-03 5.831646970939424138e-04 7.765722019547040495e-04
1.000000000000000000e+00 4.000000000000000000e+01 0.000000000000000000e+00 2.051205209304377171e-03 2.419476986031406530e-03 5.832115946477586972e-04 7.777291296764245535e-04
1.000000000000000000e+00 4.500000000000000000e+01 0.000000000000000000e+00 2.049908290825731578e-03 2.418420941657225837e-03 5.846101211712958177e-04 7.795656124885416228e-04
1.000000000000000000e+00 5.000000000000000000e+01 0.000000000000000000e+00 2.049451534170004981e-03 2.418931237704978997e-03 5.837079193230782078e-04 7.804148435797848013e-04
2.000000000000000000e+00 1.000000000000000000e+00 0.000000000000000000e+00 2.765041070981101405e-03 2.825134546014239443e-03 3.898232060349283469e-04 2.477540908074423354e-04
2.000000000000000000e+00 5.000000000000000000e+00 0.000000000000000000e+00 2.028943561430774332e-03 2.309536347935935326e-03 4.073212490509968788e-04 4.448928756950605817e-04
2.000000000000000000e+00 1.000000000000000000e+01 0.000000000000000000e+00 1.830903062360905113e-03 2.166372679486258234e-03 6.110034341409205242e-04 7.417298322381263949e-04
2.000000000000000000e+00 1.500000000000000000e+01 0.000000000000000000e+00 2.108736473843629642e-03 2.576762065704895320e-03 6.464697403273085650e-04 7.822989841163926084e-04
2.000000000000000000e+00 2.000000000000000000e+01 0.000000000000000000e+00 1.365276165265002107e-03 1.764729848600594562e-03 5.601422687287553040e-04 7.216735353374830429e-04
2.000000000000000000e+00 2.500000000000000000e+01 0.000000000000000000e+00 1.604757866633610853e-03 2.082204499119292597e-03 4.875395306329631832e-04 6.376434210815315343e-04
2.000000000000000000e+00 3.000000000000000000e+01 0.000000000000000000e+00 1.542597122922403311e-03 1.992862555035250158e-03 5.886187922163752450e-04 7.668139309922550545e-04
2.000000000000000000e+00 3.500000000000000000e+01 0.000000000000000000e+00 1.619263357162773007e-03 2.148053972504827130e-03 2.048503557113094393e-04 2.831532903459186038e-04
2.000000000000000000e+00 4.000000000000000000e+01 0.000000000000000000e+00 1.346084050909486475e-03 1.760973552117538849e-03 5.253636964396945878e-04 7.185424407921520932e-04
2.000000000000000000e+00 4.500000000000000000e+01 0.000000000000000000e+00 1.489138476452581041e-03 1.909724713697074543e-03 4.737531466459654335e-04 6.247948072670367684e-04
2.000000000000000000e+00 5.000000000000000000e+01 0.000000000000000000e+00 1.491846931081372389e-03 1.995990399469603667e-03 4.739593931667182916e-04 6.779184075190337194e-04
3.000000000000000000e+00 1.000000000000000000e+00 0.000000000000000000e+00 2.434065827000109900e-03 2.640301585017985290e-03 3.685859013082644006e-04 2.753609738104261699e-04
3.000000000000000000e+00 5.000000000000000000e+00 0.000000000000000000e+00 2.134369588540974746e-03 2.414055682964339616e-03 5.266687401460993503e-04 4.591177653858455115e-04
3.000000000000000000e+00 1.000000000000000000e+01 0.000000000000000000e+00 1.612942959615164696e-03 2.014415981658859971e-03 5.678270582041640598e-04 7.069903159297520915e-04
3.000000000000000000e+00 1.500000000000000000e+01 0.000000000000000000e+00 1.255426077550963289e-03 1.690478729998661596e-03 4.995431471466363176e-04 6.726537344137462331e-04
3.000000000000000000e+00 2.000000000000000000e+01 0.000000000000000000e+00 1.345480779012951829e-03 1.932492773180046527e-03 3.860150164516722962e-04 5.547927315971469282e-04
3.000000000000000000e+00 2.500000000000000000e+01 0.000000000000000000e+00 9.351904563678697328e-04 1.314210981779118407e-03 4.073401256825840366e-04 5.361605838556036648e-04
3.000000000000000000e+00 3.000000000000000000e+01 0.000000000000000000e+00 1.386498972234124485e-03 1.997362652633644098e-03 4.299108387456237177e-04 6.218169266438992784e-04
3.000000000000000000e+00 3.500000000000000000e+01 0.000000000000000000e+00 9.293966994879824866e-04 1.330003970619288243e-03 4.078555568720363756e-04 5.620539348974781932e-04
3.000000000000000000e+00 4.000000000000000000e+01 0.000000000000000000e+00 1.191601533040609080e-03 1.700413578201733899e-03 4.060082983663307397e-04 6.035195406398816652e-04
3.000000000000000000e+00 4.500000000000000000e+01 0.000000000000000000e+00 1.198556307050255157e-03 1.725560246022314181e-03 4.482180509416245728e-04 6.551447770750754842e-04
3.000000000000000000e+00 5.000000000000000000e+01 0.000000000000000000e+00 1.314740895963475292e-03 1.912757238685964395e-03 4.892064652792295918e-04 7.092999891771612289e-04
4.000000000000000000e+00 1.000000000000000000e+00 0.000000000000000000e+00 2.254426155406579011e-03 2.469084754736320612e-03 2.126823911349922953e-04 1.908931732626844766e-04
4.000000000000000000e+00 5.000000000000000000e+00 0.000000000000000000e+00 1.702181522995465605e-03 2.025139922474354735e-03 4.056649820172625624e-04 5.061494858464965062e-04
4.000000000000000000e+00 1.000000000000000000e+01 0.000000000000000000e+00 1.255200265047095318e-03 1.696329976692387232e-03 4.208570854896404446e-04 5.759775713135890799e-04
4.000000000000000000e+00 1.500000000000000000e+01 0.000000000000000000e+00 1.289194332358985619e-03 1.960603115004310327e-03 3.972846564884887602e-04 6.523469533153481489e-04
4.000000000000000000e+00 2.000000000000000000e+01 0.000000000000000000e+00 9.912816150919637973e-04 1.575407974812102155e-03 3.911112664205522080e-04 6.262342554996889327e-04
4.000000000000000000e+00 2.500000000000000000e+01 0.000000000000000000e+00 9.822821945817516564e-04 1.587708722226444840e-03 3.707240141496715162e-04 5.784375809036645857e-04
4.000000000000000000e+00 3.000000000000000000e+01 0.000000000000000000e+00 1.004103434896951464e-03 1.646341839670754969e-03 4.315680425004302708e-04 7.172505589068809599e-04
4.000000000000000000e+00 3.500000000000000000e+01 0.000000000000000000e+00 8.066160796761075256e-04 1.305706215280175424e-03 3.500558176052806199e-04 5.404646561177129434e-04
4.000000000000000000e+00 4.000000000000000000e+01 0.000000000000000000e+00 1.194645032663293549e-03 1.953126511674843028e-03 4.339951545477865771e-04 7.128259665442188402e-04
4.000000000000000000e+00 4.500000000000000000e+01 0.000000000000000000e+00 1.164679314648843717e-03 1.949662423854657111e-03 5.017468690295421923e-04 8.891547421807791465e-04
4.000000000000000000e+00 5.000000000000000000e+01 0.000000000000000000e+00 1.043386275835213491e-03 1.689146361653325002e-03 3.806383764143880864e-04 6.252126917567764168e-04
5.000000000000000000e+00 1.000000000000000000e+00 0.000000000000000000e+00 2.270649519190432852e-03 2.510374873562695817e-03 2.602829786875796264e-04 2.397268946003880191e-04
5.000000000000000000e+00 5.000000000000000000e+00 0.000000000000000000e+00 1.427076187211746752e-03 1.774149124591547404e-03 3.399931687621876781e-04 4.399724318588604213e-04
5.000000000000000000e+00 1.000000000000000000e+01 0.000000000000000000e+00 1.126003066411118128e-03 1.604475880946128500e-03 2.830757823748425201e-04 3.811426003989357592e-04
5.000000000000000000e+00 1.500000000000000000e+01 0.000000000000000000e+00 7.371603135379910850e-04 1.269863499424737224e-03 2.932032929704382921e-04 4.881664747926249765e-04
5.000000000000000000e+00 2.000000000000000000e+01 0.000000000000000000e+00 6.139292070801549272e-04 1.078546963010022092e-03 3.303376302539586060e-04 5.731174261547623524e-04
5.000000000000000000e+00 2.500000000000000000e+01 0.000000000000000000e+00 9.048684927449059372e-04 1.611820560165606528e-03 3.263824263092181309e-04 5.507962708975391994e-04
5.000000000000000000e+00 3.000000000000000000e+01 0.000000000000000000e+00 8.054269416363103035e-04 1.467474660162951944e-03 3.374363971672196712e-04 6.153705858284694600e-04
5.000000000000000000e+00 3.500000000000000000e+01 0.000000000000000000e+00 8.668447467152530766e-04 1.559724118060692045e-03 3.304228753742189414e-04 5.861261942977414891e-04
5.000000000000000000e+00 4.000000000000000000e+01 0.000000000000000000e+00 7.230612257461117940e-04 1.321159242347246139e-03 3.651961898546075445e-04 6.649425240616349802e-04
5.000000000000000000e+00 4.500000000000000000e+01 0.000000000000000000e+00 6.360916367752105557e-04 1.155902582066626553e-03 4.610994513223693673e-04 8.385852835917090168e-04
5.000000000000000000e+00 5.000000000000000000e+01 0.000000000000000000e+00 7.386535670100195881e-04 1.330346312397833125e-03 2.815827998723166039e-04 4.596720852209794698e-04
