1.000000000000000000e+00 1.000000000000000000e+00 0.000000000000000000e+00 3.064862026259710780e-03 3.028815098642151545e-03 2.859646833643522353e-04 2.874911782820710883e-04
1.000000000000000000e+00 5.000000000000000000e+00 0.000000000000000000e+00 7.513314530923867907e-04 7.794654252469700347e-04 2.564329811832528243e-04 2.640914213694921849e-04
1.000000000000000000e+00 1.000000000000000000e+01 0.000000000000000000e+00 2.094929228760378031e-04 2.302058067931150723e-04 1.088556103477994556e-04 1.262894433491364252e-04
1.000000000000000000e+00 1.500000000000000000e+01 0.000000000000000000e+00 9.405143691607303468e-05 1.060871715761366153e-04 6.095799631294109678e-05 6.604638302385887024e-05
1.000000000000000000e+00 2.000000000000000000e+01 0.000000000000000000e+00 8.065788955124247818e-05 9.161479240792566050e-05 5.823850619486517900e-05 6.335499964215102859e-05
1.000000000000000000e+00 2.500000000000000000e+01 0.000000000000000000e+00 7.815431258459646930e-05 8.873167870393783307e-05 5.636962437337870508e-05 6.168861807629669614e-05
1.000000000000000000e+00 3.000000000000000000e+01 0.000000000000000000e+00 7.607545661703573291e-05 8.614383122557944784e-05 5.558459307236254365e-05 6.094464000980995136e-05
1.000000000000000000e+00 3.500000000000000000e+01 0.000000000000000000e+00 7.506300675670284572e-05 8.563784973522683703e-05 5.484272023722444904e-05 6.101685442200604722e-05
1.000000000000000000e+00 4.000000000000000000e+01 0.000000000000000000e+00 7.396506605562874108e-05 8.453823861122257335e-05 5.419823323990698735e-05 5.996124914821439957e-05
1.000000000000000000e+00 4.500000000000000000e+01 0.000000000000000000e+00 7.384867836776586589e-05 8.441745328686594337e-05 5.422170701347912879e-05 6.002260881210638271e-05
1.000000000000000000e+00 5.000000000000000000e+01 0.000000000000000000e+00 7.377236658840408026e-05 8.432663519041490633e-05 5.425241636472559687e-05 6.001218706227613123e-05
