1.000000000000000000e+00 1.000000000000000000e+00 0.000000000000000000e+00 3.155530728137131893e-03 3.090510380342765834e-03 2.487709358627583200e-04 1.871174809007980153e-04
1.000000000000000000e+00 5.000000000000000000e+00 0.000000000000000000e+00 2.044057396841500798e-03 2.023744378054583362e-03 8.398483700826338359e-04 8.277956143200128130e-04
1.000000000000000000e+00 1.000000000000000000e+01 0.000000000000000000e+00 1.549119987251814648e-03 1.578868278091419882e-03 9.412549601737514723e-04 9.818429583303069520e-04
1.000000000000000000e+00 1.500000000000000000e+01 0.000000000000000000e+00 1.237980217901192819e-03 1.303027076392876404e-03 8.636579261879083654e-04 9.336607022422655335e-04
1.000000000000000000e+00 2.000000000000000000e+01 0.000000000000000000e+00 1.168496515624860722e-03 1.233974885131966948e-03 8.136566866439642930e-04 8.760028728650881167e-04
1.000000000000000000e+00 2.500000000000000000e+01 0.000000000000000000e+00 1.151761301119027343e-03 1.217066762738442005e-03 8.003981806140318851e-04 8.610909680765203248e-04
1.000000000000000000e+00 3.000000000000000000e+01 0.000000000000000000e+00 1.145687387005099459e-03 1.209784476904029928e-03 8.009214283494632243e-04 8.590628400376377127e-04
1.000000000000000000e+00 3.500000000000000000e+01 0.000000000000000000e+00 1.135886411065895963e-03 1.205043454741157750e-03 8.058094300643547838e-04 8.617515761007731078e-04
1.000000000000000000e+00 4.000000000000000000e+01 0.000000000000000000e+00 1.131530308422630049e-03 1.198384936203724391e-03 8.017436784828342036e-04 8.557682398564267360e-04
1.000000000000000000e+00 4.500000000000000000e+01 0.000000000000000000e+00 1.130400277086741293e-03 1.197393028070191509e-03 8.029809541955907183e-04 8.569067728766556306e-04
1.000000000000000000e+00 5.000000000000000000e+01 0.000000000000000000e+00 1.128673153408055966e-03 1.197170620055663286e-03 8.010560412959534960e-04 8.565138063740685825e-04
