1.000000000000000000e+00 1.000000000000000000e+00 0.000000000000000000e+00 1.306337633085386474e-05 1.242050927953983296e-05 1.341456361799049144e-06 1.454359600493088782e-06
1.000000000000000000e+00 5.000000000000000000e+00 0.000000000000000000e+00 1.120823250910861057e-05 1.060262583591239821e-05 1.569447108582178191e-07 1.386404292525601022e-07
1.000000000000000000e+00 1.000000000000000000e+01 0.000000000000000000e+00 1.090885464274351394e-05 1.066431409439974216e-05 1.029302965042975931e-07 1.378038801061566234e-07
1.000000000000000000e+00 1.500000000000000000e+01 0.000000000000000000e+00 1.069232256590401932e-05 1.080615539314336313e-05 8.362161352786072037e-08 7.577645006864979118e-08
1.000000000000000000e+00 2.000000000000000000e+01 0.000000000000000000e+00 1.063975097204022538e-05 1.085739536458514235e-05 1.135078448637349708e-07 9.796727776384361009e-08
1.000000000000000000e+00 2.500000000000000000e+01 0.000000000000000000e+00 1.062463536969335975e-05 1.085555361654138213e-05 1.258315033398467793e-07 1.040514243815646119e-07
1.000000000000000000e+00 3.000000000000000000e+01 0.000000000000000000e+00 1.061792994471018271e-05 1.086409099877562261e-05 1.100819840231507348e-07 8.565178141815412437e-08
1.000000000000000000e+00 3.500000000000000000e+01 0.000000000000000000e+00 1.061999352468651828e-05 1.086065380588318440e-05 1.269419011433045124e-07 9.065652395150157638e-08
1.000000000000000000e+00 4.000000000000000000e+01 0.000000000000000000e+00 1.069692648616389131e-05 1.097209347831219073e-05 2.784803339393792120e-07 2.804104160736224969e-07
1.000000000000000000e+00 4.500000000000000000e+01 0.000000000000000000e+00 1.063783962839571367e-05 1.089788835749462436e-05 1.511328024214681930e-07 1.174511528062111004e-07
1.000000000000000000e+00 5.000000000000000000e+01 0.000000000000000000e+00 1.061241326910676256e-05 1.086291779596996122e-05 1.118427994139303931e-07 1.066283340808301845e-07
