1.000000000000000000e+00 1.000000000000000000e+00 0.000000000000000000e+00 2.844668152415464214e-03 2.851125047703477813e-03 1.957606621682166440e-04 2.361220047292312890e-04
1.000000000000000000e+00 5.000000000000000000e+00 0.000000000000000000e+00 2.521274283716002512e-03 2.554095375130766878e-03 3.151180228334419251e-04 3.506116235257440250e-04
1.000000000000000000e+00 1.000000000000000000e+01 0.000000000000000000e+00 2.122583389345419989e-03 2.210428264118946724e-03 6.005001064107374402e-04 6.509654692528273360e-04
1.000000000000000000e+00 1.500000000000000000e+01 0.000000000000000000e+00 1.855456947534261242e-03 2.005961537724430636e-03 7.208093508756132761e-04 8.184679488373208019e-04
1.000000000000000000e+00 2.000000000000000000e+01 0.000000000000000000e+00 1.799140178404508251e-03 1.968630814453308474e-03 7.350602054239923234e-04 8.494847656435682536e-04
1.000000000000000000e+00 2.500000000000000000e+01 0.000000000000000000e+00 1.792289127796772158e-03 1.964805276584402106e-03 7.392238416684817704e-04 8.534722154824789502e-04
1.000000000000000000e+00 3.000000000000000000e+01 0.000000000000000000e+00 1.765693483345773598e-03 1.941732858085118852e-03 7.446691044225176113e-04 8.599004601440383543e-04
1.000000000000000000e+00 3.500000000000000000e+01 0.000000000000000000e+00 1.764328633575518125e-03 1.941627704105114080e-03 7.448512885108655220e-04 8.602255345112789315e-04
1.000000000000000000e+00 4.000000000000000000e+01 0.000000000000000000e+00 1.761177807798574831e-03 1.938327383923129504e-03 7.456392752467355407e-04 8.634923942652578035e-04
1.000000000000000000e+00 4.500000000000000000e+01 0.000000000000000000e+00 1.758663548751023074e-03 1.936760649038413119e-03 7.470396924732540999e-04 8.647199656482152655e-04
1.000000000000000000e+00 5.000000000000000000e+01 0.000000000000000000e+00 1.758333963839147111e-03 1.939056061982209062e-03 7.468176547952593437e-04 8.675842304648062218e-04
2.000000000000000000e+00 1.000000000000000000e+00 5.000000000000000000e-01 2.734829369510932522e-03 2.544652652519892831e-03 2.493175595110058164e-04 2.014913362851886462e-04
2.000000000000000000e+00 5.000000000000000000e+00 5.000000000000000000e-01 1.604823737564803733e-03 1.601857513618147296e-03 5.643500551097466568e-04 5.689576583172741009e-04
2.000000000000000000e+00 1.000000000000000000e+01 5.000000000000000000e-01 1.294251736807344256e-03 1.380923522346150321e-03 5.309764440538475728e-04 5.569873704988827657e-04
2.000000000000000000e+00 1.500000000000000000e+01 5.000000000000000000e-01 1.339830777219255505e-03 1.520848317739248532e-03 5.892303848119921075e-04 6.905601012090035280e-04
2.000000000000000000e+00 2.000000000000000000e+01 5.000000000000000000e-01 7.366752094309814581e-04 8.377975908960248611e-04 5.206074049676571438e-04 6.070463974934680196e-04
2.000000000000000000e+00 2.500000000000000000e+01 5.000000000000000000e-01 7.761876380295840410e-04 9.057477225311290434e-04 4.291761781194265149e-04 4.923316719403669946e-04
2.000000000000000000e+00 3.000000000000000000e+01 5.000000000000000000e-01 7.231178298628528154e-04 8.539195179857458429e-04 5.304859721772025921e-04 6.387064947307837448e-04
2.000000000000000000e+00 3.500000000000000000e+01 5.000000000000000000e-01 7.276003535982714446e-04 8.469429951230178933e-04 3.362637401392710545e-04 3.929837955921555389e-04
2.000000000000000000e+00 4.000000000000000000e+01 5.000000000000000000e-01 5.343828153331699237e-04 6.197634542665076112e-04 3.214038184120122585e-04 3.726024503725259836e-04
2.000000000000000000e+00 4.500000000000000000e+01 5.000000000000000000e-01 5.876989911672489669e-04 6.976485130759226081e-04 4.273526120298705606e-04 5.223046329607360354e-04
2.000000000000000000e+00 5.000000000000000000e+01 5.000000000000000000e-01 7.079774647679834727e-04 8.182377258674495678e-04 3.728325270101623683e-04 4.324248868490093147e-04
3.000000000000000000e+00 1.000000000000000000e+00 5.000000000000000000e-01 2.499036076099994414e-03 2.336073728549529008e-03 1.598502187990679302e-04 1.359044914821765494e-04
3.000000000000000000e+00 5.000000000000000000e+00 5.000000000000000000e-01 1.634318579850739962e-03 1.698668750841058782e-03 5.022241937743266707e-04 5.234072488845628460e-04
3.000000000000000000e+00 1.000000000000000000e+01 5.000000000000000000e-01 8.482076562137140291e-04 9.844829824069780983e-04 5.120633260524223591e-04 6.094414456581500944e-04
3.000000000000000000e+00 1.500000000000000000e+01 5.000000000000000000e-01 3.633676766184598477e-04 4.572789647040907896e-04 2.597875512117503818e-04 3.137171280940728702e-04
3.000000000000000000e+00 2.000000000000000000e+01 5.000000000000000000e-01 4.267636508796501240e-04 5.480195296068151754e-04 2.562731863045756122e-04 3.154231952319214009e-04
3.000000000000000000e+00 2.500000000000000000e+01 5.000000000000000000e-01 2.340848957093758008e-04 3.082787638468708377e-04 1.558980621268928675e-04 2.021222953598276605e-04
3.000000000000000000e+00 3.000000000000000000e+01 5.000000000000000000e-01 3.802360461896445534e-04 4.997810286611248289e-04 2.569477803971228916e-04 3.364060630473638021e-04
3.000000000000000000e+00 3.500000000000000000e+01 5.000000000000000000e-01 1.768702104137184913e-04 2.308283809939211243e-04 9.064846001018019267e-05 1.268180549443219374e-04
3.000000000000000000e+00 4.000000000000000000e+01 5.000000000000000000e-01 4.059477952619733885e-04 5.439720061701377399e-04 3.408174025853246011e-04 4.606964905702182048e-04
3.000000000000000000e+00 4.500000000000000000e+01 5.000000000000000000e-01 2.684238731086460391e-04 3.603377998843389023e-04 1.075126610826095629e-04 1.545100961153044459e-04
3.000000000000000000e+00 5.000000000000000000e+01 5.000000000000000000e-01 4.309228569428957996e-04 5.652703687671871294e-04 3.470626161913681991e-04 4.521405393590895269e-04
4.000000000000000000e+00 1.000000000000000000e+00 5.000000000000000000e-01 2.319035471259273031e-03 2.238677567614685837e-03 1.432979612057627369e-04 1.280894904670887497e-04
4.000000000000000000e+00 5.000000000000000000e+00 5.000000000000000000e-01 1.098097767927366363e-03 1.191653478793826184e-03 4.665769114676907785e-04 5.089961029229810681e-04
4.000000000000000000e+00 1.000000000000000000e+01 5.000000000000000000e-01 4.793445186228535758e-04 5.902597261147360342e-04 3.107677530260450445e-04 3.711270719932023739e-04
4.000000000000000000e+00 1.500000000000000000e+01 5.000000000000000000e-01 2.649545890907769436e-04 3.873360672552845726e-04 1.445306159782629716e-04 2.161685560724635013e-04
4.000000000000000000e+00 2.000000000000000000e+01 5.000000000000000000e-01 2.475366220022691584e-04 3.638715580170382704e-04 2.576740571509704252e-04 3.857481618680982916e-04
4.000000000000000000e+00 2.500000000000000000e+01 5.000000000000000000e-01 2.857592204649923580e-04 4.249211475270877475e-04 2.715614139234860604e-04 3.938426154167701579e-04
4.000000000000000000e+00 3.000000000000000000e+01 5.000000000000000000e-01 2.162324065239297662e-04 3.277227658625834930e-04 2.341093622338071088e-04 3.559314783483797100e-04
4.000000000000000000e+00 3.500000000000000000e+01 5.000000000000000000e-01 1.634888443276610002e-04 2.410710744434608999e-04 1.161879392568428523e-04 1.751119026762261769e-04
4.000000000000000000e+00 4.000000000000000000e+01 5.000000000000000000e-01 2.923108812462857408e-04 4.311373250145096115e-04 1.443436777944595659e-04 2.170516494069608840e-04
4.000000000000000000e+00 4.500000000000000000e+01 5.000000000000000000e-01 2.873374202737300734e-04 4.394559800230022034e-04 2.271644915186279317e-04 3.476409018146966209e-04
4.000000000000000000e+00 5.000000000000000000e+01 5.000000000000000000e-01 1.845004827829659880e-04 2.704348175593854317e-04 1.154740138286859983e-04 1.692123432610564797e-04
5.000000000000000000e+00 1.000000000000000000e+00 5.000000000000000000e-01 2.332974849989474884e-03 2.269345842595601234e-03 1.351611644382430403e-04 1.170937429905477605e-04
5.000000000000000000e+00 5.000000000000000000e+00 5.000000000000000000e-01 7.233113730054581457e-04 8.288721141547696503e-04 1.902705678159211328e-04 2.174427026975217351e-04
5.000000000000000000e+00 1.000000000000000000e+01 5.000000000000000000e-01 2.934128485124652078e-04 3.946655292153131633e-04 1.003634219380153305e-04 1.397407874091654179e-04
5.000000000000000000e+00 1.500000000000000000e+01 5.000000000000000000e-01 1.751152898376103666e-04 2.659229838345567162e-04 1.918609725075757404e-04 2.814833253931740636e-04
5.000000000000000000e+00 2.000000000000000000e+01 5.000000000000000000e-01 8.981487950457853176e-05 1.453782487709508230e-04 7.312986527434598598e-05 1.209657555250486156e-04
5.000000000000000000e+00 2.500000000000000000e+01 5.000000000000000000e-01 1.111944162296101652e-04 1.776808502089390789e-04 4.079972735279335154e-05 6.170824051047634807e-05
5.000000000000000000e+00 3.000000000000000000e+01 5.000000000000000000e-01 1.051838362322299179e-04 1.767493676217275181e-04 4.511543310394070249e-05 8.155789729044578057e-05
5.000000000000000000e+00 3.500000000000000000e+01 5.000000000000000000e-01 1.433808033925052720e-04 2.491727220332965202e-04 1.024447908499733287e-04 1.806747303008753274e-04
5.000000000000000000e+00 4.000000000000000000e+01 5.000000000000000000e-01 1.186060661147765046e-04 2.036187577016256457e-04 7.284402630919738371e-05 1.250723002314114258e-04
5.000000000000000000e+00 4.500000000000000000e+01 5.000000000000000000e-01 1.208998443059342443e-04 2.076905767319457956e-04 1.129579245097213244e-04 1.973929466737926438e-04
5.000000000000000000e+00 5.000000000000000000e+01 5.000000000000000000e-01 9.162661353833167794e-05 1.578139575560282590e-04 3.381293317737782650e-05 5.893618690716957768e-05
