1.000000000000000000e+00 1.000000000000000000e+00 9.000000000000000222e-01 3.171713612361150118e-03 2.952788546192246406e-03 2.325380455946113539e-04 2.026320477826838230e-04
1.000000000000000000e+00 5.000000000000000000e+00 9.000000000000000222e-01 2.097976689910918419e-03 1.982988896164088882e-03 8.321595447679664814e-04 7.976941281734399028e-04
1.000000000000000000e+00 1.000000000000000000e+01 9.000000000000000222e-01 1.572490443580364886e-03 1.555452964830200679e-03 9.547245011806385507e-04 9.423204242809946323e-04
1.000000000000000000e+00 1.500000000000000000e+01 9.000000000000000222e-01 1.256774870942567847e-03 1.304496006867235771e-03 8.924874517012450605e-04 9.256170084018984241e-04
1.000000000000000000e+00 2.000000000000000000e+01 9.000000000000000222e-01 1.204366835112089841e-03 1.252277011363986132e-03 8.566112589664905737e-04 8.916014381732669880e-04
1.000000000000000000e+00 2.500000000000000000e+01 9.000000000000000222e-01 1.185155567652750562e-03 1.240220298003470202e-03 8.390640306988795703e-04 8.832116091069954844e-04
1.000000000000000000e+00 3.000000000000000000e+01 9.000000000000000222e-01 1.180249291538012666e-03 1.234475403939813091e-03 8.373453113364822840e-04 8.807472658245561357e-04
1.000000000000000000e+00 3.500000000000000000e+01 9.000000000000000222e-01 1.171008846912329404e-03 1.221553703610921918e-03 8.395717590897392021e-04 8.809255063812731351e-04
1.000000000000000000e+00 4.000000000000000000e+01 9.000000000000000222e-01 1.168876749518312332e-03 1.220352576600173926e-03 8.378334427142018455e-04 8.802991100227505359e-04
1.000000000000000000e+00 4.500000000000000000e+01 9.000000000000000222e-01 1.167269800267213466e-03 1.218074271788104805e-03 8.393283431584007545e-04 8.824400938219379180e-04
1.000000000000000000e+00 5.000000000000000000e+01 9.000000000000000222e-01 1.166931151331239815e-03 1.218776708026854134e-03 8.388373559541019604e-04 8.832015257385730268e-04
2.000000000000000000e+00 1.000000000000000000e+00 9.000000000000000222e-01 2.409255335995571547e-03 2.217748206410278047e-03 3.404506641894463432e-04 3.270454043386258783e-04
2.000000000000000000e+00 5.000000000000000000e+00 9.000000000000000222e-01 6.449811407841325988e-04 6.002130327793867839e-04 9.298332125946305658e-05 7.710086702117526338e-05
2.000000000000000000e+00 1.000000000000000000e+01 9.000000000000000222e-01 1.552727233498867705e-04 1.584524847040308794e-04 3.503616011462735497e-05 3.429034114852665620e-05
2.000000000000000000e+00 1.500000000000000000e+01 9.000000000000000222e-01 4.616106791974433979e-05 5.036166979271522936e-05 1.675599737262565872e-05 1.994235468867352229e-05
2.000000000000000000e+00 2.000000000000000000e+01 9.000000000000000222e-01 5.166590114633776116e-05 5.463116947337862139e-05 2.382996537495428053e-05 2.524689917302791388e-05
2.000000000000000000e+00 2.500000000000000000e+01 9.000000000000000222e-01 3.783275719336614667e-05 3.929670201704654975e-05 2.023930602491008117e-05 1.970207253654881818e-05
2.000000000000000000e+00 3.000000000000000000e+01 9.000000000000000222e-01 4.739573052438144122e-05 5.141701054140050177e-05 3.446396950565919714e-05 3.760234144298840882e-05
2.000000000000000000e+00 3.500000000000000000e+01 9.000000000000000222e-01 3.895049112648373821e-05 4.207603350379044869e-05 1.107894587769871939e-05 1.173036521326959224e-05
2.000000000000000000e+00 4.000000000000000000e+01 9.000000000000000222e-01 4.321446716845077113e-05 4.712218196892298288e-05 2.542125500813902805e-05 2.937567207124753673e-05
2.000000000000000000e+00 4.500000000000000000e+01 9.000000000000000222e-01 3.690145144986427874e-05 3.966663395348794737e-05 1.555113693698100159e-05 1.724070004462997536e-05
2.000000000000000000e+00 5.000000000000000000e+01 9.000000000000000222e-01 3.153089241968646649e-05 3.460217326516530905e-05 1.207975809091261803e-05 1.304092616542790822e-05
3.000000000000000000e+00 1.000000000000000000e+00 9.000000000000000222e-01 1.535752610721725399e-03 1.396824857680524327e-03 2.580669138789566056e-04 2.591682452199223804e-04
3.000000000000000000e+00 5.000000000000000000e+00 9.000000000000000222e-01 4.056944853446886015e-04 3.875716331245610447e-04 8.888753400428423706e-05 7.435317272880128477e-05
3.000000000000000000e+00 1.000000000000000000e+01 9.000000000000000222e-01 4.993355089490356553e-05 5.383842205500109128e-05 2.308219546480167635e-05 2.409893429141375757e-05
3.000000000000000000e+00 1.500000000000000000e+01 9.000000000000000222e-01 1.484594810519954988e-05 1.675709916002767125e-05 6.344509701495030962e-06 7.467120400369126304e-06
3.000000000000000000e+00 2.000000000000000000e+01 9.000000000000000222e-01 1.593989501858262143e-05 2.418734078309477101e-05 1.127339234984275164e-05 3.044889718376287728e-05
3.000000000000000000e+00 2.500000000000000000e+01 9.000000000000000222e-01 1.110523475520616609e-05 1.263942422437191634e-05 3.322229187432270380e-06 3.523449388558253176e-06
3.000000000000000000e+00 3.000000000000000000e+01 9.000000000000000222e-01 9.936936385770498282e-06 1.175465977428794235e-05 2.162458269753633347e-06 2.724109476878013559e-06
3.000000000000000000e+00 3.500000000000000000e+01 9.000000000000000222e-01 9.223026120540769898e-06 1.067561467287587673e-05 4.230886513898955332e-06 4.372747634834259979e-06
3.000000000000000000e+00 4.000000000000000000e+01 9.000000000000000222e-01 1.042511665471422834e-05 1.252634961429364643e-05 2.636896061189203138e-06 3.461110882961722556e-06
3.000000000000000000e+00 4.500000000000000000e+01 9.000000000000000222e-01 1.296032740875035910e-05 1.518003937712179269e-05 4.901203017309950544e-06 5.662276174031582631e-06
3.000000000000000000e+00 5.000000000000000000e+01 9.000000000000000222e-01 1.071302646622248405e-05 1.257262052541173037e-05 3.626517274128587763e-06 4.503120230158379107e-06
4.000000000000000000e+00 1.000000000000000000e+00 9.000000000000000222e-01 1.161818048007542178e-03 1.040254507140580837e-03 1.087748781882701496e-04 1.032147766912580800e-04
4.000000000000000000e+00 5.000000000000000000e+00 9.000000000000000222e-01 1.998743923475368152e-04 1.983366043511031987e-04 9.716193221318175676e-05 9.241945273284608267e-05
4.000000000000000000e+00 1.000000000000000000e+01 9.000000000000000222e-01 1.950026978890842376e-05 2.774348840842978694e-05 7.604118647419854064e-06 2.383933247530673258e-05
4.000000000000000000e+00 1.500000000000000000e+01 9.000000000000000222e-01 5.206515113522416165e-06 6.373320205360887658e-06 1.442125418135158518e-06 1.837017642611537026e-06
4.000000000000000000e+00 2.000000000000000000e+01 9.000000000000000222e-01 5.660751704737068811e-06 7.287469456182584998e-06 1.892623174996914040e-06 2.316909810470905437e-06
4.000000000000000000e+00 2.500000000000000000e+01 9.000000000000000222e-01 5.675895041868834153e-06 6.874263755764993046e-06 1.405510167641575220e-06 1.621937590041660121e-06
4.000000000000000000e+00 3.000000000000000000e+01 9.000000000000000222e-01 4.413315235745357708e-06 5.552947439086047163e-06 1.719227533112393670e-06 2.435426824018026460e-06
4.000000000000000000e+00 3.500000000000000000e+01 9.000000000000000222e-01 4.916751949941275693e-06 6.116260800445500678e-06 1.510338409206564293e-06 1.993003614641120084e-06
4.000000000000000000e+00 4.000000000000000000e+01 9.000000000000000222e-01 5.245422749267456624e-06 6.686572704225509546e-06 1.663519042165998845e-06 2.092757622819735520e-06
4.000000000000000000e+00 4.500000000000000000e+01 9.000000000000000222e-01 4.514120074061608394e-06 5.763377076797898277e-06 1.259265310995278013e-06 1.675071292546250812e-06
4.000000000000000000e+00 5.000000000000000000e+01 9.000000000000000222e-01 4.063832394080976710e-06 5.300712949199367190e-06 1.308936568844604038e-06 1.766933619260459937e-06
5.000000000000000000e+00 1.000000000000000000e+00 9.000000000000000222e-01 1.047856809260758453e-03 9.291922098675813382e-04 1.389760586003022287e-04 1.403100279201959573e-04
5.000000000000000000e+00 5.000000000000000000e+00 9.000000000000000222e-01 9.834387644617296489e-05 1.045410583614182651e-04 3.238087256231360681e-05 3.311550772527057615e-05
5.000000000000000000e+00 1.000000000000000000e+01 9.000000000000000222e-01 8.697387994948437413e-06 1.062573121029375452e-05 4.944180550748612790e-06 6.075307476285127913e-06
5.000000000000000000e+00 1.500000000000000000e+01 9.000000000000000222e-01 3.797351790127836417e-06 4.897344030731625078e-06 1.313953202584835915e-06 1.596505624265338737e-06
5.000000000000000000e+00 2.000000000000000000e+01 9.000000000000000222e-01 2.737445076567105363e-06 3.863591200643022522e-06 1.211497045378487081e-06 1.825511387714591135e-06
5.000000000000000000e+00 2.500000000000000000e+01 9.000000000000000222e-01 2.665403410029519747e-06 3.582014094073244057e-06 8.289208974087798061e-07 1.139673212710452370e-06
5.000000000000000000e+00 3.000000000000000000e+01 9.000000000000000222e-01 2.164758248389120332e-06 3.027160043457654026e-06 5.573264654099586689e-07 7.452871516419327736e-07
5.000000000000000000e+00 3.500000000000000000e+01 9.000000000000000222e-01 2.719043745079933976e-06 3.893110487185180538e-06 7.335785916473402771e-07 1.042929224729337216e-06
5.000000000000000000e+00 4.000000000000000000e+01 9.000000000000000222e-01 2.515010540629908935e-06 3.488783079274217264e-06 6.789728570205155468e-07 9.456551346925733026e-07
5.000000000000000000e+00 4.500000000000000000e+01 9.000000000000000222e-01 2.405950198133045051e-06 3.225221072194927105e-06 8.832275279219793530e-07 1.043084694344805065e-06
5.000000000000000000e+00 5.000000000000000000e+01 9.000000000000000222e-01 2.533410646975813758e-06 3.438544242927974529e-06 1.179153869298414922e-06 1.474128802893114584e-06
