1.000000000000000000e+00 1.000000000000000000e+00 0.000000000000000000e+00 1.306337633085386474e-05 1.242050927953983296e-05 1.341456361799049144e-06 1.454359600493088782e-06
1.000000000000000000e+00 5.000000000000000000e+00 0.000000000000000000e+00 1.120823250910861057e-05 1.060262583591239821e-05 1.569447108582178191e-07 1.386404292525601022e-07
1.000000000000000000e+00 1.000000000000000000e+01 0.000000000000000000e+00 1.090885464274351394e-05 1.066431409439974216e-05 1.029302965042975931e-07 1.378038801061566234e-07
1.000000000000000000e+00 1.500000000000000000e+01 0.000000000000000000e+00 1.069232256590401932e-05 1.080615539314336313e-05 8.362161352786072037e-08 7.577645006864979118e-08
1.000000000000000000e+00 2.000000000000000000e+01 0.000000000000000000e+00 1.063975097204022538e-05 1.085739536458514235e-05 1.135078448637349708e-07 9.796727776384361009e-08
1.000000000000000000e+00 2.500000000000000000e+01 0.000000000000000000e+00 1.062463536969335975e-05 1.085555361654138213e-05 1.258315033398467793e-07 1.040514243815646119e-07
1.000000000000000000e+00 3.000000000000000000e+01 0.000000000000000000e+00 1.061792994471018271e-05 1.086409099877562261e-05 1.100819840231507348e-07 8.565178141815412437e-08
1.000000000000000000e+00 3.500000000000000000e+01 0.000000000000000000e+00 1.061999352468651828e-05 1.086065380588318440e-05 1.269419011433045124e-07 9.065652395150157638e-08
1.000000000000000000e+00 4.000000000000000000e+01 0.000000000000000000e+00 1.069692648616389131e-05 1.097209347831219073e-05 2.784803339393792120e-07 2.804104160736224969e-07
1.000000000000000000e+00 4.500000000000000000e+01 0.000000000000000000e+00 1.063783962839571367e-05 1.089788835749462436e-05 1.511328024214681930e-07 1.174511528062111004e-07
1.000000000000000000e+00 5.000000000000000000e+01 0.000000000000000000e+00 1.061241326910676256e-05 1.086291779596996122e-05 1.118427994139303931e-07 1.066283340808301845e-07
2.000000000000000000e+00 1.000000000000000000e+00 0.000000000000000000e+00 1.040965540378048554e-05 1.234735939689103062e-05 3.266965318760727272e-07 3.736417882661346056e-07
2.000000000000000000e+00 5.000000000000000000e+00 0.000000000000000000e+00 9.843230521017285522e-06 1.224886151835352371e-05 3.224595266714063349e-08 1.115011933272905652e-07
2.000000000000000000e+00 1.000000000000000000e+01 0.000000000000000000e+00 9.462680140818331665e-06 1.286811504143974257e-05 9.910996612468843906e-08 3.231256264468371677e-07
2.000000000000000000e+00 1.500000000000000000e+01 0.000000000000000000e+00 9.085516020696990979e-06 1.342975017894025829e-05 1.513759362126227112e-07 3.003536423061028732e-07
2.000000000000000000e+00 2.000000000000000000e+01 0.000000000000000000e+00 9.110928477045345219e-06 1.357601259169996405e-05 1.636113909335277236e-07 4.342832679618014523e-07
2.000000000000000000e+00 2.500000000000000000e+01 0.000000000000000000e+00 9.071713550919511149e-06 1.388748343318485219e-05 1.245974726835548792e-07 3.251616647100071922e-07
2.000000000000000000e+00 3.000000000000000000e+01 0.000000000000000000e+00 8.965237721998058160e-06 1.405018599897543043e-05 2.377571340544906477e-07 4.669604674652650803e-07
2.000000000000000000e+00 3.500000000000000000e+01 0.000000000000000000e+00 9.025687757325415864e-06 1.414828018624419159e-05 1.242776683926777076e-07 5.250258453741610278e-07
2.000000000000000000e+00 4.000000000000000000e+01 0.000000000000000000e+00 9.060247878513438678e-06 1.429144797077409518e-05 1.464363096755149539e-07 5.387826446973590162e-07
2.000000000000000000e+00 4.500000000000000000e+01 0.000000000000000000e+00 9.020339526700127232e-06 1.409905229104907463e-05 1.179582703488443418e-07 6.122388204564096642e-07
2.000000000000000000e+00 5.000000000000000000e+01 0.000000000000000000e+00 8.892793506273511767e-06 1.428796015374201952e-05 8.287520936609736388e-08 3.211334439410088307e-07
3.000000000000000000e+00 1.000000000000000000e+00 0.000000000000000000e+00 1.025442000252646650e-05 1.221469818699737802e-05 1.929447324307153459e-07 2.590108823405746479e-07
3.000000000000000000e+00 5.000000000000000000e+00 0.000000000000000000e+00 9.639999192470025845e-06 1.261588810162575038e-05 6.035753690753934415e-08 2.008873627700427416e-07
3.000000000000000000e+00 1.000000000000000000e+01 0.000000000000000000e+00 9.101038403718671302e-06 1.349344866020428589e-05 1.006299756338966247e-07 3.373542965044218906e-07
3.000000000000000000e+00 1.500000000000000000e+01 0.000000000000000000e+00 8.665924350881590974e-06 1.424883726185626075e-05 1.779690081217528595e-07 4.362856380936758125e-07
3.000000000000000000e+00 2.000000000000000000e+01 0.000000000000000000e+00 8.549016664471449333e-06 1.487533465724010372e-05 2.172659014887174366e-07 6.103855382194960569e-07
3.000000000000000000e+00 2.500000000000000000e+01 0.000000000000000000e+00 8.581721251645564087e-06 1.472750279833184232e-05 1.512552416890405909e-07 5.035787889282121193e-07
3.000000000000000000e+00 3.000000000000000000e+01 0.000000000000000000e+00 8.450869766450936274e-06 1.527399673697155168e-05 9.986777326224169338e-08 6.517817669119874348e-07
3.000000000000000000e+00 3.500000000000000000e+01 0.000000000000000000e+00 8.455999496729104666e-06 1.521373531582529132e-05 1.757957910324384809e-07 4.831610293075064909e-07
3.000000000000000000e+00 4.000000000000000000e+01 0.000000000000000000e+00 8.404531045851057648e-06 1.586263371509842097e-05 2.011773029736583501e-07 6.724324369997969695e-07
3.000000000000000000e+00 4.500000000000000000e+01 0.000000000000000000e+00 8.396322106645056157e-06 1.548876347149787325e-05 1.905880218134424884e-07 5.567858076792304082e-07
3.000000000000000000e+00 5.000000000000000000e+01 0.000000000000000000e+00 8.381884730406489884e-06 1.522750821181408986e-05 1.586490647354225398e-07 5.535681665534596037e-07
4.000000000000000000e+00 1.000000000000000000e+00 0.000000000000000000e+00 1.009263409572305300e-05 1.204182465067724509e-05 7.708063753305697855e-08 1.123649299808958053e-07
4.000000000000000000e+00 5.000000000000000000e+00 0.000000000000000000e+00 9.510158746474009885e-06 1.276241726684072990e-05 5.742226331515188004e-08 1.805840470044476205e-07
4.000000000000000000e+00 1.000000000000000000e+01 0.000000000000000000e+00 8.864071162341922395e-06 1.418712900314694195e-05 1.160571047089781160e-07 6.645439556388994228e-07
4.000000000000000000e+00 1.500000000000000000e+01 0.000000000000000000e+00 8.090516913161096058e-06 1.521106993148828593e-05 7.793708405787378286e-08 4.227144417589093012e-07
4.000000000000000000e+00 2.000000000000000000e+01 0.000000000000000000e+00 7.967442449705173011e-06 1.641469240798105117e-05 2.153647437391373782e-07 6.119263514156010557e-07
4.000000000000000000e+00 2.500000000000000000e+01 0.000000000000000000e+00 7.961844471302321103e-06 1.607586697777515253e-05 1.989882760963419808e-07 6.088650308834903000e-07
4.000000000000000000e+00 3.000000000000000000e+01 0.000000000000000000e+00 7.968206557766593793e-06 1.625692982914040571e-05 2.597525043004479968e-07 7.581839939471730561e-07
4.000000000000000000e+00 3.500000000000000000e+01 0.000000000000000000e+00 7.885039068748011140e-06 1.661009360028714680e-05 1.622546478368229008e-07 6.607053250844180832e-07
4.000000000000000000e+00 4.000000000000000000e+01 0.000000000000000000e+00 7.727148811358179977e-06 1.679659987794609061e-05 2.155009362709706288e-07 6.953460994105785483e-07
4.000000000000000000e+00 4.500000000000000000e+01 0.000000000000000000e+00 7.817119352903550354e-06 1.648307378484528677e-05 1.172559575229621029e-07 3.692035478184890483e-07
4.000000000000000000e+00 5.000000000000000000e+01 0.000000000000000000e+00 7.909885394585664439e-06 1.614819069261810402e-05 1.512328670993779377e-07 6.957048507346977240e-07
5.000000000000000000e+00 1.000000000000000000e+00 0.000000000000000000e+00 1.000983321473813316e-05 1.211789781890617785e-05 4.371819136735866514e-08 1.049233038962714819e-07
5.000000000000000000e+00 5.000000000000000000e+00 0.000000000000000000e+00 9.319232355177172416e-06 1.304779528557334007e-05 8.561898482041029353e-08 2.499195534054469550e-07
5.000000000000000000e+00 1.000000000000000000e+01 0.000000000000000000e+00 8.541345936621830230e-06 1.446179036714826260e-05 1.245127930198365999e-07 4.038045408773064415e-07
5.000000000000000000e+00 1.500000000000000000e+01 0.000000000000000000e+00 7.668108855049208321e-06 1.620283312145518733e-05 1.312201240782966084e-07 5.482277041991602254e-07
5.000000000000000000e+00 2.000000000000000000e+01 0.000000000000000000e+00 7.501697368544072431e-06 1.688027497277010312e-05 1.666131665684649911e-07 6.939453224555833555e-07
5.000000000000000000e+00 2.500000000000000000e+01 0.000000000000000000e+00 7.410996619225578829e-06 1.722981973047404196e-05 1.158996871436773168e-07 7.174209843628659472e-07
5.000000000000000000e+00 3.000000000000000000e+01 0.000000000000000000e+00 7.420250402234624101e-06 1.737524514749721392e-05 1.508323959559676713e-07 6.263302967316994978e-07
5.000000000000000000e+00 3.500000000000000000e+01 0.000000000000000000e+00 7.309771782635113146e-06 1.769336312127234420e-05 1.687249803092107843e-07 8.256417325099734009e-07
5.000000000000000000e+00 4.000000000000000000e+01 0.000000000000000000e+00 7.447300343128085691e-06 1.772825787102353599e-05 1.863441688640586716e-07 1.198573382504791672e-06
5.000000000000000000e+00 4.500000000000000000e+01 0.000000000000000000e+00 7.449427008625580334e-06 1.754290986125849188e-05 2.056271031135435443e-07 9.064688150426503120e-07
5.000000000000000000e+00 5.000000000000000000e+01 0.000000000000000000e+00 7.343937645285574805e-06 1.777785882678705032e-05 1.598706084565210033e-07 6.122359220173542348e-07
