1.000000000000000000e+00 1.000000000000000000e+00 1.000000000000000056e-01 3.002248386614741853e-03 2.951323646753842376e-03 2.182131316253912024e-04 2.244718586804066586e-04
1.000000000000000000e+00 5.000000000000000000e+00 1.000000000000000056e-01 1.954776676127218532e-03 1.977055384226115899e-03 8.132039627479633551e-04 7.824620664129783515e-04
1.000000000000000000e+00 1.000000000000000000e+01 1.000000000000000056e-01 1.483729357823985974e-03 1.556514626439819233e-03 9.131090553261353307e-04 9.425670954784546272e-04
1.000000000000000000e+00 1.500000000000000000e+01 1.000000000000000056e-01 1.185577579080048178e-03 1.317172491987740179e-03 8.483663548941323398e-04 9.203595887179188582e-04
1.000000000000000000e+00 2.000000000000000000e+01 1.000000000000000056e-01 1.120134763246075776e-03 1.274024369040747517e-03 7.959617306018518896e-04 8.974259557213071963e-04
1.000000000000000000e+00 2.500000000000000000e+01 1.000000000000000056e-01 1.102892337045459966e-03 1.255347219604502308e-03 7.796978715964503811e-04 8.832331284350285411e-04
1.000000000000000000e+00 3.000000000000000000e+01 1.000000000000000056e-01 1.097351401827694698e-03 1.253221719158341060e-03 7.781675244304796929e-04 8.840254313901622875e-04
1.000000000000000000e+00 3.500000000000000000e+01 1.000000000000000056e-01 1.087877292244411294e-03 1.245559902948465596e-03 7.785885610923141921e-04 8.838543849245595642e-04
1.000000000000000000e+00 4.000000000000000000e+01 1.000000000000000056e-01 1.085915450930329549e-03 1.243178341688916475e-03 7.786884282662900891e-04 8.847567460196908984e-04
1.000000000000000000e+00 4.500000000000000000e+01 1.000000000000000056e-01 1.084445257847489741e-03 1.242408498975478524e-03 7.801829735749930090e-04 8.863558489633321632e-04
1.000000000000000000e+00 5.000000000000000000e+01 1.000000000000000056e-01 1.084002908015631577e-03 1.242483150920915694e-03 7.796873144151029392e-04 8.867441226520785631e-04
2.000000000000000000e+00 1.000000000000000000e+00 1.000000000000000056e-01 2.956113374118968674e-03 2.882608836070885312e-03 2.151701253295752649e-04 1.966568170352035402e-04
2.000000000000000000e+00 5.000000000000000000e+00 1.000000000000000056e-01 1.195997624095547669e-03 1.313997227745757924e-03 6.272414520083197239e-04 6.409921928261805377e-04
2.000000000000000000e+00 1.000000000000000000e+01 1.000000000000000056e-01 8.341382660337381180e-04 1.025844889009208411e-03 4.056661115856156951e-04 4.867259215406847714e-04
2.000000000000000000e+00 1.500000000000000000e+01 1.000000000000000056e-01 7.917750680910398469e-04 1.046817333015982645e-03 3.602913558277812990e-04 4.589679717923567754e-04
2.000000000000000000e+00 2.000000000000000000e+01 1.000000000000000056e-01 2.643844901762678430e-04 3.721847942380735971e-04 1.921962475507421673e-04 2.629042006611214018e-04
2.000000000000000000e+00 2.500000000000000000e+01 1.000000000000000056e-01 3.367670167659216280e-04 4.581991572137892503e-04 2.393458237708917980e-04 3.233303194103150742e-04
2.000000000000000000e+00 3.000000000000000000e+01 1.000000000000000056e-01 3.753606706396377200e-04 5.161721524296133826e-04 3.203526207954599447e-04 4.415100791254183954e-04
2.000000000000000000e+00 3.500000000000000000e+01 1.000000000000000056e-01 3.024740817875738426e-04 4.185653303213260389e-04 2.074658630151319529e-04 2.706769392716369986e-04
2.000000000000000000e+00 4.000000000000000000e+01 1.000000000000000056e-01 1.875846350098018200e-04 2.679231101124707800e-04 1.444910791330263674e-04 2.002788039398861752e-04
2.000000000000000000e+00 4.500000000000000000e+01 1.000000000000000056e-01 1.865509459621275397e-04 2.716563534167220511e-04 1.452027617592185123e-04 2.176003985692364295e-04
2.000000000000000000e+00 5.000000000000000000e+01 1.000000000000000056e-01 2.712625467824369063e-04 4.169164625551746413e-04 1.805880668672481476e-04 3.005912111145990105e-04
3.000000000000000000e+00 1.000000000000000000e+00 1.000000000000000056e-01 2.480961423815729316e-03 2.530428072144204170e-03 2.407760004825175632e-04 2.346805475767510009e-04
3.000000000000000000e+00 5.000000000000000000e+00 1.000000000000000056e-01 1.227677637641849846e-03 1.412060947117810532e-03 5.233848168420319504e-04 5.656671722851928973e-04
3.000000000000000000e+00 1.000000000000000000e+01 1.000000000000000056e-01 4.602016026479447655e-04 6.100249042599974192e-04 3.619981853728667818e-04 4.590987772050274013e-04
3.000000000000000000e+00 1.500000000000000000e+01 1.000000000000000056e-01 1.091767268757419285e-04 1.659301383263871881e-04 7.857921435518424517e-05 1.208231036819141336e-04
3.000000000000000000e+00 2.000000000000000000e+01 1.000000000000000056e-01 1.276892138314073639e-04 2.120360793227086941e-04 9.478896250642047320e-05 1.546992786419772528e-04
3.000000000000000000e+00 2.500000000000000000e+01 1.000000000000000056e-01 6.946474066126815457e-05 1.096568273882962311e-04 6.351737974100466833e-05 9.670155201650297799e-05
3.000000000000000000e+00 3.000000000000000000e+01 1.000000000000000056e-01 1.185928066404093263e-04 1.920135787334917863e-04 1.017447958091111077e-04 1.614391500613749850e-04
3.000000000000000000e+00 3.500000000000000000e+01 1.000000000000000056e-01 5.087623710159090273e-05 8.453502243730529899e-05 5.687561895569666001e-05 9.568960390649795442e-05
3.000000000000000000e+00 4.000000000000000000e+01 1.000000000000000056e-01 1.307296632244433023e-04 2.196249281625211485e-04 1.057139259942937716e-04 1.948706542439109283e-04
3.000000000000000000e+00 4.500000000000000000e+01 1.000000000000000056e-01 9.687775399456369869e-05 1.597095231761604464e-04 3.759763363223771540e-05 6.162756408431309797e-05
3.000000000000000000e+00 5.000000000000000000e+01 1.000000000000000056e-01 1.434360957149031395e-04 2.429031370941217691e-04 1.311381133289206467e-04 2.181243938381714808e-04
4.000000000000000000e+00 1.000000000000000000e+00 1.000000000000000056e-01 2.145013084223848249e-03 2.212270852847643757e-03 3.459941160807161330e-04 3.106797976196397273e-04
4.000000000000000000e+00 5.000000000000000000e+00 1.000000000000000056e-01 6.643107630323371714e-04 8.205621669202962107e-04 3.910812339806310858e-04 4.781608208478634113e-04
4.000000000000000000e+00 1.000000000000000000e+01 1.000000000000000056e-01 1.767126893087565972e-04 2.609124256509617683e-04 1.192688946319459551e-04 1.735126850051038703e-04
4.000000000000000000e+00 1.500000000000000000e+01 1.000000000000000056e-01 8.174277216769472519e-05 1.467897421171444092e-04 5.960931631250341645e-05 1.074400954459398899e-04
4.000000000000000000e+00 2.000000000000000000e+01 1.000000000000000056e-01 7.106488976187523066e-05 1.322858915333996205e-04 6.954676706004518920e-05 1.351575857389180149e-04
4.000000000000000000e+00 2.500000000000000000e+01 1.000000000000000056e-01 9.297397373095912397e-05 1.724015912194324653e-04 9.819521364278509430e-05 1.768475914349246583e-04
4.000000000000000000e+00 3.000000000000000000e+01 1.000000000000000056e-01 5.540626943456067224e-05 1.175588302151156912e-04 6.835852904342251267e-05 1.620959364710800293e-04
4.000000000000000000e+00 3.500000000000000000e+01 1.000000000000000056e-01 4.378382293112187136e-05 8.295498577172633796e-05 4.151790689565373698e-05 8.249747114134472147e-05
4.000000000000000000e+00 4.000000000000000000e+01 1.000000000000000056e-01 8.897765076937316189e-05 1.777814911128885946e-04 4.910551406894158130e-05 1.030160342525497620e-04
4.000000000000000000e+00 4.500000000000000000e+01 1.000000000000000056e-01 9.059768121074090585e-05 1.792538023816619129e-04 7.280031167493065003e-05 1.442314281583219565e-04
4.000000000000000000e+00 5.000000000000000000e+01 1.000000000000000056e-01 4.470813052906448532e-05 8.315550219624459030e-05 3.446619689141303643e-05 6.300540703143287500e-05
5.000000000000000000e+00 1.000000000000000000e+00 1.000000000000000056e-01 2.202194678676094690e-03 2.269471168103517553e-03 2.798130574346091104e-04 2.909197428277271154e-04
5.000000000000000000e+00 5.000000000000000000e+00 1.000000000000000056e-01 3.700910660037383003e-04 4.800670933296326335e-04 9.986174357031611692e-05 1.399419056255504703e-04
5.000000000000000000e+00 1.000000000000000000e+01 1.000000000000000056e-01 1.045724028915137447e-04 1.639105655428710188e-04 7.682499864646744959e-05 1.214664637644167404e-04
5.000000000000000000e+00 1.500000000000000000e+01 1.000000000000000056e-01 5.214931650491228362e-05 1.019343136868910141e-04 4.938567867639801466e-05 1.003291633228602488e-04
5.000000000000000000e+00 2.000000000000000000e+01 1.000000000000000056e-01 2.493999404674253605e-05 5.351809228886487578e-05 3.104431580308703270e-05 6.907264511876517609e-05
5.000000000000000000e+00 2.500000000000000000e+01 1.000000000000000056e-01 3.079281326080777678e-05 6.426268814128766147e-05 1.516455451908031431e-05 3.373643372814056490e-05
5.000000000000000000e+00 3.000000000000000000e+01 1.000000000000000056e-01 2.403683604556614261e-05 5.401857973508926338e-05 1.639475971216713029e-05 4.056214973159998484e-05
5.000000000000000000e+00 3.500000000000000000e+01 1.000000000000000056e-01 3.743161673893165449e-05 8.509272758370548776e-05 3.051140829358803581e-05 7.363261133081911282e-05
5.000000000000000000e+00 4.000000000000000000e+01 1.000000000000000056e-01 2.858225043308167346e-05 6.615202042043429108e-05 2.121036966199569759e-05 5.230743441796336594e-05
5.000000000000000000e+00 4.500000000000000000e+01 1.000000000000000056e-01 3.003604252480779728e-05 6.736946214349469493e-05 3.019804210130728122e-05 6.834980707226334185e-05
5.000000000000000000e+00 5.000000000000000000e+01 1.000000000000000056e-01 2.070874352891630496e-05 4.588569652670084398e-05 1.315600735871282367e-05 3.108307864525863400e-05
