1.000000000000000000e+00 1.000000000000000000e+00 0.000000000000000000e+00 2.844668152415464214e-03 2.851125047703477813e-03 1.957606621682166440e-04 2.361220047292312890e-04
1.000000000000000000e+00 5.000000000000000000e+00 0.000000000000000000e+00 2.521274283716002512e-03 2.554095375130766878e-03 3.151180228334419251e-04 3.506116235257440250e-04
1.000000000000000000e+00 1.000000000000000000e+01 0.000000000000000000e+00 2.122583389345419989e-03 2.210428264118946724e-03 6.005001064107374402e-04 6.509654692528273360e-04
1.000000000000000000e+00 1.500000000000000000e+01 0.000000000000000000e+00 1.855456947534261242e-03 2.005961537724430636e-03 7.208093508756132761e-04 8.184679488373208019e-04
1.000000000000000000e+00 2.000000000000000000e+01 0.000000000000000000e+00 1.799140178404508251e-03 1.968630814453308474e-03 7.350602054239923234e-04 8.494847656435682536e-04
1.000000000000000000e+00 2.500000000000000000e+01 0.000000000000000000e+00 1.792289127796772158e-03 1.964805276584402106e-03 7.392238416684817704e-04 8.534722154824789502e-04
1.000000000000000000e+00 3.000000000000000000e+01 0.000000000000000000e+00 1.765693483345773598e-03 1.941732858085118852e-03 7.446691044225176113e-04 8.599004601440383543e-04
1.000000000000000000e+00 3.500000000000000000e+01 0.000000000000000000e+00 1.764328633575518125e-03 1.941627704105114080e-03 7.448512885108655220e-04 8.602255345112789315e-04
1.000000000000000000e+00 4.000000000000000000e+01 0.000000000000000000e+00 1.761177807798574831e-03 1.938327383923129504e-03 7.456392752467355407e-04 8.634923942652578035e-04
1.000000000000000000e+00 4.500000000000000000e+01 0.000000000000000000e+00 1.758663548751023074e-03 1.936760649038413119e-03 7.470396924732540999e-04 8.647199656482152655e-04
1.000000000000000000e+00 5.000000000000000000e+01 0.000000000000000000e+00 1.758333963839147111e-03 1.939056061982209062e-03 7.468176547952593437e-04 8.675842304648062218e-04
2.000000000000000000e+00 1.000000000000000000e+00 0.000000000000000000e+00 3.214468266788815705e-03 3.030911493723775253e-03 2.900979276712979714e-04 2.250478538799863054e-04
2.000000000000000000e+00 5.000000000000000000e+00 0.000000000000000000e+00 2.192911241871268319e-03 2.165617762240018389e-03 6.063848465742853510e-04 5.965707276169932840e-04
2.000000000000000000e+00 1.000000000000000000e+01 0.000000000000000000e+00 1.916501676881999811e-03 2.041545834430637078e-03 7.084550331689964996e-04 7.589948964572184936e-04
2.000000000000000000e+00 1.500000000000000000e+01 0.000000000000000000e+00 2.181689762096322358e-03 2.427138959253736031e-03 7.144632862527293448e-04 7.606921586581313248e-04
2.000000000000000000e+00 2.000000000000000000e+01 0.000000000000000000e+00 1.298232512141582039e-03 1.502707029710407790e-03 7.746025743831319805e-04 8.719605550772855339e-04
2.000000000000000000e+00 2.500000000000000000e+01 0.000000000000000000e+00 1.543792677997850565e-03 1.792901853305034878e-03 7.229990364182383193e-04 8.272943853197530038e-04
2.000000000000000000e+00 3.000000000000000000e+01 0.000000000000000000e+00 1.315898431500490528e-03 1.535583356804924885e-03 7.202179228984275944e-04 8.551210940180203933e-04
2.000000000000000000e+00 3.500000000000000000e+01 0.000000000000000000e+00 1.496748977192526335e-03 1.754307675573070231e-03 5.438221760417126863e-04 6.380664612769512732e-04
2.000000000000000000e+00 4.000000000000000000e+01 0.000000000000000000e+00 1.051926366971445972e-03 1.215958524675081216e-03 6.882395432965583443e-04 7.849709024210752180e-04
2.000000000000000000e+00 4.500000000000000000e+01 0.000000000000000000e+00 1.119334310530202721e-03 1.332959901192411808e-03 5.780664138424825450e-04 6.977540924084498983e-04
2.000000000000000000e+00 5.000000000000000000e+01 0.000000000000000000e+00 1.382790184748868825e-03 1.665029528716533607e-03 6.169312014524181483e-04 7.387998603886402693e-04
3.000000000000000000e+00 1.000000000000000000e+00 0.000000000000000000e+00 2.935205955834571407e-03 2.856521423779730378e-03 2.174243185537727671e-04 1.734142948687727537e-04
3.000000000000000000e+00 5.000000000000000000e+00 0.000000000000000000e+00 2.402555066465312649e-03 2.410657788853122659e-03 6.000819878998604707e-04 5.716693611104068946e-04
3.000000000000000000e+00 1.000000000000000000e+01 0.000000000000000000e+00 1.508225479910643967e-03 1.693079254284477701e-03 6.758835395541593332e-04 7.597104210654246357e-04
3.000000000000000000e+00 1.500000000000000000e+01 0.000000000000000000e+00 8.471404643558171684e-04 1.077958475458838270e-03 5.986017221104591394e-04 7.677473054391608818e-04
3.000000000000000000e+00 2.000000000000000000e+01 0.000000000000000000e+00 1.060470967175152239e-03 1.370320477976108304e-03 5.346671401051736197e-04 6.559055423575843287e-04
3.000000000000000000e+00 2.500000000000000000e+01 0.000000000000000000e+00 5.438200934946904857e-04 7.274322587806750272e-04 4.161961119219057415e-04 5.534508437100542225e-04
3.000000000000000000e+00 3.000000000000000000e+01 0.000000000000000000e+00 9.320930780928697850e-04 1.270113173894576704e-03 5.583152776326707426e-04 7.328268728621808699e-04
3.000000000000000000e+00 3.500000000000000000e+01 0.000000000000000000e+00 4.429710022376256236e-04 5.930228815558007040e-04 3.380733068674232774e-04 4.322845653127023674e-04
3.000000000000000000e+00 4.000000000000000000e+01 0.000000000000000000e+00 8.868359187213743560e-04 1.222134073040882091e-03 5.340860858123432564e-04 7.441387429478674891e-04
3.000000000000000000e+00 4.500000000000000000e+01 0.000000000000000000e+00 7.562855123012062180e-04 1.052343907531466932e-03 3.492541734573776529e-04 5.085779687968922840e-04
3.000000000000000000e+00 5.000000000000000000e+01 0.000000000000000000e+00 1.001294362653524193e-03 1.306305139510087303e-03 6.323840532266421103e-04 7.928988003471841399e-04
4.000000000000000000e+00 1.000000000000000000e+00 0.000000000000000000e+00 2.757269104918204893e-03 2.691546058865878274e-03 1.451442546583289750e-04 1.445324266277778962e-04
4.000000000000000000e+00 5.000000000000000000e+00 0.000000000000000000e+00 1.705025690744709898e-03 1.786824619897075302e-03 6.127262637835892249e-04 6.177047942428033145e-04
4.000000000000000000e+00 1.000000000000000000e+01 0.000000000000000000e+00 1.071066666723625386e-03 1.312970663779432570e-03 5.867710527125667708e-04 6.983399092389108026e-04
4.000000000000000000e+00 1.500000000000000000e+01 0.000000000000000000e+00 8.050582925560819964e-04 1.166903776878670069e-03 4.893048870712710151e-04 6.981209085195374782e-04
4.000000000000000000e+00 2.000000000000000000e+01 0.000000000000000000e+00 6.367962729530902716e-04 9.615131211500163371e-04 5.134387677435522847e-04 7.702112259110947649e-04
4.000000000000000000e+00 2.500000000000000000e+01 0.000000000000000000e+00 7.325391917390617355e-04 1.068485909468216543e-03 5.994125212996729299e-04 8.401965099390270707e-04
4.000000000000000000e+00 3.000000000000000000e+01 0.000000000000000000e+00 5.922275399008667101e-04 8.961129952183534897e-04 4.868170227181951751e-04 7.263169865369204772e-04
4.000000000000000000e+00 3.500000000000000000e+01 0.000000000000000000e+00 4.475655925982754382e-04 6.729018455818568676e-04 3.764516796494632596e-04 5.449122458304632346e-04
4.000000000000000000e+00 4.000000000000000000e+01 0.000000000000000000e+00 9.372800673602278265e-04 1.449892593640714645e-03 4.459002001961634627e-04 6.970551214776015509e-04
4.000000000000000000e+00 4.500000000000000000e+01 0.000000000000000000e+00 8.072503709763636940e-04 1.255484249035949268e-03 5.694709353369598829e-04 8.557561372754897465e-04
4.000000000000000000e+00 5.000000000000000000e+01 0.000000000000000000e+00 5.902352171052259846e-04 8.987715608280322666e-04 4.350379486634263948e-04 6.681862233338149585e-04
5.000000000000000000e+00 1.000000000000000000e+00 0.000000000000000000e+00 2.762309484370960126e-03 2.698884416281964981e-03 1.729444988993019869e-04 1.627098722228003096e-04
5.000000000000000000e+00 5.000000000000000000e+00 0.000000000000000000e+00 1.347541573195114913e-03 1.460251024399787179e-03 4.849790240258610189e-04 5.154063814804464528e-04
5.000000000000000000e+00 1.000000000000000000e+01 0.000000000000000000e+00 7.944913700043843702e-04 1.055107198121362638e-03 3.620702248705405719e-04 4.577731904038819747e-04
5.000000000000000000e+00 1.500000000000000000e+01 0.000000000000000000e+00 4.339347247405278139e-04 7.026958174154185896e-04 4.337133598108004165e-04 6.453963150692746103e-04
5.000000000000000000e+00 2.000000000000000000e+01 0.000000000000000000e+00 2.502182571914342421e-04 4.522110885410250409e-04 2.601385993136167817e-04 4.950455435169525287e-04
5.000000000000000000e+00 2.500000000000000000e+01 0.000000000000000000e+00 3.955608730222498026e-04 7.126136223562158948e-04 2.160603859489869231e-04 3.931652309245803009e-04
5.000000000000000000e+00 3.000000000000000000e+01 0.000000000000000000e+00 3.653635908934345562e-04 6.582236528771010040e-04 2.608898346917379709e-04 4.745221953847902777e-04
5.000000000000000000e+00 3.500000000000000000e+01 0.000000000000000000e+00 4.781949717788504597e-04 8.874477447852411596e-04 3.900877145282453354e-04 7.592574498404405575e-04
5.000000000000000000e+00 4.000000000000000000e+01 0.000000000000000000e+00 3.704268285595599180e-04 6.752644115469531643e-04 2.952459559526891559e-04 5.554280602494639013e-04
5.000000000000000000e+00 4.500000000000000000e+01 0.000000000000000000e+00 3.455321372774863191e-04 6.158557720834765842e-04 4.063581761121918341e-04 7.266454264249997417e-04
5.000000000000000000e+00 5.000000000000000000e+01 0.000000000000000000e+00 2.802060685077489193e-04 5.315711736674299344e-04 1.309770841237311776e-04 2.608996182974285933e-04
