1.000000000000000000e+00 1.000000000000000000e+00 0.000000000000000000e+00 3.064862026259710780e-03 3.028815098642151545e-03 2.859646833643522353e-04 2.874911782820710883e-04
1.000000000000000000e+00 5.000000000000000000e+00 0.000000000000000000e+00 7.513314530923867907e-04 7.794654252469700347e-04 2.564329811832528243e-04 2.640914213694921849e-04
1.000000000000000000e+00 1.000000000000000000e+01 0.000000000000000000e+00 2.094929228760378031e-04 2.302058067931150723e-04 1.088556103477994556e-04 1.262894433491364252e-04
1.000000000000000000e+00 1.500000000000000000e+01 0.000000000000000000e+00 9.405143691607303468e-05 1.060871715761366153e-04 6.095799631294109678e-05 6.604638302385887024e-05
1.000000000000000000e+00 2.000000000000000000e+01 0.000000000000000000e+00 8.065788955124247818e-05 9.161479240792566050e-05 5.823850619486517900e-05 6.335499964215102859e-05
1.000000000000000000e+00 2.500000000000000000e+01 0.000000000000000000e+00 7.815431258459646930e-05 8.873167870393783307e-05 5.636962437337870508e-05 6.168861807629669614e-05
1.000000000000000000e+00 3.000000000000000000e+01 0.000000000000000000e+00 7.607545661703573291e-05 8.614383122557944784e-05 5.558459307236254365e-05 6.094464000980995136e-05
1.000000000000000000e+00 3.500000000000000000e+01 0.000000000000000000e+00 7.506300675670284572e-05 8.563784973522683703e-05 5.484272023722444904e-05 6.101685442200604722e-05
1.000000000000000000e+00 4.000000000000000000e+01 0.000000000000000000e+00 7.396506605562874108e-05 8.453823861122257335e-05 5.419823323990698735e-05 5.996124914821439957e-05
1.000000000000000000e+00 4.500000000000000000e+01 0.000000000000000000e+00 7.384867836776586589e-05 8.441745328686594337e-05 5.422170701347912879e-05 6.002260881210638271e-05
1.000000000000000000e+00 5.000000000000000000e+01 0.000000000000000000e+00 7.377236658840408026e-05 8.432663519041490633e-05 5.425241636472559687e-05 6.001218706227613123e-05
2.000000000000000000e+00 1.000000000000000000e+00 5.000000000000000000e-01 1.665282059664992915e-03 1.633802824294120545e-03 3.001766960807238571e-04 2.734954134790031619e-04
2.000000000000000000e+00 5.000000000000000000e+00 5.000000000000000000e-01 9.759625040891957101e-05 9.769004872013211716e-05 4.670211152150380442e-05 4.865758719993346467e-05
2.000000000000000000e+00 1.000000000000000000e+01 5.000000000000000000e-01 1.029590701529863470e-05 1.072410365528185675e-05 4.231729971200480896e-06 4.159872244419850813e-06
2.000000000000000000e+00 1.500000000000000000e+01 5.000000000000000000e-01 4.365930269357261129e-06 5.000776796248395529e-06 2.343382231467471452e-06 2.653703825051338989e-06
2.000000000000000000e+00 2.000000000000000000e+01 5.000000000000000000e-01 3.035553945000269685e-06 3.436490267210779489e-06 1.866305522708917392e-06 2.004212627363099280e-06
2.000000000000000000e+00 2.500000000000000000e+01 5.000000000000000000e-01 2.787652523505092362e-06 3.170663447787872832e-06 1.277624965008888644e-06 1.457961904522011938e-06
2.000000000000000000e+00 3.000000000000000000e+01 5.000000000000000000e-01 3.626261674025710420e-06 4.206441737391674990e-06 2.896886747435786223e-06 3.386850385964120896e-06
2.000000000000000000e+00 3.500000000000000000e+01 5.000000000000000000e-01 2.249217274540621509e-06 2.569175637305111786e-06 1.175749714879895865e-06 1.330089623654424567e-06
2.000000000000000000e+00 4.000000000000000000e+01 5.000000000000000000e-01 2.224082172831195693e-06 2.506496726799564625e-06 1.735958100754723328e-06 1.929904272755511648e-06
2.000000000000000000e+00 4.500000000000000000e+01 5.000000000000000000e-01 2.761363318435659185e-06 3.134981223061297466e-06 1.663748155488043162e-06 1.953061526195085634e-06
2.000000000000000000e+00 5.000000000000000000e+01 5.000000000000000000e-01 2.257528624603937513e-06 2.692214893206010648e-06 9.044064544754792827e-07 1.053175695857406943e-06
3.000000000000000000e+00 1.000000000000000000e+00 5.000000000000000000e-01 8.985678593105342598e-04 8.934558631380635487e-04 3.248258697029954333e-04 3.242820371928376868e-04
3.000000000000000000e+00 5.000000000000000000e+00 5.000000000000000000e-01 3.816719905411646068e-05 3.888084465620809553e-05 1.388755428131083599e-05 1.374022266653139800e-05
3.000000000000000000e+00 1.000000000000000000e+01 5.000000000000000000e-01 3.955892646475627957e-06 4.384120865458832526e-06 1.564826340650976453e-06 1.721311020974171845e-06
3.000000000000000000e+00 1.500000000000000000e+01 5.000000000000000000e-01 1.135770631267018320e-06 1.428164293073368624e-06 6.513719128649129552e-07 8.396695943627674927e-07
3.000000000000000000e+00 2.000000000000000000e+01 5.000000000000000000e-01 1.076529197690574227e-06 1.448891407200696696e-06 9.725898537294613317e-07 1.499780835983574088e-06
3.000000000000000000e+00 2.500000000000000000e+01 5.000000000000000000e-01 6.530581503889435122e-07 8.092648686950213027e-07 2.076394029387991466e-07 2.620966727769949120e-07
3.000000000000000000e+00 3.000000000000000000e+01 5.000000000000000000e-01 6.622955937431420230e-07 8.737742670305954011e-07 3.911228604255521811e-07 5.136156967748485022e-07
3.000000000000000000e+00 3.500000000000000000e+01 5.000000000000000000e-01 4.703214880613699094e-07 5.931586343836436354e-07 2.171927693560892767e-07 2.672519768496777370e-07
3.000000000000000000e+00 4.000000000000000000e+01 5.000000000000000000e-01 6.376951061838903047e-07 7.948131077010138929e-07 2.876845801264892664e-07 3.231108446245252574e-07
3.000000000000000000e+00 4.500000000000000000e+01 5.000000000000000000e-01 8.303803674373167144e-07 1.036785123742001813e-06 5.171795484579252062e-07 6.031996476641900775e-07
3.000000000000000000e+00 5.000000000000000000e+01 5.000000000000000000e-01 6.846699415695049316e-07 8.581308711219503559e-07 3.082516490713115685e-07 4.096925704125853181e-07
4.000000000000000000e+00 1.000000000000000000e+00 5.000000000000000000e-01 5.870629117587466929e-04 5.869560956814129024e-04 1.523826684916094315e-04 1.521461553401139036e-04
4.000000000000000000e+00 5.000000000000000000e+00 5.000000000000000000e-01 1.223042121234686350e-05 1.291087572425910987e-05 3.730128857678880860e-06 3.904802860175650993e-06
4.000000000000000000e+00 1.000000000000000000e+01 5.000000000000000000e-01 1.587990727651199364e-06 1.980095776320115171e-06 8.733804156803050725e-07 1.223297706828947251e-06
4.000000000000000000e+00 1.500000000000000000e+01 5.000000000000000000e-01 3.627287638524292674e-07 5.092399845626016335e-07 2.080506454718722320e-07 2.726736744236946209e-07
4.000000000000000000e+00 2.000000000000000000e+01 5.000000000000000000e-01 3.243433489277998943e-07 4.615837109779158887e-07 1.006821697094071718e-07 1.355121137057666608e-07
4.000000000000000000e+00 2.500000000000000000e+01 5.000000000000000000e-01 3.513321805257152108e-07 5.090977974803053494e-07 1.196238998874379183e-07 1.760865722141011197e-07
4.000000000000000000e+00 3.000000000000000000e+01 5.000000000000000000e-01 3.155941744546017186e-07 4.371711917791406316e-07 1.591379367234819801e-07 2.255704985320154459e-07
4.000000000000000000e+00 3.500000000000000000e+01 5.000000000000000000e-01 3.120827967043039290e-07 4.352731242388494301e-07 1.112964310395421396e-07 1.575515702784389026e-07
4.000000000000000000e+00 4.000000000000000000e+01 5.000000000000000000e-01 3.253434880352734434e-07 4.831056418240006454e-07 8.783586454929574720e-08 1.574137325571944886e-07
4.000000000000000000e+00 4.500000000000000000e+01 5.000000000000000000e-01 2.521570454826423682e-07 3.737074805790006935e-07 8.019968945064901709e-08 1.306994146696369222e-07
4.000000000000000000e+00 5.000000000000000000e+01 5.000000000000000000e-01 2.286417344807110546e-07 3.319061790268552541e-07 9.572671724949997348e-08 1.296465476685186301e-07
5.000000000000000000e+00 1.000000000000000000e+00 5.000000000000000000e-01 4.181424442959658853e-04 4.064769205993562029e-04 1.424058941522179955e-04 1.523984220970991488e-04
5.000000000000000000e+00 5.000000000000000000e+00 5.000000000000000000e-01 5.033665136262816039e-06 5.502673608340975480e-06 1.423393756586177937e-06 1.472459176284969644e-06
5.000000000000000000e+00 1.000000000000000000e+01 5.000000000000000000e-01 6.949323824518948845e-07 8.946513038008556185e-07 2.962431902981977792e-07 3.930014209400500305e-07
5.000000000000000000e+00 1.500000000000000000e+01 5.000000000000000000e-01 2.654685254803655701e-07 3.929013741529120908e-07 1.287762719926957919e-07 1.783970214505431271e-07
5.000000000000000000e+00 2.000000000000000000e+01 5.000000000000000000e-01 1.789393541361987409e-07 2.620338699642204620e-07 7.115526098936236274e-08 1.032583829075657663e-07
5.000000000000000000e+00 2.500000000000000000e+01 5.000000000000000000e-01 1.706008588767921739e-07 2.604405656371485123e-07 6.799182624970980783e-08 9.695301545753795843e-08
5.000000000000000000e+00 3.000000000000000000e+01 5.000000000000000000e-01 1.368439780951998368e-07 2.115759440187789820e-07 4.250383074767711416e-08 6.893582501443186959e-08
5.000000000000000000e+00 3.500000000000000000e+01 5.000000000000000000e-01 1.656849567169756872e-07 2.508605632196486549e-07 4.881662409511651816e-08 6.708164591259136582e-08
5.000000000000000000e+00 4.000000000000000000e+01 5.000000000000000000e-01 1.715819384910441050e-07 2.701693681239764805e-07 8.040514673297782800e-08 1.189977785793887934e-07
5.000000000000000000e+00 4.500000000000000000e+01 5.000000000000000000e-01 1.787936964907895394e-07 2.625126894364112794e-07 9.259658857346606077e-08 1.166981852216043991e-07
5.000000000000000000e+00 5.000000000000000000e+01 5.000000000000000000e-01 1.399234064845239873e-07 2.332303984645026435e-07 4.643222345062140560e-08 8.214430372843061133e-08
