1.000000000000000000e+00 1.000000000000000000e+00 0.000000000000000000e+00 3.155530728137131893e-03 3.090510380342765834e-03 2.487709358627583200e-04 1.871174809007980153e-04
1.000000000000000000e+00 5.000000000000000000e+00 0.000000000000000000e+00 2.044057396841500798e-03 2.023744378054583362e-03 8.398483700826338359e-04 8.277956143200128130e-04
1.000000000000000000e+00 1.000000000000000000e+01 0.000000000000000000e+00 1.549119987251814648e-03 1.578868278091419882e-03 9.412549601737514723e-04 9.818429583303069520e-04
1.000000000000000000e+00 1.500000000000000000e+01 0.000000000000000000e+00 1.237980217901192819e-03 1.303027076392876404e-03 8.636579261879083654e-04 9.336607022422655335e-04
1.000000000000000000e+00 2.000000000000000000e+01 0.000000000000000000e+00 1.168496515624860722e-03 1.233974885131966948e-03 8.136566866439642930e-04 8.760028728650881167e-04
1.000000000000000000e+00 2.500000000000000000e+01 0.000000000000000000e+00 1.151761301119027343e-03 1.217066762738442005e-03 8.003981806140318851e-04 8.610909680765203248e-04
1.000000000000000000e+00 3.000000000000000000e+01 0.000000000000000000e+00 1.145687387005099459e-03 1.209784476904029928e-03 8.009214283494632243e-04 8.590628400376377127e-04
1.000000000000000000e+00 3.500000000000000000e+01 0.000000000000000000e+00 1.135886411065895963e-03 1.205043454741157750e-03 8.058094300643547838e-04 8.617515761007731078e-04
1.000000000000000000e+00 4.000000000000000000e+01 0.000000000000000000e+00 1.131530308422630049e-03 1.198384936203724391e-03 8.017436784828342036e-04 8.557682398564267360e-04
1.000000000000000000e+00 4.500000000000000000e+01 0.000000000000000000e+00 1.130400277086741293e-03 1.197393028070191509e-03 8.029809541955907183e-04 8.569067728766556306e-04
1.000000000000000000e+00 5.000000000000000000e+01 0.000000000000000000e+00 1.128673153408055966e-03 1.197170620055663286e-03 8.010560412959534960e-04 8.565138063740685825e-04
2.000000000000000000e+00 1.000000000000000000e+00 0.000000000000000000e+00 3.044711649976521248e-03 3.029908534073698454e-03 1.825112302966070354e-04 2.124431986201996453e-04
2.000000000000000000e+00 5.000000000000000000e+00 0.000000000000000000e+00 1.336526334435664482e-03 1.461101163551609562e-03 6.795394608704962260e-04 7.355687469395690362e-04
2.000000000000000000e+00 1.000000000000000000e+01 0.000000000000000000e+00 9.780602696880693996e-04 1.199561663128612381e-03 4.836273854319026312e-04 5.847348092081735074e-04
2.000000000000000000e+00 1.500000000000000000e+01 0.000000000000000000e+00 9.463082925811351891e-04 1.312063671419975422e-03 4.386724043230242568e-04 5.871893801938041788e-04
2.000000000000000000e+00 2.000000000000000000e+01 0.000000000000000000e+00 3.226355763485504180e-04 4.649918864230263372e-04 2.400435304822872806e-04 3.492497493606639509e-04
2.000000000000000000e+00 2.500000000000000000e+01 0.000000000000000000e+00 4.086378129002065100e-04 5.843178403982453480e-04 3.007653247364124949e-04 4.180475644614078490e-04
2.000000000000000000e+00 3.000000000000000000e+01 0.000000000000000000e+00 4.392260685490222247e-04 6.376835504905300047e-04 3.849389703170435985e-04 5.534994383496629313e-04
2.000000000000000000e+00 3.500000000000000000e+01 0.000000000000000000e+00 3.561445392723475590e-04 5.202441089682287561e-04 2.442240705624541255e-04 3.506502054005683922e-04
2.000000000000000000e+00 4.000000000000000000e+01 0.000000000000000000e+00 2.247206161239879323e-04 3.336999426271389062e-04 1.813611502612173690e-04 2.668772917307606421e-04
2.000000000000000000e+00 4.500000000000000000e+01 0.000000000000000000e+00 2.358459324113470145e-04 3.276873311385734388e-04 1.957763042212281690e-04 2.582315807636521095e-04
2.000000000000000000e+00 5.000000000000000000e+01 0.000000000000000000e+00 3.381766423942639591e-04 4.862901502663943875e-04 2.382174977645088235e-04 3.349107204198544180e-04
3.000000000000000000e+00 1.000000000000000000e+00 0.000000000000000000e+00 2.638395415326432510e-03 2.633541508273982892e-03 2.355483923901374472e-04 2.217984406656242635e-04
3.000000000000000000e+00 5.000000000000000000e+00 0.000000000000000000e+00 1.409471283087956970e-03 1.617716427144388599e-03 5.764567063569398832e-04 6.278990700215360005e-04
3.000000000000000000e+00 1.000000000000000000e+01 0.000000000000000000e+00 5.498295392209686001e-04 7.318564158831007650e-04 4.301241551875357723e-04 5.328586459691647551e-04
3.000000000000000000e+00 1.500000000000000000e+01 0.000000000000000000e+00 1.312063711697467972e-04 2.003061536530738557e-04 9.961083061341675471e-05 1.481021081322615534e-04
3.000000000000000000e+00 2.000000000000000000e+01 0.000000000000000000e+00 1.541568043810130975e-04 2.714337910447066956e-04 1.133358432614758632e-04 2.214797926399556904e-04
3.000000000000000000e+00 2.500000000000000000e+01 0.000000000000000000e+00 8.763640156458940046e-05 1.361926704060440060e-04 8.673077614181006032e-05 1.289551600562915859e-04
3.000000000000000000e+00 3.000000000000000000e+01 0.000000000000000000e+00 1.419332180169619170e-04 2.449611912492087725e-04 1.278564340065465254e-04 2.104565502387050824e-04
3.000000000000000000e+00 3.500000000000000000e+01 0.000000000000000000e+00 6.136526665438039960e-05 1.081865687075494206e-04 7.090568847250624531e-05 1.344416289057711656e-04
3.000000000000000000e+00 4.000000000000000000e+01 0.000000000000000000e+00 1.569815732648109402e-04 2.937395485164708518e-04 1.182087655966870029e-04 2.698786724031140166e-04
3.000000000000000000e+00 4.500000000000000000e+01 0.000000000000000000e+00 1.176141642130627195e-04 2.041414760419919816e-04 4.937501452418434621e-05 8.584970368437750234e-05
3.000000000000000000e+00 5.000000000000000000e+01 0.000000000000000000e+00 1.864379938953257857e-04 3.321804754624881821e-04 1.744731422305827748e-04 3.283817653523011604e-04
4.000000000000000000e+00 1.000000000000000000e+00 0.000000000000000000e+00 2.317335301028454128e-03 2.307700201937569300e-03 3.554329284837647344e-04 3.319781870378122387e-04
4.000000000000000000e+00 5.000000000000000000e+00 0.000000000000000000e+00 7.314050023093180688e-04 9.088683731751749650e-04 4.360040569359416199e-04 5.430847372181351641e-04
4.000000000000000000e+00 1.000000000000000000e+01 0.000000000000000000e+00 2.014691713167267740e-04 3.133877327339784592e-04 1.417932388898225855e-04 2.214688613939069697e-04
4.000000000000000000e+00 1.500000000000000000e+01 0.000000000000000000e+00 1.021192626410048537e-04 1.842777492778039164e-04 7.479088415186595879e-05 1.387871582134569005e-04
4.000000000000000000e+00 2.000000000000000000e+01 0.000000000000000000e+00 8.966389604623121708e-05 1.894844442202819684e-04 8.921511283893661859e-05 2.029542967078519543e-04
4.000000000000000000e+00 2.500000000000000000e+01 0.000000000000000000e+00 1.136237360680784024e-04 2.300813026100118996e-04 1.189643429267190933e-04 2.442542953832111188e-04
4.000000000000000000e+00 3.000000000000000000e+01 0.000000000000000000e+00 7.417241758033252957e-05 1.537772297744538464e-04 9.971865600101606432e-05 2.120336387326852946e-04
4.000000000000000000e+00 3.500000000000000000e+01 0.000000000000000000e+00 5.573274532338998860e-05 1.129560936933685143e-04 5.627334933718742735e-05 1.238644934198209575e-04
4.000000000000000000e+00 4.000000000000000000e+01 0.000000000000000000e+00 1.176641152680479586e-04 2.415017737595319283e-04 6.694599515126044547e-05 1.365526781666382057e-04
4.000000000000000000e+00 4.500000000000000000e+01 0.000000000000000000e+00 1.172990230427432671e-04 2.488618868777102292e-04 9.708219753815270866e-05 2.175258664964093347e-04
4.000000000000000000e+00 5.000000000000000000e+01 0.000000000000000000e+00 5.512623382870568634e-05 1.141900648445693598e-04 4.041153919536605977e-05 9.188737462584397372e-05
5.000000000000000000e+00 1.000000000000000000e+00 0.000000000000000000e+00 2.405403218296084736e-03 2.429337036783447111e-03 2.819404342637797222e-04 2.821107829071229961e-04
5.000000000000000000e+00 5.000000000000000000e+00 0.000000000000000000e+00 4.142029764589348845e-04 5.430489366308746072e-04 1.242567710289528939e-04 1.686271868182175494e-04
5.000000000000000000e+00 1.000000000000000000e+01 0.000000000000000000e+00 1.208717349808772817e-04 2.178610365137394807e-04 8.871897673231341017e-05 1.728303145303796708e-04
5.000000000000000000e+00 1.500000000000000000e+01 0.000000000000000000e+00 6.441414361198331839e-05 1.368229163182338134e-04 6.189973880949413117e-05 1.391188342541146885e-04
5.000000000000000000e+00 2.000000000000000000e+01 0.000000000000000000e+00 3.065895781388142761e-05 7.003295222844170998e-05 3.979296496453825510e-05 9.714413610440075688e-05
5.000000000000000000e+00 2.500000000000000000e+01 0.000000000000000000e+00 3.836928216364998701e-05 8.708189853746444657e-05 2.147015612229917684e-05 4.893553597412688170e-05
5.000000000000000000e+00 3.000000000000000000e+01 0.000000000000000000e+00 3.023999347257354145e-05 7.194055579932493176e-05 2.160087866714189745e-05 5.776818111181259943e-05
5.000000000000000000e+00 3.500000000000000000e+01 0.000000000000000000e+00 4.869069788072950659e-05 1.110564075317356140e-04 4.103211896963125492e-05 9.470840196542576331e-05
5.000000000000000000e+00 4.000000000000000000e+01 0.000000000000000000e+00 3.806808406908840348e-05 8.690399052396398925e-05 3.094141172976578767e-05 7.691478617044772773e-05
5.000000000000000000e+00 4.500000000000000000e+01 0.000000000000000000e+00 3.738649959223466502e-05 9.412936484356858443e-05 3.808984580948043835e-05 1.018608877037525235e-04
5.000000000000000000e+00 5.000000000000000000e+01 0.000000000000000000e+00 2.653692654658132923e-05 6.069413783088191281e-05 1.741506680852197665e-05 4.340020617210706063e-05
