1.000000000000000000e+00 1.000000000000000000e+00 0.000000000000000000e+00 2.844668152415464214e-03 2.851125047703477813e-03 1.957606621682166440e-04 2.361220047292312890e-04
1.000000000000000000e+00 5.000000000000000000e+00 0.000000000000000000e+00 2.521274283716002512e-03 2.554095375130766878e-03 3.151180228334419251e-04 3.506116235257440250e-04
1.000000000000000000e+00 1.000000000000000000e+01 0.000000000000000000e+00 2.122583389345419989e-03 2.210428264118946724e-03 6.005001064107374402e-04 6.509654692528273360e-04
1.000000000000000000e+00 1.500000000000000000e+01 0.000000000000000000e+00 1.855456947534261242e-03 2.005961537724430636e-03 7.208093508756132761e-04 8.184679488373208019e-04
1.000000000000000000e+00 2.000000000000000000e+01 0.000000000000000000e+00 1.799140178404508251e-03 1.968630814453308474e-03 7.350602054239923234e-04 8.494847656435682536e-04
1.000000000000000000e+00 2.500000000000000000e+01 0.000000000000000000e+00 1.792289127796772158e-03 1.964805276584402106e-03 7.392238416684817704e-04 8.534722154824789502e-04
1.000000000000000000e+00 3.000000000000000000e+01 0.000000000000000000e+00 1.765693483345773598e-03 1.941732858085118852e-03 7.446691044225176113e-04 8.599004601440383543e-04
1.000000000000000000e+00 3.500000000000000000e+01 0.000000000000000000e+00 1.764328633575518125e-03 1.941627704105114080e-03 7.448512885108655220e-04 8.602255345112789315e-04
1.000000000000000000e+00 4.000000000000000000e+01 0.000000000000000000e+00 1.761177807798574831e-03 1.938327383923129504e-03 7.456392752467355407e-04 8.634923942652578035e-04
1.000000000000000000e+00 4.500000000000000000e+01 0.000000000000000000e+00 1.758663548751023074e-03 1.936760649038413119e-03 7.470396924732540999e-04 8.647199656482152655e-04
1.000000000000000000e+00 5.000000000000000000e+01 0.000000000000000000e+00 1.758333963839147111e-03 1.939056061982209062e-03 7.468176547952593437e-04 8.675842304648062218e-04
2.000000000000000000e+00 1.000000000000000000e+00 9.000000000000000222e-01 2.497711219870241920e-03 2.507440605868551612e-03 1.896879939753776882e-04 1.789925616964207361e-04
2.000000000000000000e+00 5.000000000000000000e+00 9.000000000000000222e-01 9.699918423903454304e-04 1.015039544432234670e-03 3.241730810535708930e-04 3.437913307135198040e-04
2.000000000000000000e+00 1.000000000000000000e+01 9.000000000000000222e-01 5.375247697585094821e-04 5.979471020588106615e-04 1.675350832291035012e-04 1.978854895699376970e-04
2.000000000000000000e+00 1.500000000000000000e+01 9.000000000000000222e-01 4.320578570584070058e-04 5.167296869184753944e-04 2.073591648321773174e-04 2.407843810619042979e-04
2.000000000000000000e+00 2.000000000000000000e+01 9.000000000000000222e-01 2.791143482279290341e-04 3.387606648049943823e-04 1.415848020546214944e-04 1.805193332440138427e-04
2.000000000000000000e+00 2.500000000000000000e+01 9.000000000000000222e-01 2.250389775626892674e-04 2.630789599165392454e-04 7.171077632329430772e-05 8.326920322331133977e-05
2.000000000000000000e+00 3.000000000000000000e+01 9.000000000000000222e-01 2.769918639448993225e-04 3.299292049121196804e-04 1.811959245175520487e-04 2.147586438020062326e-04
2.000000000000000000e+00 3.500000000000000000e+01 9.000000000000000222e-01 2.410304761577887771e-04 2.943834418073955762e-04 8.380373242147924368e-05 1.046364896949651799e-04
2.000000000000000000e+00 4.000000000000000000e+01 9.000000000000000222e-01 2.073174210167341919e-04 2.604950904246393665e-04 6.699193868523159088e-05 9.113668848909582936e-05
2.000000000000000000e+00 4.500000000000000000e+01 9.000000000000000222e-01 2.287506827349122286e-04 2.819744830617688025e-04 1.007722995896977663e-04 1.333795374048123942e-04
2.000000000000000000e+00 5.000000000000000000e+01 9.000000000000000222e-01 2.396850487505262190e-04 3.060652166390429182e-04 8.155634554327489114e-05 1.145343316922951154e-04
3.000000000000000000e+00 1.000000000000000000e+00 9.000000000000000222e-01 2.244471036000194632e-03 2.264360276256121261e-03 1.069665692703883347e-04 9.557473048046079137e-05
3.000000000000000000e+00 5.000000000000000000e+00 9.000000000000000222e-01 8.305201866454975162e-04 8.933446897894115881e-04 2.776426271209125277e-04 2.735984082833135215e-04
3.000000000000000000e+00 1.000000000000000000e+01 9.000000000000000222e-01 2.989944256997162180e-04 3.646084154763951394e-04 1.670107699686081745e-04 2.004331580953962817e-04
3.000000000000000000e+00 1.500000000000000000e+01 9.000000000000000222e-01 1.174522132705716805e-04 1.519139575258249806e-04 3.751236313462333967e-05 4.935321328704272433e-05
3.000000000000000000e+00 2.000000000000000000e+01 9.000000000000000222e-01 1.208290087298982381e-04 2.059892800318970671e-04 3.932839530441641172e-05 1.306283608486279526e-04
3.000000000000000000e+00 2.500000000000000000e+01 9.000000000000000222e-01 9.881841985308463278e-05 1.350665175041450435e-04 3.034262225092111006e-05 4.567583546157742111e-05
3.000000000000000000e+00 3.000000000000000000e+01 9.000000000000000222e-01 1.118287483076670796e-04 1.462411758430147619e-04 3.581848043452076787e-05 4.402661977882099258e-05
3.000000000000000000e+00 3.500000000000000000e+01 9.000000000000000222e-01 7.504558829965338792e-05 1.001580817372823195e-04 1.867662422360996826e-05 2.511738100248948994e-05
3.000000000000000000e+00 4.000000000000000000e+01 9.000000000000000222e-01 1.242223896723071484e-04 1.728864249912838891e-04 5.292691403620935884e-05 7.435036449123633802e-05
3.000000000000000000e+00 4.500000000000000000e+01 9.000000000000000222e-01 9.423267048098364195e-05 1.243255213729374173e-04 1.755982696034337568e-05 2.376827428465072060e-05
3.000000000000000000e+00 5.000000000000000000e+01 9.000000000000000222e-01 1.141372661266179029e-04 1.553152120811976552e-04 5.340160003406097065e-05 7.107476693559745817e-05
4.000000000000000000e+00 1.000000000000000000e+00 9.000000000000000222e-01 1.981986978982561501e-03 1.983596683649113679e-03 1.960772609282391253e-04 1.923782077896622603e-04
4.000000000000000000e+00 5.000000000000000000e+00 9.000000000000000222e-01 5.679914687338435183e-04 6.322984842924254945e-04 1.630551380122183562e-04 1.759931671206424594e-04
4.000000000000000000e+00 1.000000000000000000e+01 9.000000000000000222e-01 1.517119507111966555e-04 2.196376688855378981e-04 5.890487626814650094e-05 1.054511258193805529e-04
4.000000000000000000e+00 1.500000000000000000e+01 9.000000000000000222e-01 7.487352733446614602e-05 1.080690808732863239e-04 2.249720625917637628e-05 3.321401674215860092e-05
4.000000000000000000e+00 2.000000000000000000e+01 9.000000000000000222e-01 6.335570968192573969e-05 9.465697269027945992e-05 2.893627641784517513e-05 4.370126888473292715e-05
4.000000000000000000e+00 2.500000000000000000e+01 9.000000000000000222e-01 6.638196501746083879e-05 1.010472254097399017e-04 3.556463730877708178e-05 5.461322125287199460e-05
4.000000000000000000e+00 3.000000000000000000e+01 9.000000000000000222e-01 6.161432915016293256e-05 8.823588580097899235e-05 3.407027768920155276e-05 4.607655921303680912e-05
4.000000000000000000e+00 3.500000000000000000e+01 9.000000000000000222e-01 5.417601998040809987e-05 8.253575146136867121e-05 1.271429261359719186e-05 2.113187214419082194e-05
4.000000000000000000e+00 4.000000000000000000e+01 9.000000000000000222e-01 6.158395585110532121e-05 9.597681172469167145e-05 1.757849362539166081e-05 3.291958585475912238e-05
4.000000000000000000e+00 4.500000000000000000e+01 9.000000000000000222e-01 6.127291765628585800e-05 9.605766677567353906e-05 2.869982139239427748e-05 5.042700244872351918e-05
4.000000000000000000e+00 5.000000000000000000e+01 9.000000000000000222e-01 5.025837427920501943e-05 7.645954121987601172e-05 1.287856771499703848e-05 2.265699094947901002e-05
5.000000000000000000e+00 1.000000000000000000e+00 9.000000000000000222e-01 1.814311507398533221e-03 1.831349847538737020e-03 2.693403588605737639e-04 2.710541345105179690e-04
5.000000000000000000e+00 5.000000000000000000e+00 9.000000000000000222e-01 4.047497596695126087e-04 4.692552455729341316e-04 6.639764074690893538e-05 7.472442447074289520e-05
5.000000000000000000e+00 1.000000000000000000e+01 9.000000000000000222e-01 8.663885461449564616e-05 1.269331618237929987e-04 2.361667151541051673e-05 3.325829935153790107e-05
5.000000000000000000e+00 1.500000000000000000e+01 9.000000000000000222e-01 4.603053443961318842e-05 7.472690122976662530e-05 2.678151679567808988e-05 4.253641738777972806e-05
5.000000000000000000e+00 2.000000000000000000e+01 9.000000000000000222e-01 2.923425850688073874e-05 4.817635811716753345e-05 1.097357837868259207e-05 1.815106258408084460e-05
5.000000000000000000e+00 2.500000000000000000e+01 9.000000000000000222e-01 2.968816600634729402e-05 4.992646464475967560e-05 7.906936283391014189e-06 1.231566165873293859e-05
5.000000000000000000e+00 3.000000000000000000e+01 9.000000000000000222e-01 2.898256725362143317e-05 4.868138793507171094e-05 7.213164138047169532e-06 1.192758362327434332e-05
5.000000000000000000e+00 3.500000000000000000e+01 9.000000000000000222e-01 3.684896317663342494e-05 6.260537513030846367e-05 1.584985239932292314e-05 2.700649692479929498e-05
5.000000000000000000e+00 4.000000000000000000e+01 9.000000000000000222e-01 3.170130558308075153e-05 5.387080407388657920e-05 9.738897371137907063e-06 1.679827943323503893e-05
5.000000000000000000e+00 4.500000000000000000e+01 9.000000000000000222e-01 3.463956938665185289e-05 5.770243399763235793e-05 1.775903036628023743e-05 3.169310361300262764e-05
5.000000000000000000e+00 5.000000000000000000e+01 9.000000000000000222e-01 2.971353940216416153e-05 4.916192645220473974e-05 7.447481848212598985e-06 1.425343725544278469e-05
