1.000000000000000000e+00 1.000000000000000000e+00 0.000000000000000000e+00 3.064862026259710780e-03 3.028815098642151545e-03 2.859646833643522353e-04 2.874911782820710883e-04
1.000000000000000000e+00 5.000000000000000000e+00 0.000000000000000000e+00 7.513314530923867907e-04 7.794654252469700347e-04 2.564329811832528243e-04 2.640914213694921849e-04
1.000000000000000000e+00 1.000000000000000000e+01 0.000000000000000000e+00 2.094929228760378031e-04 2.302058067931150723e-04 1.088556103477994556e-04 1.262894433491364252e-04
1.000000000000000000e+00 1.500000000000000000e+01 0.000000000000000000e+00 9.405143691607303468e-05 1.060871715761366153e-04 6.095799631294109678e-05 6.604638302385887024e-05
1.000000000000000000e+00 2.000000000000000000e+01 0.000000000000000000e+00 8.065788955124247818e-05 9.161479240792566050e-05 5.823850619486517900e-05 6.335499964215102859e-05
1.000000000000000000e+00 2.500000000000000000e+01 0.000000000000000000e+00 7.815431258459646930e-05 8.873167870393783307e-05 5.636962437337870508e-05 6.168861807629669614e-05
1.000000000000000000e+00 3.000000000000000000e+01 0.000000000000000000e+00 7.607545661703573291e-05 8.614383122557944784e-05 5.558459307236254365e-05 6.094464000980995136e-05
1.000000000000000000e+00 3.500000000000000000e+01 0.000000000000000000e+00 7.506300675670284572e-05 8.563784973522683703e-05 5.484272023722444904e-05 6.101685442200604722e-05
1.000000000000000000e+00 4.000000000000000000e+01 0.000000000000000000e+00 7.396506605562874108e-05 8.453823861122257335e-05 5.419823323990698735e-05 5.996124914821439957e-05
1.000000000000000000e+00 4.500000000000000000e+01 0.000000000000000000e+00 7.384867836776586589e-05 8.441745328686594337e-05 5.422170701347912879e-05 6.002260881210638271e-05
1.000000000000000000e+00 5.000000000000000000e+01 0.000000000000000000e+00 7.377236658840408026e-05 8.432663519041490633e-05 5.425241636472559687e-05 6.001218706227613123e-05
2.000000000000000000e+00 1.000000000000000000e+00 9.000000000000000222e-01 1.131452033282901413e-03 1.270038556785866787e-03 1.480222122603576059e-04 1.730526717324982480e-04
2.000000000000000000e+00 5.000000000000000000e+00 9.000000000000000222e-01 4.969078617536446712e-05 5.918132543385364042e-05 2.558930136021094064e-05 3.359778772992864655e-05
2.000000000000000000e+00 1.000000000000000000e+01 9.000000000000000222e-01 2.275188376465090563e-06 2.808161514741211010e-06 1.543108861036708452e-06 1.991747619893838687e-06
2.000000000000000000e+00 1.500000000000000000e+01 9.000000000000000222e-01 6.929749668051059865e-07 9.270171318382505596e-07 5.330324755117530412e-07 7.156496633618340796e-07
2.000000000000000000e+00 2.000000000000000000e+01 9.000000000000000222e-01 1.001298423064736766e-06 1.313758490398814036e-06 8.555167184443229708e-07 1.136506296835632533e-06
2.000000000000000000e+00 2.500000000000000000e+01 9.000000000000000222e-01 5.942130681660179650e-07 7.663964701886190835e-07 3.528568989258210089e-07 4.383552110715059998e-07
2.000000000000000000e+00 3.000000000000000000e+01 9.000000000000000222e-01 1.167230509214239246e-06 1.573411800804702552e-06 1.507062909058937361e-06 2.011632392529361409e-06
2.000000000000000000e+00 3.500000000000000000e+01 9.000000000000000222e-01 5.251317813647980783e-07 7.071949318942456259e-07 2.700451351655821236e-07 3.601238849232971257e-07
2.000000000000000000e+00 4.000000000000000000e+01 9.000000000000000222e-01 7.630235207689765547e-07 9.813580657578431998e-07 1.089654531076393099e-06 1.341782855567130667e-06
2.000000000000000000e+00 4.500000000000000000e+01 9.000000000000000222e-01 7.100895148506513248e-07 9.460622441096783554e-07 5.514793792471613382e-07 7.752331703258109572e-07
2.000000000000000000e+00 5.000000000000000000e+01 9.000000000000000222e-01 5.077078443758653637e-07 6.823859732728962954e-07 5.312939319939069852e-07 7.036601429966818328e-07
3.000000000000000000e+00 1.000000000000000000e+00 9.000000000000000222e-01 7.683760645235381817e-04 8.548261820435475991e-04 1.557502566350850274e-04 1.737259490131347946e-04
3.000000000000000000e+00 5.000000000000000000e+00 9.000000000000000222e-01 1.285204865133557277e-05 1.562663234091495019e-05 7.840048044492130914e-06 9.605423984261248830e-06
3.000000000000000000e+00 1.000000000000000000e+01 9.000000000000000222e-01 6.181870240254549379e-07 8.086118849432267643e-07 3.048215625086532382e-07 3.799651795291867609e-07
3.000000000000000000e+00 1.500000000000000000e+01 9.000000000000000222e-01 2.763484295568887216e-07 3.802599768267581125e-07 3.347708567952398017e-07 4.507156755665021299e-07
3.000000000000000000e+00 2.000000000000000000e+01 9.000000000000000222e-01 2.731835924745778649e-07 4.493023445584774749e-07 4.537329671229713863e-07 8.111280639737190057e-07
3.000000000000000000e+00 2.500000000000000000e+01 9.000000000000000222e-01 1.462100313511715652e-07 2.059918207691713938e-07 6.655993616931573315e-08 8.755309040307963205e-08
3.000000000000000000e+00 3.000000000000000000e+01 9.000000000000000222e-01 9.696443415976201420e-08 1.444519755844075140e-07 2.150066493418721174e-08 3.664047641779660777e-08
3.000000000000000000e+00 3.500000000000000000e+01 9.000000000000000222e-01 1.145059392863885464e-07 1.666255540473228004e-07 5.479055966798503087e-08 8.607746714612464192e-08
3.000000000000000000e+00 4.000000000000000000e+01 9.000000000000000222e-01 1.197643007448205444e-07 1.724758199378959654e-07 4.712259201948026900e-08 7.761207597161912033e-08
3.000000000000000000e+00 4.500000000000000000e+01 9.000000000000000222e-01 1.528860880852257403e-07 2.132709365005152730e-07 1.180572901799769148e-07 1.618922427059736479e-07
3.000000000000000000e+00 5.000000000000000000e+01 9.000000000000000222e-01 1.532830788887400574e-07 2.208755108801904966e-07 2.156232555334446707e-07 3.043675314468755864e-07
4.000000000000000000e+00 1.000000000000000000e+00 9.000000000000000222e-01 6.095940953968753814e-04 7.019791281884675809e-04 1.243186921535633304e-04 1.473001133148751452e-04
4.000000000000000000e+00 5.000000000000000000e+00 9.000000000000000222e-01 2.821828969220878428e-06 3.514641812488982631e-06 1.241582150331416406e-06 1.598665256877871515e-06
4.000000000000000000e+00 1.000000000000000000e+01 9.000000000000000222e-01 2.366359169042483703e-07 3.589183323826486938e-07 2.049740133981064253e-07 3.364768872637040573e-07
4.000000000000000000e+00 1.500000000000000000e+01 9.000000000000000222e-01 4.653095397843961025e-08 7.466591499984004088e-08 1.058862066939025381e-08 2.502783612157779694e-08
4.000000000000000000e+00 2.000000000000000000e+01 9.000000000000000222e-01 5.395300924444991646e-08 8.493298218232845870e-08 1.729660441210472841e-08 2.778626726104163177e-08
4.000000000000000000e+00 2.500000000000000000e+01 9.000000000000000222e-01 5.841304197221879684e-08 9.544463475910061849e-08 4.263751821301589504e-08 7.277376594434152977e-08
4.000000000000000000e+00 3.000000000000000000e+01 9.000000000000000222e-01 4.755503162393833708e-08 7.763886858717588715e-08 2.491448309045840952e-08 4.440266689104058046e-08
4.000000000000000000e+00 3.500000000000000000e+01 9.000000000000000222e-01 5.003620428347373484e-08 8.256136664796747083e-08 1.436138481937989108e-08 2.304591884875541559e-08
4.000000000000000000e+00 4.000000000000000000e+01 9.000000000000000222e-01 3.879101661222721348e-08 6.094590972983888088e-08 1.399341417291875656e-08 2.077337230409264286e-08
4.000000000000000000e+00 4.500000000000000000e+01 9.000000000000000222e-01 3.288943285492109010e-08 5.209892888346159669e-08 1.220383195645580371e-08 2.058302404144341045e-08
4.000000000000000000e+00 5.000000000000000000e+01 9.000000000000000222e-01 4.317597018623275931e-08 6.828195976269616542e-08 1.469649162459068920e-08 2.264143259317262954e-08
5.000000000000000000e+00 1.000000000000000000e+00 9.000000000000000222e-01 4.353477322309027469e-04 4.864950714843752598e-04 1.523725758374984364e-04 1.799466998161399888e-04
5.000000000000000000e+00 5.000000000000000000e+00 9.000000000000000222e-01 1.139612194030823148e-06 1.485156789645482349e-06 5.854503125545550232e-07 8.618660251891411414e-07
5.000000000000000000e+00 1.000000000000000000e+01 9.000000000000000222e-01 1.052633192003687407e-07 1.622897152112535685e-07 8.628155612391358346e-08 1.351395787480550386e-07
5.000000000000000000e+00 1.500000000000000000e+01 9.000000000000000222e-01 3.133852419162894290e-08 5.344858145642159909e-08 1.549359536941003678e-08 2.465229361354315580e-08
5.000000000000000000e+00 2.000000000000000000e+01 9.000000000000000222e-01 2.695440684114184774e-08 4.695832673012727375e-08 5.063160840382387955e-09 8.292769682101073411e-09
5.000000000000000000e+00 2.500000000000000000e+01 9.000000000000000222e-01 2.397524598971426083e-08 4.146772608723629033e-08 7.374215262262435938e-09 1.317267224683851287e-08
5.000000000000000000e+00 3.000000000000000000e+01 9.000000000000000222e-01 2.362690402274540509e-08 4.070549470081768796e-08 6.876343337134057660e-09 1.202525098657868925e-08
5.000000000000000000e+00 3.500000000000000000e+01 9.000000000000000222e-01 2.118453124100792908e-08 3.604516056471124860e-08 3.796960310432117107e-09 4.986842073118714137e-09
5.000000000000000000e+00 4.000000000000000000e+01 9.000000000000000222e-01 2.682055940675789447e-08 4.824570112809081839e-08 1.147398749009310102e-08 2.116866745760499585e-08
5.000000000000000000e+00 4.500000000000000000e+01 9.000000000000000222e-01 2.382377934975261055e-08 4.144632116265985203e-08 8.788884064438950857e-09 1.276052398696645065e-08
5.000000000000000000e+00 5.000000000000000000e+01 9.000000000000000222e-01 2.843470775215692456e-08 4.756427877243182164e-08 1.068551845523808985e-08 1.663718320343865021e-08
