1.000000000000000000e+00 1.000000000000000000e+00 0.000000000000000000e+00 3.155530728137131893e-03 3.090510380342765834e-03 2.487709358627583200e-04 1.871174809007980153e-04
1.000000000000000000e+00 5.000000000000000000e+00 0.000000000000000000e+00 2.044057396841500798e-03 2.023744378054583362e-03 8.398483700826338359e-04 8.277956143200128130e-04
1.000000000000000000e+00 1.000000000000000000e+01 0.000000000000000000e+00 1.549119987251814648e-03 1.578868278091419882e-03 9.412549601737514723e-04 9.818429583303069520e-04
1.000000000000000000e+00 1.500000000000000000e+01 0.000000000000000000e+00 1.237980217901192819e-03 1.303027076392876404e-03 8.636579261879083654e-04 9.336607022422655335e-04
1.000000000000000000e+00 2.000000000000000000e+01 0.000000000000000000e+00 1.168496515624860722e-03 1.233974885131966948e-03 8.136566866439642930e-04 8.760028728650881167e-04
1.000000000000000000e+00 2.500000000000000000e+01 0.000000000000000000e+00 1.151761301119027343e-03 1.217066762738442005e-03 8.003981806140318851e-04 8.610909680765203248e-04
1.000000000000000000e+00 3.000000000000000000e+01 0.000000000000000000e+00 1.145687387005099459e-03 1.209784476904029928e-03 8.009214283494632243e-04 8.590628400376377127e-04
1.000000000000000000e+00 3.500000000000000000e+01 0.000000000000000000e+00 1.135886411065895963e-03 1.205043454741157750e-03 8.058094300643547838e-04 8.617515761007731078e-04
1.000000000000000000e+00 4.000000000000000000e+01 0.000000000000000000e+00 1.131530308422630049e-03 1.198384936203724391e-03 8.017436784828342036e-04 8.557682398564267360e-04
1.000000000000000000e+00 4.500000000000000000e+01 0.000000000000000000e+00 1.130400277086741293e-03 1.197393028070191509e-03 8.029809541955907183e-04 8.569067728766556306e-04
1.000000000000000000e+00 5.000000000000000000e+01 0.000000000000000000e+00 1.128673153408055966e-03 1.197170620055663286e-03 8.010560412959534960e-04 8.565138063740685825e-04
2.000000000000000000e+00 1.000000000000000000e+00 9.000000000000000222e-01 2.721777475767924500e-03 2.715358197952295362e-03 2.238239778912652254e-04 2.379510720194925281e-04
2.000000000000000000e+00 5.000000000000000000e+00 9.000000000000000222e-01 5.777740205658032663e-04 6.016367313802790506e-04 9.690587745853156923e-05 9.501764928164993106e-05
2.000000000000000000e+00 1.000000000000000000e+01 9.000000000000000222e-01 1.065787845355408158e-04 1.249805070742302199e-04 2.707953473351809806e-05 2.798521242571346413e-05
2.000000000000000000e+00 1.500000000000000000e+01 9.000000000000000222e-01 5.231974150219778288e-05 6.506581904379143565e-05 1.119210218134443592e-05 1.416028316387846527e-05
2.000000000000000000e+00 2.000000000000000000e+01 9.000000000000000222e-01 4.236394832584033471e-05 5.132121918904974207e-05 2.492633495267213700e-05 2.781796174411727216e-05
2.000000000000000000e+00 2.500000000000000000e+01 9.000000000000000222e-01 3.329072278866622751e-05 4.003371073949377635e-05 1.235838585518018864e-05 1.403898232442855167e-05
2.000000000000000000e+00 3.000000000000000000e+01 9.000000000000000222e-01 4.024464753752587449e-05 5.044785933093153370e-05 2.495881672864843709e-05 3.180360194132050546e-05
2.000000000000000000e+00 3.500000000000000000e+01 9.000000000000000222e-01 2.933881211277071453e-05 3.705663921465508976e-05 1.090313591251335924e-05 1.464480927398182810e-05
2.000000000000000000e+00 4.000000000000000000e+01 9.000000000000000222e-01 3.355502120444757392e-05 3.950811257580700891e-05 2.191951843687232483e-05 2.409677341986536070e-05
2.000000000000000000e+00 4.500000000000000000e+01 9.000000000000000222e-01 2.883386967479183697e-05 3.557295202711013155e-05 1.068845268476164453e-05 1.287740460732221899e-05
2.000000000000000000e+00 5.000000000000000000e+01 9.000000000000000222e-01 3.026628565659969411e-05 3.702839798257683105e-05 9.779484106606209487e-06 1.262767071005395947e-05
3.000000000000000000e+00 1.000000000000000000e+00 9.000000000000000222e-01 1.622258718385296465e-03 1.657535859716091197e-03 2.063930024561457205e-04 2.407307973568958764e-04
3.000000000000000000e+00 5.000000000000000000e+00 9.000000000000000222e-01 3.746366342531856392e-04 4.042094723965525315e-04 9.296069677781857994e-05 9.942480146429197557e-05
3.000000000000000000e+00 1.000000000000000000e+01 9.000000000000000222e-01 3.782819885757197442e-05 4.784982705515239995e-05 1.538824478081415084e-05 2.451658753629735486e-05
3.000000000000000000e+00 1.500000000000000000e+01 9.000000000000000222e-01 1.089253956136445302e-05 1.444119012531176273e-05 3.303090707318689836e-06 4.261813686692674210e-06
3.000000000000000000e+00 2.000000000000000000e+01 9.000000000000000222e-01 1.054289730605031933e-05 1.514797639231513477e-05 5.778896511639323953e-06 1.055140655832228732e-05
3.000000000000000000e+00 2.500000000000000000e+01 9.000000000000000222e-01 9.998893407739386501e-06 1.391784240923292555e-05 1.942563646436239216e-06 3.163306481586104409e-06
3.000000000000000000e+00 3.000000000000000000e+01 9.000000000000000222e-01 1.051338983929105247e-05 1.423202906844892858e-05 3.299832074012202179e-06 4.472718760953485341e-06
3.000000000000000000e+00 3.500000000000000000e+01 9.000000000000000222e-01 9.344836782942012127e-06 1.263912934255024252e-05 3.141373898083589105e-06 4.368437716445002722e-06
3.000000000000000000e+00 4.000000000000000000e+01 9.000000000000000222e-01 9.210659681460233160e-06 1.241515298961787219e-05 2.107105418238988309e-06 2.371994527383578086e-06
3.000000000000000000e+00 4.500000000000000000e+01 9.000000000000000222e-01 1.063203122653713959e-05 1.430739193259812170e-05 2.700612462165442605e-06 3.404063837733229146e-06
3.000000000000000000e+00 5.000000000000000000e+01 9.000000000000000222e-01 8.896944672470108949e-06 1.295863040962535044e-05 3.320663529348513374e-06 5.363820986725315054e-06
4.000000000000000000e+00 1.000000000000000000e+00 9.000000000000000222e-01 1.274143381455082949e-03 1.260677170386019508e-03 3.089281843315018657e-04 2.605075461670222441e-04
4.000000000000000000e+00 5.000000000000000000e+00 9.000000000000000222e-01 1.540597294619288867e-04 1.782982715269371848e-04 6.161758471502946314e-05 7.034878004418432685e-05
4.000000000000000000e+00 1.000000000000000000e+01 9.000000000000000222e-01 1.337028990208586005e-05 1.875300785804003944e-05 6.734200232301264881e-06 1.120492423241344768e-05
4.000000000000000000e+00 1.500000000000000000e+01 9.000000000000000222e-01 5.486901484726500815e-06 7.979737394013449117e-06 1.642331590376825649e-06 2.549156398559108767e-06
4.000000000000000000e+00 2.000000000000000000e+01 9.000000000000000222e-01 4.646126855689339957e-06 6.432709300732487527e-06 7.627244053650026249e-07 1.361469040805708684e-06
4.000000000000000000e+00 2.500000000000000000e+01 9.000000000000000222e-01 4.937659375511323172e-06 7.470707804198965750e-06 2.135693197039970146e-06 3.076045123338306398e-06
4.000000000000000000e+00 3.000000000000000000e+01 9.000000000000000222e-01 4.379035275912798360e-06 6.631564242485582655e-06 1.795164971810124408e-06 2.868341353220863105e-06
4.000000000000000000e+00 3.500000000000000000e+01 9.000000000000000222e-01 4.231559422930197860e-06 6.245285129899259199e-06 1.264013748824375866e-06 1.606432703383800294e-06
4.000000000000000000e+00 4.000000000000000000e+01 9.000000000000000222e-01 4.464678803318153283e-06 6.849173868659269534e-06 8.397156438900232329e-07 1.156250938448961087e-06
4.000000000000000000e+00 4.500000000000000000e+01 9.000000000000000222e-01 4.561623287368866714e-06 6.701357372416311470e-06 1.171263936557128249e-06 1.665144964904725633e-06
4.000000000000000000e+00 5.000000000000000000e+01 9.000000000000000222e-01 3.742657542688712015e-06 5.558861419937523344e-06 7.533090261730134419e-07 1.292470744631200142e-06
5.000000000000000000e+00 1.000000000000000000e+00 9.000000000000000222e-01 1.167084241963999491e-03 1.178059579876094155e-03 2.420519050890798727e-04 2.345657163643256350e-04
5.000000000000000000e+00 5.000000000000000000e+00 9.000000000000000222e-01 6.898015570725028235e-05 8.198453519209956085e-05 2.601213293226661884e-05 3.406932107568470456e-05
5.000000000000000000e+00 1.000000000000000000e+01 9.000000000000000222e-01 6.484987230699264881e-06 9.230207724117508682e-06 3.134634688768360174e-06 4.313892229019360609e-06
5.000000000000000000e+00 1.500000000000000000e+01 9.000000000000000222e-01 3.359564277819199337e-06 5.342528265309361448e-06 1.934561486466939959e-06 3.102925130933686822e-06
5.000000000000000000e+00 2.000000000000000000e+01 9.000000000000000222e-01 2.546217612834840979e-06 4.050370939238532885e-06 7.456494310027986602e-07 1.199464966328725106e-06
5.000000000000000000e+00 2.500000000000000000e+01 9.000000000000000222e-01 2.362962999183997795e-06 3.733192118246460428e-06 6.591482009603250911e-07 9.198432943252191416e-07
5.000000000000000000e+00 3.000000000000000000e+01 9.000000000000000222e-01 2.130342517735574133e-06 3.489958342372011277e-06 4.261635426068186219e-07 7.581967592601387427e-07
5.000000000000000000e+00 3.500000000000000000e+01 9.000000000000000222e-01 2.424072415305658403e-06 3.984315941135815200e-06 8.151516850809144250e-07 1.294128758426502215e-06
5.000000000000000000e+00 4.000000000000000000e+01 9.000000000000000222e-01 2.215158237352157761e-06 3.497361951520743476e-06 4.906670882973148748e-07 8.359892196037789378e-07
5.000000000000000000e+00 4.500000000000000000e+01 9.000000000000000222e-01 2.217783527106009806e-06 3.670671062990775835e-06 6.512779567834595142e-07 1.147960742206888600e-06
5.000000000000000000e+00 5.000000000000000000e+01 9.000000000000000222e-01 1.999353271295071842e-06 3.188179714592966394e-06 4.743780107381497448e-07 8.676945776478876557e-07
