1.000000000000000000e+00 1.000000000000000000e+00 0.000000000000000000e+00 1.306337633085386474e-05 1.242050927953983296e-05 1.341456361799049144e-06 1.454359600493088782e-06
1.000000000000000000e+00 5.000000000000000000e+00 0.000000000000000000e+00 1.120823250910861057e-05 1.060262583591239821e-05 1.569447108582178191e-07 1.386404292525601022e-07
1.000000000000000000e+00 1.000000000000000000e+01 0.000000000000000000e+00 1.090885464274351394e-05 1.066431409439974216e-05 1.029302965042975931e-07 1.378038801061566234e-07
1.000000000000000000e+00 1.500000000000000000e+01 0.000000000000000000e+00 1.069232256590401932e-05 1.080615539314336313e-05 8.362161352786072037e-08 7.577645006864979118e-08
1.000000000000000000e+00 2.000000000000000000e+01 0.000000000000000000e+00 1.063975097204022538e-05 1.085739536458514235e-05 1.135078448637349708e-07 9.796727776384361009e-08
1.000000000000000000e+00 2.500000000000000000e+01 0.000000000000000000e+00 1.062463536969335975e-05 1.085555361654138213e-05 1.258315033398467793e-07 1.040514243815646119e-07
1.000000000000000000e+00 3.000000000000000000e+01 0.000000000000000000e+00 1.061792994471018271e-05 1.086409099877562261e-05 1.100819840231507348e-07 8.565178141815412437e-08
1.000000000000000000e+00 3.500000000000000000e+01 0.000000000000000000e+00 1.061999352468651828e-05 1.086065380588318440e-05 1.269419011433045124e-07 9.065652395150157638e-08
1.000000000000000000e+00 4.000000000000000000e+01 0.000000000000000000e+00 1.069692648616389131e-05 1.097209347831219073e-05 2.784803339393792120e-07 2.804104160736224969e-07
1.000000000000000000e+00 4.500000000000000000e+01 0.000000000000000000e+00 1.063783962839571367e-05 1.089788835749462436e-05 1.511328024214681930e-07 1.174511528062111004e-07
1.000000000000000000e+00 5.000000000000000000e+01 0.000000000000000000e+00 1.061241326910676256e-05 1.086291779596996122e-05 1.118427994139303931e-07 1.066283340808301845e-07
2.000000000000000000e+00 1.000000000000000000e+00 5.000000000000000000e-01 1.095365076708661470e-05 1.171976403832708113e-05 2.712273503952845973e-07 1.919129077235208126e-07
2.000000000000000000e+00 5.000000000000000000e+00 5.000000000000000000e-01 1.037761659746998081e-05 1.174260196947095441e-05 4.559476292414951599e-08 8.552936715324814454e-08
2.000000000000000000e+00 1.000000000000000000e+01 5.000000000000000000e-01 9.955321716386544969e-06 1.212811451821567356e-05 1.243779146192350922e-07 1.758657726037987161e-07
2.000000000000000000e+00 1.500000000000000000e+01 5.000000000000000000e-01 9.463366927869519858e-06 1.215196219903735126e-05 3.511726237151893305e-07 4.809066654751099472e-07
2.000000000000000000e+00 2.000000000000000000e+01 5.000000000000000000e-01 9.344063083435889138e-06 1.239372196372796020e-05 2.846400611419317484e-07 3.040088289957301279e-07
2.000000000000000000e+00 2.500000000000000000e+01 5.000000000000000000e-01 9.495304265135626992e-06 1.242090253367572787e-05 1.911177314515990120e-07 2.685593442003610049e-07
2.000000000000000000e+00 3.000000000000000000e+01 5.000000000000000000e-01 9.363317188652799697e-06 1.238171115650109092e-05 2.103436336401579476e-07 3.511089388399953055e-07
2.000000000000000000e+00 3.500000000000000000e+01 5.000000000000000000e-01 9.407045969356220646e-06 1.233966481804299863e-05 2.948607432391789994e-07 2.343558921860588233e-07
2.000000000000000000e+00 4.000000000000000000e+01 5.000000000000000000e-01 9.389781138518242976e-06 1.249551795871545503e-05 2.651575310704015310e-07 3.325636848461122004e-07
2.000000000000000000e+00 4.500000000000000000e+01 5.000000000000000000e-01 9.501831177828593184e-06 1.247859160816558848e-05 2.032861709919605948e-07 2.686929461493374130e-07
2.000000000000000000e+00 5.000000000000000000e+01 5.000000000000000000e-01 9.197149029772806050e-06 1.224800101689442250e-05 2.137179107484085596e-07 3.236176974108469179e-07
3.000000000000000000e+00 1.000000000000000000e+00 5.000000000000000000e-01 1.076231426697220169e-05 1.165308513312548924e-05 1.154969828875602240e-07 9.580163685438303887e-08
3.000000000000000000e+00 5.000000000000000000e+00 5.000000000000000000e-01 1.019351275184076500e-05 1.196469437111486275e-05 5.947704655757490771e-08 1.206889292242155340e-07
3.000000000000000000e+00 1.000000000000000000e+01 5.000000000000000000e-01 9.490340187117195255e-06 1.231621911756076431e-05 1.795018909180477524e-07 1.854725950079608615e-07
3.000000000000000000e+00 1.500000000000000000e+01 5.000000000000000000e-01 9.046959073166656307e-06 1.292361012618627431e-05 2.284378009460387767e-07 3.265756717925299471e-07
3.000000000000000000e+00 2.000000000000000000e+01 5.000000000000000000e-01 8.812812992375988866e-06 1.443562908686492669e-05 2.104530293864462202e-07 4.014763127704870166e-06
3.000000000000000000e+00 2.500000000000000000e+01 5.000000000000000000e-01 8.834000995547320445e-06 1.286996647921105740e-05 3.244659236275124745e-07 4.096445848527196745e-07
3.000000000000000000e+00 3.000000000000000000e+01 5.000000000000000000e-01 8.653680003352248214e-06 1.294653655737720071e-05 2.400352334743448461e-07 2.774903027248349605e-07
3.000000000000000000e+00 3.500000000000000000e+01 5.000000000000000000e-01 8.733212470804846691e-06 1.313308111286039550e-05 1.771720013210139695e-07 5.244855660171911321e-07
3.000000000000000000e+00 4.000000000000000000e+01 5.000000000000000000e-01 8.714656728921761072e-06 1.310000624155254248e-05 3.257462273279323925e-07 3.573683235203077040e-07
3.000000000000000000e+00 4.500000000000000000e+01 5.000000000000000000e-01 8.664493012427537623e-06 1.299135911438379016e-05 2.609473200322354634e-07 3.879587459466784208e-07
3.000000000000000000e+00 5.000000000000000000e+01 5.000000000000000000e-01 8.769737039727371197e-06 1.299352270101762195e-05 2.524979516069097441e-07 4.028689923973776225e-07
4.000000000000000000e+00 1.000000000000000000e+00 5.000000000000000000e-01 1.065464507752535732e-05 1.161039422985424371e-05 4.653940624224959096e-08 3.876721861828546191e-08
4.000000000000000000e+00 5.000000000000000000e+00 5.000000000000000000e-01 1.003740335485551335e-05 1.214004454495201043e-05 7.092383378265575332e-08 1.218177107726518007e-07
4.000000000000000000e+00 1.000000000000000000e+01 5.000000000000000000e-01 9.187368627766703865e-06 1.439495680600237640e-05 2.003381539681282477e-07 5.100315206096014149e-06
4.000000000000000000e+00 1.500000000000000000e+01 5.000000000000000000e-01 8.211340314927844094e-06 1.330431442869475428e-05 2.088168360379773810e-07 2.237679246331584628e-07
4.000000000000000000e+00 2.000000000000000000e+01 5.000000000000000000e-01 8.130173447900378684e-06 1.369035267458710764e-05 2.462848494852703830e-07 5.754082443734935383e-07
4.000000000000000000e+00 2.500000000000000000e+01 5.000000000000000000e-01 8.206518663315201872e-06 1.361955144371630712e-05 2.309411629202452426e-07 4.248617770404468238e-07
4.000000000000000000e+00 3.000000000000000000e+01 5.000000000000000000e-01 8.106264010844127938e-06 1.357755832829480374e-05 3.319285121711679255e-07 2.931591843370326798e-07
4.000000000000000000e+00 3.500000000000000000e+01 5.000000000000000000e-01 8.124651107170328262e-06 1.372607894375590758e-05 2.197220200750061771e-07 3.702135974893301424e-07
4.000000000000000000e+00 4.000000000000000000e+01 5.000000000000000000e-01 7.928355696612672895e-06 1.362112403966400477e-05 2.506294271031381737e-07 3.125515856051296634e-07
4.000000000000000000e+00 4.500000000000000000e+01 5.000000000000000000e-01 8.013471386916487724e-06 1.379156820241831217e-05 2.970478358355083868e-07 3.641690727278432155e-07
4.000000000000000000e+00 5.000000000000000000e+01 5.000000000000000000e-01 8.254514407316069260e-06 1.364581222476123121e-05 2.323019078230141283e-07 3.717182603912930479e-07
5.000000000000000000e+00 1.000000000000000000e+00 5.000000000000000000e-01 1.055910551556701406e-05 1.169348428055528820e-05 3.504951812700636150e-08 4.576436602289831439e-08
5.000000000000000000e+00 5.000000000000000000e+00 5.000000000000000000e-01 9.827252248724149131e-06 1.238908301215831924e-05 1.012602398559483147e-07 1.177746050389957994e-07
5.000000000000000000e+00 1.000000000000000000e+01 5.000000000000000000e-01 8.926531173640371626e-06 1.327441702323276289e-05 1.111899045287968465e-07 2.884866865434308289e-07
5.000000000000000000e+00 1.500000000000000000e+01 5.000000000000000000e-01 7.852602248791210618e-06 1.402181677177715877e-05 2.099626240492513376e-07 4.136507839784251047e-07
5.000000000000000000e+00 2.000000000000000000e+01 5.000000000000000000e-01 7.773072590933721739e-06 1.424804733520279925e-05 1.943859550613771719e-07 4.911947969503133950e-07
5.000000000000000000e+00 2.500000000000000000e+01 5.000000000000000000e-01 7.556131636772776478e-06 1.427961012983791490e-05 1.710565133451527718e-07 4.037316388064197180e-07
5.000000000000000000e+00 3.000000000000000000e+01 5.000000000000000000e-01 7.647909506549220866e-06 1.427447058852065497e-05 2.301928282686253688e-07 4.039046709828366908e-07
5.000000000000000000e+00 3.500000000000000000e+01 5.000000000000000000e-01 7.542370845981896687e-06 1.437825138164328825e-05 1.602474282881747796e-07 5.989855250200571166e-07
5.000000000000000000e+00 4.000000000000000000e+01 5.000000000000000000e-01 7.507320674116274254e-06 1.444437733463679374e-05 2.794528848059220547e-07 3.921562339728224016e-07
5.000000000000000000e+00 4.500000000000000000e+01 5.000000000000000000e-01 7.584475141199753564e-06 1.447051023063015168e-05 2.402227036368199908e-07 3.133361580637915450e-07
5.000000000000000000e+00 5.000000000000000000e+01 5.000000000000000000e-01 7.672437692373415690e-06 1.475502576035231026e-05 2.141401905702484524e-07 6.589954334513120863e-07
