1.000000000000000000e+00 1.000000000000000000e+00 0.000000000000000000e+00 2.844668152415464214e-03 2.851125047703477813e-03 1.957606621682166440e-04 2.361220047292312890e-04
1.000000000000000000e+00 5.000000000000000000e+00 0.000000000000000000e+00 2.521274283716002512e-03 2.554095375130766878e-03 3.151180228334419251e-04 3.506116235257440250e-04
1.000000000000000000e+00 1.000000000000000000e+01 0.000000000000000000e+00 2.122583389345419989e-03 2.210428264118946724e-03 6.005001064107374402e-04 6.509654692528273360e-04
1.000000000000000000e+00 1.500000000000000000e+01 0.000000000000000000e+00 1.855456947534261242e-03 2.005961537724430636e-03 7.208093508756132761e-04 8.184679488373208019e-04
1.000000000000000000e+00 2.000000000000000000e+01 0.000000000000000000e+00 1.799140178404508251e-03 1.968630814453308474e-03 7.350602054239923234e-04 8.494847656435682536e-04
1.000000000000000000e+00 2.500000000000000000e+01 0.000000000000000000e+00 1.792289127796772158e-03 1.964805276584402106e-03 7.392238416684817704e-04 8.534722154824789502e-04
1.000000000000000000e+00 3.000000000000000000e+01 0.000000000000000000e+00 1.765693483345773598e-03 1.941732858085118852e-03 7.446691044225176113e-04 8.599004601440383543e-04
1.000000000000000000e+00 3.500000000000000000e+01 0.000000000000000000e+00 1.764328633575518125e-03 1.941627704105114080e-03 7.448512885108655220e-04 8.602255345112789315e-04
1.000000000000000000e+00 4.000000000000000000e+01 0.000000000000000000e+00 1.761177807798574831e-03 1.938327383923129504e-03 7.456392752467355407e-04 8.634923942652578035e-04
1.000000000000000000e+00 4.500000000000000000e+01 0.000000000000000000e+00 1.758663548751023074e-03 1.936760649038413119e-03 7.470396924732540999e-04 8.647199656482152655e-04
1.000000000000000000e+00 5.000000000000000000e+01 0.000000000000000000e+00 1.758333963839147111e-03 1.939056061982209062e-03 7.468176547952593437e-04 8.675842304648062218e-04
