1.000000000000000000e+00 1.000000000000000000e+00 0.000000000000000000e+00 2.713611025387700944e-03 3.053449949819854459e-03 3.258398194816740021e-04 3.802698142637451085e-04
1.000000000000000000e+00 5.000000000000000000e+00 0.000000000000000000e+00 2.417299922732281132e-03 2.733795553717423277e-03 4.696614408707052465e-04 5.907087260864805553e-04
1.000000000000000000e+00 1.000000000000000000e+01 0.000000000000000000e+00 2.236561194370273540e-03 2.559629910689979488e-03 5.334608173063156485e-04 6.918847417282186990e-04
1.000000000000000000e+00 1.500000000000000000e+01 0.000000000000000000e+00 2.098272319435002739e-03 2.451652851611799654e-03 5.805023218631933171e-04 7.480431900593775179e-04
1.000000000000000000e+00 2.000000000000000000e+01 0.000000000000000000e+00 2.070041445996986633e-03 2.435131091403289118e-03 5.789079899598349515e-04 7.665130298720072366e-04
1.000000000000000000e+00 2.500000000000000000e+01 0.000000000000000000e+00 2.062300789971118452e-03 2.430055025529754935e-03 5.850897897353346446e-04 7.764527291794024724e-04
1.000000000000000000e+00 3.000000000000000000e+01 0.000000000000000000e+00 2.056577491016186015e-03 2.425370230936346912e-03 5.835940925337681877e-04 7.774852312314124497e-04
1.000000000000000000e+00 3.500000000000000000e+01 0.000000000000000000e+00 2.052334889921438033e-03 2.419856052421173916e-03 5.831646970939424138e-04 7.765722019547040495e-04
1.000000000000000000e+00 4.000000000000000000e+01 0.000000000000000000e+00 2.051205209304377171e-03 2.419476986031406530e-03 5.832115946477586972e-04 7.777291296764245535e-04
1.000000000000000000e+00 4.500000000000000000e+01 0.000000000000000000e+00 2.049908290825731578e-03 2.418420941657225837e-03 5.846101211712958177e-04 7.795656124885416228e-04
1.000000000000000000e+00 5.000000000000000000e+01 0.000000000000000000e+00 2.049451534170004981e-03 2.418931237704978997e-03 5.837079193230782078e-04 7.804148435797848013e-04
2.000000000000000000e+00 1.000000000000000000e+00 9.000000000000000222e-01 2.464604912034712957e-03 2.417531556812014138e-03 3.724476183610966819e-04 4.153558411514098742e-04
2.000000000000000000e+00 5.000000000000000000e+00 9.000000000000000222e-01 1.328952136851066935e-03 1.344777869389183599e-03 3.225952633875980922e-04 3.404841994662000148e-04
2.000000000000000000e+00 1.000000000000000000e+01 9.000000000000000222e-01 1.068926767499458726e-03 1.163100423204836437e-03 3.350679264099909655e-04 3.836462262103595457e-04
2.000000000000000000e+00 1.500000000000000000e+01 9.000000000000000222e-01 1.101301217002588484e-03 1.289053721377540025e-03 5.117322912405643113e-04 6.192977605420266988e-04
2.000000000000000000e+00 2.000000000000000000e+01 9.000000000000000222e-01 7.684753324621622014e-04 8.851797046061386700e-04 3.736810507581913806e-04 4.265946418391758583e-04
2.000000000000000000e+00 2.500000000000000000e+01 9.000000000000000222e-01 7.170931664638712519e-04 8.082481255056903850e-04 2.546905214166557993e-04 2.949582836170857128e-04
2.000000000000000000e+00 3.000000000000000000e+01 9.000000000000000222e-01 7.275586983375971701e-04 8.573514367899175061e-04 4.117833888049285038e-04 5.081590354877774281e-04
2.000000000000000000e+00 3.500000000000000000e+01 9.000000000000000222e-01 7.431091471614385694e-04 8.544123857498178622e-04 1.631968818886261722e-04 2.065437003473616514e-04
2.000000000000000000e+00 4.000000000000000000e+01 9.000000000000000222e-01 6.220924953185028809e-04 7.182595153038547715e-04 1.669034934459588551e-04 2.035573925038992990e-04
2.000000000000000000e+00 4.500000000000000000e+01 9.000000000000000222e-01 6.537048103682980334e-04 7.314206476736478816e-04 3.011253690801828802e-04 3.380819749242595994e-04
2.000000000000000000e+00 5.000000000000000000e+01 9.000000000000000222e-01 6.889213983993657973e-04 7.896476338562474209e-04 2.257722675891589534e-04 2.703847927998214297e-04
3.000000000000000000e+00 1.000000000000000000e+00 9.000000000000000222e-01 2.075458482604287773e-03 2.008315577172718139e-03 2.133916392200674523e-04 1.961299545905057548e-04
3.000000000000000000e+00 5.000000000000000000e+00 9.000000000000000222e-01 1.315548571556208546e-03 1.388182461559549653e-03 4.957913938967812781e-04 5.297737912270690909e-04
3.000000000000000000e+00 1.000000000000000000e+01 9.000000000000000222e-01 7.554012455705140646e-04 8.910638132453866040e-04 3.722948281393273604e-04 4.447669069902753414e-04
3.000000000000000000e+00 1.500000000000000000e+01 9.000000000000000222e-01 4.334381430677056515e-04 5.417688124732154224e-04 1.543920543512435257e-04 1.791457151477415832e-04
3.000000000000000000e+00 2.000000000000000000e+01 9.000000000000000222e-01 4.884812706553078726e-04 6.825318895934583607e-04 1.805098975607921858e-04 2.490931132391031345e-04
3.000000000000000000e+00 2.500000000000000000e+01 9.000000000000000222e-01 3.814719887655779120e-04 4.722727343807007626e-04 1.085481959404271100e-04 1.298088655108211903e-04
3.000000000000000000e+00 3.000000000000000000e+01 9.000000000000000222e-01 4.890123650313377710e-04 6.220527016732030475e-04 1.848095500155027865e-04 2.424283659503432338e-04
3.000000000000000000e+00 3.500000000000000000e+01 9.000000000000000222e-01 3.544001428557968483e-04 4.439722791424342624e-04 7.262118696964372795e-05 9.183224861173544399e-05
3.000000000000000000e+00 4.000000000000000000e+01 9.000000000000000222e-01 4.707892788761589768e-04 6.068987203748406464e-04 2.306307524420954532e-04 2.884538236931599416e-04
3.000000000000000000e+00 4.500000000000000000e+01 9.000000000000000222e-01 3.805747478971388651e-04 4.920846002312415004e-04 8.812010846720710259e-05 1.066330033276409722e-04
3.000000000000000000e+00 5.000000000000000000e+01 9.000000000000000222e-01 4.751921735996839308e-04 6.273293900964851001e-04 2.314320817459486360e-04 2.813020412366372988e-04
4.000000000000000000e+00 1.000000000000000000e+00 9.000000000000000222e-01 1.901339262672205972e-03 1.859386821393828586e-03 9.176001741711488542e-05 6.653505458089745866e-05
4.000000000000000000e+00 5.000000000000000000e+00 9.000000000000000222e-01 9.176118947730016028e-04 9.950915959074176260e-04 2.961260680829897298e-04 3.476568515263061252e-04
4.000000000000000000e+00 1.000000000000000000e+01 9.000000000000000222e-01 4.793764965930207185e-04 6.308704160318702589e-04 1.982046110993366628e-04 2.275687985580842558e-04
4.000000000000000000e+00 1.500000000000000000e+01 9.000000000000000222e-01 3.910135511432256267e-04 5.264612533447135751e-04 1.391640758247560583e-04 1.753318024310730370e-04
4.000000000000000000e+00 2.000000000000000000e+01 9.000000000000000222e-01 3.181201619181138148e-04 4.526803435193685050e-04 1.533285232370968179e-04 2.084953737208321419e-04
4.000000000000000000e+00 2.500000000000000000e+01 9.000000000000000222e-01 3.416180706980594074e-04 4.906240687826586566e-04 1.852860658096170884e-04 2.260997053429979079e-04
4.000000000000000000e+00 3.000000000000000000e+01 9.000000000000000222e-01 3.378745458773949875e-04 4.990665057801135871e-04 2.091089285475428692e-04 2.985209227056491183e-04
4.000000000000000000e+00 3.500000000000000000e+01 9.000000000000000222e-01 2.726064299194442273e-04 3.900411895269435521e-04 8.461286301729294644e-05 1.203499067895373072e-04
4.000000000000000000e+00 4.000000000000000000e+01 9.000000000000000222e-01 3.396355444857441673e-04 4.875571535222267858e-04 1.244538130557828386e-04 1.606858553065407995e-04
4.000000000000000000e+00 4.500000000000000000e+01 9.000000000000000222e-01 3.467972784278067775e-04 5.069972846591088095e-04 1.769626545242620639e-04 2.448156309582433959e-04
4.000000000000000000e+00 5.000000000000000000e+01 9.000000000000000222e-01 3.134062553846616206e-04 4.470840088394570431e-04 1.053472056720913163e-04 1.413121967047394295e-04
5.000000000000000000e+00 1.000000000000000000e+00 9.000000000000000222e-01 1.806050970164698594e-03 1.823069866966044172e-03 1.222495625814317181e-04 1.259323256547101614e-04
5.000000000000000000e+00 5.000000000000000000e+00 9.000000000000000222e-01 6.599539419862372920e-04 7.402567316243906367e-04 1.112311599829964476e-04 1.135581314533211958e-04
5.000000000000000000e+00 1.000000000000000000e+01 9.000000000000000222e-01 3.352903864452658395e-04 4.569331112714088323e-04 6.816956105339120936e-05 8.510864673145202811e-05
5.000000000000000000e+00 1.500000000000000000e+01 9.000000000000000222e-01 2.365740382973118298e-04 3.840139536725078236e-04 1.006867753333551269e-04 1.238520106221945092e-04
5.000000000000000000e+00 2.000000000000000000e+01 9.000000000000000222e-01 2.393757036765961632e-04 3.252948052486757968e-04 1.357566077998254765e-04 6.960595254940497617e-05
5.000000000000000000e+00 2.500000000000000000e+01 9.000000000000000222e-01 2.015533660668802451e-04 3.301157119746110690e-04 3.943231203994685785e-05 6.071577579924599511e-05
5.000000000000000000e+00 3.000000000000000000e+01 9.000000000000000222e-01 2.238215652169143392e-04 3.463757026625730951e-04 5.445704125308581731e-05 7.306033787224436489e-05
5.000000000000000000e+00 3.500000000000000000e+01 9.000000000000000222e-01 2.505104381747409693e-04 3.970384814922116095e-04 9.972512321675384192e-05 1.410061953580463341e-04
5.000000000000000000e+00 4.000000000000000000e+01 9.000000000000000222e-01 2.180685311878028092e-04 3.618949241373832916e-04 6.363422184314528843e-05 8.276556328868724425e-05
5.000000000000000000e+00 4.500000000000000000e+01 9.000000000000000222e-01 2.397917310815158502e-04 3.740154254949645688e-04 9.449020878812356143e-05 1.312863999150325027e-04
5.000000000000000000e+00 5.000000000000000000e+01 9.000000000000000222e-01 1.935678644565098591e-04 3.158631573999290225e-04 2.636124600141077077e-05 5.160314571105327681e-05
