1.000000000000000000e+00 1.000000000000000000e+00 0.000000000000000000e+00 2.713611025387700944e-03 3.053449949819854459e-03 3.258398194816740021e-04 3.802698142637451085e-04
1.000000000000000000e+00 5.000000000000000000e+00 0.000000000000000000e+00 2.417299922732281132e-03 2.733795553717423277e-03 4.696614408707052465e-04 5.907087260864805553e-04
1.000000000000000000e+00 1.000000000000000000e+01 0.000000000000000000e+00 2.236561194370273540e-03 2.559629910689979488e-03 5.334608173063156485e-04 6.918847417282186990e-04
1.000000000000000000e+00 1.500000000000000000e+01 0.000000000000000000e+00 2.098272319435002739e-03 2.451652851611799654e-03 5.805023218631933171e-04 7.480431900593775179e-04
1.000000000000000000e+00 2.000000000000000000e+01 0.000000000000000000e+00 2.070041445996986633e-03 2.435131091403289118e-03 5.789079899598349515e-04 7.665130298720072366e-04
1.000000000000000000e+00 2.500000000000000000e+01 0.000000000000000000e+00 2.062300789971118452e-03 2.430055025529754935e-03 5.850897897353346446e-04 7.764527291794024724e-04
1.000000000000000000e+00 3.000000000000000000e+01 0.000000000000000000e+00 2.056577491016186015e-03 2.425370230936346912e-03 5.835940925337681877e-04 7.774852312314124497e-04
1.000000000000000000e+00 3.500000000000000000e+01 0.000000000000000000e+00 2.052334889921438033e-03 2.419856052421173916e-03 5.831646970939424138e-04 7.765722019547040495e-04
1.000000000000000000e+00 4.000000000000000000e+01 0.000000000000000000e+00 2.051205209304377171e-03 2.419476986031406530e-03 5.832115946477586972e-04 7.777291296764245535e-04
1.000000000000000000e+00 4.500000000000000000e+01 0.000000000000000000e+00 2.049908290825731578e-03 2.418420941657225837e-03 5.846101211712958177e-04 7.795656124885416228e-04
1.000000000000000000e+00 5.000000000000000000e+01 0.000000000000000000e+00 2.049451534170004981e-03 2.418931237704978997e-03 5.837079193230782078e-04 7.804148435797848013e-04
2.000000000000000000e+00 1.000000000000000000e+00 5.000000000000000000e-01 2.509121213247782721e-03 3.419616172850688078e-03 3.474035214687912513e-04 8.362856777545814952e-04
2.000000000000000000e+00 5.000000000000000000e+00 5.000000000000000000e-01 1.713686276075132879e-03 2.159489285834492907e-03 3.568059736791469902e-04 6.554183099826049654e-04
2.000000000000000000e+00 1.000000000000000000e+01 5.000000000000000000e-01 1.471207777091471016e-03 1.944901323850827413e-03 4.950796843168687360e-04 6.857428831360830703e-04
2.000000000000000000e+00 1.500000000000000000e+01 5.000000000000000000e-01 1.679965603421786340e-03 2.604735654835318298e-03 6.523016684139191449e-04 1.202523557454991720e-03
2.000000000000000000e+00 2.000000000000000000e+01 5.000000000000000000e-01 1.089629644156547925e-03 1.560103922226878815e-03 4.888489789891594392e-04 6.944861696763511127e-04
2.000000000000000000e+00 2.500000000000000000e+01 5.000000000000000000e-01 1.201536981004612190e-03 1.653044289379061076e-03 4.387967898347627294e-04 5.961532549879107598e-04
2.000000000000000000e+00 3.000000000000000000e+01 5.000000000000000000e-01 1.152570530387411838e-03 1.733602916360141733e-03 5.576634172747695507e-04 9.275360788660052700e-04
2.000000000000000000e+00 3.500000000000000000e+01 5.000000000000000000e-01 1.260942065338300664e-03 1.796054418564335372e-03 2.464747658687307919e-04 3.610743121789043285e-04
2.000000000000000000e+00 4.000000000000000000e+01 5.000000000000000000e-01 1.022245462207289554e-03 1.527372177740500200e-03 4.709647032011706727e-04 7.289576080552387762e-04
2.000000000000000000e+00 4.500000000000000000e+01 5.000000000000000000e-01 1.012167584326007733e-03 1.444950005402811846e-03 3.937679020287408174e-04 5.711996881667194548e-04
2.000000000000000000e+00 5.000000000000000000e+01 5.000000000000000000e-01 1.111396974731172901e-03 1.615911189225594652e-03 3.882818252338000008e-04 5.318735977372537720e-04
3.000000000000000000e+00 1.000000000000000000e+00 5.000000000000000000e-01 2.162428068803020232e-03 2.750099666910450248e-03 3.039764105967568625e-04 6.282194766520267240e-04
3.000000000000000000e+00 5.000000000000000000e+00 5.000000000000000000e-01 1.748181184929089096e-03 2.323932475530864593e-03 4.936336763467052535e-04 9.065346918760031764e-04
3.000000000000000000e+00 1.000000000000000000e+01 5.000000000000000000e-01 1.205242817870737530e-03 1.760174551126766169e-03 5.178256175822231779e-04 8.446820198676935646e-04
3.000000000000000000e+00 1.500000000000000000e+01 5.000000000000000000e-01 7.937210767852466171e-04 1.270385638668709242e-03 3.853261952815459964e-04 6.117813331627266170e-04
3.000000000000000000e+00 2.000000000000000000e+01 5.000000000000000000e-01 9.272119932525630390e-04 1.492937586769847724e-03 3.653930052364575787e-04 5.432640312884588112e-04
3.000000000000000000e+00 2.500000000000000000e+01 5.000000000000000000e-01 6.226701438732248298e-04 1.004498121658622565e-03 3.109067781694116743e-04 4.921583580411427678e-04
3.000000000000000000e+00 3.000000000000000000e+01 5.000000000000000000e-01 9.038557493792553302e-04 1.524844079526422366e-03 3.740768967583234022e-04 6.426876384137244136e-04
3.000000000000000000e+00 3.500000000000000000e+01 5.000000000000000000e-01 5.507068358084430543e-04 9.853537852521523747e-04 2.357780752129415519e-04 4.461808803939434714e-04
3.000000000000000000e+00 4.000000000000000000e+01 5.000000000000000000e-01 8.062727947918584340e-04 1.301326132566377582e-03 3.442076667953084413e-04 5.246776748033646397e-04
3.000000000000000000e+00 4.500000000000000000e+01 5.000000000000000000e-01 7.348747754348192726e-04 1.262869840467029537e-03 2.700436806818741226e-04 5.248530391544433977e-04
3.000000000000000000e+00 5.000000000000000000e+01 5.000000000000000000e-01 9.179337582508771340e-04 1.495888704990628064e-03 4.311572500074808013e-04 7.296124251771590307e-04
4.000000000000000000e+00 1.000000000000000000e+00 5.000000000000000000e-01 2.003170072861310165e-03 2.397461857996700633e-03 1.513468621553322989e-04 3.079004169826090893e-04
4.000000000000000000e+00 5.000000000000000000e+00 5.000000000000000000e-01 1.346584489066715139e-03 1.748027470704856907e-03 4.042131037191644427e-04 6.188399089995036406e-04
4.000000000000000000e+00 1.000000000000000000e+01 5.000000000000000000e-01 8.984984242500274314e-04 1.346340290785746300e-03 3.982923096196591900e-04 5.878967610819762742e-04
4.000000000000000000e+00 1.500000000000000000e+01 5.000000000000000000e-01 8.194082863304501122e-04 1.462529327155129765e-03 3.416332111629305523e-04 5.848159045294476846e-04
4.000000000000000000e+00 2.000000000000000000e+01 5.000000000000000000e-01 6.133396305625760754e-04 1.127129499690621714e-03 3.444459498190213125e-04 6.004503271312455802e-04
4.000000000000000000e+00 2.500000000000000000e+01 5.000000000000000000e-01 6.506305290254912974e-04 1.155862123293953945e-03 3.696903471671542291e-04 5.615509996899351779e-04
4.000000000000000000e+00 3.000000000000000000e+01 5.000000000000000000e-01 6.128953597150032465e-04 1.206520607190343349e-03 3.671815662066170265e-04 6.566371409156423903e-04
4.000000000000000000e+00 3.500000000000000000e+01 5.000000000000000000e-01 4.840816439691013806e-04 8.942860477160936589e-04 2.745537944068367252e-04 4.471611328706573039e-04
4.000000000000000000e+00 4.000000000000000000e+01 5.000000000000000000e-01 7.848735183527456600e-04 1.463113206615213480e-03 3.358138055928317194e-04 6.257231669312030313e-04
4.000000000000000000e+00 4.500000000000000000e+01 5.000000000000000000e-01 7.579100998420418463e-04 1.433437922139904229e-03 4.683986064014337568e-04 9.815291651755890003e-04
4.000000000000000000e+00 5.000000000000000000e+01 5.000000000000000000e-01 6.381298414400557364e-04 1.216550124968590650e-03 3.232852023274089830e-04 5.917641735811547069e-04
5.000000000000000000e+00 1.000000000000000000e+00 5.000000000000000000e-01 1.990706840168249281e-03 2.440645630755070537e-03 2.361446412829882268e-04 4.482296625630968561e-04
5.000000000000000000e+00 5.000000000000000000e+00 5.000000000000000000e-01 1.072981801260282494e-03 1.404845266926412883e-03 2.982762377591636365e-04 3.663651435447779587e-04
5.000000000000000000e+00 1.000000000000000000e+01 5.000000000000000000e-01 6.842689335667441215e-04 1.072568325561780531e-03 2.319465724117595034e-04 3.294873736215098137e-04
5.000000000000000000e+00 1.500000000000000000e+01 5.000000000000000000e-01 4.330664042005090181e-04 8.395675338292186160e-04 2.716824156935205453e-04 4.284836951825411549e-04
5.000000000000000000e+00 2.000000000000000000e+01 5.000000000000000000e-01 3.500338129608330118e-04 7.443661257566030424e-04 1.719999145124591323e-04 3.255157733094268184e-04
5.000000000000000000e+00 2.500000000000000000e+01 5.000000000000000000e-01 4.455384760901908055e-04 9.505889171099555102e-04 1.675425015484746161e-04 3.264951786356898962e-04
5.000000000000000000e+00 3.000000000000000000e+01 5.000000000000000000e-01 4.367441176146100862e-04 9.475793104518799581e-04 2.170640909623617958e-04 4.396295972808921459e-04
5.000000000000000000e+00 3.500000000000000000e+01 5.000000000000000000e-01 5.146863699494506157e-04 1.092255431760242017e-03 2.785878750782751494e-04 5.129444935176329969e-04
5.000000000000000000e+00 4.000000000000000000e+01 5.000000000000000000e-01 4.341553051620628619e-04 8.878767685208559029e-04 2.303122749785250438e-04 4.214618898388992159e-04
5.000000000000000000e+00 4.500000000000000000e+01 5.000000000000000000e-01 4.001327023158214764e-04 8.714646065135243707e-04 2.942087056985990168e-04 5.750479818660220524e-04
5.000000000000000000e+00 5.000000000000000000e+01 5.000000000000000000e-01 3.591322918377514101e-04 8.044506462298132163e-04 1.120702906421497408e-04 2.383213839236159319e-04
