1.000000000000000000e+00 1.000000000000000000e+00 6.999999999999999556e-01 2.891138352987097145e-03 3.015436990134472486e-03 1.842347183711315404e-04 2.325601458774079005e-04
1.000000000000000000e+00 5.000000000000000000e+00 6.999999999999999556e-01 1.898599709379115942e-03 2.003834225530295304e-03 7.570211493375730979e-04 8.300641554352926072e-04
1.000000000000000000e+00 1.000000000000000000e+01 6.999999999999999556e-01 1.447317497169122542e-03 1.546139964596789356e-03 8.771856066190504000e-04 9.517722490289997131e-04
1.000000000000000000e+00 1.500000000000000000e+01 6.999999999999999556e-01 1.162376471676718637e-03 1.313522666677231776e-03 8.252745464569261231e-04 9.430046484315930330e-04
1.000000000000000000e+00 2.000000000000000000e+01 6.999999999999999556e-01 1.099362078743153486e-03 1.261330607723602738e-03 7.751317652728864855e-04 9.042352289662277916e-04
1.000000000000000000e+00 2.500000000000000000e+01 6.999999999999999556e-01 1.075231641172798291e-03 1.243219744928577425e-03 7.551668547928919997e-04 8.868861416068559399e-04
1.000000000000000000e+00 3.000000000000000000e+01 6.999999999999999556e-01 1.069171602856799474e-03 1.239080039929477952e-03 7.533275748638950178e-04 8.870602969272824113e-04
1.000000000000000000e+00 3.500000000000000000e+01 6.999999999999999556e-01 1.067393636166049774e-03 1.236795442376610338e-03 7.535978337872328891e-04 8.876527051572439620e-04
1.000000000000000000e+00 4.000000000000000000e+01 6.999999999999999556e-01 1.059960230643974387e-03 1.228493896917599209e-03 7.522038543837543997e-04 8.855363633880468941e-04
1.000000000000000000e+00 4.500000000000000000e+01 6.999999999999999556e-01 1.058079205657989300e-03 1.228367430480497126e-03 7.529149156573432776e-04 8.882813261851122202e-04
1.000000000000000000e+00 5.000000000000000000e+01 6.999999999999999556e-01 1.057982954747490115e-03 1.227697205788402411e-03 7.527780460237003214e-04 8.877338779425563613e-04
2.000000000000000000e+00 1.000000000000000000e+00 6.999999999999999556e-01 2.476080549399403870e-03 2.568882891758508813e-03 2.442218233059287270e-04 2.519989931197346377e-04
2.000000000000000000e+00 5.000000000000000000e+00 6.999999999999999556e-01 6.348615638303605662e-04 6.653974076905697522e-04 1.086282006339710704e-04 1.157519518591206952e-04
2.000000000000000000e+00 1.000000000000000000e+01 6.999999999999999556e-01 2.241353910207505361e-04 2.652400678946402425e-04 5.498738195562171332e-05 6.336912127455002273e-05
2.000000000000000000e+00 1.500000000000000000e+01 6.999999999999999556e-01 1.167542788125249887e-04 1.482317648431128051e-04 4.212598884578176782e-05 6.143915456667742910e-05
2.000000000000000000e+00 2.000000000000000000e+01 6.999999999999999556e-01 8.228947314360331459e-05 1.018967891355718311e-04 3.617709595951679755e-05 4.456305965865986181e-05
2.000000000000000000e+00 2.500000000000000000e+01 6.999999999999999556e-01 6.282917086060477597e-05 8.157517514496861436e-05 2.849345774702385177e-05 3.760333674190542296e-05
2.000000000000000000e+00 3.000000000000000000e+01 6.999999999999999556e-01 7.588328988862734947e-05 9.725819524237146066e-05 5.633994908654309074e-05 7.192355610544894421e-05
2.000000000000000000e+00 3.500000000000000000e+01 6.999999999999999556e-01 5.842644627893459639e-05 7.687619651038928741e-05 1.568124025156172546e-05 2.518922861608332496e-05
2.000000000000000000e+00 4.000000000000000000e+01 6.999999999999999556e-01 5.794351777084308407e-05 7.363222610933407158e-05 2.883771865003373705e-05 3.676904310245098374e-05
2.000000000000000000e+00 4.500000000000000000e+01 6.999999999999999556e-01 5.155359381210545698e-05 6.410728163830703755e-05 1.482085313314006619e-05 1.801723712408100138e-05
2.000000000000000000e+00 5.000000000000000000e+01 6.999999999999999556e-01 6.002932601074946050e-05 7.647811381275791936e-05 2.817532036334368585e-05 3.601706230157187156e-05
3.000000000000000000e+00 1.000000000000000000e+00 6.999999999999999556e-01 1.851602284941873417e-03 1.910856276790364339e-03 2.164750073661746632e-04 2.502013235584293156e-04
3.000000000000000000e+00 5.000000000000000000e+00 6.999999999999999556e-01 4.640778251419477927e-04 5.253894852248100055e-04 5.610724920294838042e-05 8.075363946694359414e-05
3.000000000000000000e+00 1.000000000000000000e+01 6.999999999999999556e-01 9.416897036042480823e-05 1.188291598659791347e-04 5.289153787337052322e-05 6.473624774779322601e-05
3.000000000000000000e+00 1.500000000000000000e+01 6.999999999999999556e-01 2.267177717002955416e-05 3.289376941189893760e-05 5.364922500454755859e-06 8.594552116327540224e-06
3.000000000000000000e+00 2.000000000000000000e+01 6.999999999999999556e-01 2.724468753368953204e-05 4.184413590688209012e-05 1.230050724086071784e-05 2.169761803276712024e-05
3.000000000000000000e+00 2.500000000000000000e+01 6.999999999999999556e-01 1.880732859380894630e-05 2.630870476069067628e-05 5.728804156770508114e-06 7.924285084380028302e-06
3.000000000000000000e+00 3.000000000000000000e+01 6.999999999999999556e-01 2.043587109630900063e-05 2.988093772991501118e-05 7.587413532205141155e-06 1.115406598234373456e-05
3.000000000000000000e+00 3.500000000000000000e+01 6.999999999999999556e-01 1.474683050884846286e-05 2.089093372884340819e-05 8.596469856235008136e-06 1.254759564872015528e-05
3.000000000000000000e+00 4.000000000000000000e+01 6.999999999999999556e-01 2.204357259150681406e-05 3.167810638886649086e-05 7.498959610903339811e-06 9.869880902968897811e-06
3.000000000000000000e+00 4.500000000000000000e+01 6.999999999999999556e-01 2.369118529054212318e-05 3.533529989697440038e-05 7.453850935004335441e-06 1.002654828171300668e-05
3.000000000000000000e+00 5.000000000000000000e+01 6.999999999999999556e-01 2.210240264008179095e-05 3.269225903238473930e-05 9.960253505688467914e-06 1.502817415148832074e-05
4.000000000000000000e+00 1.000000000000000000e+00 6.999999999999999556e-01 1.469007889868628475e-03 1.519205457253962593e-03 2.317326500013191365e-04 2.642447524556225088e-04
4.000000000000000000e+00 5.000000000000000000e+00 6.999999999999999556e-01 2.459920256833877613e-04 2.853029238581452319e-04 1.034005232490078354e-04 1.132539503342038358e-04
4.000000000000000000e+00 1.000000000000000000e+01 6.999999999999999556e-01 3.759777117582378738e-05 5.186978631951088810e-05 1.054612456947910830e-05 1.685767800340193779e-05
4.000000000000000000e+00 1.500000000000000000e+01 6.999999999999999556e-01 1.177031294564122558e-05 1.834144979490961032e-05 4.429824177397916024e-06 7.051888798549537617e-06
4.000000000000000000e+00 2.000000000000000000e+01 6.999999999999999556e-01 1.175187658950903522e-05 1.883830562034651289e-05 4.468209474266871399e-06 6.585074206450064698e-06
4.000000000000000000e+00 2.500000000000000000e+01 6.999999999999999556e-01 1.244073369856632984e-05 2.035935214355738917e-05 6.073086765721402383e-06 1.040545666311306680e-05
4.000000000000000000e+00 3.000000000000000000e+01 6.999999999999999556e-01 8.870351071872998621e-06 1.424349778743602778e-05 4.267474628360805631e-06 7.079887323764018253e-06
4.000000000000000000e+00 3.500000000000000000e+01 6.999999999999999556e-01 8.701108774698016417e-06 1.404775908824619545e-05 3.498205736958902150e-06 6.369636861049368212e-06
4.000000000000000000e+00 4.000000000000000000e+01 6.999999999999999556e-01 1.274029301384422141e-05 2.043075403310864270e-05 5.279161274433230374e-06 7.834839777462419548e-06
4.000000000000000000e+00 4.500000000000000000e+01 6.999999999999999556e-01 1.133070961986241681e-05 1.844198159443048219e-05 5.470039504478335895e-06 9.119720882530239504e-06
4.000000000000000000e+00 5.000000000000000000e+01 6.999999999999999556e-01 8.190127760770861450e-06 1.291857288432469628e-05 3.243275756193955800e-06 5.328213992243564337e-06
5.000000000000000000e+00 1.000000000000000000e+00 6.999999999999999556e-01 1.308234261138171333e-03 1.364879848095752963e-03 2.503927730341294362e-04 2.741711304002793616e-04
5.000000000000000000e+00 5.000000000000000000e+00 6.999999999999999556e-01 1.424513147080625972e-04 1.739856081114871729e-04 3.186195505465403972e-05 4.531927948771602210e-05
5.000000000000000000e+00 1.000000000000000000e+01 6.999999999999999556e-01 1.922095096122034181e-05 2.936040460972668759e-05 9.151521554002715176e-06 1.411090510632728968e-05
5.000000000000000000e+00 1.500000000000000000e+01 6.999999999999999556e-01 8.055628914798828371e-06 1.460395448415667560e-05 4.437431961167877130e-06 9.000478874912534716e-06
5.000000000000000000e+00 2.000000000000000000e+01 6.999999999999999556e-01 5.464257424739121864e-06 9.380513459691517726e-06 2.915334866674764991e-06 5.514972992150267878e-06
5.000000000000000000e+00 2.500000000000000000e+01 6.999999999999999556e-01 5.408870854012452596e-06 9.409328972722388998e-06 2.647138387951907535e-06 4.201768965575013526e-06
5.000000000000000000e+00 3.000000000000000000e+01 6.999999999999999556e-01 4.765763633087910026e-06 8.400909735291519685e-06 1.780187132754146501e-06 3.048130381493566598e-06
5.000000000000000000e+00 3.500000000000000000e+01 6.999999999999999556e-01 6.577056661470159519e-06 1.214618695099710956e-05 2.814445545124041667e-06 5.012830969196227566e-06
5.000000000000000000e+00 4.000000000000000000e+01 6.999999999999999556e-01 5.468343575096318665e-06 9.903332912947080741e-06 1.975106542835132305e-06 3.983277714363018724e-06
5.000000000000000000e+00 4.500000000000000000e+01 6.999999999999999556e-01 5.372210880467167123e-06 9.040192645337553396e-06 3.045669009432434923e-06 5.074927484933680673e-06
5.000000000000000000e+00 5.000000000000000000e+01 6.999999999999999556e-01 4.862462677138826644e-06 9.035688113160047005e-06 2.290942793753338046e-06 4.244408270724928176e-06
