1.000000000000000000e+00 1.000000000000000000e+00 0.000000000000000000e+00 1.306337633085386474e-05 1.242050927953983296e-05 1.341456361799049144e-06 1.454359600493088782e-06
1.000000000000000000e+00 5.000000000000000000e+00 0.000000000000000000e+00 1.120823250910861057e-05 1.060262583591239821e-05 1.569447108582178191e-07 1.386404292525601022e-07
1.000000000000000000e+00 1.000000000000000000e+01 0.000000000000000000e+00 1.090885464274351394e-05 1.066431409439974216e-05 1.029302965042975931e-07 1.378038801061566234e-07
1.000000000000000000e+00 1.500000000000000000e+01 0.000000000000000000e+00 1.069232256590401932e-05 1.080615539314336313e-05 8.362161352786072037e-08 7.577645006864979118e-08
1.000000000000000000e+00 2.000000000000000000e+01 0.000000000000000000e+00 1.063975097204022538e-05 1.085739536458514235e-05 1.135078448637349708e-07 9.796727776384361009e-08
1.000000000000000000e+00 2.500000000000000000e+01 0.000000000000000000e+00 1.062463536969335975e-05 1.085555361654138213e-05 1.258315033398467793e-07 1.040514243815646119e-07
1.000000000000000000e+00 3.000000000000000000e+01 0.000000000000000000e+00 1.061792994471018271e-05 1.086409099877562261e-05 1.100819840231507348e-07 8.565178141815412437e-08
1.000000000000000000e+00 3.500000000000000000e+01 0.000000000000000000e+00 1.061999352468651828e-05 1.086065380588318440e-05 1.269419011433045124e-07 9.065652395150157638e-08
1.000000000000000000e+00 4.000000000000000000e+01 0.000000000000000000e+00 1.069692648616389131e-05 1.097209347831219073e-05 2.784803339393792120e-07 2.804104160736224969e-07
1.000000000000000000e+00 4.500000000000000000e+01 0.000000000000000000e+00 1.063783962839571367e-05 1.089788835749462436e-05 1.511328024214681930e-07 1.174511528062111004e-07
1.000000000000000000e+00 5.000000000000000000e+01 0.000000000000000000e+00 1.061241326910676256e-05 1.086291779596996122e-05 1.118427994139303931e-07 1.066283340808301845e-07
2.000000000000000000e+00 1.000000000000000000e+00 9.000000000000000222e-01 1.136927663024408426e-05 1.198105382278525623e-05 2.433078359251300808e-07 8.947645810885350807e-08
2.000000000000000000e+00 5.000000000000000000e+00 9.000000000000000222e-01 1.068069752310375951e-05 1.233880841015555182e-05 1.138781703411290235e-07 9.256193666624112133e-08
2.000000000000000000e+00 1.000000000000000000e+01 9.000000000000000222e-01 9.819255878952787113e-06 1.215751548758007360e-05 3.442729465302799915e-07 4.656237523833256748e-07
2.000000000000000000e+00 1.500000000000000000e+01 9.000000000000000222e-01 9.426952114277614470e-06 1.228255262810878152e-05 4.722656439105422638e-07 7.358387470306079171e-07
2.000000000000000000e+00 2.000000000000000000e+01 9.000000000000000222e-01 9.173573364288629099e-06 1.206493335708268744e-05 2.333376885840173334e-07 3.550299012424592454e-07
2.000000000000000000e+00 2.500000000000000000e+01 9.000000000000000222e-01 9.365710762817248554e-06 1.225749716879358586e-05 3.998808639938970900e-07 4.207267652780792231e-07
2.000000000000000000e+00 3.000000000000000000e+01 9.000000000000000222e-01 9.143282915902370615e-06 1.208002634752283652e-05 3.981604662755237865e-07 5.161869455008261245e-07
2.000000000000000000e+00 3.500000000000000000e+01 9.000000000000000222e-01 9.126960268106713766e-06 1.206329116587090002e-05 2.681246184693653259e-07 5.078753299971628822e-07
2.000000000000000000e+00 4.000000000000000000e+01 9.000000000000000222e-01 9.281496553388494711e-06 1.228331866951760706e-05 3.880114334041555786e-07 4.862602984614352637e-07
2.000000000000000000e+00 4.500000000000000000e+01 9.000000000000000222e-01 9.237632713991683148e-06 1.239232385060504224e-05 3.999015489835588076e-07 5.278208167504302884e-07
2.000000000000000000e+00 5.000000000000000000e+01 9.000000000000000222e-01 9.015214115647115546e-06 1.189676076060523228e-05 1.577679650752660696e-07 2.213397220804117687e-07
3.000000000000000000e+00 1.000000000000000000e+00 9.000000000000000222e-01 1.114659187289665583e-05 1.208646881063490749e-05 6.485866174729509541e-08 6.095582302097913983e-08
3.000000000000000000e+00 5.000000000000000000e+00 9.000000000000000222e-01 1.027408179424973861e-05 1.231077380215291865e-05 2.269584594216151598e-07 3.789909332057641326e-07
3.000000000000000000e+00 1.000000000000000000e+01 9.000000000000000222e-01 9.141574363701005450e-06 1.201077919549256943e-05 2.012520039201663729e-07 3.708750046355539454e-07
3.000000000000000000e+00 1.500000000000000000e+01 9.000000000000000222e-01 8.842223649939414957e-06 1.249551646276607930e-05 1.961362902561765883e-07 3.839849589638995257e-07
3.000000000000000000e+00 2.000000000000000000e+01 9.000000000000000222e-01 8.961523467731978115e-06 1.377182613187706369e-05 8.531528689783998833e-07 3.631992927843871804e-06
3.000000000000000000e+00 2.500000000000000000e+01 9.000000000000000222e-01 8.840620045551611869e-06 1.259571916414019667e-05 3.424798365667081023e-07 4.711577927143001077e-07
3.000000000000000000e+00 3.000000000000000000e+01 9.000000000000000222e-01 8.561553659174128841e-06 1.227741616409786550e-05 1.375660978943863344e-07 3.333227122975573412e-07
3.000000000000000000e+00 3.500000000000000000e+01 9.000000000000000222e-01 8.639446181574226026e-06 1.237402454538207964e-05 1.717980591212754409e-07 3.040215177882962308e-07
3.000000000000000000e+00 4.000000000000000000e+01 9.000000000000000222e-01 8.728503045232029729e-06 1.259053518364320233e-05 3.873952609278401014e-07 5.143196334591910210e-07
3.000000000000000000e+00 4.500000000000000000e+01 9.000000000000000222e-01 8.648559282643539188e-06 1.256189546078729256e-05 2.728248713394100374e-07 5.394464076580656862e-07
3.000000000000000000e+00 5.000000000000000000e+01 9.000000000000000222e-01 8.567176419053625672e-06 1.245926948147956297e-05 1.353967258778471718e-07 2.438404225723751428e-07
4.000000000000000000e+00 1.000000000000000000e+00 9.000000000000000222e-01 1.102447717512456802e-05 1.219342359475229045e-05 3.736861398976711211e-08 9.649774662873049420e-08
4.000000000000000000e+00 5.000000000000000000e+00 9.000000000000000222e-01 1.000408540228801900e-05 1.241087496993635616e-05 1.925443413261375423e-07 2.186416369184725098e-07
4.000000000000000000e+00 1.000000000000000000e+01 9.000000000000000222e-01 9.118473987544004159e-06 1.390042474413634934e-05 9.122109810930838905e-07 4.410379653161291103e-06
4.000000000000000000e+00 1.500000000000000000e+01 9.000000000000000222e-01 8.268980216968467153e-06 1.259352989864297978e-05 6.800092287194268691e-08 3.439935872083894152e-07
4.000000000000000000e+00 2.000000000000000000e+01 9.000000000000000222e-01 8.593640030071527617e-06 1.299214980060050983e-05 1.160228349574569289e-06 3.214531068077488303e-07
4.000000000000000000e+00 2.500000000000000000e+01 9.000000000000000222e-01 8.186996461679746801e-06 1.284968384228145509e-05 8.400816811427236212e-08 2.638406869594553016e-07
4.000000000000000000e+00 3.000000000000000000e+01 9.000000000000000222e-01 8.164507852580840596e-06 1.316778428806923491e-05 2.074121791326734097e-07 4.554649502229861744e-07
4.000000000000000000e+00 3.500000000000000000e+01 9.000000000000000222e-01 8.176655170261012997e-06 1.296027767022424427e-05 1.375740198526568765e-07 2.257073073709590579e-07
4.000000000000000000e+00 4.000000000000000000e+01 9.000000000000000222e-01 8.092809052464955925e-06 1.285461179149684816e-05 1.053079396724578780e-07 2.032860056059089016e-07
4.000000000000000000e+00 4.500000000000000000e+01 9.000000000000000222e-01 8.095186471039285983e-06 1.289319285267118846e-05 8.942432939047772478e-08 2.659402751945389597e-07
4.000000000000000000e+00 5.000000000000000000e+01 9.000000000000000222e-01 8.188319628986034089e-06 1.288496348605034445e-05 1.794709686971716654e-07 1.605235833072229906e-07
5.000000000000000000e+00 1.000000000000000000e+00 9.000000000000000222e-01 1.096285442053125900e-05 1.233497969676307726e-05 3.872404030070743908e-08 5.879034024160415892e-08
5.000000000000000000e+00 5.000000000000000000e+00 9.000000000000000222e-01 9.745684204200546496e-06 1.244344876115234259e-05 2.763831616709628777e-07 4.984676406815056676e-07
5.000000000000000000e+00 1.000000000000000000e+01 9.000000000000000222e-01 8.520198661177433373e-06 1.285192879153978834e-05 1.443713136795560180e-07 2.866449663101736641e-07
5.000000000000000000e+00 1.500000000000000000e+01 9.000000000000000222e-01 7.937725201808661167e-06 1.322025957121212020e-05 1.776960381329860891e-07 3.170882231350744401e-07
5.000000000000000000e+00 2.000000000000000000e+01 9.000000000000000222e-01 7.906527250794787091e-06 1.339967780230835086e-05 1.677120191604527127e-07 4.537692799775925920e-07
5.000000000000000000e+00 2.500000000000000000e+01 9.000000000000000222e-01 7.790084454185345952e-06 1.359174268038855821e-05 8.683292230508193375e-08 3.058468721050646280e-07
5.000000000000000000e+00 3.000000000000000000e+01 9.000000000000000222e-01 7.828336766629738331e-06 1.339878742391201663e-05 1.224623095082985532e-07 2.793280574906492807e-07
5.000000000000000000e+00 3.500000000000000000e+01 9.000000000000000222e-01 7.740517193045903097e-06 1.343476808147783187e-05 5.287144057631590224e-08 2.503546503616544233e-07
5.000000000000000000e+00 4.000000000000000000e+01 9.000000000000000222e-01 7.791139991260171831e-06 1.360843138310686764e-05 1.471099303202755015e-07 2.144091129511727964e-07
5.000000000000000000e+00 4.500000000000000000e+01 9.000000000000000222e-01 7.832241120806771175e-06 1.357927589998410625e-05 8.959530670511619091e-08 3.498965968256839748e-07
5.000000000000000000e+00 5.000000000000000000e+01 9.000000000000000222e-01 7.733682600068825396e-06 1.355450357996898023e-05 1.465236377185733358e-07 3.511307107704638452e-07
