1.000000000000000000e+00 1.000000000000000000e+00 0.000000000000000000e+00 2.713611025387700944e-03 3.053449949819854459e-03 3.258398194816740021e-04 3.802698142637451085e-04
1.000000000000000000e+00 5.000000000000000000e+00 0.000000000000000000e+00 2.417299922732281132e-03 2.733795553717423277e-03 4.696614408707052465e-04 5.907087260864805553e-04
1.000000000000000000e+00 1.000000000000000000e+01 0.000000000000000000e+00 2.236561194370273540e-03 2.559629910689979488e-03 5.334608173063156485e-04 6.918847417282186990e-04
1.000000000000000000e+00 1.500000000000000000e+01 0.000000000000000000e+00 2.098272319435002739e-03 2.451652851611799654e-03 5.805023218631933171e-04 7.480431900593775179e-04
1.000000000000000000e+00 2.000000000000000000e+01 0.000000000000000000e+00 2.070041445996986633e-03 2.435131091403289118e-03 5.789079899598349515e-04 7.665130298720072366e-04
1.000000000000000000e+00 2.500000000000000000e+01 0.000000000000000000e+00 2.062300789971118452e-03 2.430055025529754935e-03 5.850897897353346446e-04 7.764527291794024724e-04
1.000000000000000000e+00 3.000000000000000000e+01 0.000000000000000000e+00 2.056577491016186015e-03 2.425370230936346912e-03 5.835940925337681877e-04 7.774852312314124497e-04
1.000000000000000000e+00 3.500000000000000000e+01 0.000000000000000000e+00 2.052334889921438033e-03 2.419856052421173916e-03 5.831646970939424138e-04 7.765722019547040495e-04
1.000000000000000000e+00 4.000000000000000000e+01 0.000000000000000000e+00 2.051205209304377171e-03 2.419476986031406530e-03 5.832115946477586972e-04 7.777291296764245535e-04
1.000000000000000000e+00 4.500000000000000000e+01 0.000000000000000000e+00 2.049908290825731578e-03 2.418420941657225837e-03 5.846101211712958177e-04 7.795656124885416228e-04
1.000000000000000000e+00 5.000000000000000000e+01 0.000000000000000000e+00 2.049451534170004981e-03 2.418931237704978997e-03 5.837079193230782078e-04 7.804148435797848013e-04
