1.000000000000000000e+00 1.000000000000000000e+00 0.000000000000000000e+00 3.064862026259710780e-03 3.028815098642151545e-03 2.859646833643522353e-04 2.874911782820710883e-04
1.000000000000000000e+00 5.000000000000000000e+00 0.000000000000000000e+00 7.513314530923867907e-04 7.794654252469700347e-04 2.564329811832528243e-04 2.640914213694921849e-04
1.000000000000000000e+00 1.000000000000000000e+01 0.000000000000000000e+00 2.094929228760378031e-04 2.302058067931150723e-04 1.088556103477994556e-04 1.262894433491364252e-04
1.000000000000000000e+00 1.500000000000000000e+01 0.000000000000000000e+00 9.405143691607303468e-05 1.060871715761366153e-04 6.095799631294109678e-05 6.604638302385887024e-05
1.000000000000000000e+00 2.000000000000000000e+01 0.000000000000000000e+00 8.065788955124247818e-05 9.161479240792566050e-05 5.823850619486517900e-05 6.335499964215102859e-05
1.000000000000000000e+00 2.500000000000000000e+01 0.000000000000000000e+00 7.815431258459646930e-05 8.873167870393783307e-05 5.636962437337870508e-05 6.168861807629669614e-05
1.000000000000000000e+00 3.000000000000000000e+01 0.000000000000000000e+00 7.607545661703573291e-05 8.614383122557944784e-05 5.558459307236254365e-05 6.094464000980995136e-05
1.000000000000000000e+00 3.500000000000000000e+01 0.000000000000000000e+00 7.506300675670284572e-05 8.563784973522683703e-05 5.484272023722444904e-05 6.101685442200604722e-05
1.000000000000000000e+00 4.000000000000000000e+01 0.000000000000000000e+00 7.396506605562874108e-05 8.453823861122257335e-05 5.419823323990698735e-05 5.996124914821439957e-05
1.000000000000000000e+00 4.500000000000000000e+01 0.000000000000000000e+00 7.384867836776586589e-05 8.441745328686594337e-05 5.422170701347912879e-05 6.002260881210638271e-05
1.000000000000000000e+00 5.000000000000000000e+01 0.000000000000000000e+00 7.377236658840408026e-05 8.432663519041490633e-05 5.425241636472559687e-05 6.001218706227613123e-05
2.000000000000000000e+00 1.000000000000000000e+00 0.000000000000000000e+00 2.120300452733593546e-03 2.111038975235529462e-03 3.919796508198555092e-04 3.839191560645194160e-04
2.000000000000000000e+00 5.000000000000000000e+00 0.000000000000000000e+00 2.053166190116773764e-04 2.212228097077255688e-04 1.012254637536576891e-04 1.163309273879726554e-04
2.000000000000000000e+00 1.000000000000000000e+01 0.000000000000000000e+00 4.231570593474832411e-05 4.704296356538533298e-05 2.581777339471864923e-05 2.815559197202870546e-05
2.000000000000000000e+00 1.500000000000000000e+01 0.000000000000000000e+00 2.783044086353857665e-05 3.566358996915228776e-05 1.478265475483296619e-05 1.833531242444003763e-05
2.000000000000000000e+00 2.000000000000000000e+01 0.000000000000000000e+00 1.180150347036289315e-05 1.532299801922606567e-05 7.264599988547138640e-06 9.681117258872819247e-06
2.000000000000000000e+00 2.500000000000000000e+01 0.000000000000000000e+00 1.577481825490096489e-05 2.071477933790399355e-05 1.047383377446044320e-05 1.321186998701395249e-05
2.000000000000000000e+00 3.000000000000000000e+01 0.000000000000000000e+00 1.553451881247632150e-05 2.138560848876563323e-05 1.456474113008512129e-05 2.034640597247974568e-05
2.000000000000000000e+00 3.500000000000000000e+01 0.000000000000000000e+00 1.062527832794434643e-05 1.348131995629207725e-05 8.146936812397170363e-06 9.536351995715993042e-06
2.000000000000000000e+00 4.000000000000000000e+01 0.000000000000000000e+00 8.060178661621562857e-06 1.098471085461930203e-05 6.824080063517839324e-06 9.646005982612023178e-06
2.000000000000000000e+00 4.500000000000000000e+01 0.000000000000000000e+00 1.081497949254139163e-05 1.438112726580610723e-05 7.249768068476065789e-06 9.619894843784878552e-06
2.000000000000000000e+00 5.000000000000000000e+01 0.000000000000000000e+00 9.995307991829949687e-06 1.328571917462137745e-05 3.988294845380982966e-06 5.315547385817259334e-06
3.000000000000000000e+00 1.000000000000000000e+00 0.000000000000000000e+00 1.193866510443255830e-03 1.174506154598885634e-03 3.423556896994710079e-04 3.275008417096399128e-04
3.000000000000000000e+00 5.000000000000000000e+00 0.000000000000000000e+00 1.222805963329439913e-04 1.321460025942642724e-04 4.494801268508798295e-05 5.132330512589335911e-05
3.000000000000000000e+00 1.000000000000000000e+01 0.000000000000000000e+00 1.833724999397161364e-05 2.270409422456687112e-05 1.060074698995612749e-05 1.320370070243068121e-05
3.000000000000000000e+00 1.500000000000000000e+01 0.000000000000000000e+00 4.940896494517639390e-06 7.032042899095838863e-06 2.286481468794896960e-06 3.385696247822343718e-06
3.000000000000000000e+00 2.000000000000000000e+01 0.000000000000000000e+00 5.453511727567372571e-06 8.350380543096820059e-06 4.001005081945583968e-06 6.705016132398021457e-06
3.000000000000000000e+00 2.500000000000000000e+01 0.000000000000000000e+00 2.598484385567394109e-06 4.085265589126863605e-06 1.467818942296418383e-06 2.415237245485588827e-06
3.000000000000000000e+00 3.000000000000000000e+01 0.000000000000000000e+00 3.430557426035624686e-06 5.273428004556771411e-06 2.873793423680506994e-06 4.745006129408973755e-06
3.000000000000000000e+00 3.500000000000000000e+01 0.000000000000000000e+00 1.765655686748080935e-06 2.769545505079830017e-06 1.705955733769498401e-06 2.947638441609385101e-06
3.000000000000000000e+00 4.000000000000000000e+01 0.000000000000000000e+00 3.334692798548674005e-06 5.197092718738549863e-06 1.691365731870245789e-06 2.670501015177844381e-06
3.000000000000000000e+00 4.500000000000000000e+01 0.000000000000000000e+00 3.844599778503070064e-06 5.783486778286904334e-06 1.654025273218201035e-06 2.356732335200304559e-06
3.000000000000000000e+00 5.000000000000000000e+01 0.000000000000000000e+00 3.996245275620999637e-06 6.281470610019735683e-06 2.152648023016217476e-06 3.491926620145366500e-06
4.000000000000000000e+00 1.000000000000000000e+00 0.000000000000000000e+00 7.436583481967426121e-04 7.500648248023185057e-04 2.060620262887659436e-04 2.047173845106867575e-04
4.000000000000000000e+00 5.000000000000000000e+00 0.000000000000000000e+00 4.193970688736702723e-05 4.673639563082568170e-05 1.396259054813715831e-05 1.625954764914928053e-05
4.000000000000000000e+00 1.000000000000000000e+01 0.000000000000000000e+00 7.130579842018640977e-06 9.916043417714987988e-06 3.538504651530365992e-06 4.952767097330872890e-06
4.000000000000000000e+00 1.500000000000000000e+01 0.000000000000000000e+00 2.254339325596046909e-06 3.884777128751333994e-06 1.867998114761816230e-06 3.453336137824940787e-06
4.000000000000000000e+00 2.000000000000000000e+01 0.000000000000000000e+00 1.673355337730214209e-06 2.915995678188429577e-06 7.637678885499315661e-07 1.348121846711874762e-06
4.000000000000000000e+00 2.500000000000000000e+01 0.000000000000000000e+00 2.136501259010882058e-06 3.848423047560256107e-06 1.039868302287649201e-06 1.814157001472081227e-06
4.000000000000000000e+00 3.000000000000000000e+01 0.000000000000000000e+00 1.306089523179723750e-06 2.331343794651899282e-06 7.061607012465292240e-07 1.284151428085187705e-06
4.000000000000000000e+00 3.500000000000000000e+01 0.000000000000000000e+00 1.351054911151052118e-06 2.501873114282418800e-06 7.745693585711918842e-07 1.666030547816214470e-06
4.000000000000000000e+00 4.000000000000000000e+01 0.000000000000000000e+00 2.085796489649584775e-06 3.949881126888467692e-06 6.684030948777984842e-07 1.495821706399770651e-06
4.000000000000000000e+00 4.500000000000000000e+01 0.000000000000000000e+00 1.666276251610650161e-06 3.076024156388418207e-06 9.491532518925206147e-07 1.799764879689927692e-06
4.000000000000000000e+00 5.000000000000000000e+01 0.000000000000000000e+00 1.193311196596329016e-06 2.212343467489586949e-06 6.984001368855161131e-07 1.336698257728697338e-06
5.000000000000000000e+00 1.000000000000000000e+00 0.000000000000000000e+00 6.157032796186213313e-04 6.413006428363914610e-04 1.592993679937822096e-04 1.906153369213946366e-04
5.000000000000000000e+00 5.000000000000000000e+00 0.000000000000000000e+00 1.834184344178540772e-05 2.278466924480201946e-05 6.277152677780326541e-06 8.422032731135432353e-06
5.000000000000000000e+00 1.000000000000000000e+01 0.000000000000000000e+00 3.352554260030847651e-06 4.896081237359802688e-06 1.519015473502703144e-06 2.271604239291056413e-06
5.000000000000000000e+00 1.500000000000000000e+01 0.000000000000000000e+00 1.663776546871524168e-06 3.190065994167015684e-06 1.104372005823780572e-06 2.099546117086935094e-06
5.000000000000000000e+00 2.000000000000000000e+01 0.000000000000000000e+00 8.385508830778220270e-07 1.591789504357487280e-06 6.871923141645590506e-07 1.367367460000272684e-06
5.000000000000000000e+00 2.500000000000000000e+01 0.000000000000000000e+00 8.594336300697277516e-07 1.738345939789709606e-06 4.978835981359310376e-07 1.015737059799047618e-06
5.000000000000000000e+00 3.000000000000000000e+01 0.000000000000000000e+00 6.845836647020922788e-07 1.443446508840758084e-06 3.685124776672529516e-07 8.232282312387219779e-07
5.000000000000000000e+00 3.500000000000000000e+01 0.000000000000000000e+00 8.522707043684620920e-07 1.828069454631416755e-06 4.337893443945219250e-07 1.013903109390213357e-06
5.000000000000000000e+00 4.000000000000000000e+01 0.000000000000000000e+00 8.114756234182603848e-07 1.652905894540583922e-06 3.947270593255046109e-07 8.295440991158066043e-07
5.000000000000000000e+00 4.500000000000000000e+01 0.000000000000000000e+00 7.179158651529034176e-07 1.489125472207048026e-06 4.164014245910297595e-07 9.232601533103281980e-07
5.000000000000000000e+00 5.000000000000000000e+01 0.000000000000000000e+00 6.200813646454173501e-07 1.277331649618580501e-06 2.726173154428432407e-07 6.424083055465576828e-07
