1.000000000000000000e+00 1.000000000000000000e+00 0.000000000000000000e+00 3.155530728137131893e-03 3.090510380342765834e-03 2.487709358627583200e-04 1.871174809007980153e-04
1.000000000000000000e+00 5.000000000000000000e+00 0.000000000000000000e+00 2.044057396841500798e-03 2.023744378054583362e-03 8.398483700826338359e-04 8.277956143200128130e-04
1.000000000000000000e+00 1.000000000000000000e+01 0.000000000000000000e+00 1.549119987251814648e-03 1.578868278091419882e-03 9.412549601737514723e-04 9.818429583303069520e-04
1.000000000000000000e+00 1.500000000000000000e+01 0.000000000000000000e+00 1.237980217901192819e-03 1.303027076392876404e-03 8.636579261879083654e-04 9.336607022422655335e-04
1.000000000000000000e+00 2.000000000000000000e+01 0.000000000000000000e+00 1.168496515624860722e-03 1.233974885131966948e-03 8.136566866439642930e-04 8.760028728650881167e-04
1.000000000000000000e+00 2.500000000000000000e+01 0.000000000000000000e+00 1.151761301119027343e-03 1.217066762738442005e-03 8.003981806140318851e-04 8.610909680765203248e-04
1.000000000000000000e+00 3.000000000000000000e+01 0.000000000000000000e+00 1.145687387005099459e-03 1.209784476904029928e-03 8.009214283494632243e-04 8.590628400376377127e-04
1.000000000000000000e+00 3.500000000000000000e+01 0.000000000000000000e+00 1.135886411065895963e-03 1.205043454741157750e-03 8.058094300643547838e-04 8.617515761007731078e-04
1.000000000000000000e+00 4.000000000000000000e+01 0.000000000000000000e+00 1.131530308422630049e-03 1.198384936203724391e-03 8.017436784828342036e-04 8.557682398564267360e-04
1.000000000000000000e+00 4.500000000000000000e+01 0.000000000000000000e+00 1.130400277086741293e-03 1.197393028070191509e-03 8.029809541955907183e-04 8.569067728766556306e-04
1.000000000000000000e+00 5.000000000000000000e+01 0.000000000000000000e+00 1.128673153408055966e-03 1.197170620055663286e-03 8.010560412959534960e-04 8.565138063740685825e-04
2.000000000000000000e+00 1.000000000000000000e+00 5.000000000000000000e-01 3.028223203436013720e-03 2.791241670647711705e-03 1.983104680021482015e-04 1.844937922997592851e-04
2.000000000000000000e+00 5.000000000000000000e+00 5.000000000000000000e-01 8.621139803879544847e-04 8.732027065787229458e-04 3.339586754739834180e-04 3.279344527501471007e-04
2.000000000000000000e+00 1.000000000000000000e+01 5.000000000000000000e-01 3.881741473416741540e-04 4.048852752764291575e-04 1.656900737706605271e-04 1.796840938297088912e-04
2.000000000000000000e+00 1.500000000000000000e+01 5.000000000000000000e-01 2.875509564452413897e-04 3.148331526333220370e-04 1.363261466889031123e-04 1.581897013165194110e-04
2.000000000000000000e+00 2.000000000000000000e+01 5.000000000000000000e-01 1.158281602918169320e-04 1.256626279737218144e-04 5.530975574375331924e-05 5.890626947448619738e-05
2.000000000000000000e+00 2.500000000000000000e+01 5.000000000000000000e-01 1.269192097067787931e-04 1.371205122179506870e-04 8.004841547796754471e-05 8.567652236417475369e-05
2.000000000000000000e+00 3.000000000000000000e+01 5.000000000000000000e-01 1.488304001734233389e-04 1.591039348166400154e-04 1.121100007913714534e-04 1.146168546589718508e-04
2.000000000000000000e+00 3.500000000000000000e+01 5.000000000000000000e-01 1.157432262344416549e-04 1.243632128163143775e-04 5.692758116205402661e-05 6.400476861878892849e-05
2.000000000000000000e+00 4.000000000000000000e+01 5.000000000000000000e-01 7.953289329452084317e-05 8.386461664878756979e-05 3.764228342477774354e-05 3.958686779783476150e-05
2.000000000000000000e+00 4.500000000000000000e+01 5.000000000000000000e-01 8.565461707797211157e-05 9.626180880258320847e-05 5.336046121700103713e-05 5.626194664748064155e-05
2.000000000000000000e+00 5.000000000000000000e+01 5.000000000000000000e-01 1.140082346270516301e-04 1.226267326570976168e-04 6.208199600002882142e-05 6.941185952669258095e-05
3.000000000000000000e+00 1.000000000000000000e+00 5.000000000000000000e-01 2.425358560036858756e-03 2.275407767291097536e-03 2.727920282110552364e-04 2.662337766672239663e-04
3.000000000000000000e+00 5.000000000000000000e+00 5.000000000000000000e-01 8.030953953586621305e-04 7.969028520514373753e-04 2.852054863609901824e-04 2.874642132946825593e-04
3.000000000000000000e+00 1.000000000000000000e+01 5.000000000000000000e-01 1.922238138975829755e-04 2.068896160363155779e-04 1.309212284441652388e-04 1.406310231908417191e-04
3.000000000000000000e+00 1.500000000000000000e+01 5.000000000000000000e-01 4.246976915019330694e-05 5.096458031726653964e-05 1.753444502140673076e-05 2.055132744921007095e-05
3.000000000000000000e+00 2.000000000000000000e+01 5.000000000000000000e-01 4.273900871174802346e-05 5.420768129269718915e-05 2.258875341340474784e-05 3.035589596635297234e-05
3.000000000000000000e+00 2.500000000000000000e+01 5.000000000000000000e-01 3.075342035938454367e-05 3.726427706264341807e-05 1.488271215545879792e-05 2.071129968658411746e-05
3.000000000000000000e+00 3.000000000000000000e+01 5.000000000000000000e-01 4.455727352061852881e-05 5.611914520387565252e-05 2.974729477728528217e-05 4.015442038145645396e-05
3.000000000000000000e+00 3.500000000000000000e+01 5.000000000000000000e-01 2.578170849323299695e-05 3.073674451360868719e-05 1.820672253177602214e-05 2.239679812330761069e-05
3.000000000000000000e+00 4.000000000000000000e+01 5.000000000000000000e-01 4.216547569138001092e-05 5.189452886141097834e-05 2.079666207947411278e-05 2.572631569281120793e-05
3.000000000000000000e+00 4.500000000000000000e+01 5.000000000000000000e-01 3.888604771693617631e-05 4.930858498616722332e-05 1.012714234191170831e-05 1.218975177757060845e-05
3.000000000000000000e+00 5.000000000000000000e+01 5.000000000000000000e-01 4.598976540647229603e-05 5.778456892074180324e-05 3.208153188586241396e-05 3.844997203246884934e-05
4.000000000000000000e+00 1.000000000000000000e+00 5.000000000000000000e-01 1.948958739139991818e-03 1.822832385820635781e-03 4.772406021613469673e-04 3.888789688584710978e-04
4.000000000000000000e+00 5.000000000000000000e+00 5.000000000000000000e-01 3.768673160564432463e-04 3.893975021623499364e-04 1.822065980177105975e-04 1.900979062652298729e-04
4.000000000000000000e+00 1.000000000000000000e+01 5.000000000000000000e-01 6.375501314103638388e-05 7.357401899660361737e-05 2.760090974460066671e-05 3.061099102791055982e-05
4.000000000000000000e+00 1.500000000000000000e+01 5.000000000000000000e-01 2.893036773961942841e-05 3.650165383977107083e-05 1.600338451042692566e-05 1.988312972789642704e-05
4.000000000000000000e+00 2.000000000000000000e+01 5.000000000000000000e-01 2.192125051266698225e-05 2.996691531435864353e-05 1.279275886563751841e-05 1.735422756990507944e-05
4.000000000000000000e+00 2.500000000000000000e+01 5.000000000000000000e-01 2.575230789206282798e-05 3.686282871267840950e-05 2.107340125751048084e-05 2.986853870192057497e-05
4.000000000000000000e+00 3.000000000000000000e+01 5.000000000000000000e-01 1.695735065549247670e-05 2.382793723677883508e-05 1.138823897451913189e-05 1.756830376327829288e-05
4.000000000000000000e+00 3.500000000000000000e+01 5.000000000000000000e-01 1.677552728527622033e-05 2.321146497684484721e-05 8.917609833636958990e-06 1.263355900334721499e-05
4.000000000000000000e+00 4.000000000000000000e+01 5.000000000000000000e-01 2.490083272923316967e-05 3.487020184429334425e-05 8.735661800058307615e-06 1.202752289816570536e-05
4.000000000000000000e+00 4.500000000000000000e+01 5.000000000000000000e-01 2.737174038844094120e-05 3.747474303864083649e-05 1.719684935110342549e-05 2.474852256614526382e-05
4.000000000000000000e+00 5.000000000000000000e+01 5.000000000000000000e-01 1.561373392022985120e-05 2.207731412090869263e-05 6.815423686734905004e-06 1.058862647313066451e-05
5.000000000000000000e+00 1.000000000000000000e+00 5.000000000000000000e-01 2.019066253618933496e-03 1.907899145053916588e-03 4.185895339062242174e-04 3.575819232629264422e-04
5.000000000000000000e+00 5.000000000000000000e+00 5.000000000000000000e-01 2.116753929598409452e-04 2.211823289932424229e-04 6.674838639770656098e-05 6.930205178801407103e-05
5.000000000000000000e+00 1.000000000000000000e+01 5.000000000000000000e-01 3.726946980015128101e-05 4.752750793469123606e-05 2.491124606334731945e-05 3.272983377298916563e-05
5.000000000000000000e+00 1.500000000000000000e+01 5.000000000000000000e-01 1.744420389159413392e-05 2.672171612945144469e-05 1.249147866470864329e-05 1.978119568026837140e-05
5.000000000000000000e+00 2.000000000000000000e+01 5.000000000000000000e-01 8.735276731444718991e-06 1.379637603195999637e-05 5.615015735372125750e-06 9.447775163851609675e-06
5.000000000000000000e+00 2.500000000000000000e+01 5.000000000000000000e-01 1.023181899086639070e-05 1.567729009300438612e-05 3.722397465569308786e-06 5.592516448319897007e-06
5.000000000000000000e+00 3.000000000000000000e+01 5.000000000000000000e-01 8.625825183540016583e-06 1.340673080592118025e-05 2.941902799039767179e-06 4.793819245777697360e-06
5.000000000000000000e+00 3.500000000000000000e+01 5.000000000000000000e-01 1.249915699905788717e-05 1.981910705453137858e-05 6.309046428194757793e-06 1.054902348351174415e-05
5.000000000000000000e+00 4.000000000000000000e+01 5.000000000000000000e-01 9.722091639610033455e-06 1.544273862791197582e-05 4.117929800500937500e-06 6.955167246511887320e-06
5.000000000000000000e+00 4.500000000000000000e+01 5.000000000000000000e-01 9.755039644702452058e-06 1.570598633386304730e-05 6.426390104347049405e-06 1.049929384736155752e-05
5.000000000000000000e+00 5.000000000000000000e+01 5.000000000000000000e-01 7.986035290759787040e-06 1.257563708076711387e-05 2.944850445055021231e-06 4.637190485984587227e-06
