1.000000000000000000e+00 1.000000000000000000e+00 5.000000000000000000e-01 3.021455723555847329e-03 3.113690858967489705e-03 2.480071025670444428e-04 2.024966239321140981e-04
1.000000000000000000e+00 5.000000000000000000e+00 5.000000000000000000e-01 2.001271069450797323e-03 2.116111547252551815e-03 7.848010063929959515e-04 8.479224909368176513e-04
1.000000000000000000e+00 1.000000000000000000e+01 5.000000000000000000e-01 1.523564506350594738e-03 1.625580940964515024e-03 9.206206692471724691e-04 1.003239827844927979e-03
1.000000000000000000e+00 1.500000000000000000e+01 5.000000000000000000e-01 1.234876076744670067e-03 1.382551392924635195e-03 8.695755345153066175e-04 9.933263565866559241e-04
1.000000000000000000e+00 2.000000000000000000e+01 5.000000000000000000e-01 1.169196454961620411e-03 1.332101126079121784e-03 8.179906262675549523e-04 9.575460313049996997e-04
1.000000000000000000e+00 2.500000000000000000e+01 5.000000000000000000e-01 1.149740170060324553e-03 1.307676961123124685e-03 8.013569673363321599e-04 9.362773018958261625e-04
1.000000000000000000e+00 3.000000000000000000e+01 5.000000000000000000e-01 1.142822544791126643e-03 1.303379186025665918e-03 7.976900302983648246e-04 9.358508020841899795e-04
1.000000000000000000e+00 3.500000000000000000e+01 5.000000000000000000e-01 1.132351924129531553e-03 1.290827278735014053e-03 7.990061954702005727e-04 9.369023457651318946e-04
1.000000000000000000e+00 4.000000000000000000e+01 5.000000000000000000e-01 1.130866120765157542e-03 1.290493363818169146e-03 7.985107897559504120e-04 9.375465214725028050e-04
1.000000000000000000e+00 4.500000000000000000e+01 5.000000000000000000e-01 1.129480555642983428e-03 1.288320945244338447e-03 8.001102248076545154e-04 9.394532449762631578e-04
1.000000000000000000e+00 5.000000000000000000e+01 5.000000000000000000e-01 1.128708399400762865e-03 1.288947676718631575e-03 7.989634614635524566e-04 9.400226499214031466e-04
2.000000000000000000e+00 1.000000000000000000e+00 5.000000000000000000e-01 2.823453968875198460e-03 2.905806927793963979e-03 2.621152081428905576e-04 2.393951412700514778e-04
2.000000000000000000e+00 5.000000000000000000e+00 5.000000000000000000e-01 8.517950875980383326e-04 9.036356821375919265e-04 2.928024785635111320e-04 2.886709290922488680e-04
2.000000000000000000e+00 1.000000000000000000e+01 5.000000000000000000e-01 4.100830388321284820e-04 4.626868739640617326e-04 1.700625284620735660e-04 1.906913625269482067e-04
2.000000000000000000e+00 1.500000000000000000e+01 5.000000000000000000e-01 2.981060257698710681e-04 3.585053268412428831e-04 1.257589469748150626e-04 1.359765098186187455e-04
2.000000000000000000e+00 2.000000000000000000e+01 5.000000000000000000e-01 1.372315403623282077e-04 1.710084073638853540e-04 7.699512245066338252e-05 9.814883118233850168e-05
2.000000000000000000e+00 2.500000000000000000e+01 5.000000000000000000e-01 1.340971931161108986e-04 1.637656716810746260e-04 7.954582145503796863e-05 9.699824710972433390e-05
2.000000000000000000e+00 3.000000000000000000e+01 5.000000000000000000e-01 1.644447847984698626e-04 1.948896846692267063e-04 1.394082287295781829e-04 1.549993404957167298e-04
2.000000000000000000e+00 3.500000000000000000e+01 5.000000000000000000e-01 1.174843065855672925e-04 1.438522679380333099e-04 5.456950045009879331e-05 6.375298802715516290e-05
2.000000000000000000e+00 4.000000000000000000e+01 5.000000000000000000e-01 8.903279606021366282e-05 1.152729521107831489e-04 4.616423341453237245e-05 6.243125527731980325e-05
2.000000000000000000e+00 4.500000000000000000e+01 5.000000000000000000e-01 9.420525457629970771e-05 1.121217523845655312e-04 4.338385106601938345e-05 5.206368287216475872e-05
2.000000000000000000e+00 5.000000000000000000e+01 5.000000000000000000e-01 1.236031252081469804e-04 1.561157178169304805e-04 6.309777533664414012e-05 8.298345852284001885e-05
3.000000000000000000e+00 1.000000000000000000e+00 5.000000000000000000e-01 2.277561537718874630e-03 2.380507298725579451e-03 2.372322467410016892e-04 2.625114754564928017e-04
3.000000000000000000e+00 5.000000000000000000e+00 5.000000000000000000e-01 7.549391461193700114e-04 8.169544759973294953e-04 2.175654249058462883e-04 2.338316129476931081e-04
3.000000000000000000e+00 1.000000000000000000e+01 5.000000000000000000e-01 2.186126821535682785e-04 2.607718818212102644e-04 1.513619679849873619e-04 1.791846524012939690e-04
3.000000000000000000e+00 1.500000000000000000e+01 5.000000000000000000e-01 4.689765511138733317e-05 6.256454552504986258e-05 2.025823223120149812e-05 2.795499674631842071e-05
3.000000000000000000e+00 2.000000000000000000e+01 5.000000000000000000e-01 5.669896799665737714e-05 7.807940015360866255e-05 3.127627081832019931e-05 4.310179145673650607e-05
3.000000000000000000e+00 2.500000000000000000e+01 5.000000000000000000e-01 3.431362142916394081e-05 4.619638751363907989e-05 2.101375571966558777e-05 2.791131785133778358e-05
3.000000000000000000e+00 3.000000000000000000e+01 5.000000000000000000e-01 4.594456428155714188e-05 6.411018379690599318e-05 2.767763593113159242e-05 3.842197617066080818e-05
3.000000000000000000e+00 3.500000000000000000e+01 5.000000000000000000e-01 2.652440264040869080e-05 3.761338943880132340e-05 1.834760980694983870e-05 2.634040349538096569e-05
3.000000000000000000e+00 4.000000000000000000e+01 5.000000000000000000e-01 4.417204436480129859e-05 6.363006276095691221e-05 1.966321267142817511e-05 2.837166398884658825e-05
3.000000000000000000e+00 4.500000000000000000e+01 5.000000000000000000e-01 4.376759196525338948e-05 6.055539329522303433e-05 1.086676002438076896e-05 1.429613833510351426e-05
3.000000000000000000e+00 5.000000000000000000e+01 5.000000000000000000e-01 5.196980518888339926e-05 7.188189279164189697e-05 3.356288379841071868e-05 4.378685325525372824e-05
4.000000000000000000e+00 1.000000000000000000e+00 5.000000000000000000e-01 1.843209658681366128e-03 1.957822622193253204e-03 3.413261348770499901e-04 3.295827957665187907e-04
4.000000000000000000e+00 5.000000000000000000e+00 5.000000000000000000e-01 3.980101036565399141e-04 4.565165922819831336e-04 1.872942946702318588e-04 2.265391734742468427e-04
4.000000000000000000e+00 1.000000000000000000e+01 5.000000000000000000e-01 8.074619658512127154e-05 1.044895970005727383e-04 3.384128538912164000e-05 4.141200155227266308e-05
4.000000000000000000e+00 1.500000000000000000e+01 5.000000000000000000e-01 2.650667421447382483e-05 4.068890118114885685e-05 1.315729777469231728e-05 2.107863510802364404e-05
4.000000000000000000e+00 2.000000000000000000e+01 5.000000000000000000e-01 2.351320801153103119e-05 3.734507633258021949e-05 1.130617983420925416e-05 1.831537854471371600e-05
4.000000000000000000e+00 2.500000000000000000e+01 5.000000000000000000e-01 2.966696395744864318e-05 4.388978869465195212e-05 2.144554341890868304e-05 2.996559985126697067e-05
4.000000000000000000e+00 3.000000000000000000e+01 5.000000000000000000e-01 1.828324599095937058e-05 2.854646182267191564e-05 1.464803523490289720e-05 2.217603590108213133e-05
4.000000000000000000e+00 3.500000000000000000e+01 5.000000000000000000e-01 1.732722371391220772e-05 2.870708113943421308e-05 1.085534088223331600e-05 1.963212240061763057e-05
4.000000000000000000e+00 4.000000000000000000e+01 5.000000000000000000e-01 2.896843137001096441e-05 4.694683662133752292e-05 1.282619980221747744e-05 2.103477888327348949e-05
4.000000000000000000e+00 4.500000000000000000e+01 5.000000000000000000e-01 2.896724231995195843e-05 4.543835510265410358e-05 1.776315567305949142e-05 2.794060508296096671e-05
4.000000000000000000e+00 5.000000000000000000e+01 5.000000000000000000e-01 1.682969935142383905e-05 2.649908836294222932e-05 8.641764934040382359e-06 1.369060760880556085e-05
5.000000000000000000e+00 1.000000000000000000e+00 5.000000000000000000e-01 1.727113422375424522e-03 1.837005163171443649e-03 2.837244078185299865e-04 3.266551416529124043e-04
5.000000000000000000e+00 5.000000000000000000e+00 5.000000000000000000e-01 2.278584204066002922e-04 2.725959964522992962e-04 4.890589111136971895e-05 5.538684220542376994e-05
5.000000000000000000e+00 1.000000000000000000e+01 5.000000000000000000e-01 4.175430176897860070e-05 5.764239650543299400e-05 2.437489855521251308e-05 2.903295158540269866e-05
5.000000000000000000e+00 1.500000000000000000e+01 5.000000000000000000e-01 1.821785296891100612e-05 3.004868059966675427e-05 1.276132968043463653e-05 2.032717717735975911e-05
5.000000000000000000e+00 2.000000000000000000e+01 5.000000000000000000e-01 1.058815360801470954e-05 1.913098040157799055e-05 8.158790474948474978e-06 1.670357977073713522e-05
5.000000000000000000e+00 2.500000000000000000e+01 5.000000000000000000e-01 1.278352735820623814e-05 2.131284299340899059e-05 7.740715018318005297e-06 1.109706251402222550e-05
5.000000000000000000e+00 3.000000000000000000e+01 5.000000000000000000e-01 9.676741626428718998e-06 1.717059224587770243e-05 4.651784381636867204e-06 8.019554157148836275e-06
5.000000000000000000e+00 3.500000000000000000e+01 5.000000000000000000e-01 1.369802536470810437e-05 2.484889266523486549e-05 7.842521891773788931e-06 1.348235726676163812e-05
5.000000000000000000e+00 4.000000000000000000e+01 5.000000000000000000e-01 1.180719314310670626e-05 2.076746859971775785e-05 5.450367038159530625e-06 1.008549338809825623e-05
5.000000000000000000e+00 4.500000000000000000e+01 5.000000000000000000e-01 1.175663719255737355e-05 2.146464348983252493e-05 8.758023042331340005e-06 1.698286964797790903e-05
5.000000000000000000e+00 5.000000000000000000e+01 5.000000000000000000e-01 9.468355216268771197e-06 1.671362820315298715e-05 3.964538556152090277e-06 6.944702116220491386e-06
