5.000000000000000000e+00 1.000000000000000000e+00 7.812500000000000000e-03 8.000000000000000000e+00 5.000000000000000000e-01 3.371719856766095536e-01 0.000000000000000000e+00
5.000000000000000000e+00 1.000000000000000000e+00 1.562500000000000000e-02 8.000000000000000000e+00 5.000000000000000000e-01 6.581969078565520770e-02 0.000000000000000000e+00
5.000000000000000000e+00 1.000000000000000000e+00 3.125000000000000000e-02 8.000000000000000000e+00 5.000000000000000000e-01 4.920835910017732316e-03 0.000000000000000000e+00
5.000000000000000000e+00 1.000000000000000000e+00 6.250000000000000000e-02 8.000000000000000000e+00 5.000000000000000000e-01 8.253810196939555838e-06 0.000000000000000000e+00
5.000000000000000000e+00 1.000000000000000000e+00 1.250000000000000000e-01 8.000000000000000000e+00 5.000000000000000000e-01 5.860665881883554264e-12 0.000000000000000000e+00
5.000000000000000000e+00 1.000000000000000000e+00 2.500000000000000000e-01 8.000000000000000000e+00 5.000000000000000000e-01 3.654397936578290142e-16 0.000000000000000000e+00
5.000000000000000000e+00 1.000000000000000000e+00 5.000000000000000000e-01 8.000000000000000000e+00 5.000000000000000000e-01 3.919450303603924814e-16 0.000000000000000000e+00
5.000000000000000000e+00 1.000000000000000000e+00 1.000000000000000000e+00 8.000000000000000000e+00 5.000000000000000000e-01 4.788819004222534352e-16 0.000000000000000000e+00
5.000000000000000000e+00 1.000000000000000000e+00 2.000000000000000000e+00 8.000000000000000000e+00 5.000000000000000000e-01 4.994947325285838749e-16 0.000000000000000000e+00
5.000000000000000000e+00 1.000000000000000000e+00 4.000000000000000000e+00 8.000000000000000000e+00 5.000000000000000000e-01 5.304636615427237766e-16 0.000000000000000000e+00
5.000000000000000000e+00 1.000000000000000000e+00 8.000000000000000000e+00 8.000000000000000000e+00 5.000000000000000000e-01 1.560953912244427741e-15 0.000000000000000000e+00
5.000000000000000000e+00 1.000000000000000000e+00 1.600000000000000000e+01 8.000000000000000000e+00 5.000000000000000000e-01 1.865161535020611199e-15 0.000000000000000000e+00
5.000000000000000000e+00 1.000000000000000000e+00 3.200000000000000000e+01 8.000000000000000000e+00 5.000000000000000000e-01 4.013300382477763869e-15 0.000000000000000000e+00
5.000000000000000000e+00 1.000000000000000000e+00 6.400000000000000000e+01 8.000000000000000000e+00 5.000000000000000000e-01 7.116452193916745178e-15 0.000000000000000000e+00
5.000000000000000000e+00 1.000000000000000000e+00 1.280000000000000000e+02 8.000000000000000000e+00 5.000000000000000000e-01 1.410224678588671883e-14 0.000000000000000000e+00
