5.000000000000000000e+00 1.000000000000000000e+00 7.812500000000000000e-03 4.000000000000000000e+00 5.000000000000000000e-01 8.731804370493503331e-01 0.000000000000000000e+00
5.000000000000000000e+00 1.000000000000000000e+00 1.562500000000000000e-02 4.000000000000000000e+00 5.000000000000000000e-01 3.440294634560761011e-01 0.000000000000000000e+00
5.000000000000000000e+00 1.000000000000000000e+00 3.125000000000000000e-02 4.000000000000000000e+00 5.000000000000000000e-01 7.153016533982664571e-02 0.000000000000000000e+00
5.000000000000000000e+00 1.000000000000000000e+00 6.250000000000000000e-02 4.000000000000000000e+00 5.000000000000000000e-01 5.260833554603617720e-03 0.000000000000000000e+00
5.000000000000000000e+00 1.000000000000000000e+00 1.250000000000000000e-01 4.000000000000000000e+00 5.000000000000000000e-01 7.825736434024852916e-06 0.000000000000000000e+00
5.000000000000000000e+00 1.000000000000000000e+00 2.500000000000000000e-01 4.000000000000000000e+00 5.000000000000000000e-01 5.847877781163751527e-12 0.000000000000000000e+00
5.000000000000000000e+00 1.000000000000000000e+00 5.000000000000000000e-01 4.000000000000000000e+00 5.000000000000000000e-01 4.669892615526661647e-16 0.000000000000000000e+00
5.000000000000000000e+00 1.000000000000000000e+00 1.000000000000000000e+00 4.000000000000000000e+00 5.000000000000000000e-01 3.752870347068920467e-16 0.000000000000000000e+00
5.000000000000000000e+00 1.000000000000000000e+00 2.000000000000000000e+00 4.000000000000000000e+00 5.000000000000000000e-01 4.696167487473157237e-16 0.000000000000000000e+00
5.000000000000000000e+00 1.000000000000000000e+00 4.000000000000000000e+00 4.000000000000000000e+00 5.000000000000000000e-01 4.680440022184348136e-16 0.000000000000000000e+00
5.000000000000000000e+00 1.000000000000000000e+00 8.000000000000000000e+00 4.000000000000000000e+00 5.000000000000000000e-01 5.944163124627262992e-16 0.000000000000000000e+00
5.000000000000000000e+00 1.000000000000000000e+00 1.600000000000000000e+01 4.000000000000000000e+00 5.000000000000000000e-01 1.477958705619292390e-15 0.000000000000000000e+00
5.000000000000000000e+00 1.000000000000000000e+00 3.200000000000000000e+01 4.000000000000000000e+00 5.000000000000000000e-01 1.969293297892916525e-15 0.000000000000000000e+00
5.000000000000000000e+00 1.000000000000000000e+00 6.400000000000000000e+01 4.000000000000000000e+00 5.000000000000000000e-01 4.148358121505587351e-15 0.000000000000000000e+00
5.000000000000000000e+00 1.000000000000000000e+00 1.280000000000000000e+02 4.000000000000000000e+00 5.000000000000000000e-01 7.133418641006785413e-15 0.000000000000000000e+00
