5.000000000000000000e+00 1.000000000000000000e+00 7.812500000000000000e-03 1.000000000000000000e+00 5.000000000000000000e-01 1.654601772930229142e+00 0.000000000000000000e+00
5.000000000000000000e+00 1.000000000000000000e+00 1.562500000000000000e-02 1.000000000000000000e+00 5.000000000000000000e-01 1.474885787066544607e+00 0.000000000000000000e+00
5.000000000000000000e+00 1.000000000000000000e+00 3.125000000000000000e-02 1.000000000000000000e+00 5.000000000000000000e-01 8.767456456881634885e-01 0.000000000000000000e+00
5.000000000000000000e+00 1.000000000000000000e+00 6.250000000000000000e-02 1.000000000000000000e+00 5.000000000000000000e-01 3.458767967655665965e-01 0.000000000000000000e+00
5.000000000000000000e+00 1.000000000000000000e+00 1.250000000000000000e-01 1.000000000000000000e+00 5.000000000000000000e-01 6.986366324154855145e-02 0.000000000000000000e+00
5.000000000000000000e+00 1.000000000000000000e+00 2.500000000000000000e-01 1.000000000000000000e+00 5.000000000000000000e-01 5.138378327274500772e-03 0.000000000000000000e+00
5.000000000000000000e+00 1.000000000000000000e+00 5.000000000000000000e-01 1.000000000000000000e+00 5.000000000000000000e-01 8.321084556952177826e-06 0.000000000000000000e+00
5.000000000000000000e+00 1.000000000000000000e+00 1.000000000000000000e+00 1.000000000000000000e+00 5.000000000000000000e-01 5.493544041127502373e-12 0.000000000000000000e+00
5.000000000000000000e+00 1.000000000000000000e+00 2.000000000000000000e+00 1.000000000000000000e+00 5.000000000000000000e-01 4.572885722721512756e-16 0.000000000000000000e+00
5.000000000000000000e+00 1.000000000000000000e+00 4.000000000000000000e+00 1.000000000000000000e+00 5.000000000000000000e-01 3.964304580891401888e-16 0.000000000000000000e+00
5.000000000000000000e+00 1.000000000000000000e+00 8.000000000000000000e+00 1.000000000000000000e+00 5.000000000000000000e-01 5.250752277893917654e-16 0.000000000000000000e+00
5.000000000000000000e+00 1.000000000000000000e+00 1.600000000000000000e+01 1.000000000000000000e+00 5.000000000000000000e-01 4.646187213137831294e-16 0.000000000000000000e+00
5.000000000000000000e+00 1.000000000000000000e+00 3.200000000000000000e+01 1.000000000000000000e+00 5.000000000000000000e-01 5.868302331130521787e-16 0.000000000000000000e+00
5.000000000000000000e+00 1.000000000000000000e+00 6.400000000000000000e+01 1.000000000000000000e+00 5.000000000000000000e-01 1.496135468267979874e-15 0.000000000000000000e+00
5.000000000000000000e+00 1.000000000000000000e+00 1.280000000000000000e+02 1.000000000000000000e+00 5.000000000000000000e-01 1.955020041317038343e-15 0.000000000000000000e+00
