5.000000000000000000e+00 1.000000000000000000e+00 7.812500000000000000e-03 2.000000000000000000e+00 5.000000000000000000e-01 1.462673199425313042e+00 0.000000000000000000e+00
5.000000000000000000e+00 1.000000000000000000e+00 1.562500000000000000e-02 2.000000000000000000e+00 5.000000000000000000e-01 8.693899651967876840e-01 0.000000000000000000e+00
5.000000000000000000e+00 1.000000000000000000e+00 3.125000000000000000e-02 2.000000000000000000e+00 5.000000000000000000e-01 3.412191496944553259e-01 0.000000000000000000e+00
5.000000000000000000e+00 1.000000000000000000e+00 6.250000000000000000e-02 2.000000000000000000e+00 5.000000000000000000e-01 6.716574923382293005e-02 0.000000000000000000e+00
5.000000000000000000e+00 1.000000000000000000e+00 1.250000000000000000e-01 2.000000000000000000e+00 5.000000000000000000e-01 5.316714276760659691e-03 0.000000000000000000e+00
5.000000000000000000e+00 1.000000000000000000e+00 2.500000000000000000e-01 2.000000000000000000e+00 5.000000000000000000e-01 7.713698607807169957e-06 0.000000000000000000e+00
5.000000000000000000e+00 1.000000000000000000e+00 5.000000000000000000e-01 2.000000000000000000e+00 5.000000000000000000e-01 7.285919442429927179e-12 0.000000000000000000e+00
5.000000000000000000e+00 1.000000000000000000e+00 1.000000000000000000e+00 2.000000000000000000e+00 5.000000000000000000e-01 4.807578063625068955e-16 0.000000000000000000e+00
5.000000000000000000e+00 1.000000000000000000e+00 2.000000000000000000e+00 2.000000000000000000e+00 5.000000000000000000e-01 4.057081111623772596e-16 0.000000000000000000e+00
5.000000000000000000e+00 1.000000000000000000e+00 4.000000000000000000e+00 2.000000000000000000e+00 5.000000000000000000e-01 4.840122692075052420e-16 0.000000000000000000e+00
5.000000000000000000e+00 1.000000000000000000e+00 8.000000000000000000e+00 2.000000000000000000e+00 5.000000000000000000e-01 5.234748928394904428e-16 0.000000000000000000e+00
5.000000000000000000e+00 1.000000000000000000e+00 1.600000000000000000e+01 2.000000000000000000e+00 5.000000000000000000e-01 5.333405429840038391e-16 0.000000000000000000e+00
5.000000000000000000e+00 1.000000000000000000e+00 3.200000000000000000e+01 2.000000000000000000e+00 5.000000000000000000e-01 1.552303667266325723e-15 0.000000000000000000e+00
5.000000000000000000e+00 1.000000000000000000e+00 6.400000000000000000e+01 2.000000000000000000e+00 5.000000000000000000e-01 1.909325468736719559e-15 0.000000000000000000e+00
5.000000000000000000e+00 1.000000000000000000e+00 1.280000000000000000e+02 2.000000000000000000e+00 5.000000000000000000e-01 4.070204101915287031e-15 0.000000000000000000e+00
