5.000000000000000000e+00 1.000000000000000000e+00 7.812500000000000000e-03 6.250000000000000000e-02 5.000000000000000000e-01 2.150302331613291429e+00 0.000000000000000000e+00
5.000000000000000000e+00 1.000000000000000000e+00 1.562500000000000000e-02 6.250000000000000000e-02 5.000000000000000000e-01 1.723192911192332089e+00 0.000000000000000000e+00
5.000000000000000000e+00 1.000000000000000000e+00 3.125000000000000000e-02 6.250000000000000000e-02 5.000000000000000000e-01 2.093595215383549757e+00 0.000000000000000000e+00
5.000000000000000000e+00 1.000000000000000000e+00 6.250000000000000000e-02 6.250000000000000000e-02 5.000000000000000000e-01 1.776136265543780457e+00 0.000000000000000000e+00
5.000000000000000000e+00 1.000000000000000000e+00 1.250000000000000000e-01 6.250000000000000000e-02 5.000000000000000000e-01 1.675345579224247095e+00 0.000000000000000000e+00
5.000000000000000000e+00 1.000000000000000000e+00 2.500000000000000000e-01 6.250000000000000000e-02 5.000000000000000000e-01 1.470955795378492414e+00 0.000000000000000000e+00
5.000000000000000000e+00 1.000000000000000000e+00 5.000000000000000000e-01 6.250000000000000000e-02 5.000000000000000000e-01 8.715770903742220410e-01 0.000000000000000000e+00
5.000000000000000000e+00 1.000000000000000000e+00 1.000000000000000000e+00 6.250000000000000000e-02 5.000000000000000000e-01 3.444134044493373237e-01 0.000000000000000000e+00
5.000000000000000000e+00 1.000000000000000000e+00 2.000000000000000000e+00 6.250000000000000000e-02 5.000000000000000000e-01 7.039495884137826620e-02 0.000000000000000000e+00
5.000000000000000000e+00 1.000000000000000000e+00 4.000000000000000000e+00 6.250000000000000000e-02 5.000000000000000000e-01 5.061644865687871774e-03 0.000000000000000000e+00
5.000000000000000000e+00 1.000000000000000000e+00 8.000000000000000000e+00 6.250000000000000000e-02 5.000000000000000000e-01 8.476295646847428658e-06 0.000000000000000000e+00
5.000000000000000000e+00 1.000000000000000000e+00 1.600000000000000000e+01 6.250000000000000000e-02 5.000000000000000000e-01 5.787909993669194712e-12 0.000000000000000000e+00
5.000000000000000000e+00 1.000000000000000000e+00 3.200000000000000000e+01 6.250000000000000000e-02 5.000000000000000000e-01 4.451240282704303413e-16 0.000000000000000000e+00
5.000000000000000000e+00 1.000000000000000000e+00 6.400000000000000000e+01 6.250000000000000000e-02 5.000000000000000000e-01 3.968213183768852754e-16 0.000000000000000000e+00
5.000000000000000000e+00 1.000000000000000000e+00 1.280000000000000000e+02 6.250000000000000000e-02 5.000000000000000000e-01 5.891890974079349822e-16 0.000000000000000000e+00
