5.000000000000000000e+00 1.000000000000000000e+00 7.812500000000000000e-03 2.500000000000000000e-01 5.000000000000000000e-01 2.100550218243772971e+00 0.000000000000000000e+00
5.000000000000000000e+00 1.000000000000000000e+00 1.562500000000000000e-02 2.500000000000000000e-01 5.000000000000000000e-01 1.774232481531031302e+00 0.000000000000000000e+00
5.000000000000000000e+00 1.000000000000000000e+00 3.125000000000000000e-02 2.500000000000000000e-01 5.000000000000000000e-01 1.661136718135906021e+00 0.000000000000000000e+00
5.000000000000000000e+00 1.000000000000000000e+00 6.250000000000000000e-02 2.500000000000000000e-01 5.000000000000000000e-01 1.474709689350486741e+00 0.000000000000000000e+00
5.000000000000000000e+00 1.000000000000000000e+00 1.250000000000000000e-01 2.500000000000000000e-01 5.000000000000000000e-01 8.786675093897117206e-01 0.000000000000000000e+00
5.000000000000000000e+00 1.000000000000000000e+00 2.500000000000000000e-01 2.500000000000000000e-01 5.000000000000000000e-01 3.461646281773961276e-01 0.000000000000000000e+00
5.000000000000000000e+00 1.000000000000000000e+00 5.000000000000000000e-01 2.500000000000000000e-01 5.000000000000000000e-01 7.043679049874121412e-02 0.000000000000000000e+00
5.000000000000000000e+00 1.000000000000000000e+00 1.000000000000000000e+00 2.500000000000000000e-01 5.000000000000000000e-01 5.241494219458495835e-03 0.000000000000000000e+00
5.000000000000000000e+00 1.000000000000000000e+00 2.000000000000000000e+00 2.500000000000000000e-01 5.000000000000000000e-01 7.599651863613421084e-06 0.000000000000000000e+00
5.000000000000000000e+00 1.000000000000000000e+00 4.000000000000000000e+00 2.500000000000000000e-01 5.000000000000000000e-01 6.118297181340388546e-12 0.000000000000000000e+00
5.000000000000000000e+00 1.000000000000000000e+00 8.000000000000000000e+00 2.500000000000000000e-01 5.000000000000000000e-01 3.756009698956126518e-16 0.000000000000000000e+00
5.000000000000000000e+00 1.000000000000000000e+00 1.600000000000000000e+01 2.500000000000000000e-01 5.000000000000000000e-01 3.715418746076607449e-16 0.000000000000000000e+00
5.000000000000000000e+00 1.000000000000000000e+00 3.200000000000000000e+01 2.500000000000000000e-01 5.000000000000000000e-01 5.919211236807481267e-16 0.000000000000000000e+00
5.000000000000000000e+00 1.000000000000000000e+00 6.400000000000000000e+01 2.500000000000000000e-01 5.000000000000000000e-01 4.845112464070360068e-16 0.000000000000000000e+00
5.000000000000000000e+00 1.000000000000000000e+00 1.280000000000000000e+02 2.500000000000000000e-01 5.000000000000000000e-01 6.211532564051755973e-16 0.000000000000000000e+00
