5.000000000000000000e+00 1.000000000000000000e+00 7.812500000000000000e-03 1.250000000000000000e-01 5.000000000000000000e-01 1.714895546695159423e+00 0.000000000000000000e+00
5.000000000000000000e+00 1.000000000000000000e+00 1.562500000000000000e-02 1.250000000000000000e-01 5.000000000000000000e-01 2.069957657013491659e+00 0.000000000000000000e+00
5.000000000000000000e+00 1.000000000000000000e+00 3.125000000000000000e-02 1.250000000000000000e-01 5.000000000000000000e-01 1.757157337991134494e+00 0.000000000000000000e+00
5.000000000000000000e+00 1.000000000000000000e+00 6.250000000000000000e-02 1.250000000000000000e-01 5.000000000000000000e-01 1.661106755294539772e+00 0.000000000000000000e+00
5.000000000000000000e+00 1.000000000000000000e+00 1.250000000000000000e-01 1.250000000000000000e-01 5.000000000000000000e-01 1.454850438998432471e+00 0.000000000000000000e+00
5.000000000000000000e+00 1.000000000000000000e+00 2.500000000000000000e-01 1.250000000000000000e-01 5.000000000000000000e-01 8.669760626764972944e-01 0.000000000000000000e+00
5.000000000000000000e+00 1.000000000000000000e+00 5.000000000000000000e-01 1.250000000000000000e-01 5.000000000000000000e-01 3.404887377911963720e-01 0.000000000000000000e+00
5.000000000000000000e+00 1.000000000000000000e+00 1.000000000000000000e+00 1.250000000000000000e-01 5.000000000000000000e-01 6.716104075287385178e-02 0.000000000000000000e+00
5.000000000000000000e+00 1.000000000000000000e+00 2.000000000000000000e+00 1.250000000000000000e-01 5.000000000000000000e-01 5.022186585615940821e-03 0.000000000000000000e+00
5.000000000000000000e+00 1.000000000000000000e+00 4.000000000000000000e+00 1.250000000000000000e-01 5.000000000000000000e-01 6.958878894922503873e-06 0.000000000000000000e+00
5.000000000000000000e+00 1.000000000000000000e+00 8.000000000000000000e+00 1.250000000000000000e-01 5.000000000000000000e-01 5.541976445058585942e-12 0.000000000000000000e+00
5.000000000000000000e+00 1.000000000000000000e+00 1.600000000000000000e+01 1.250000000000000000e-01 5.000000000000000000e-01 4.242047038445165918e-16 0.000000000000000000e+00
5.000000000000000000e+00 1.000000000000000000e+00 3.200000000000000000e+01 1.250000000000000000e-01 5.000000000000000000e-01 3.612549987053507097e-16 0.000000000000000000e+00
5.000000000000000000e+00 1.000000000000000000e+00 6.400000000000000000e+01 1.250000000000000000e-01 5.000000000000000000e-01 6.207290680286145104e-16 0.000000000000000000e+00
5.000000000000000000e+00 1.000000000000000000e+00 1.280000000000000000e+02 1.250000000000000000e-01 5.000000000000000000e-01 5.043649142213458484e-16 0.000000000000000000e+00
