1.000000000000000000e+00 6.250000000000000000e-02 2.999999999999999889e-01 6.631966297061307400e-03 7.770415367574804062e-03 4.842266831837823901e-03 6.220378270796684921e-03
1.000000000000000000e+00 1.250000000000000000e-01 2.999999999999999889e-01 2.510039094831622956e-03 2.720947233434693920e-03 6.160222994177777132e-04 7.308325465261382003e-04
1.000000000000000000e+00 2.500000000000000000e-01 2.999999999999999889e-01 2.568391618856687847e-03 3.701007843072069703e-03 3.064930723611350525e-03 5.457360898850839755e-03
1.000000000000000000e+00 5.000000000000000000e-01 2.999999999999999889e-01 6.070946103551202577e-04 6.562418411430986486e-04 5.185843771694846572e-04 5.430875140115122134e-04
1.000000000000000000e+00 1.000000000000000000e+00 2.999999999999999889e-01 8.207933662806784223e-04 8.955805714866904230e-04 4.844882651430853712e-04 4.959266385125447527e-04
1.000000000000000000e+00 2.000000000000000000e+00 2.999999999999999889e-01 1.518881272934687141e-03 1.677369743520167478e-03 5.396688709332332851e-04 5.718784010981697082e-04
1.000000000000000000e+00 4.000000000000000000e+00 2.999999999999999889e-01 1.840184210197614439e-03 2.062040821986936209e-03 5.938603893270257873e-04 6.867484430545399334e-04
1.000000000000000000e+00 8.000000000000000000e+00 2.999999999999999889e-01 2.014014614063734058e-03 2.321591358806600336e-03 4.942214748444123630e-04 5.441790027261564269e-04
1.000000000000000000e+00 1.600000000000000000e+01 2.999999999999999889e-01 1.956947361984879685e-03 2.248360287007971671e-03 4.312599628053692571e-04 4.627560205148526602e-04
1.000000000000000000e+00 3.200000000000000000e+01 2.999999999999999889e-01 1.862062305441114507e-03 2.157650693084879091e-03 2.519307791276136446e-04 3.507750553542972652e-04
1.000000000000000000e+00 6.400000000000000000e+01 2.999999999999999889e-01 1.797943846176923866e-03 2.063110896468791505e-03 4.191480894334785731e-04 4.204748574398491567e-04
1.000000000000000000e+00 1.280000000000000000e+02 2.999999999999999889e-01 1.793584653166071336e-03 2.065206855234305236e-03 5.146026631640180206e-04 5.761265031210277424e-04
1.000000000000000000e+00 2.560000000000000000e+02 2.999999999999999889e-01 2.007848014767187050e-03 2.334017278827299653e-03 3.853694611956167337e-04 4.046720211540733025e-04
1.000000000000000000e+00 5.120000000000000000e+02 2.999999999999999889e-01 1.978386764426542412e-03 2.237251646844500702e-03 4.045583573319348866e-04 4.251345709597947149e-04
1.000000000000000000e+00 1.024000000000000000e+03 2.999999999999999889e-01 1.992886821263052492e-03 2.274956567309634452e-03 3.229714229976015402e-04 3.794217589621971375e-04
2.000000000000000000e+00 6.250000000000000000e-02 2.999999999999999889e-01 1.875372720368717258e-02 4.011753398949784166e-02 3.154843847580370703e-02 8.934400142979599668e-02
2.000000000000000000e+00 1.250000000000000000e-01 2.999999999999999889e-01 2.209024671124108514e-03 2.581566637885839184e-03 5.894729295829897499e-04 7.728387200789284261e-04
2.000000000000000000e+00 2.500000000000000000e-01 2.999999999999999889e-01 9.668854880175413186e-04 1.036721923313043640e-03 1.085769827465987377e-04 1.428167218284197727e-04
2.000000000000000000e+00 5.000000000000000000e-01 2.999999999999999889e-01 1.404854434410350117e-04 1.626427196505550552e-04 3.024139436876435380e-05 3.564072820446942587e-05
2.000000000000000000e+00 1.000000000000000000e+00 2.999999999999999889e-01 1.488058644003672386e-04 1.832661701449461906e-04 5.795438646437005547e-05 8.138986737157133909e-05
2.000000000000000000e+00 2.000000000000000000e+00 2.999999999999999889e-01 3.279172671599946999e-04 4.330909557631532070e-04 1.854832676576878287e-04 2.565818754839964714e-04
2.000000000000000000e+00 4.000000000000000000e+00 2.999999999999999889e-01 3.643304338684964176e-04 4.946491190907717495e-04 1.903299741200230755e-04 2.900310317381928050e-04
2.000000000000000000e+00 8.000000000000000000e+00 2.999999999999999889e-01 4.409927095322852160e-04 5.992454509346890976e-04 2.401160050791081304e-04 3.205545538368596414e-04
2.000000000000000000e+00 1.600000000000000000e+01 2.999999999999999889e-01 5.069595325335751485e-04 6.779406398007166695e-04 2.808847743758143565e-04 3.689479170043334730e-04
2.000000000000000000e+00 3.200000000000000000e+01 2.999999999999999889e-01 6.094878065459964677e-04 8.029444747046377831e-04 2.366116439094339261e-04 3.061576497722937940e-04
2.000000000000000000e+00 6.400000000000000000e+01 2.999999999999999889e-01 6.010473346128368489e-04 8.147249963418081711e-04 2.518236002396413340e-04 3.399285933830878664e-04
2.000000000000000000e+00 1.280000000000000000e+02 2.999999999999999889e-01 6.133262704961416284e-04 7.799139800456864492e-04 1.766235824611459037e-04 2.301354793323992574e-04
2.000000000000000000e+00 2.560000000000000000e+02 2.999999999999999889e-01 6.010990025719692344e-04 7.875525848634278275e-04 1.999950796706328148e-04 2.661392455187382958e-04
2.000000000000000000e+00 5.120000000000000000e+02 2.999999999999999889e-01 5.969404416216271938e-04 8.107276571047558264e-04 9.514384807035602704e-05 1.378031138138712864e-04
2.000000000000000000e+00 1.024000000000000000e+03 2.999999999999999889e-01 6.833518323742599149e-04 9.213561837283591521e-04 1.278669939957789410e-04 1.832348297625223377e-04
3.000000000000000000e+00 6.250000000000000000e-02 2.999999999999999889e-01 2.254938273286148931e+00 7.087594861385698941e+00 3.689006655869547124e+00 1.346728135885229172e+01
3.000000000000000000e+00 1.250000000000000000e-01 2.999999999999999889e-01 1.048357893654585371e-01 1.396264067438900414e+00 3.043084539186186044e-01 4.173559262417779081e+00
3.000000000000000000e+00 2.500000000000000000e-01 2.999999999999999889e-01 1.218853546114931699e-03 1.608476094655283571e-03 8.946060527596427303e-04 1.772668082227348441e-03
3.000000000000000000e+00 5.000000000000000000e-01 2.999999999999999889e-01 1.046395699585853047e-04 1.277163643411308278e-04 2.309946924332556559e-05 3.160034704101251357e-05
3.000000000000000000e+00 1.000000000000000000e+00 2.999999999999999889e-01 5.444334588596173863e-05 7.128047430245863173e-05 2.008751497713400820e-05 2.781149907620945183e-05
3.000000000000000000e+00 2.000000000000000000e+00 2.999999999999999889e-01 8.038232561754362021e-05 1.194759161506973963e-04 4.484454651742902210e-05 6.947743466634198118e-05
3.000000000000000000e+00 4.000000000000000000e+00 2.999999999999999889e-01 1.232200820550243719e-04 1.839363077130406446e-04 8.239470343978081465e-05 1.237728968249587717e-04
3.000000000000000000e+00 8.000000000000000000e+00 2.999999999999999889e-01 1.462630242199390075e-04 2.237462597399928420e-04 8.879954345258729499e-05 1.344739040838916519e-04
3.000000000000000000e+00 1.600000000000000000e+01 2.999999999999999889e-01 1.771531920784790608e-04 2.785112789896798864e-04 7.959740653125272974e-05 1.288693157296465718e-04
3.000000000000000000e+00 3.200000000000000000e+01 2.999999999999999889e-01 2.068809400918235309e-04 3.525286209666533789e-04 1.059355418995540056e-04 2.111740450932219975e-04
3.000000000000000000e+00 6.400000000000000000e+01 2.999999999999999889e-01 2.066509772393885949e-04 3.249666587508815807e-04 8.436514654775361039e-05 1.331192533676189154e-04
3.000000000000000000e+00 1.280000000000000000e+02 2.999999999999999889e-01 2.172986767274418169e-04 3.420402862179210525e-04 7.720929299541887353e-05 1.144832383572192785e-04
3.000000000000000000e+00 2.560000000000000000e+02 2.999999999999999889e-01 2.439014347843923623e-04 3.620912701856627831e-04 9.422597074606907299e-05 1.394373032610224004e-04
3.000000000000000000e+00 5.120000000000000000e+02 2.999999999999999889e-01 2.523272004504662825e-04 3.949874776215187423e-04 7.942927091575949965e-05 1.333107147561192907e-04
3.000000000000000000e+00 1.024000000000000000e+03 2.999999999999999889e-01 2.455616757229313741e-04 3.955468152272279382e-04 5.690971269138160479e-05 9.312695437451298721e-05
4.000000000000000000e+00 6.250000000000000000e-02 2.999999999999999889e-01 2.058695533148334200e-01 1.469761482503566974e+00 2.518692600331381426e-01 2.409407645704273904e+00
4.000000000000000000e+00 1.250000000000000000e-01 2.999999999999999889e-01 1.335785067571956808e-01 2.202361709839231629e+00 3.260292957000377467e-01 6.438578685728029605e+00
4.000000000000000000e+00 2.500000000000000000e-01 2.999999999999999889e-01 1.440324296579281087e-03 2.117539017814073880e-03 1.274805807390396459e-03 2.437766636927804400e-03
4.000000000000000000e+00 5.000000000000000000e-01 2.999999999999999889e-01 1.525823108787864558e-04 2.739425159636149870e-04 2.665584646328981468e-04 5.733471380072759473e-04
4.000000000000000000e+00 1.000000000000000000e+00 2.999999999999999889e-01 3.574013450110395966e-05 5.175649936041948047e-05 1.160205699770481783e-05 1.468255924361914583e-05
4.000000000000000000e+00 2.000000000000000000e+00 2.999999999999999889e-01 6.670753359298058831e-05 1.187985601839596677e-04 2.728967117048308155e-05 5.435020944953951257e-05
4.000000000000000000e+00 4.000000000000000000e+00 2.999999999999999889e-01 1.014264642593159149e-04 1.856717875826110174e-04 4.153054375155401364e-05 8.272131140632975538e-05
4.000000000000000000e+00 8.000000000000000000e+00 2.999999999999999889e-01 1.121107677844362574e-04 2.127942425191111666e-04 4.306025135814041518e-05 8.685188883540139750e-05
4.000000000000000000e+00 1.600000000000000000e+01 2.999999999999999889e-01 1.223501554892469857e-04 2.251346224847348087e-04 5.194748420493844912e-05 1.098928690614611660e-04
4.000000000000000000e+00 3.200000000000000000e+01 2.999999999999999889e-01 1.291396756652132165e-04 2.478185237484503353e-04 4.608900270562293547e-05 1.045917363798683528e-04
4.000000000000000000e+00 6.400000000000000000e+01 2.999999999999999889e-01 1.441268702000213708e-04 2.792259586896633783e-04 4.299578543896485520e-05 8.944978437714497211e-05
4.000000000000000000e+00 1.280000000000000000e+02 2.999999999999999889e-01 1.499002757856839063e-04 2.792317044731244856e-04 4.277565902698845406e-05 8.732956122579582062e-05
4.000000000000000000e+00 2.560000000000000000e+02 2.999999999999999889e-01 1.375694184134892777e-04 2.535466726690656326e-04 4.356196933833004744e-05 8.340985028217732275e-05
4.000000000000000000e+00 5.120000000000000000e+02 2.999999999999999889e-01 1.463358393956245825e-04 2.719874853648904874e-04 3.571997645172554853e-05 6.367655329117283833e-05
4.000000000000000000e+00 1.024000000000000000e+03 2.999999999999999889e-01 1.488891843507129757e-04 2.763277852853257923e-04 3.206042774297281794e-05 5.942648543428373617e-05
5.000000000000000000e+00 6.250000000000000000e-02 2.999999999999999889e-01 1.275677104703101694e+00 8.032955217862424391e+00 3.152537766111348283e+00 2.279317172378767964e+01
5.000000000000000000e+00 1.250000000000000000e-01 2.999999999999999889e-01 2.292769509790991145e-01 1.844265483771338809e+00 5.409967533010261453e-01 5.188662820192784686e+00
5.000000000000000000e+00 2.500000000000000000e-01 2.999999999999999889e-01 2.588523602428603222e-03 5.863589449094931162e-03 4.282236007953869363e-03 1.075076739656830038e-02
5.000000000000000000e+00 5.000000000000000000e-01 2.999999999999999889e-01 6.353303520733836346e-05 7.974178574942985750e-05 4.022094004127493551e-05 4.143959171612107538e-05
5.000000000000000000e+00 1.000000000000000000e+00 2.999999999999999889e-01 1.586998887796838554e-05 2.425392291288562386e-05 7.073369355059461519e-06 9.583775126788932649e-06
5.000000000000000000e+00 2.000000000000000000e+00 2.999999999999999889e-01 1.798494966158396230e-05 3.352902351171702501e-05 9.713917264829245488e-06 1.965264460772694847e-05
5.000000000000000000e+00 4.000000000000000000e+00 2.999999999999999889e-01 2.898473815654738700e-05 5.673208303679579427e-05 1.996472543263121951e-05 3.941479458822465032e-05
5.000000000000000000e+00 8.000000000000000000e+00 2.999999999999999889e-01 3.837180254017185987e-05 8.212392870605558022e-05 2.472209953186273705e-05 5.644743053587817207e-05
5.000000000000000000e+00 1.600000000000000000e+01 2.999999999999999889e-01 4.833880447381500072e-05 1.059802052520502854e-04 4.194447062169882136e-05 9.808568849036203253e-05
5.000000000000000000e+00 3.200000000000000000e+01 2.999999999999999889e-01 5.070622580766501837e-05 1.042277240467034017e-04 2.555757445328947464e-05 5.379758661161795073e-05
5.000000000000000000e+00 6.400000000000000000e+01 2.999999999999999889e-01 6.788093250293667825e-05 1.437014087531180079e-04 3.187643720022933895e-05 7.215070679600295604e-05
5.000000000000000000e+00 1.280000000000000000e+02 2.999999999999999889e-01 7.171082094527973566e-05 1.600126804457647415e-04 2.814879150926428801e-05 6.182137915238094931e-05
5.000000000000000000e+00 2.560000000000000000e+02 2.999999999999999889e-01 6.971546444943442999e-05 1.517073343551760900e-04 2.150427061183930239e-05 4.638924469476855638e-05
5.000000000000000000e+00 5.120000000000000000e+02 2.999999999999999889e-01 6.646878092015808925e-05 1.382154866779461975e-04 2.163773240714521605e-05 4.449697972432640152e-05
5.000000000000000000e+00 1.024000000000000000e+03 2.999999999999999889e-01 6.611235535190606975e-05 1.446545810079395689e-04 2.154254560852738416e-05 4.971417545182519980e-05
