1.000000000000000000e+00 6.250000000000000000e-02 0.000000000000000000e+00 8.333164026479506631e-03 1.179095386285284285e-02 5.511312927506771889e-03 9.299658545542233493e-03
1.000000000000000000e+00 1.250000000000000000e-01 0.000000000000000000e+00 1.784030522319554612e-02 4.600741528675909159e-02 4.555758313322292447e-02 1.296741909441368190e-01
1.000000000000000000e+00 2.500000000000000000e-01 0.000000000000000000e+00 1.449820055653737796e-03 1.512086624776259967e-03 4.432866788279531968e-04 4.828141486190582789e-04
1.000000000000000000e+00 5.000000000000000000e-01 0.000000000000000000e+00 4.708249812061169573e-04 5.080431141911454862e-04 2.825978827683823646e-04 2.934606463815701209e-04
1.000000000000000000e+00 1.000000000000000000e+00 0.000000000000000000e+00 6.317393192441689460e-04 7.027252687478706015e-04 3.922107983956356152e-04 4.263937348928030328e-04
1.000000000000000000e+00 2.000000000000000000e+00 0.000000000000000000e+00 1.343850526919011844e-03 1.490749277806608427e-03 9.940464191806261396e-04 1.092130769122878200e-03
1.000000000000000000e+00 4.000000000000000000e+00 0.000000000000000000e+00 1.629494753401029925e-03 1.867697524633711668e-03 9.012490340039364025e-04 1.011858972868890510e-03
1.000000000000000000e+00 8.000000000000000000e+00 0.000000000000000000e+00 1.607823702713633354e-03 1.794172741001921409e-03 8.169714329013719710e-04 9.033622518393208834e-04
1.000000000000000000e+00 1.600000000000000000e+01 0.000000000000000000e+00 1.486503325233839556e-03 1.654753206767196590e-03 7.577235284837959732e-04 8.307712908275166966e-04
1.000000000000000000e+00 3.200000000000000000e+01 0.000000000000000000e+00 1.891887994521320197e-03 2.089972658111204258e-03 5.659379164130635704e-04 5.816684535782971292e-04
1.000000000000000000e+00 6.400000000000000000e+01 0.000000000000000000e+00 2.016486011742624727e-03 2.199554115845534820e-03 5.403420553323990067e-04 5.931876752862582378e-04
1.000000000000000000e+00 1.280000000000000000e+02 0.000000000000000000e+00 1.896210946082264783e-03 2.027844879326281928e-03 3.246008320255485313e-04 3.511258251294249472e-04
1.000000000000000000e+00 2.560000000000000000e+02 0.000000000000000000e+00 2.147360602991294984e-03 2.312092337045349062e-03 3.760625725715651172e-04 3.927975490337574363e-04
1.000000000000000000e+00 5.120000000000000000e+02 0.000000000000000000e+00 2.115369419649611692e-03 2.335814800949252527e-03 3.786390014117131989e-04 4.072857014708250174e-04
1.000000000000000000e+00 1.024000000000000000e+03 0.000000000000000000e+00 2.338164323545906861e-03 2.574847712521274520e-03 2.584269450065413039e-04 2.040361478121319693e-04
2.000000000000000000e+00 6.250000000000000000e-02 0.000000000000000000e+00 1.227252145791880682e-02 1.927091501031182735e-02 1.018648435385309178e-02 1.690127577666520123e-02
2.000000000000000000e+00 1.250000000000000000e-01 0.000000000000000000e+00 6.003145646394043855e-03 1.180463269844846119e-02 5.129365496590628307e-03 1.487468112478853959e-02
2.000000000000000000e+00 2.500000000000000000e-01 0.000000000000000000e+00 1.156468290228488283e-03 1.353825296495745397e-03 2.771400286458090248e-04 4.872334242985284971e-04
2.000000000000000000e+00 5.000000000000000000e-01 0.000000000000000000e+00 1.659668315607864869e-04 2.100958670969140863e-04 3.238450783133545538e-05 7.419808970964507757e-05
2.000000000000000000e+00 1.000000000000000000e+00 0.000000000000000000e+00 2.015057091223384480e-04 2.549463235094889270e-04 7.925538769792703849e-05 9.425992039371343975e-05
2.000000000000000000e+00 2.000000000000000000e+00 0.000000000000000000e+00 4.248086861123682436e-04 5.555194845664310124e-04 2.282590002242411962e-04 2.993560390555150864e-04
2.000000000000000000e+00 4.000000000000000000e+00 0.000000000000000000e+00 8.633873624565222265e-04 1.091934702032544861e-03 3.409755133421520242e-04 4.159302628657258875e-04
2.000000000000000000e+00 8.000000000000000000e+00 0.000000000000000000e+00 8.844482521707058929e-04 1.143340372163970716e-03 4.552700946683919101e-04 5.640918579764111259e-04
2.000000000000000000e+00 1.600000000000000000e+01 0.000000000000000000e+00 9.256718423292425784e-04 1.179064342703309374e-03 4.294756089684858983e-04 5.043075519854755108e-04
2.000000000000000000e+00 3.200000000000000000e+01 0.000000000000000000e+00 1.002430308809980092e-03 1.249424253331518587e-03 4.096491802174573251e-04 4.928981381864595314e-04
2.000000000000000000e+00 6.400000000000000000e+01 0.000000000000000000e+00 1.044037767017525929e-03 1.381325262344367888e-03 4.682283189612774241e-04 6.212841922914163475e-04
2.000000000000000000e+00 1.280000000000000000e+02 0.000000000000000000e+00 1.129913892554983233e-03 1.420461165949589389e-03 3.860411603232903957e-04 4.973046803267276326e-04
2.000000000000000000e+00 2.560000000000000000e+02 0.000000000000000000e+00 1.284473872646594694e-03 1.618219125949652351e-03 3.496963280861615717e-04 3.543150388274021343e-04
2.000000000000000000e+00 5.120000000000000000e+02 0.000000000000000000e+00 1.237237077656920146e-03 1.553833949604715081e-03 2.556151807364732574e-04 2.989606718725481812e-04
2.000000000000000000e+00 1.024000000000000000e+03 0.000000000000000000e+00 1.363964465566841868e-03 1.666353411943458486e-03 3.372406350986685238e-04 3.602441833382322525e-04
3.000000000000000000e+00 6.250000000000000000e-02 0.000000000000000000e+00 3.331644020260398631e-01 4.165962867172117612e+00 8.818567339945764250e-01 1.228496305137535316e+01
3.000000000000000000e+00 1.250000000000000000e-01 0.000000000000000000e+00 1.329633220929450112e-02 2.812950189468873055e-02 1.541815315841173206e-02 3.620067408636653411e-02
3.000000000000000000e+00 2.500000000000000000e-01 0.000000000000000000e+00 1.411954573953585817e-03 2.375558605014480192e-03 6.561075806631927248e-04 1.916109611659331949e-03
3.000000000000000000e+00 5.000000000000000000e-01 0.000000000000000000e+00 1.608169810771576237e-04 2.425610289259378413e-04 1.043403547887865188e-04 2.098334493033695289e-04
3.000000000000000000e+00 1.000000000000000000e+00 0.000000000000000000e+00 8.523871447073592370e-05 1.185681725597903031e-04 3.705537686877007460e-05 4.953195625290403358e-05
3.000000000000000000e+00 2.000000000000000000e+00 0.000000000000000000e+00 2.108249979451325899e-04 3.250671033296397765e-04 2.212917084157340936e-04 3.482916625283867832e-04
3.000000000000000000e+00 4.000000000000000000e+00 0.000000000000000000e+00 2.856037795403419417e-04 4.290234923937554369e-04 2.181676578005567143e-04 3.235682938336331411e-04
3.000000000000000000e+00 8.000000000000000000e+00 0.000000000000000000e+00 4.213569660828016565e-04 6.233440698465898431e-04 2.630021889779806982e-04 3.728943623690712437e-04
3.000000000000000000e+00 1.600000000000000000e+01 0.000000000000000000e+00 4.577149165830716104e-04 7.123950033349879920e-04 1.677158681212149993e-04 2.448241618142948050e-04
3.000000000000000000e+00 3.200000000000000000e+01 0.000000000000000000e+00 5.495152084567173686e-04 8.711694365001328936e-04 2.348999348251586366e-04 3.779118324559541933e-04
3.000000000000000000e+00 6.400000000000000000e+01 0.000000000000000000e+00 6.252552919966570134e-04 9.232548265291042533e-04 3.354844988630436902e-04 4.521758336477552922e-04
3.000000000000000000e+00 1.280000000000000000e+02 0.000000000000000000e+00 5.548353744308157217e-04 8.334693504433096645e-04 1.908646205701194421e-04 2.726092341625477962e-04
3.000000000000000000e+00 2.560000000000000000e+02 0.000000000000000000e+00 6.504917073475579171e-04 9.676968072545102939e-04 2.482845351272561837e-04 3.714245701757288155e-04
3.000000000000000000e+00 5.120000000000000000e+02 0.000000000000000000e+00 7.544482831806870269e-04 1.135998470603609943e-03 2.366219781164624549e-04 3.541975689027129673e-04
3.000000000000000000e+00 1.024000000000000000e+03 0.000000000000000000e+00 7.355718767481502851e-04 1.137781258740480899e-03 1.852161370363435188e-04 2.813286615271154900e-04
4.000000000000000000e+00 6.250000000000000000e-02 0.000000000000000000e+00 3.630149776321291988e+00 2.526992570002881244e+00 6.106719115899353234e+00 3.818710636563941385e+00
4.000000000000000000e+00 1.250000000000000000e-01 0.000000000000000000e+00 2.158794178028218200e-02 4.080817805523625358e-02 4.034517552280322134e-02 8.049031111662199867e-02
4.000000000000000000e+00 2.500000000000000000e-01 0.000000000000000000e+00 1.121236127694315039e-03 1.625393633755376020e-03 4.481680449053495490e-04 9.058085662114144770e-04
4.000000000000000000e+00 5.000000000000000000e-01 0.000000000000000000e+00 8.439482310957059305e-05 1.170021834684714559e-04 2.636912204718298253e-05 3.175289220732827852e-05
4.000000000000000000e+00 1.000000000000000000e+00 0.000000000000000000e+00 5.440980918449461794e-05 8.475885236593653040e-05 2.210326400352529401e-05 3.879758761535961106e-05
4.000000000000000000e+00 2.000000000000000000e+00 0.000000000000000000e+00 1.199326869104881964e-04 2.079591479718537834e-04 9.091897397402937044e-05 1.702031955352688677e-04
4.000000000000000000e+00 4.000000000000000000e+00 0.000000000000000000e+00 1.908373280262083715e-04 3.494702690705901900e-04 1.487887366860590104e-04 2.784726275036714604e-04
4.000000000000000000e+00 8.000000000000000000e+00 0.000000000000000000e+00 2.590673432420048921e-04 4.678665750269331292e-04 1.559167588834594665e-04 2.860429707842550903e-04
4.000000000000000000e+00 1.600000000000000000e+01 0.000000000000000000e+00 2.627694872955312283e-04 4.667314941177977991e-04 1.672591155072256704e-04 2.945309741508977930e-04
4.000000000000000000e+00 3.200000000000000000e+01 0.000000000000000000e+00 3.100562643711035279e-04 5.826388535420756829e-04 1.459585554467210215e-04 2.888402996417977083e-04
4.000000000000000000e+00 6.400000000000000000e+01 0.000000000000000000e+00 2.762664789733875912e-04 5.120168970955597419e-04 1.058566347995673336e-04 2.309172181209422320e-04
4.000000000000000000e+00 1.280000000000000000e+02 0.000000000000000000e+00 4.353085886269321631e-04 7.742146067078505825e-04 1.286503279606976446e-04 2.382986720776412754e-04
4.000000000000000000e+00 2.560000000000000000e+02 0.000000000000000000e+00 3.815880422403148493e-04 7.041769150615288710e-04 7.237200660226330965e-05 1.481062439487038291e-04
4.000000000000000000e+00 5.120000000000000000e+02 0.000000000000000000e+00 3.329898148526856043e-04 6.258518588793512884e-04 8.278212902409813557e-05 1.539956881065768777e-04
4.000000000000000000e+00 1.024000000000000000e+03 0.000000000000000000e+00 3.680157092569203044e-04 6.619209878282278315e-04 6.780749990608889220e-05 1.247247472581445432e-04
5.000000000000000000e+00 6.250000000000000000e-02 0.000000000000000000e+00 1.055961169159215896e+00 5.349715098560104964e-01 2.899615399001229665e+00 9.807229562781669685e-01
5.000000000000000000e+00 1.250000000000000000e-01 0.000000000000000000e+00 4.905361598281665070e-01 1.025604403195276237e+00 1.350812317132496165e+00 2.748560200412913268e+00
5.000000000000000000e+00 2.500000000000000000e-01 0.000000000000000000e+00 1.217732857078435583e-03 1.960981681566743677e-03 4.349907195274791642e-04 1.051336381372034150e-03
5.000000000000000000e+00 5.000000000000000000e-01 0.000000000000000000e+00 6.414011994433459467e-05 9.181738212773199611e-05 2.624144984748763782e-05 3.712225679796611242e-05
5.000000000000000000e+00 1.000000000000000000e+00 0.000000000000000000e+00 3.544198333338908211e-05 6.509570976528911666e-05 1.931991948767215490e-05 4.348870782946337823e-05
5.000000000000000000e+00 2.000000000000000000e+00 0.000000000000000000e+00 5.193523425648008233e-05 1.018504897695726990e-04 4.424868971086993303e-05 8.914955205027875064e-05
5.000000000000000000e+00 4.000000000000000000e+00 0.000000000000000000e+00 8.919308317194830330e-05 1.813300799806377814e-04 7.159124732775208242e-05 1.476336647964070659e-04
5.000000000000000000e+00 8.000000000000000000e+00 0.000000000000000000e+00 1.078875476164899340e-04 2.383245565548374172e-04 4.618013071379257480e-05 1.185905745971980432e-04
5.000000000000000000e+00 1.600000000000000000e+01 0.000000000000000000e+00 1.422572455670455564e-04 2.919864625593850474e-04 6.657453944128998043e-05 1.312999132792170404e-04
5.000000000000000000e+00 3.200000000000000000e+01 0.000000000000000000e+00 1.832390674557796758e-04 4.059104669684791790e-04 8.270114787634107525e-05 1.870170258315718417e-04
5.000000000000000000e+00 6.400000000000000000e+01 0.000000000000000000e+00 1.863409616835204233e-04 4.079050200084910309e-04 9.840247407475308423e-05 2.205258148603990800e-04
5.000000000000000000e+00 1.280000000000000000e+02 0.000000000000000000e+00 1.790893213416875588e-04 3.744446696943432018e-04 9.619533961751452718e-05 2.096825865652299432e-04
5.000000000000000000e+00 2.560000000000000000e+02 0.000000000000000000e+00 1.990950022332773554e-04 4.188065734067645358e-04 7.843063787752982852e-05 1.594142003268857785e-04
5.000000000000000000e+00 5.120000000000000000e+02 0.000000000000000000e+00 2.118499404161499657e-04 4.679335466598238740e-04 6.201533864349205449e-05 1.431362456999617661e-04
5.000000000000000000e+00 1.024000000000000000e+03 0.000000000000000000e+00 2.374186926161176803e-04 5.145468716976859874e-04 4.756512638817455326e-05 1.081793757540815181e-04
