1.000000000000000000e+00 6.250000000000000000e-02 5.000000000000000000e-01 6.172056766338275546e-02 2.097811946111848846e-01 1.712402907502542371e-01 6.133140549698733457e-01
1.000000000000000000e+00 1.250000000000000000e-01 5.000000000000000000e-01 6.614704588308262245e-03 9.896557834231919926e-03 9.231384489069800747e-03 1.524256957960996167e-02
1.000000000000000000e+00 2.500000000000000000e-01 5.000000000000000000e-01 1.335428570764479999e-03 1.429120921070396255e-03 2.845855622550210926e-04 3.146945806776757764e-04
1.000000000000000000e+00 5.000000000000000000e-01 5.000000000000000000e-01 3.990629548227088495e-04 4.612706654855771335e-04 1.206132867929692748e-04 1.397979639383362864e-04
1.000000000000000000e+00 1.000000000000000000e+00 5.000000000000000000e-01 8.673344404209546842e-04 1.013817116807080258e-03 6.299811230302797011e-04 7.402959831544102861e-04
1.000000000000000000e+00 2.000000000000000000e+00 5.000000000000000000e-01 1.625395543567052879e-03 2.019243942823647272e-03 7.749953265550810471e-04 9.620850950822566316e-04
1.000000000000000000e+00 4.000000000000000000e+00 5.000000000000000000e-01 1.842963013838493699e-03 2.261737975370808635e-03 5.792013085697167614e-04 6.878335992364655689e-04
1.000000000000000000e+00 8.000000000000000000e+00 5.000000000000000000e-01 1.981053526828989702e-03 2.433754221542511545e-03 4.708912089484709133e-04 5.846704019559182276e-04
1.000000000000000000e+00 1.600000000000000000e+01 5.000000000000000000e-01 2.064314930587827536e-03 2.610386829529917976e-03 4.153221693301466710e-04 4.383089965441834285e-04
1.000000000000000000e+00 3.200000000000000000e+01 5.000000000000000000e-01 2.051489376902550926e-03 2.537934399859580279e-03 2.286377732287536355e-04 2.754598364776771969e-04
1.000000000000000000e+00 6.400000000000000000e+01 5.000000000000000000e-01 1.983816498198230725e-03 2.495612218522616152e-03 2.635403268473987429e-04 3.157532292279733514e-04
1.000000000000000000e+00 1.280000000000000000e+02 5.000000000000000000e-01 2.084074618705367317e-03 2.597053199488253816e-03 2.326646157306435487e-04 1.981944094353651489e-04
1.000000000000000000e+00 2.560000000000000000e+02 5.000000000000000000e-01 2.051268283076096606e-03 2.515078883916039339e-03 3.078868992383984246e-04 3.575020429732665944e-04
1.000000000000000000e+00 5.120000000000000000e+02 5.000000000000000000e-01 2.055154522798305523e-03 2.555714366549805428e-03 2.596989864578248689e-04 3.506360068687042089e-04
1.000000000000000000e+00 1.024000000000000000e+03 5.000000000000000000e-01 2.067065913101048640e-03 2.525629510156343540e-03 2.373812935507314077e-04 2.909890986688896432e-04
2.000000000000000000e+00 6.250000000000000000e-02 5.000000000000000000e-01 7.466718233912802982e-03 1.337591995754375263e-02 7.324388893475712939e-03 1.586652536735328953e-02
2.000000000000000000e+00 1.250000000000000000e-01 5.000000000000000000e-01 1.883652707483115044e-03 2.178894178373402650e-03 2.796135719761999724e-04 3.433549804963235974e-04
2.000000000000000000e+00 2.500000000000000000e-01 5.000000000000000000e-01 9.669531592006834486e-04 1.058005318050005920e-03 1.762977977028879124e-04 1.881154918248256953e-04
2.000000000000000000e+00 5.000000000000000000e-01 5.000000000000000000e-01 1.908985172942213480e-04 2.274302006625090794e-04 1.240492013889406167e-04 1.444873035967685212e-04
2.000000000000000000e+00 1.000000000000000000e+00 5.000000000000000000e-01 1.193419883564087543e-04 1.604675825239332992e-04 7.239702833763291792e-05 1.016723934525533729e-04
2.000000000000000000e+00 2.000000000000000000e+00 5.000000000000000000e-01 1.688581858897005255e-04 2.265858926698438461e-04 1.179032825492977871e-04 1.572843728639839042e-04
2.000000000000000000e+00 4.000000000000000000e+00 5.000000000000000000e-01 1.995196078719882579e-04 2.695188157382409568e-04 1.138202278039176477e-04 1.538586656181250331e-04
2.000000000000000000e+00 8.000000000000000000e+00 5.000000000000000000e-01 2.076296184357879322e-04 2.770906730005096149e-04 6.779826725881240180e-05 8.743289515774079162e-05
2.000000000000000000e+00 1.600000000000000000e+01 5.000000000000000000e-01 2.918142242498535446e-04 4.047952525691932103e-04 6.221581374980329944e-05 9.035568700864509339e-05
2.000000000000000000e+00 3.200000000000000000e+01 5.000000000000000000e-01 3.262707175627618458e-04 4.514705581253268649e-04 7.130272527939287501e-05 1.052534788188380031e-04
2.000000000000000000e+00 6.400000000000000000e+01 5.000000000000000000e-01 3.268464707123266955e-04 4.356651199876283506e-04 7.783400769271591737e-05 1.086743304562829803e-04
2.000000000000000000e+00 1.280000000000000000e+02 5.000000000000000000e-01 3.063976213203174889e-04 4.294518413634014942e-04 6.441162557185475172e-05 9.167985201439054588e-05
2.000000000000000000e+00 2.560000000000000000e+02 5.000000000000000000e-01 3.110566641004958253e-04 4.423980657196878723e-04 5.349961210560923814e-05 7.465688417592733668e-05
2.000000000000000000e+00 5.120000000000000000e+02 5.000000000000000000e-01 3.300772449450242426e-04 4.550327038460079692e-04 8.019067685814828162e-05 1.043777418566802060e-04
2.000000000000000000e+00 1.024000000000000000e+03 5.000000000000000000e-01 3.452790517046215807e-04 4.741033798993012777e-04 1.002405664178399476e-04 1.191386160721752050e-04
3.000000000000000000e+00 6.250000000000000000e-02 5.000000000000000000e-01 1.159274198002297612e-01 7.405489579709100267e-01 2.087631413024164106e-01 1.416425843691587305e+00
3.000000000000000000e+00 1.250000000000000000e-01 5.000000000000000000e-01 3.889732149136420573e-03 6.168305333089347565e-03 3.367337793481566671e-03 6.726694253795201077e-03
3.000000000000000000e+00 2.500000000000000000e-01 5.000000000000000000e-01 5.346034828380155646e-03 1.184131462812352056e-02 1.332448038681683690e-02 3.244855618738654024e-02
3.000000000000000000e+00 5.000000000000000000e-01 5.000000000000000000e-01 1.018539458538435466e-04 1.294755265849981162e-04 4.521515362411592393e-05 5.541372534136793473e-05
3.000000000000000000e+00 1.000000000000000000e+00 5.000000000000000000e-01 6.099821195883325112e-05 8.599587050872653700e-05 3.131331774500811712e-05 4.174627025977829814e-05
3.000000000000000000e+00 2.000000000000000000e+00 5.000000000000000000e-01 6.354497929839008816e-05 9.848423442234141643e-05 3.643968273723069092e-05 5.858416567628627530e-05
3.000000000000000000e+00 4.000000000000000000e+00 5.000000000000000000e-01 7.846326546467752706e-05 1.215682820552429843e-04 2.926160226255886162e-05 4.412694477197482313e-05
3.000000000000000000e+00 8.000000000000000000e+00 5.000000000000000000e-01 8.996486906101672145e-05 1.389392889346236556e-04 3.318327026293072521e-05 5.290667906858333825e-05
3.000000000000000000e+00 1.600000000000000000e+01 5.000000000000000000e-01 1.001248700548996193e-04 1.518190894649672858e-04 3.715498225256661381e-05 5.972899682648845376e-05
3.000000000000000000e+00 3.200000000000000000e+01 5.000000000000000000e-01 1.078024369537545194e-04 1.628834611243332219e-04 3.639909186456866098e-05 5.984784857227709354e-05
3.000000000000000000e+00 6.400000000000000000e+01 5.000000000000000000e-01 1.002212145592826822e-04 1.567527327829958421e-04 2.205058781189293810e-05 3.407142251459293974e-05
3.000000000000000000e+00 1.280000000000000000e+02 5.000000000000000000e-01 1.222475238291558029e-04 1.853945830112872176e-04 3.660457069542347863e-05 4.755066859845792643e-05
3.000000000000000000e+00 2.560000000000000000e+02 5.000000000000000000e-01 1.329171558967883729e-04 2.031344002746703938e-04 3.124669977742475962e-05 4.942224908072848414e-05
3.000000000000000000e+00 5.120000000000000000e+02 5.000000000000000000e-01 1.319025900095811073e-04 2.054611198520503933e-04 3.345368413843717852e-05 5.196813114244904711e-05
3.000000000000000000e+00 1.024000000000000000e+03 5.000000000000000000e-01 1.359965737000540329e-04 2.157110208933784125e-04 2.690264009588094307e-05 4.562056626308096113e-05
4.000000000000000000e+00 6.250000000000000000e-02 5.000000000000000000e-01 1.548061543054933542e-01 5.058159565284306325e+00 3.364244666678073981e-01 1.471628746769795981e+01
4.000000000000000000e+00 1.250000000000000000e-01 5.000000000000000000e-01 4.653286132235997380e-02 2.936617182221081812e-01 9.401873344683989164e-02 7.176998770687660345e-01
4.000000000000000000e+00 2.500000000000000000e-01 5.000000000000000000e-01 9.249976888296953170e-04 1.151462944687849880e-03 2.602353222775284397e-04 4.310079965012155985e-04
4.000000000000000000e+00 5.000000000000000000e-01 5.000000000000000000e-01 7.677534095370935343e-05 1.051664459564306673e-04 3.012153842498218635e-05 4.110729163624261904e-05
4.000000000000000000e+00 1.000000000000000000e+00 5.000000000000000000e-01 2.666243983044211028e-05 3.989687442791730075e-05 7.725233355793655616e-06 1.136466138125912283e-05
4.000000000000000000e+00 2.000000000000000000e+00 5.000000000000000000e-01 2.492716892658023377e-05 4.366600506895267509e-05 1.271187176005089170e-05 2.361365596769180887e-05
4.000000000000000000e+00 4.000000000000000000e+00 5.000000000000000000e-01 3.261526285105876134e-05 5.672154489886619604e-05 1.369990384699457220e-05 2.461173538599881883e-05
4.000000000000000000e+00 8.000000000000000000e+00 5.000000000000000000e-01 4.391678471801705168e-05 7.673526495338170667e-05 1.668201310591862683e-05 2.990928325618131875e-05
4.000000000000000000e+00 1.600000000000000000e+01 5.000000000000000000e-01 6.190222309505873457e-05 1.039608791280177664e-04 2.047989212986440976e-05 3.396069012041852121e-05
4.000000000000000000e+00 3.200000000000000000e+01 5.000000000000000000e-01 6.354563968390064619e-05 1.123504785607745790e-04 1.243726340761194006e-05 2.538320188637992200e-05
4.000000000000000000e+00 6.400000000000000000e+01 5.000000000000000000e-01 6.396385218064530175e-05 1.128347637118109115e-04 1.120604859556086301e-05 1.628566428367279818e-05
4.000000000000000000e+00 1.280000000000000000e+02 5.000000000000000000e-01 6.948889637465563603e-05 1.216096308626083761e-04 9.920784398334957802e-06 1.772615656040827303e-05
4.000000000000000000e+00 2.560000000000000000e+02 5.000000000000000000e-01 7.744868922953503847e-05 1.367057186435499010e-04 1.549998491430418896e-05 3.368446947848920429e-05
4.000000000000000000e+00 5.120000000000000000e+02 5.000000000000000000e-01 7.042687372368744132e-05 1.229138045973516018e-04 1.308544508830227491e-05 2.263383367237233471e-05
4.000000000000000000e+00 1.024000000000000000e+03 5.000000000000000000e-01 6.953840998783175392e-05 1.210115812618702712e-04 1.932211024549453579e-05 3.485980666868170779e-05
5.000000000000000000e+00 6.250000000000000000e-02 5.000000000000000000e-01 2.270981020666124284e+00 5.839226858976272361e+00 4.557630903083063068e+00 1.100064120756444019e+01
5.000000000000000000e+00 1.250000000000000000e-01 5.000000000000000000e-01 2.551873380974471056e-02 8.189632869993217212e-02 2.472109718856203842e-02 9.711199256086858189e-02
5.000000000000000000e+00 2.500000000000000000e-01 5.000000000000000000e-01 1.315123599378565733e-03 1.876869901680835659e-03 9.309970058339547697e-04 1.649284068223585411e-03
5.000000000000000000e+00 5.000000000000000000e-01 5.000000000000000000e-01 5.950198315564707524e-05 8.629102968159988796e-05 1.752239496219724462e-05 2.651410227110485447e-05
5.000000000000000000e+00 1.000000000000000000e+00 5.000000000000000000e-01 1.445261723053371244e-05 2.326902030699772527e-05 5.974138042618298307e-06 9.424790616000569850e-06
5.000000000000000000e+00 2.000000000000000000e+00 5.000000000000000000e-01 1.646161670599157573e-05 3.233384141503788133e-05 1.210619484138765018e-05 2.412565728577120068e-05
5.000000000000000000e+00 4.000000000000000000e+00 5.000000000000000000e-01 1.953427994625305469e-05 3.712962806690175993e-05 1.040586934993167214e-05 2.053390649740940510e-05
5.000000000000000000e+00 8.000000000000000000e+00 5.000000000000000000e-01 2.201775007151300737e-05 4.370515037985284624e-05 9.151132184888847789e-06 1.729849697359400428e-05
5.000000000000000000e+00 1.600000000000000000e+01 5.000000000000000000e-01 2.959794442764995072e-05 5.666879900637628026e-05 1.003512461332055887e-05 1.973832428826829640e-05
5.000000000000000000e+00 3.200000000000000000e+01 5.000000000000000000e-01 3.132293756878269095e-05 6.249634908069510162e-05 7.444922953762822846e-06 1.714832448229428071e-05
5.000000000000000000e+00 6.400000000000000000e+01 5.000000000000000000e-01 3.585313683065031613e-05 7.309121685741353208e-05 5.512003854210544990e-06 1.267440399333895264e-05
5.000000000000000000e+00 1.280000000000000000e+02 5.000000000000000000e-01 3.732663049441663271e-05 7.575170270794795598e-05 9.399861013796407820e-06 2.030036108570361315e-05
5.000000000000000000e+00 2.560000000000000000e+02 5.000000000000000000e-01 3.729088168838940256e-05 7.636167815464934856e-05 5.169348145817430255e-06 9.328565001167319842e-06
5.000000000000000000e+00 5.120000000000000000e+02 5.000000000000000000e-01 4.321175875283949231e-05 8.730887599865594969e-05 1.087969498186225466e-05 2.259203358939193871e-05
5.000000000000000000e+00 1.024000000000000000e+03 5.000000000000000000e-01 4.500048130473567316e-05 8.979597586174295216e-05 1.146362609981718239e-05 2.148963572433602775e-05
