1.000000000000000000e+00 6.250000000000000000e-02 9.000000000000000222e-01 4.295645700692134195e-02 8.429242734510362933e-02 9.305725203824991021e-02 2.065830447920320445e-01
1.000000000000000000e+00 1.250000000000000000e-01 9.000000000000000222e-01 3.800070058582257545e-03 5.006725792519083409e-03 2.995576966700931772e-03 5.152278372968143068e-03
1.000000000000000000e+00 2.500000000000000000e-01 9.000000000000000222e-01 1.448334884272207447e-03 1.510988282146302850e-03 3.728684275324896575e-04 3.934607399401391530e-04
1.000000000000000000e+00 5.000000000000000000e-01 9.000000000000000222e-01 4.569137612134226796e-04 4.815794609713154725e-04 1.791638071152266824e-04 1.854187646036922559e-04
1.000000000000000000e+00 1.000000000000000000e+00 9.000000000000000222e-01 7.778245554826316655e-04 8.890961137578031175e-04 5.415129390620280776e-04 6.140554145864523692e-04
1.000000000000000000e+00 2.000000000000000000e+00 9.000000000000000222e-01 1.692170626664635984e-03 1.996799234522264946e-03 8.894728334174268518e-04 1.028022517156969556e-03
1.000000000000000000e+00 4.000000000000000000e+00 9.000000000000000222e-01 1.864922743734957712e-03 2.121885344107109998e-03 9.383602269330296132e-04 1.066749388533093151e-03
1.000000000000000000e+00 8.000000000000000000e+00 9.000000000000000222e-01 1.799588998189201403e-03 2.118021016076577882e-03 7.025318053359202921e-04 8.334087572619095375e-04
1.000000000000000000e+00 1.600000000000000000e+01 9.000000000000000222e-01 1.718747023311834737e-03 2.016275545011767152e-03 6.008290105555202064e-04 6.809969631291362419e-04
1.000000000000000000e+00 3.200000000000000000e+01 9.000000000000000222e-01 1.841494191037360353e-03 2.183086042774150855e-03 6.657579715113147575e-04 7.996874927385443999e-04
1.000000000000000000e+00 6.400000000000000000e+01 9.000000000000000222e-01 1.783336537919716098e-03 2.108053609046160650e-03 5.453917462531787143e-04 6.489404090856739499e-04
1.000000000000000000e+00 1.280000000000000000e+02 9.000000000000000222e-01 1.848775948717384151e-03 2.173116664502445367e-03 5.014070896278606266e-04 6.022471959944522037e-04
1.000000000000000000e+00 2.560000000000000000e+02 9.000000000000000222e-01 2.188638675792276434e-03 2.550980859634100449e-03 4.716400412713000210e-04 4.660111613744848547e-04
1.000000000000000000e+00 5.120000000000000000e+02 9.000000000000000222e-01 2.008700935724333936e-03 2.331221587996533916e-03 4.017656452285602508e-04 4.660473855690386974e-04
1.000000000000000000e+00 1.024000000000000000e+03 9.000000000000000222e-01 1.974701704685899624e-03 2.323262225534656038e-03 4.364913922630677366e-04 4.550148714409372108e-04
2.000000000000000000e+00 6.250000000000000000e-02 9.000000000000000222e-01 2.130827857202822473e-01 4.570916703903391998e+00 3.590448796793535569e-01 9.157691060183566378e+00
2.000000000000000000e+00 1.250000000000000000e-01 9.000000000000000222e-01 5.069208771663216359e-03 8.506403030592640455e-03 4.846543245990942925e-03 9.220410356488559223e-03
2.000000000000000000e+00 2.500000000000000000e-01 9.000000000000000222e-01 1.171758196408248564e-03 1.210098403127028450e-03 1.768763766980718972e-04 2.091823503591794438e-04
2.000000000000000000e+00 5.000000000000000000e-01 9.000000000000000222e-01 2.494205518428039637e-04 2.798891745848453494e-04 1.108953976766723418e-04 1.242843531994830932e-04
2.000000000000000000e+00 1.000000000000000000e+00 9.000000000000000222e-01 7.547576565385011337e-05 8.864800419465340925e-05 2.641716223010873244e-05 3.006263010050098895e-05
2.000000000000000000e+00 2.000000000000000000e+00 9.000000000000000222e-01 4.364880333066095041e-05 5.538646577336271741e-05 1.714395845717524779e-05 1.960166521429418228e-05
2.000000000000000000e+00 4.000000000000000000e+00 9.000000000000000222e-01 3.044319538125526888e-05 4.010448526532179599e-05 7.838775172026191484e-06 1.079690320006929204e-05
2.000000000000000000e+00 8.000000000000000000e+00 9.000000000000000222e-01 3.048460595724812879e-05 4.015879131585898702e-05 6.588918257165822984e-06 8.332500086943658174e-06
2.000000000000000000e+00 1.600000000000000000e+01 9.000000000000000222e-01 3.756879615126880283e-05 4.786347902137491974e-05 1.430908409893336303e-05 1.740001542214576473e-05
2.000000000000000000e+00 3.200000000000000000e+01 9.000000000000000222e-01 3.303731728059241277e-05 4.359841417194929171e-05 1.125845867217211189e-05 1.559870618337705621e-05
2.000000000000000000e+00 6.400000000000000000e+01 9.000000000000000222e-01 3.706472257390795732e-05 4.660298738162179576e-05 7.787591790774521695e-06 1.008840450762084909e-05
2.000000000000000000e+00 1.280000000000000000e+02 9.000000000000000222e-01 3.951156001344195229e-05 5.019799241097121190e-05 1.319505191160087060e-05 1.394328391958013264e-05
2.000000000000000000e+00 2.560000000000000000e+02 9.000000000000000222e-01 4.202728578585388072e-05 5.344767271480845803e-05 1.294106163144904087e-05 1.474843419285730709e-05
2.000000000000000000e+00 5.120000000000000000e+02 9.000000000000000222e-01 3.950252446021982982e-05 5.236439118725597075e-05 1.664339175252500829e-05 2.197141185631536905e-05
2.000000000000000000e+00 1.024000000000000000e+03 9.000000000000000222e-01 3.716225823396416780e-05 4.841448799429606240e-05 8.196080426020350084e-06 1.198368249157373718e-05
3.000000000000000000e+00 6.250000000000000000e-02 9.000000000000000222e-01 3.776500559867842360e-02 8.991464390749527580e-02 5.147690787558837494e-02 1.310396992459557097e-01
3.000000000000000000e+00 1.250000000000000000e-01 9.000000000000000222e-01 2.443085641985705964e-02 3.230912930107451148e-02 3.924900437805079606e-02 5.438277198942643303e-02
3.000000000000000000e+00 2.500000000000000000e-01 9.000000000000000222e-01 9.995337195784063412e-04 1.072602317542084398e-03 1.245406590061759065e-04 1.602498641877812076e-04
3.000000000000000000e+00 5.000000000000000000e-01 9.000000000000000222e-01 1.330462310925270585e-04 1.554605235154953100e-04 4.379881570334071873e-05 5.210229639673213302e-05
3.000000000000000000e+00 1.000000000000000000e+00 9.000000000000000222e-01 3.563668247840709658e-05 4.548785652402051233e-05 1.272067567950833793e-05 1.507857624461672611e-05
3.000000000000000000e+00 2.000000000000000000e+00 9.000000000000000222e-01 1.371335018874570325e-05 2.004359780777544429e-05 3.929616999702790832e-06 5.454109383977873973e-06
3.000000000000000000e+00 4.000000000000000000e+00 9.000000000000000222e-01 9.068793987998739721e-06 1.333685957769718388e-05 1.991426002561013838e-06 3.322735227179135567e-06
3.000000000000000000e+00 8.000000000000000000e+00 9.000000000000000222e-01 1.026048622146236410e-05 1.533063959018160562e-05 2.917220799203446255e-06 4.256053900437922661e-06
3.000000000000000000e+00 1.600000000000000000e+01 9.000000000000000222e-01 1.220204120226558420e-05 1.741783773757705508e-05 5.189655399278482559e-06 6.930592920431422594e-06
3.000000000000000000e+00 3.200000000000000000e+01 9.000000000000000222e-01 1.223802449204382028e-05 1.806628603577123323e-05 2.178294049750889072e-06 3.170410705851130405e-06
3.000000000000000000e+00 6.400000000000000000e+01 9.000000000000000222e-01 1.142940199425705547e-05 1.750998038957857938e-05 4.630115892396620198e-06 6.961812143734111272e-06
3.000000000000000000e+00 1.280000000000000000e+02 9.000000000000000222e-01 1.074518275104929377e-05 1.608905087756518976e-05 2.320421918564527493e-06 3.859414431123539961e-06
3.000000000000000000e+00 2.560000000000000000e+02 9.000000000000000222e-01 1.039379788225360088e-05 1.575988471151334834e-05 2.147905952028963657e-06 4.045027370586761103e-06
3.000000000000000000e+00 5.120000000000000000e+02 9.000000000000000222e-01 1.311725290772958264e-05 2.038801044335644095e-05 3.632324288486252340e-06 6.312566981803093007e-06
3.000000000000000000e+00 1.024000000000000000e+03 9.000000000000000222e-01 1.216270690688805379e-05 1.818778021286519118e-05 3.214625908893646083e-06 4.652375720548822861e-06
4.000000000000000000e+00 6.250000000000000000e-02 9.000000000000000222e-01 1.510686748534304069e+00 2.905983991687297596e+00 2.580532914566346481e+00 4.687811954248768842e+00
4.000000000000000000e+00 1.250000000000000000e-01 9.000000000000000222e-01 3.917320313498611623e-02 7.467877760015118049e-02 6.211250825393221237e-02 1.193175805862338040e-01
4.000000000000000000e+00 2.500000000000000000e-01 9.000000000000000222e-01 1.100166015349253196e-03 1.328772093110818300e-03 3.416393344869162190e-04 6.323041419235687997e-04
4.000000000000000000e+00 5.000000000000000000e-01 9.000000000000000222e-01 8.585988731066921374e-05 1.042165380435055211e-04 1.775842705875583269e-05 2.325825520324689821e-05
4.000000000000000000e+00 1.000000000000000000e+00 9.000000000000000222e-01 1.245066283268879187e-05 1.741649406388796347e-05 3.084567972437412414e-06 3.706873575948114468e-06
4.000000000000000000e+00 2.000000000000000000e+00 9.000000000000000222e-01 4.945149196003790091e-06 8.050421044410229632e-06 7.662751748388430057e-07 1.457909106122612515e-06
4.000000000000000000e+00 4.000000000000000000e+00 9.000000000000000222e-01 4.131570163296294500e-06 6.967078929151692458e-06 1.204491486291460753e-06 1.782394787689665993e-06
4.000000000000000000e+00 8.000000000000000000e+00 9.000000000000000222e-01 4.597792995224046512e-06 7.612642625549396269e-06 9.980774634533109730e-07 1.717003172743320011e-06
4.000000000000000000e+00 1.600000000000000000e+01 9.000000000000000222e-01 5.752887970933225955e-06 9.590870020462978924e-06 1.858480095928936987e-06 3.185608410884188741e-06
4.000000000000000000e+00 3.200000000000000000e+01 9.000000000000000222e-01 6.004746699158321015e-06 1.019328001837381303e-05 1.149077564162655175e-06 1.988394635854534706e-06
4.000000000000000000e+00 6.400000000000000000e+01 9.000000000000000222e-01 5.247360022276061562e-06 8.958172335419321296e-06 1.062516402517841201e-06 1.643889939839142705e-06
4.000000000000000000e+00 1.280000000000000000e+02 9.000000000000000222e-01 5.613323780643123716e-06 9.600865887084924667e-06 1.188949471714378008e-06 2.074795353141693367e-06
4.000000000000000000e+00 2.560000000000000000e+02 9.000000000000000222e-01 6.639745267823839621e-06 1.096170486522086530e-05 2.735211646969680970e-06 4.224508073812213030e-06
4.000000000000000000e+00 5.120000000000000000e+02 9.000000000000000222e-01 5.418327746427499993e-06 9.217557034879717673e-06 1.207657866269390508e-06 1.967471335288257700e-06
4.000000000000000000e+00 1.024000000000000000e+03 9.000000000000000222e-01 5.512108887579720224e-06 8.991428392203027527e-06 9.297326101051014290e-07 2.149972840396174574e-06
5.000000000000000000e+00 6.250000000000000000e-02 9.000000000000000222e-01 4.051879446497846260e+00 4.230614139012656594e+00 5.343259914168541513e+00 5.533510883092271015e+00
5.000000000000000000e+00 1.250000000000000000e-01 9.000000000000000222e-01 8.099419030901958139e-02 1.305822120297255029e-01 8.551911501046043085e-02 1.113344130423486594e-01
5.000000000000000000e+00 2.500000000000000000e-01 9.000000000000000222e-01 1.189624926260315647e-03 1.369676353533688011e-03 7.342373889542158378e-04 1.034642148907568464e-03
5.000000000000000000e+00 5.000000000000000000e-01 9.000000000000000222e-01 7.558829684821825640e-05 9.632110114247497139e-05 1.187326113811454654e-05 1.463448786352636231e-05
5.000000000000000000e+00 1.000000000000000000e+00 9.000000000000000222e-01 7.179896263499858879e-06 1.089859965470281876e-05 3.525745070566726650e-06 5.402144549659056056e-06
5.000000000000000000e+00 2.000000000000000000e+00 9.000000000000000222e-01 2.747288771286251364e-06 4.599631360000637198e-06 7.083615556340139557e-07 1.320410220460804035e-06
5.000000000000000000e+00 4.000000000000000000e+00 9.000000000000000222e-01 1.925535170208916360e-06 3.681923913003447938e-06 5.618316978879192911e-07 1.160142357695872438e-06
5.000000000000000000e+00 8.000000000000000000e+00 9.000000000000000222e-01 2.153630869985630485e-06 4.271038769959507682e-06 8.605960137232085953e-07 1.794867810082160582e-06
5.000000000000000000e+00 1.600000000000000000e+01 9.000000000000000222e-01 2.205938820179522412e-06 4.222531422629903326e-06 6.814155165000071584e-07 1.399715866783523981e-06
5.000000000000000000e+00 3.200000000000000000e+01 9.000000000000000222e-01 2.675544530910230085e-06 5.130646186222105686e-06 1.246951550391094266e-06 2.650716018828264566e-06
5.000000000000000000e+00 6.400000000000000000e+01 9.000000000000000222e-01 2.862732113507910655e-06 5.390972491591737199e-06 5.585135181144780309e-07 1.082906913766309674e-06
5.000000000000000000e+00 1.280000000000000000e+02 9.000000000000000222e-01 2.646206641930447926e-06 4.982040033807192504e-06 3.507183692482120660e-07 6.953339633472462349e-07
5.000000000000000000e+00 2.560000000000000000e+02 9.000000000000000222e-01 2.792742694808556089e-06 5.301852977488919280e-06 2.389884311658820034e-07 4.096009212193383553e-07
5.000000000000000000e+00 5.120000000000000000e+02 9.000000000000000222e-01 3.038674405005751806e-06 5.756267816055635227e-06 7.691007644630608322e-07 1.648539302815048797e-06
5.000000000000000000e+00 1.024000000000000000e+03 9.000000000000000222e-01 2.784092084325161370e-06 5.293452947803050661e-06 4.673595780688319903e-07 8.991869213860360018e-07
