1.000000000000000000e+00 6.250000000000000000e-02 1.000000000000000000e+00 1.216240861048333510e+00 3.766122597190822707e-02
1.000000000000000000e+00 1.250000000000000000e-01 1.000000000000000000e+00 3.192584929919362491e+00 1.161475504780504986e+00
1.000000000000000000e+00 2.500000000000000000e-01 1.000000000000000000e+00 4.810108108882769073e+00 7.444322456529929299e-01
1.000000000000000000e+00 5.000000000000000000e-01 1.000000000000000000e+00 5.111971677519223434e+00 2.906608670107136971e-01
1.000000000000000000e+00 1.000000000000000000e+00 1.000000000000000000e+00 4.160929038898731669e+00 4.507401334038657614e-01
1.000000000000000000e+00 2.000000000000000000e+00 1.000000000000000000e+00 3.706786225601887086e+00 7.390231379494091035e-01
1.000000000000000000e+00 4.000000000000000000e+00 1.000000000000000000e+00 3.684015298872679089e+00 5.594444775080646970e-01
1.000000000000000000e+00 8.000000000000000000e+00 1.000000000000000000e+00 3.720302296824160582e+00 5.345463414678122138e-01
1.000000000000000000e+00 1.600000000000000000e+01 1.000000000000000000e+00 3.576331269153604886e+00 2.207986121593747408e-01
1.000000000000000000e+00 3.200000000000000000e+01 1.000000000000000000e+00 3.470919452542843064e+00 3.301360123840170191e-01
1.000000000000000000e+00 6.400000000000000000e+01 1.000000000000000000e+00 3.374458507036166566e+00 1.293084395207475812e-01
1.000000000000000000e+00 1.280000000000000000e+02 1.000000000000000000e+00 3.377768503061660876e+00 3.244423716417604298e-01
