2.000000000000000000e+00 6.250000000000000000e-02 1.000000000000000000e+00 2.225421686828082279e+00 1.140480721115619128e-01
2.000000000000000000e+00 1.250000000000000000e-01 1.000000000000000000e+00 5.729857802048466731e+00 1.541128773637009619e+00
2.000000000000000000e+00 2.500000000000000000e-01 1.000000000000000000e+00 8.783791999802417649e+00 1.227501276452219736e+00
2.000000000000000000e+00 5.000000000000000000e-01 1.000000000000000000e+00 9.554368469668844455e+00 5.332155577912873756e-01
2.000000000000000000e+00 1.000000000000000000e+00 1.000000000000000000e+00 7.834173055191614665e+00 6.714328886704010735e-01
2.000000000000000000e+00 2.000000000000000000e+00 1.000000000000000000e+00 6.784460670970891449e+00 1.266606541903694261e+00
2.000000000000000000e+00 4.000000000000000000e+00 1.000000000000000000e+00 6.469543999007361990e+00 1.102748332376501939e+00
2.000000000000000000e+00 8.000000000000000000e+00 1.000000000000000000e+00 6.444850187643678119e+00 9.851607200000775943e-01
2.000000000000000000e+00 1.600000000000000000e+01 1.000000000000000000e+00 6.379943711820827090e+00 1.000800953711005192e+00
2.000000000000000000e+00 3.200000000000000000e+01 1.000000000000000000e+00 6.339313430747004041e+00 9.741456243426669381e-01
2.000000000000000000e+00 6.400000000000000000e+01 1.000000000000000000e+00 5.996315309554980821e+00 5.660692040442933948e-01
2.000000000000000000e+00 1.280000000000000000e+02 1.000000000000000000e+00 6.011894464530977977e+00 4.584842092918225420e-01
3.000000000000000000e+00 6.250000000000000000e-02 1.000000000000000000e+00 2.842625340406296441e+00 3.551282243964228313e-01
3.000000000000000000e+00 1.250000000000000000e-01 1.000000000000000000e+00 7.150764179489894623e+00 2.185639879780406414e+00
3.000000000000000000e+00 2.500000000000000000e-01 1.000000000000000000e+00 1.298088429232253205e+01 1.151825311774600014e+00
3.000000000000000000e+00 5.000000000000000000e-01 1.000000000000000000e+00 1.352815078093627221e+01 6.224513603866483891e-01
3.000000000000000000e+00 1.000000000000000000e+00 1.000000000000000000e+00 1.055765337955153527e+01 9.438134010348520064e-01
3.000000000000000000e+00 2.000000000000000000e+00 1.000000000000000000e+00 8.976539999150439542e+00 9.540304820076533909e-01
3.000000000000000000e+00 4.000000000000000000e+00 1.000000000000000000e+00 8.427537251835081733e+00 1.211229301200901665e+00
3.000000000000000000e+00 8.000000000000000000e+00 1.000000000000000000e+00 8.104580281250010287e+00 1.102674052917123948e+00
3.000000000000000000e+00 1.600000000000000000e+01 1.000000000000000000e+00 7.834691887283803169e+00 8.292237940420696951e-01
3.000000000000000000e+00 3.200000000000000000e+01 1.000000000000000000e+00 7.766176982863906453e+00 5.869184564624806422e-01
3.000000000000000000e+00 6.400000000000000000e+01 1.000000000000000000e+00 7.622920761767258746e+00 4.790188628947417149e-01
3.000000000000000000e+00 1.280000000000000000e+02 1.000000000000000000e+00 7.499077573863647039e+00 7.034715768356292198e-01
4.000000000000000000e+00 6.250000000000000000e-02 1.000000000000000000e+00 2.930282812705996331e+00 3.831266495188406229e-01
4.000000000000000000e+00 1.250000000000000000e-01 1.000000000000000000e+00 8.352925865926065896e+00 3.169516723369194988e+00
4.000000000000000000e+00 2.500000000000000000e-01 1.000000000000000000e+00 1.603633977504784980e+01 1.251761857959830859e+00
4.000000000000000000e+00 5.000000000000000000e-01 1.000000000000000000e+00 1.683323767670698246e+01 6.496387234989393633e-01
4.000000000000000000e+00 1.000000000000000000e+00 1.000000000000000000e+00 1.288407557552850236e+01 1.623135650154596377e+00
4.000000000000000000e+00 2.000000000000000000e+00 1.000000000000000000e+00 1.040794506030641386e+01 1.341365083229699717e+00
4.000000000000000000e+00 4.000000000000000000e+00 1.000000000000000000e+00 9.726648327553476747e+00 1.234923844236190504e+00
4.000000000000000000e+00 8.000000000000000000e+00 1.000000000000000000e+00 9.537371420366961061e+00 1.200576358392284604e+00
4.000000000000000000e+00 1.600000000000000000e+01 1.000000000000000000e+00 9.141033406033127307e+00 9.361806730512293173e-01
4.000000000000000000e+00 3.200000000000000000e+01 1.000000000000000000e+00 9.139188998087202975e+00 9.128114982858078763e-01
4.000000000000000000e+00 6.400000000000000000e+01 1.000000000000000000e+00 8.821071836839504243e+00 7.339158713926982047e-01
4.000000000000000000e+00 1.280000000000000000e+02 1.000000000000000000e+00 8.904787043687672821e+00 8.526219620654711395e-01
5.000000000000000000e+00 6.250000000000000000e-02 1.000000000000000000e+00 2.997030739858014492e+00 3.128750372414365044e-01
5.000000000000000000e+00 1.250000000000000000e-01 1.000000000000000000e+00 9.403891262151670816e+00 2.949829387427607141e+00
5.000000000000000000e+00 2.500000000000000000e-01 1.000000000000000000e+00 1.999615237312769267e+01 1.577216024256096860e+00
5.000000000000000000e+00 5.000000000000000000e-01 1.000000000000000000e+00 2.054488415579949034e+01 6.409119655628003898e-01
5.000000000000000000e+00 1.000000000000000000e+00 1.000000000000000000e+00 1.475166880504030686e+01 7.684478697609141706e-01
5.000000000000000000e+00 2.000000000000000000e+00 1.000000000000000000e+00 1.118440054833746800e+01 7.739836837296993899e-01
5.000000000000000000e+00 4.000000000000000000e+00 1.000000000000000000e+00 1.023405387119732701e+01 7.787414536906436258e-01
5.000000000000000000e+00 8.000000000000000000e+00 1.000000000000000000e+00 9.692594650405206735e+00 8.302782985413189598e-01
5.000000000000000000e+00 1.600000000000000000e+01 1.000000000000000000e+00 9.664931635767803897e+00 6.631995599199734803e-01
5.000000000000000000e+00 3.200000000000000000e+01 1.000000000000000000e+00 9.407791675287681343e+00 7.260418918383400033e-01
5.000000000000000000e+00 6.400000000000000000e+01 1.000000000000000000e+00 9.529490215014657650e+00 8.040386689748734161e-01
5.000000000000000000e+00 1.280000000000000000e+02 1.000000000000000000e+00 9.283756403625956111e+00 7.135937837991895849e-01
