2.000000000000000000e+00 2.000000000000000000e+00 2.000000000000000000e+01 1.000000000000000056e-01 4.559438698406470428e-04 6.111966668063053155e-04 3.113305492635126182e-04 3.965796465515226466e-04
2.000000000000000000e+00 2.000000000000000000e+00 2.000000000000000000e+01 2.000000000000000111e-01 3.955833695854085795e-04 5.284467984786707850e-04 2.682576902170735354e-04 3.389959118621812791e-04
2.000000000000000000e+00 2.000000000000000000e+00 2.000000000000000000e+01 2.999999999999999889e-01 3.370060950911006213e-04 4.494937870608403034e-04 2.266335699193504111e-04 2.864719287938286875e-04
2.000000000000000000e+00 2.000000000000000000e+00 2.000000000000000000e+01 4.000000000000000222e-01 2.822799283968042841e-04 3.761834944541320299e-04 1.869464610146970751e-04 2.388853113723569488e-04
2.000000000000000000e+00 2.000000000000000000e+00 2.000000000000000000e+01 5.000000000000000000e-01 2.297774961826921751e-04 3.056683041329764407e-04 1.481556426712179130e-04 1.933430363378904420e-04
2.000000000000000000e+00 2.000000000000000000e+00 2.000000000000000000e+01 5.999999999999999778e-01 1.869018611827332843e-04 2.462754347640727344e-04 1.135796550808309342e-04 1.530057898675550457e-04
2.000000000000000000e+00 2.000000000000000000e+00 2.000000000000000000e+01 6.999999999999999556e-01 1.514893981619160209e-04 1.965726728028872427e-04 8.115534358448042447e-05 1.080927172010532066e-04
2.000000000000000000e+00 2.000000000000000000e+00 2.000000000000000000e+01 8.000000000000000444e-01 1.281895881136520048e-04 1.616093089334839960e-04 6.082130878902129560e-05 7.629407176509489584e-05
2.000000000000000000e+00 2.000000000000000000e+00 2.000000000000000000e+01 9.000000000000000222e-01 1.668116330744382760e-04 2.030486780818203734e-04 8.830269642603421449e-05 1.067330863157313055e-04
2.000000000000000000e+00 2.000000000000000000e+00 2.000000000000000000e+01 1.000000000000000000e+00 4.683345280310603287e-04 5.650703570240251262e-04 1.988136706422849735e-04 2.335950179844930067e-04
3.000000000000000000e+00 2.000000000000000000e+00 2.000000000000000000e+01 1.000000000000000056e-01 1.508111111332380186e-04 2.392163875965361871e-04 1.127013106772716867e-04 1.898808106402477634e-04
3.000000000000000000e+00 2.000000000000000000e+00 2.000000000000000000e+01 2.000000000000000111e-01 1.297212566399481577e-04 2.032906308290925897e-04 9.367093055886198448e-05 1.546388410566846845e-04
3.000000000000000000e+00 2.000000000000000000e+00 2.000000000000000000e+01 2.999999999999999889e-01 1.116666675051754666e-04 1.748861116321567442e-04 7.998540198790575907e-05 1.307017456567542994e-04
3.000000000000000000e+00 2.000000000000000000e+00 2.000000000000000000e+01 4.000000000000000222e-01 9.288505108990247994e-05 1.433105476081906809e-04 6.213559557580032068e-05 1.005887088838220783e-04
3.000000000000000000e+00 2.000000000000000000e+00 2.000000000000000000e+01 5.000000000000000000e-01 7.420911648812052131e-05 1.126678567866515248e-04 4.579413970356375607e-05 7.281437124323340447e-05
3.000000000000000000e+00 2.000000000000000000e+00 2.000000000000000000e+01 5.999999999999999778e-01 5.904836996295330636e-05 8.812280578303333632e-05 3.473847786776595222e-05 5.343694387636067791e-05
3.000000000000000000e+00 2.000000000000000000e+00 2.000000000000000000e+01 6.999999999999999556e-01 4.437739495108949125e-05 6.598096007703318903e-05 2.235553401499689046e-05 3.473032293393505347e-05
3.000000000000000000e+00 2.000000000000000000e+00 2.000000000000000000e+01 8.000000000000000444e-01 3.523513461773577907e-05 5.157899237852448237e-05 1.519323781690887612e-05 2.207784146868586021e-05
3.000000000000000000e+00 2.000000000000000000e+00 2.000000000000000000e+01 9.000000000000000222e-01 3.396118506101683320e-05 4.907587190902279890e-05 1.681601410720389613e-05 2.342214997880320449e-05
3.000000000000000000e+00 2.000000000000000000e+00 2.000000000000000000e+01 1.000000000000000000e+00 2.976913902709043993e-04 3.984284580656387927e-04 1.450952600407155019e-04 1.950340251250654022e-04
4.000000000000000000e+00 2.000000000000000000e+00 2.000000000000000000e+01 1.000000000000000056e-01 1.021301152118365036e-04 1.871884568088277140e-04 9.737757532251324871e-05 1.910162093155311506e-04
4.000000000000000000e+00 2.000000000000000000e+00 2.000000000000000000e+01 2.000000000000000111e-01 8.024398951193363789e-05 1.464038313775021887e-04 7.327320537169447826e-05 1.442291178481336811e-04
4.000000000000000000e+00 2.000000000000000000e+00 2.000000000000000000e+01 2.999999999999999889e-01 6.191354733783255662e-05 1.127874845910421689e-04 5.299111699304306233e-05 1.054409571076714855e-04
4.000000000000000000e+00 2.000000000000000000e+00 2.000000000000000000e+01 4.000000000000000222e-01 4.680498838096200300e-05 8.459252786001541526e-05 3.729096365692810962e-05 7.426029063440386956e-05
4.000000000000000000e+00 2.000000000000000000e+00 2.000000000000000000e+01 5.000000000000000000e-01 3.479216578474625035e-05 6.134685008007313852e-05 2.537983646180289713e-05 4.845754739351127002e-05
4.000000000000000000e+00 2.000000000000000000e+00 2.000000000000000000e+01 5.999999999999999778e-01 2.494875552471982207e-05 4.326278931905964395e-05 1.663054515992567093e-05 3.102106506579792365e-05
4.000000000000000000e+00 2.000000000000000000e+00 2.000000000000000000e+01 6.999999999999999556e-01 1.816882536123015282e-05 3.097820635267377944e-05 1.094166916668186656e-05 2.031078682822858250e-05
4.000000000000000000e+00 2.000000000000000000e+00 2.000000000000000000e+01 8.000000000000000444e-01 1.390852332283744158e-05 2.248232581328276863e-05 7.502638129075838774e-06 1.242449304846979538e-05
4.000000000000000000e+00 2.000000000000000000e+00 2.000000000000000000e+01 9.000000000000000222e-01 1.042462179581326902e-05 1.656312481426306502e-05 4.783681062599876945e-06 7.699094942464413107e-06
4.000000000000000000e+00 2.000000000000000000e+00 2.000000000000000000e+01 1.000000000000000000e+00 4.242307438155209988e-04 5.708331260068069592e-04 1.980975635607430728e-04 2.523603136001895206e-04
5.000000000000000000e+00 2.000000000000000000e+00 2.000000000000000000e+01 1.000000000000000056e-01 1.694821732229236840e-05 3.293340814823447987e-05 9.677322080608462859e-06 1.971734903027348181e-05
5.000000000000000000e+00 2.000000000000000000e+00 2.000000000000000000e+01 2.000000000000000111e-01 1.444497106960223255e-05 2.791633899312763109e-05 8.011367961191876043e-06 1.644088591306860082e-05
5.000000000000000000e+00 2.000000000000000000e+00 2.000000000000000000e+01 2.999999999999999889e-01 1.212579002812474746e-05 2.335226817194002686e-05 6.555688190389239922e-06 1.377766675433946087e-05
5.000000000000000000e+00 2.000000000000000000e+00 2.000000000000000000e+01 4.000000000000000222e-01 1.011941546726953302e-05 1.928117114847633924e-05 5.338538679162286454e-06 1.141561703678331827e-05
5.000000000000000000e+00 2.000000000000000000e+00 2.000000000000000000e+01 5.000000000000000000e-01 8.348187331660378925e-06 1.569417135996606182e-05 4.249959588587324508e-06 9.071254709516785605e-06
5.000000000000000000e+00 2.000000000000000000e+00 2.000000000000000000e+01 5.999999999999999778e-01 6.848095628680029754e-06 1.258644002288130053e-05 3.368886324288623081e-06 6.966488885489726861e-06
5.000000000000000000e+00 2.000000000000000000e+00 2.000000000000000000e+01 6.999999999999999556e-01 5.583867018426859310e-06 1.008602348568178617e-05 2.809098955560318696e-06 5.621046431199730821e-06
5.000000000000000000e+00 2.000000000000000000e+00 2.000000000000000000e+01 8.000000000000000444e-01 4.725141753168268208e-06 8.352536336924561619e-06 2.748438108448296401e-06 5.047460760455697286e-06
5.000000000000000000e+00 2.000000000000000000e+00 2.000000000000000000e+01 9.000000000000000222e-01 3.933882581619430917e-06 6.776051815220742322e-06 2.405306963851180475e-06 4.491563352077321776e-06
5.000000000000000000e+00 2.000000000000000000e+00 2.000000000000000000e+01 1.000000000000000000e+00 2.873758556079768081e-04 3.981272587478013611e-04 2.189053074383820767e-04 3.030088206299340250e-04
