2.000000000000000000e+00 2.000000000000000000e+00 2.000000000000000000e+01 1.000000000000000056e-01 4.549687964410284555e-04 6.312036585431950132e-04 2.942158037169206679e-04 4.130380152467657759e-04
2.000000000000000000e+00 2.000000000000000000e+00 2.000000000000000000e+01 2.000000000000000111e-01 3.947332560689058019e-04 5.474553815992975938e-04 2.555209043182931207e-04 3.567782554339189488e-04
2.000000000000000000e+00 2.000000000000000000e+00 2.000000000000000000e+01 2.999999999999999889e-01 3.372406576137197080e-04 4.638058594797850537e-04 2.183855494312539694e-04 2.979238594920281813e-04
2.000000000000000000e+00 2.000000000000000000e+00 2.000000000000000000e+01 4.000000000000000222e-01 2.853704423529356536e-04 3.831400335532399062e-04 1.846868633988203885e-04 2.431258492199613746e-04
2.000000000000000000e+00 2.000000000000000000e+00 2.000000000000000000e+01 5.000000000000000000e-01 2.330250368242849264e-04 3.084625098969249373e-04 1.501268533430860999e-04 1.917860091974631542e-04
2.000000000000000000e+00 2.000000000000000000e+00 2.000000000000000000e+01 5.999999999999999778e-01 1.891973607388675407e-04 2.440162131879942790e-04 1.172615336727883485e-04 1.454707747387023380e-04
2.000000000000000000e+00 2.000000000000000000e+00 2.000000000000000000e+01 6.999999999999999556e-01 1.531391460730435522e-04 1.956548558142001269e-04 8.571866661019291638e-05 1.045446166089339905e-04
2.000000000000000000e+00 2.000000000000000000e+00 2.000000000000000000e+01 8.000000000000000444e-01 1.292401598333228763e-04 1.663379741623844570e-04 6.427613565653421607e-05 7.673125543263629978e-05
2.000000000000000000e+00 2.000000000000000000e+00 2.000000000000000000e+01 9.000000000000000222e-01 1.717084821845405763e-04 2.149488736497611667e-04 9.418516528576214848e-05 1.140662707138487194e-04
2.000000000000000000e+00 2.000000000000000000e+00 2.000000000000000000e+01 1.000000000000000000e+00 4.546483539598497538e-04 5.740009110007942986e-04 1.918440961738531575e-04 2.386516395524819532e-04
3.000000000000000000e+00 2.000000000000000000e+00 2.000000000000000000e+01 1.000000000000000056e-01 1.526471781411067961e-04 2.488269509887147571e-04 1.136839948979014242e-04 2.065719023723606833e-04
3.000000000000000000e+00 2.000000000000000000e+00 2.000000000000000000e+01 2.000000000000000111e-01 1.313147988704296571e-04 2.126866864102047879e-04 9.453283519575741143e-05 1.731555421185052024e-04
3.000000000000000000e+00 2.000000000000000000e+00 2.000000000000000000e+01 2.999999999999999889e-01 1.149081011183253201e-04 1.835790789312289424e-04 8.258330796258852777e-05 1.511030714695561642e-04
3.000000000000000000e+00 2.000000000000000000e+00 2.000000000000000000e+01 4.000000000000000222e-01 9.571799479984179169e-05 1.499401170200091249e-04 6.437261607960856574e-05 1.162907228441411510e-04
3.000000000000000000e+00 2.000000000000000000e+00 2.000000000000000000e+01 5.000000000000000000e-01 7.593512848554282682e-05 1.167578261456482638e-04 4.702780874697855507e-05 8.157681669744647993e-05
3.000000000000000000e+00 2.000000000000000000e+00 2.000000000000000000e+01 5.999999999999999778e-01 5.934511765792676539e-05 9.072260233779355101e-05 3.397504288287789151e-05 5.734136401404034471e-05
3.000000000000000000e+00 2.000000000000000000e+00 2.000000000000000000e+01 6.999999999999999556e-01 4.504558668034507898e-05 6.807843362401352146e-05 2.211703896119213708e-05 3.630503296983978844e-05
3.000000000000000000e+00 2.000000000000000000e+00 2.000000000000000000e+01 8.000000000000000444e-01 3.646677851689270240e-05 5.315100513083573144e-05 1.556595358371786931e-05 2.490610014249892290e-05
3.000000000000000000e+00 2.000000000000000000e+00 2.000000000000000000e+01 9.000000000000000222e-01 3.487718606501887967e-05 4.893650697848756604e-05 1.600340584653285931e-05 2.448514153180639271e-05
3.000000000000000000e+00 2.000000000000000000e+00 2.000000000000000000e+01 1.000000000000000000e+00 2.924515910020499205e-04 4.009369572333582911e-04 1.464999602388203912e-04 2.034815705046973968e-04
4.000000000000000000e+00 2.000000000000000000e+00 2.000000000000000000e+01 1.000000000000000056e-01 1.053123241097851908e-04 1.922060693122520057e-04 1.029775932917969980e-04 1.909194003712045391e-04
4.000000000000000000e+00 2.000000000000000000e+00 2.000000000000000000e+01 2.000000000000000111e-01 8.220301303046121679e-05 1.503313182061448048e-04 7.746534132365467452e-05 1.433356101416213856e-04
4.000000000000000000e+00 2.000000000000000000e+00 2.000000000000000000e+01 2.999999999999999889e-01 6.284834914784696500e-05 1.155887901262797710e-04 5.564964523333468645e-05 1.042643738174034402e-04
4.000000000000000000e+00 2.000000000000000000e+00 2.000000000000000000e+01 4.000000000000000222e-01 4.666741874265320153e-05 8.496348604439678026e-05 3.767828613956688226e-05 7.092465258241322477e-05
4.000000000000000000e+00 2.000000000000000000e+00 2.000000000000000000e+01 5.000000000000000000e-01 3.395664945450943643e-05 6.023201095144159207e-05 2.491237425440834919e-05 4.493087193967687201e-05
4.000000000000000000e+00 2.000000000000000000e+00 2.000000000000000000e+01 5.999999999999999778e-01 2.437727295326503574e-05 4.267904307213609062e-05 1.627144941469228645e-05 2.870484942096001712e-05
4.000000000000000000e+00 2.000000000000000000e+00 2.000000000000000000e+01 6.999999999999999556e-01 1.780255051762660574e-05 3.107246816586589367e-05 1.074064856654837454e-05 1.843659425528220070e-05
4.000000000000000000e+00 2.000000000000000000e+00 2.000000000000000000e+01 8.000000000000000444e-01 1.368273747013335354e-05 2.314076221923022596e-05 7.308072683969624526e-06 1.160709903939846189e-05
4.000000000000000000e+00 2.000000000000000000e+00 2.000000000000000000e+01 9.000000000000000222e-01 1.048758181884622750e-05 1.740401673411220187e-05 4.698275194760056207e-06 7.334306833651515648e-06
4.000000000000000000e+00 2.000000000000000000e+00 2.000000000000000000e+01 1.000000000000000000e+00 4.165406177676006039e-04 5.819108987945844844e-04 1.920474245686512181e-04 2.570837649861206918e-04
5.000000000000000000e+00 2.000000000000000000e+00 2.000000000000000000e+01 1.000000000000000056e-01 1.697872499985255424e-05 3.481608936954359200e-05 9.347466819616334093e-06 2.081901200122128723e-05
5.000000000000000000e+00 2.000000000000000000e+00 2.000000000000000000e+01 2.000000000000000111e-01 1.450751220717042423e-05 2.946646152714810853e-05 7.821551807978093494e-06 1.719365014446829382e-05
5.000000000000000000e+00 2.000000000000000000e+00 2.000000000000000000e+01 2.999999999999999889e-01 1.232582989128455639e-05 2.467911720551015461e-05 6.557373972857541367e-06 1.428278170490239204e-05
5.000000000000000000e+00 2.000000000000000000e+00 2.000000000000000000e+01 4.000000000000000222e-01 1.037090043737777573e-05 2.057354506787360579e-05 5.456498846384625405e-06 1.190042343161335646e-05
5.000000000000000000e+00 2.000000000000000000e+00 2.000000000000000000e+01 5.000000000000000000e-01 8.652561632319655531e-06 1.678083168116888859e-05 4.469208413597529488e-06 9.444997131790608760e-06
5.000000000000000000e+00 2.000000000000000000e+00 2.000000000000000000e+01 5.999999999999999778e-01 7.180924276106879155e-06 1.350916053868957458e-05 3.756131423981490195e-06 7.558022966746463855e-06
5.000000000000000000e+00 2.000000000000000000e+00 2.000000000000000000e+01 6.999999999999999556e-01 5.934457822233214631e-06 1.076293028603293674e-05 3.163035078476981212e-06 6.109723792265752395e-06
5.000000000000000000e+00 2.000000000000000000e+00 2.000000000000000000e+01 8.000000000000000444e-01 5.012353488882935617e-06 8.879448556874780491e-06 2.892390421938008011e-06 5.763409663341952030e-06
5.000000000000000000e+00 2.000000000000000000e+00 2.000000000000000000e+01 9.000000000000000222e-01 4.066010834258010291e-06 7.085416963374076618e-06 2.437603677403605972e-06 4.739109453335083227e-06
5.000000000000000000e+00 2.000000000000000000e+00 2.000000000000000000e+01 1.000000000000000000e+00 2.731582728083850023e-04 4.004191039889952062e-04 2.056591474507282128e-04 2.958547564946547507e-04
