2.000000000000000000e+00 2.000000000000000000e+00 2.000000000000000000e+01 1.000000000000000056e-01 8.656958198950611165e-06 1.390117248790681551e-05 5.388813865296329158e-06 9.287385245212776325e-06
2.000000000000000000e+00 2.000000000000000000e+00 2.000000000000000000e+01 2.000000000000000111e-01 7.369050915063276985e-06 1.168806201634159676e-05 4.515102984020939504e-06 7.725877635275364783e-06
2.000000000000000000e+00 2.000000000000000000e+00 2.000000000000000000e+01 2.999999999999999889e-01 6.219029914120043172e-06 9.686812128892171439e-06 3.772933632378090457e-06 6.330037366883195937e-06
2.000000000000000000e+00 2.000000000000000000e+00 2.000000000000000000e+01 4.000000000000000222e-01 5.274246079961575744e-06 8.078933962450973060e-06 3.065950219122892942e-06 5.020821848674496481e-06
2.000000000000000000e+00 2.000000000000000000e+00 2.000000000000000000e+01 5.000000000000000000e-01 4.373434050525362002e-06 6.588255190519650018e-06 2.550490794445664941e-06 4.032963395846899602e-06
2.000000000000000000e+00 2.000000000000000000e+00 2.000000000000000000e+01 5.999999999999999778e-01 3.728076147296236976e-06 5.554691643918964483e-06 2.174975114399528576e-06 3.363399758771364136e-06
2.000000000000000000e+00 2.000000000000000000e+00 2.000000000000000000e+01 6.999999999999999556e-01 3.557161916631107235e-06 5.284783130896436353e-06 2.108643502574850833e-06 3.151428319276839100e-06
2.000000000000000000e+00 2.000000000000000000e+00 2.000000000000000000e+01 8.000000000000000444e-01 4.491590143921586078e-06 6.632845720634235491e-06 2.808555167819635444e-06 4.089913689352486416e-06
2.000000000000000000e+00 2.000000000000000000e+00 2.000000000000000000e+01 9.000000000000000222e-01 1.127381738432299560e-05 1.641659819567355805e-05 8.339432409068532034e-06 1.160522860122805363e-05
2.000000000000000000e+00 2.000000000000000000e+00 2.000000000000000000e+01 1.000000000000000000e+00 2.368846065172829413e-05 3.403618259909065073e-05 1.363679750899619237e-05 1.833196844761724687e-05
3.000000000000000000e+00 2.000000000000000000e+00 2.000000000000000000e+01 1.000000000000000056e-01 2.580005398049147566e-06 4.613960214891398931e-06 1.305354753983856411e-06 2.490817506013577215e-06
3.000000000000000000e+00 2.000000000000000000e+00 2.000000000000000000e+01 2.000000000000000111e-01 2.103482545920257205e-06 3.708115984421265567e-06 1.048166598978820622e-06 2.009627045154926089e-06
3.000000000000000000e+00 2.000000000000000000e+00 2.000000000000000000e+01 2.999999999999999889e-01 1.698522876151335878e-06 2.923217415448595835e-06 8.372199582588759088e-07 1.581587850592819512e-06
3.000000000000000000e+00 2.000000000000000000e+00 2.000000000000000000e+01 4.000000000000000222e-01 1.360449037454365450e-06 2.295768590729302028e-06 6.437866619378718119e-07 1.189222264306482207e-06
3.000000000000000000e+00 2.000000000000000000e+00 2.000000000000000000e+01 5.000000000000000000e-01 1.069342314484617667e-06 1.736157195457167444e-06 4.517281243709432628e-07 8.262583113395847227e-07
3.000000000000000000e+00 2.000000000000000000e+00 2.000000000000000000e+01 5.999999999999999778e-01 8.213881691446119768e-07 1.296146795541994138e-06 3.155909991944862356e-07 5.653369710092112476e-07
3.000000000000000000e+00 2.000000000000000000e+00 2.000000000000000000e+01 6.999999999999999556e-01 6.495258531509450415e-07 9.990077730995907640e-07 2.388737851178141697e-07 4.038882273638349287e-07
3.000000000000000000e+00 2.000000000000000000e+00 2.000000000000000000e+01 8.000000000000000444e-01 5.792957902514654280e-07 8.985991709793455484e-07 2.664838761938928489e-07 4.373597374782270652e-07
3.000000000000000000e+00 2.000000000000000000e+00 2.000000000000000000e+01 9.000000000000000222e-01 6.344159461982823105e-07 1.005498119353298081e-06 4.150779532049786060e-07 6.692070709616423357e-07
3.000000000000000000e+00 2.000000000000000000e+00 2.000000000000000000e+01 1.000000000000000000e+00 1.767679325244764715e-05 2.935046349734035019e-05 1.232586056808085619e-05 2.068808916021370285e-05
4.000000000000000000e+00 2.000000000000000000e+00 2.000000000000000000e+01 1.000000000000000056e-01 1.261477420104614447e-06 2.656401248958898012e-06 6.297441500887123470e-07 1.342024946301312374e-06
4.000000000000000000e+00 2.000000000000000000e+00 2.000000000000000000e+01 2.000000000000000111e-01 9.914143998729485333e-07 2.007509056336076493e-06 4.474788885034518434e-07 9.129978433335503450e-07
4.000000000000000000e+00 2.000000000000000000e+00 2.000000000000000000e+01 2.999999999999999889e-01 7.523090246183228262e-07 1.497681846898050669e-06 3.241368416595648277e-07 6.276461606482718807e-07
4.000000000000000000e+00 2.000000000000000000e+00 2.000000000000000000e+01 4.000000000000000222e-01 5.544314656909856979e-07 1.079650183011580461e-06 2.086845320816335301e-07 3.932685437453365660e-07
4.000000000000000000e+00 2.000000000000000000e+00 2.000000000000000000e+01 5.000000000000000000e-01 4.087611578963956223e-07 7.776673631615393123e-07 1.369195101033752432e-07 2.595341787587640776e-07
4.000000000000000000e+00 2.000000000000000000e+00 2.000000000000000000e+01 5.999999999999999778e-01 2.969544445764532446e-07 5.556313428601905493e-07 8.104690109624893210e-08 1.600994000681603756e-07
4.000000000000000000e+00 2.000000000000000000e+00 2.000000000000000000e+01 6.999999999999999556e-01 2.200943547937432713e-07 3.928496490344677537e-07 6.196993763867885791e-08 1.181997366730704139e-07
4.000000000000000000e+00 2.000000000000000000e+00 2.000000000000000000e+01 8.000000000000000444e-01 1.578116997878074016e-07 2.771201576139274913e-07 5.620050761997139908e-08 9.729845930157680275e-08
4.000000000000000000e+00 2.000000000000000000e+00 2.000000000000000000e+01 9.000000000000000222e-01 1.283902157975994023e-07 2.211646769098924780e-07 4.086089481730350400e-08 7.650749965717589379e-08
4.000000000000000000e+00 2.000000000000000000e+00 2.000000000000000000e+01 1.000000000000000000e+00 3.373063827542738854e-05 5.732635756199084583e-05 2.878596040825571727e-05 4.636932713146039151e-05
5.000000000000000000e+00 2.000000000000000000e+00 2.000000000000000000e+01 1.000000000000000056e-01 3.149783267500123057e-07 7.123589945807595222e-07 1.648954397859262429e-07 4.444836696339287109e-07
5.000000000000000000e+00 2.000000000000000000e+00 2.000000000000000000e+01 2.000000000000000111e-01 2.646598926424224716e-07 5.720091125884552882e-07 1.382557834397124295e-07 3.401913462906825333e-07
5.000000000000000000e+00 2.000000000000000000e+00 2.000000000000000000e+01 2.999999999999999889e-01 2.053456519512747468e-07 4.397257061587542719e-07 8.420552084013034237e-08 2.173450341571961158e-07
5.000000000000000000e+00 2.000000000000000000e+00 2.000000000000000000e+01 4.000000000000000222e-01 1.683851248969425192e-07 3.455020513319995851e-07 6.925246502626720273e-08 1.559571926732863262e-07
5.000000000000000000e+00 2.000000000000000000e+00 2.000000000000000000e+01 5.000000000000000000e-01 1.191590585555450083e-07 2.483387533986639332e-07 3.853492104443775576e-08 9.859660449088440418e-08
5.000000000000000000e+00 2.000000000000000000e+00 2.000000000000000000e+01 5.999999999999999778e-01 9.881643881629108110e-08 1.935448769767901665e-07 2.892357109370613034e-08 6.352829904697923735e-08
5.000000000000000000e+00 2.000000000000000000e+00 2.000000000000000000e+01 6.999999999999999556e-01 7.403037784809091745e-08 1.406738979469555213e-07 2.361077975926880748e-08 4.046918857470139615e-08
5.000000000000000000e+00 2.000000000000000000e+00 2.000000000000000000e+01 8.000000000000000444e-01 6.227614181048837568e-08 1.118517967023393141e-07 2.599997339992858388e-08 3.588448030446877195e-08
5.000000000000000000e+00 2.000000000000000000e+00 2.000000000000000000e+01 9.000000000000000222e-01 4.610438216393588467e-08 8.174932534178083894e-08 2.494556613854915714e-08 3.902304439180964703e-08
5.000000000000000000e+00 2.000000000000000000e+00 2.000000000000000000e+01 1.000000000000000000e+00 4.824245033997358106e-05 8.059341384612454383e-05 1.165353237574043440e-04 1.909487468981857982e-04
