2.000000000000000000e+00 2.000000000000000000e+00 2.000000000000000000e+01 1.000000000000000056e-01 4.326488979885248975e-04 5.646336349269015682e-04 2.894315068962253937e-04 3.776658303627936715e-04
2.000000000000000000e+00 2.000000000000000000e+00 2.000000000000000000e+01 2.000000000000000111e-01 3.748694377406399649e-04 4.872675405200663635e-04 2.498678030200196455e-04 3.258019064655163837e-04
2.000000000000000000e+00 2.000000000000000000e+00 2.000000000000000000e+01 2.999999999999999889e-01 3.194270984141308516e-04 4.131278872393015088e-04 2.111601458824022726e-04 2.740282593716998985e-04
2.000000000000000000e+00 2.000000000000000000e+00 2.000000000000000000e+01 4.000000000000000222e-01 2.677876609237305828e-04 3.457025024797569452e-04 1.743438779882694164e-04 2.279607305070188684e-04
2.000000000000000000e+00 2.000000000000000000e+00 2.000000000000000000e+01 5.000000000000000000e-01 2.171202076717708201e-04 2.793082284876805747e-04 1.375622834599636807e-04 1.815452259707295659e-04
2.000000000000000000e+00 2.000000000000000000e+00 2.000000000000000000e+01 5.999999999999999778e-01 1.742455284998393062e-04 2.230072937640618783e-04 1.037559879800242470e-04 1.385905432511936903e-04
2.000000000000000000e+00 2.000000000000000000e+00 2.000000000000000000e+01 6.999999999999999556e-01 1.406982761444632263e-04 1.795572877888323179e-04 7.413843688996740071e-05 1.000060290491700562e-04
2.000000000000000000e+00 2.000000000000000000e+00 2.000000000000000000e+01 8.000000000000000444e-01 1.180862193999639837e-04 1.506592734883317893e-04 5.508903255057753616e-05 7.290552553405710257e-05
2.000000000000000000e+00 2.000000000000000000e+00 2.000000000000000000e+01 9.000000000000000222e-01 1.623103364437280031e-04 2.025123610269797571e-04 8.840822119883162884e-05 1.026548346579947885e-04
2.000000000000000000e+00 2.000000000000000000e+00 2.000000000000000000e+01 1.000000000000000000e+00 4.432981672184390298e-04 5.361748577024422115e-04 1.853878822651041465e-04 2.301283930119290340e-04
3.000000000000000000e+00 2.000000000000000000e+00 2.000000000000000000e+01 1.000000000000000056e-01 1.443093229451267937e-04 2.096377334562957921e-04 1.042128290675276947e-04 1.633885059262349490e-04
3.000000000000000000e+00 2.000000000000000000e+00 2.000000000000000000e+01 2.000000000000000111e-01 1.248830091085232925e-04 1.780908533624635086e-04 8.818684645446928680e-05 1.338960339164492865e-04
3.000000000000000000e+00 2.000000000000000000e+00 2.000000000000000000e+01 2.999999999999999889e-01 1.092611586278912007e-04 1.539319409476970653e-04 7.856804637563720081e-05 1.147832553474080692e-04
3.000000000000000000e+00 2.000000000000000000e+00 2.000000000000000000e+01 4.000000000000000222e-01 9.121871000343671960e-05 1.268632434480425493e-04 6.277377659819268505e-05 8.836918966117362790e-05
3.000000000000000000e+00 2.000000000000000000e+00 2.000000000000000000e+01 5.000000000000000000e-01 7.264154519037878855e-05 1.002316407176108399e-04 4.594813789613721170e-05 6.371280474595363442e-05
3.000000000000000000e+00 2.000000000000000000e+00 2.000000000000000000e+01 5.999999999999999778e-01 5.689697466260068765e-05 7.826451113030174741e-05 3.302717639028034634e-05 4.640158031536628202e-05
3.000000000000000000e+00 2.000000000000000000e+00 2.000000000000000000e+01 6.999999999999999556e-01 4.321315325821346707e-05 5.838799393776668105e-05 2.157082593878731212e-05 2.900846438998362173e-05
3.000000000000000000e+00 2.000000000000000000e+00 2.000000000000000000e+01 8.000000000000000444e-01 3.468343732177020706e-05 4.634540555713808827e-05 1.513880521825436472e-05 1.977560156979566897e-05
3.000000000000000000e+00 2.000000000000000000e+00 2.000000000000000000e+01 9.000000000000000222e-01 3.364234238945295181e-05 4.303761659077880240e-05 1.713247695115281216e-05 2.090546857283153047e-05
3.000000000000000000e+00 2.000000000000000000e+00 2.000000000000000000e+01 1.000000000000000000e+00 2.862283505017550861e-04 3.696718180348179629e-04 1.400460148885943252e-04 1.919212385177842531e-04
4.000000000000000000e+00 2.000000000000000000e+00 2.000000000000000000e+01 1.000000000000000056e-01 9.790908361673015831e-05 1.659623691624097013e-04 9.249087860226723804e-05 1.634993492914016031e-04
4.000000000000000000e+00 2.000000000000000000e+00 2.000000000000000000e+01 2.000000000000000111e-01 7.793976645158283824e-05 1.287957930044941182e-04 7.171419674852351793e-05 1.219403107216163933e-04
4.000000000000000000e+00 2.000000000000000000e+00 2.000000000000000000e+01 2.999999999999999889e-01 6.072442868012025401e-05 9.828896903529959887e-05 5.306448211949933095e-05 8.656472404512669037e-05
4.000000000000000000e+00 2.000000000000000000e+00 2.000000000000000000e+01 4.000000000000000222e-01 4.584638147181564419e-05 7.219228947669175181e-05 3.744183688061418139e-05 5.806008663276960544e-05
4.000000000000000000e+00 2.000000000000000000e+00 2.000000000000000000e+01 5.000000000000000000e-01 3.367276457188026634e-05 5.252652338859631613e-05 2.525097044122626619e-05 3.862565432871780589e-05
4.000000000000000000e+00 2.000000000000000000e+00 2.000000000000000000e+01 5.999999999999999778e-01 2.418456200952563245e-05 3.754359244820340026e-05 1.675449914348904910e-05 2.526870158436745795e-05
4.000000000000000000e+00 2.000000000000000000e+00 2.000000000000000000e+01 6.999999999999999556e-01 1.745341936398778747e-05 2.711319122182173896e-05 1.084827597107587313e-05 1.663928731107349653e-05
4.000000000000000000e+00 2.000000000000000000e+00 2.000000000000000000e+01 8.000000000000000444e-01 1.327617714487666485e-05 2.035495159399050761e-05 6.982981600206905643e-06 1.109618970039227966e-05
4.000000000000000000e+00 2.000000000000000000e+00 2.000000000000000000e+01 9.000000000000000222e-01 1.020703296230507987e-05 1.495073636182825924e-05 4.497870244627746930e-06 6.989291711384879323e-06
4.000000000000000000e+00 2.000000000000000000e+00 2.000000000000000000e+01 1.000000000000000000e+00 3.999772418266422979e-04 5.396387213931878608e-04 1.822757644879539787e-04 2.428606095741917036e-04
5.000000000000000000e+00 2.000000000000000000e+00 2.000000000000000000e+01 1.000000000000000056e-01 1.671424302232791143e-05 3.034240325937346644e-05 9.718121517241036977e-06 1.826360353159352460e-05
5.000000000000000000e+00 2.000000000000000000e+00 2.000000000000000000e+01 2.000000000000000111e-01 1.432875077869825150e-05 2.550108138284392360e-05 8.124618250819277398e-06 1.505310705768007810e-05
5.000000000000000000e+00 2.000000000000000000e+00 2.000000000000000000e+01 2.999999999999999889e-01 1.213793932590491293e-05 2.150729466339503215e-05 6.826808347348947408e-06 1.262366491319122704e-05
5.000000000000000000e+00 2.000000000000000000e+00 2.000000000000000000e+01 4.000000000000000222e-01 1.016907718643352820e-05 1.780898249380827102e-05 5.636948743607489146e-06 1.045180476489302806e-05
5.000000000000000000e+00 2.000000000000000000e+00 2.000000000000000000e+01 5.000000000000000000e-01 8.326960096944561324e-06 1.445958037828189192e-05 4.486065597776449432e-06 8.250642695429386217e-06
5.000000000000000000e+00 2.000000000000000000e+00 2.000000000000000000e+01 5.999999999999999778e-01 6.897099710709330384e-06 1.178046683440507898e-05 3.725389986232559498e-06 6.626897078765938665e-06
5.000000000000000000e+00 2.000000000000000000e+00 2.000000000000000000e+01 6.999999999999999556e-01 5.608420668961602165e-06 9.414083763575372402e-06 3.087156006040021177e-06 5.338806238830030877e-06
5.000000000000000000e+00 2.000000000000000000e+00 2.000000000000000000e+01 8.000000000000000444e-01 4.721053357983229592e-06 7.686537377226468202e-06 2.943571227322523456e-06 4.985233542199195948e-06
5.000000000000000000e+00 2.000000000000000000e+00 2.000000000000000000e+01 9.000000000000000222e-01 3.838613899862845036e-06 6.139712573428324690e-06 2.503341734138878475e-06 4.443160347340245854e-06
5.000000000000000000e+00 2.000000000000000000e+00 2.000000000000000000e+01 1.000000000000000000e+00 2.641593720008785905e-04 3.888734437681732790e-04 2.005400615809518460e-04 2.926805254383263357e-04
