2.000000000000000000e+00 2.000000000000000000e+00 2.000000000000000000e+01 1.000000000000000056e-01 1.415849321294677336e-03 1.649313442869506600e-03 6.821791479377347506e-04 7.917213664737315741e-04
2.000000000000000000e+00 2.000000000000000000e+00 2.000000000000000000e+01 2.000000000000000111e-01 1.359104392278339454e-03 1.585535208699415501e-03 6.636244578619523733e-04 7.691505694390394533e-04
2.000000000000000000e+00 2.000000000000000000e+00 2.000000000000000000e+01 2.999999999999999889e-01 1.294898801792936354e-03 1.512034693266259278e-03 6.402636600987627246e-04 7.379972270824958214e-04
2.000000000000000000e+00 2.000000000000000000e+00 2.000000000000000000e+01 4.000000000000000222e-01 1.222215451266816903e-03 1.428552627739395871e-03 6.146812229181062345e-04 7.085828888976375981e-04
2.000000000000000000e+00 2.000000000000000000e+00 2.000000000000000000e+01 5.000000000000000000e-01 1.141407291112708907e-03 1.337303532260923460e-03 5.885266752041632202e-04 6.771683177258320998e-04
2.000000000000000000e+00 2.000000000000000000e+00 2.000000000000000000e+01 5.999999999999999778e-01 1.050886635290819524e-03 1.234646743193228147e-03 5.480619888123902271e-04 6.299628029391602258e-04
2.000000000000000000e+00 2.000000000000000000e+00 2.000000000000000000e+01 6.999999999999999556e-01 9.332663279730268619e-04 1.109711529355675600e-03 4.896141515829518977e-04 5.723193800441775045e-04
2.000000000000000000e+00 2.000000000000000000e+00 2.000000000000000000e+01 8.000000000000000444e-01 7.753961043160617845e-04 9.415557414341885201e-04 3.864363309412835847e-04 4.663730752595935487e-04
2.000000000000000000e+00 2.000000000000000000e+00 2.000000000000000000e+01 9.000000000000000222e-01 6.063407822431406222e-04 7.585356376573610098e-04 2.189295915535109053e-04 2.804757148139212981e-04
2.000000000000000000e+00 2.000000000000000000e+00 2.000000000000000000e+01 1.000000000000000000e+00 6.240233685465086579e-04 7.513932672768845918e-04 1.611455859039519179e-04 1.992855657101056050e-04
3.000000000000000000e+00 2.000000000000000000e+00 2.000000000000000000e+01 1.000000000000000056e-01 8.317071643497398695e-04 1.113967737236079471e-03 5.762919991665246258e-04 7.685260464094088211e-04
3.000000000000000000e+00 2.000000000000000000e+00 2.000000000000000000e+01 2.000000000000000111e-01 7.797538529167563192e-04 1.042746014520474444e-03 5.550217989495635686e-04 7.421691921427649033e-04
3.000000000000000000e+00 2.000000000000000000e+00 2.000000000000000000e+01 2.999999999999999889e-01 7.275536715227003256e-04 9.658868917979884306e-04 5.384904210272042869e-04 7.122243327126237446e-04
3.000000000000000000e+00 2.000000000000000000e+00 2.000000000000000000e+01 4.000000000000000222e-01 6.749557334001789980e-04 8.915029680766611148e-04 5.172624953350402326e-04 6.842368604209735777e-04
3.000000000000000000e+00 2.000000000000000000e+00 2.000000000000000000e+01 5.000000000000000000e-01 6.128936710062145559e-04 8.041597301925313681e-04 4.874769434542419017e-04 6.386560669724860749e-04
3.000000000000000000e+00 2.000000000000000000e+00 2.000000000000000000e+01 5.999999999999999778e-01 5.449321183831041344e-04 7.133123893283821590e-04 4.426363359566566407e-04 5.779064541673571438e-04
3.000000000000000000e+00 2.000000000000000000e+00 2.000000000000000000e+01 6.999999999999999556e-01 4.554721937955336086e-04 6.025768266004596961e-04 3.602190846680727388e-04 4.831280832966137876e-04
3.000000000000000000e+00 2.000000000000000000e+00 2.000000000000000000e+01 8.000000000000000444e-01 3.563652762312981780e-04 4.730973084407845376e-04 2.444427379852198517e-04 3.393595437518483584e-04
3.000000000000000000e+00 2.000000000000000000e+00 2.000000000000000000e+01 9.000000000000000222e-01 2.913987564329560990e-04 3.907699911404882709e-04 1.499991705649254088e-04 2.055085593351070920e-04
3.000000000000000000e+00 2.000000000000000000e+00 2.000000000000000000e+01 1.000000000000000000e+00 5.280114154187510447e-04 6.671945387197533456e-04 1.362329097765543776e-04 1.718265612379305104e-04
4.000000000000000000e+00 2.000000000000000000e+00 2.000000000000000000e+01 1.000000000000000056e-01 6.747938773418016680e-04 1.023823341608515658e-03 5.122161820692077089e-04 7.543010523555188735e-04
4.000000000000000000e+00 2.000000000000000000e+00 2.000000000000000000e+01 2.000000000000000111e-01 6.102681866844384892e-04 9.319013276992869303e-04 4.737721447485595096e-04 7.063996669758532609e-04
4.000000000000000000e+00 2.000000000000000000e+00 2.000000000000000000e+01 2.999999999999999889e-01 5.394724990259662078e-04 8.260263795422240337e-04 4.224524147419674133e-04 6.362848681022840493e-04
4.000000000000000000e+00 2.000000000000000000e+00 2.000000000000000000e+01 4.000000000000000222e-01 4.641266219136557002e-04 7.064859577547799672e-04 3.625315425939140018e-04 5.453138673755230379e-04
4.000000000000000000e+00 2.000000000000000000e+00 2.000000000000000000e+01 5.000000000000000000e-01 3.908880979253160108e-04 5.895198006624631330e-04 2.996927268007561380e-04 4.514712908942641900e-04
4.000000000000000000e+00 2.000000000000000000e+00 2.000000000000000000e+01 5.999999999999999778e-01 3.150525916103345792e-04 4.725597092315783057e-04 2.311000403110801912e-04 3.490899210530944347e-04
4.000000000000000000e+00 2.000000000000000000e+00 2.000000000000000000e+01 6.999999999999999556e-01 2.489606307935408294e-04 3.720953981604234895e-04 1.678832989721417129e-04 2.543612166972077982e-04
4.000000000000000000e+00 2.000000000000000000e+00 2.000000000000000000e+01 8.000000000000000444e-01 1.903668562054645463e-04 2.843113948953786946e-04 1.079644427816815169e-04 1.642463985318589617e-04
4.000000000000000000e+00 2.000000000000000000e+00 2.000000000000000000e+01 9.000000000000000222e-01 1.581150596334418340e-04 2.337796194166462968e-04 7.220781531493764211e-05 1.056037550888147693e-04
4.000000000000000000e+00 2.000000000000000000e+00 2.000000000000000000e+01 1.000000000000000000e+00 5.222874975303708200e-04 7.006477524612855431e-04 1.039885376784083150e-04 1.437562118487104056e-04
5.000000000000000000e+00 2.000000000000000000e+00 2.000000000000000000e+01 1.000000000000000056e-01 1.524669728616957710e-04 2.745342701079132473e-04 6.360396472018619001e-05 1.196491009082469877e-04
5.000000000000000000e+00 2.000000000000000000e+00 2.000000000000000000e+01 2.000000000000000111e-01 1.354015839380997785e-04 2.418695707967063666e-04 5.456088725819275149e-05 1.048370159995242823e-04
5.000000000000000000e+00 2.000000000000000000e+00 2.000000000000000000e+01 2.999999999999999889e-01 1.192547300374309185e-04 2.097251498516424493e-04 4.662438381751544199e-05 8.949934233678819451e-05
5.000000000000000000e+00 2.000000000000000000e+00 2.000000000000000000e+01 4.000000000000000222e-01 1.035267898583759545e-04 1.805808676171695242e-04 3.869854086186610520e-05 7.569248748412269595e-05
5.000000000000000000e+00 2.000000000000000000e+00 2.000000000000000000e+01 5.000000000000000000e-01 8.912276478700463175e-05 1.534071133266977339e-04 3.133629660073354291e-05 6.062027591412535424e-05
5.000000000000000000e+00 2.000000000000000000e+00 2.000000000000000000e+01 5.999999999999999778e-01 7.653956398533386476e-05 1.304559723656646003e-04 2.556626531021573428e-05 4.879540537059648842e-05
5.000000000000000000e+00 2.000000000000000000e+00 2.000000000000000000e+01 6.999999999999999556e-01 6.475240594687579779e-05 1.098402273442709100e-04 2.149627530737710396e-05 4.082945781933987762e-05
5.000000000000000000e+00 2.000000000000000000e+00 2.000000000000000000e+01 8.000000000000000444e-01 5.353806096162286321e-05 9.153401467995539323e-05 1.795064144389898594e-05 3.514636530462524565e-05
5.000000000000000000e+00 2.000000000000000000e+00 2.000000000000000000e+01 9.000000000000000222e-01 4.430274974944044627e-05 7.196250562089897694e-05 1.736845036932299196e-05 2.923406797476052658e-05
5.000000000000000000e+00 2.000000000000000000e+00 2.000000000000000000e+01 1.000000000000000000e+00 4.463285377243691142e-04 6.214407801174993669e-04 1.461808955386201887e-04 1.914141523004865607e-04
