2.000000000000000000e+00 2.000000000000000000e+00 2.000000000000000000e+01 1.000000000000000056e-01 1.712445886675633246e-03 2.063789956830918652e-03 6.522719808797236389e-04 7.302323740282986057e-04
2.000000000000000000e+00 2.000000000000000000e+00 2.000000000000000000e+01 2.000000000000000111e-01 1.679782020612883685e-03 2.035702048805846428e-03 6.382155881958635714e-04 7.220682661667203635e-04
2.000000000000000000e+00 2.000000000000000000e+00 2.000000000000000000e+01 2.999999999999999889e-01 1.642404051768450290e-03 2.002996727883064095e-03 6.196405966094617815e-04 7.139643008438280227e-04
2.000000000000000000e+00 2.000000000000000000e+00 2.000000000000000000e+01 4.000000000000000222e-01 1.602424360126748380e-03 1.967116482096306108e-03 6.001312916055623467e-04 7.053967711003763207e-04
2.000000000000000000e+00 2.000000000000000000e+00 2.000000000000000000e+01 5.000000000000000000e-01 1.558473054267438523e-03 1.924443067914795606e-03 5.832694369372626048e-04 6.942949566978418550e-04
2.000000000000000000e+00 2.000000000000000000e+00 2.000000000000000000e+01 5.999999999999999778e-01 1.519804023625988352e-03 1.881409246795120050e-03 5.693792848313735050e-04 6.788532416393153147e-04
2.000000000000000000e+00 2.000000000000000000e+00 2.000000000000000000e+01 6.999999999999999556e-01 1.460877753322994662e-03 1.822813577260161497e-03 5.541429309725019780e-04 6.686551762430290556e-04
2.000000000000000000e+00 2.000000000000000000e+00 2.000000000000000000e+01 8.000000000000000444e-01 1.389608243261836315e-03 1.750319523175780656e-03 5.384328883135030891e-04 6.590633314624723665e-04
2.000000000000000000e+00 2.000000000000000000e+00 2.000000000000000000e+01 9.000000000000000222e-01 1.251103365563237388e-03 1.546424986638115411e-03 5.080192020950935515e-04 5.886564982693578583e-04
2.000000000000000000e+00 2.000000000000000000e+00 2.000000000000000000e+01 1.000000000000000000e+00 1.065320261295337606e-03 1.276107235561376460e-03 3.097986169581138467e-04 3.228139227166112622e-04
3.000000000000000000e+00 2.000000000000000000e+00 2.000000000000000000e+01 1.000000000000000056e-01 1.200159986993529779e-03 1.723231208063148289e-03 5.837126276782927080e-04 7.674878968167060406e-04
3.000000000000000000e+00 2.000000000000000000e+00 2.000000000000000000e+01 2.000000000000000111e-01 1.170793176715398008e-03 1.680866537646524134e-03 5.729928273223076993e-04 7.542186673422600872e-04
3.000000000000000000e+00 2.000000000000000000e+00 2.000000000000000000e+01 2.999999999999999889e-01 1.145040985124015946e-03 1.628789887053647177e-03 5.691855179472036196e-04 7.290342658054256705e-04
3.000000000000000000e+00 2.000000000000000000e+00 2.000000000000000000e+01 4.000000000000000222e-01 1.107349495391503954e-03 1.574115505544516468e-03 5.562465264356443581e-04 7.125513852562434264e-04
3.000000000000000000e+00 2.000000000000000000e+00 2.000000000000000000e+01 5.000000000000000000e-01 1.062214613297063652e-03 1.506926957247284055e-03 5.429104186477481594e-04 6.879392789632071768e-04
3.000000000000000000e+00 2.000000000000000000e+00 2.000000000000000000e+01 5.999999999999999778e-01 1.009665732147721874e-03 1.424461393884654623e-03 5.327455523671454545e-04 6.634994518346910928e-04
3.000000000000000000e+00 2.000000000000000000e+00 2.000000000000000000e+01 6.999999999999999556e-01 9.649832917532335380e-04 1.345692394348356165e-03 5.383094432172985276e-04 6.550294379343118674e-04
3.000000000000000000e+00 2.000000000000000000e+00 2.000000000000000000e+01 8.000000000000000444e-01 9.201362892035716817e-04 1.291576108452416761e-03 5.799975964734144533e-04 7.258779035568440263e-04
3.000000000000000000e+00 2.000000000000000000e+00 2.000000000000000000e+01 9.000000000000000222e-01 7.690491330877537645e-04 1.092670240855303379e-03 3.935575077970914306e-04 4.877868952423028513e-04
3.000000000000000000e+00 2.000000000000000000e+00 2.000000000000000000e+01 1.000000000000000000e+00 5.962509013029313690e-04 8.325262772987255307e-04 1.776296325339908730e-04 1.181863775744076625e-04
4.000000000000000000e+00 2.000000000000000000e+00 2.000000000000000000e+01 1.000000000000000056e-01 1.049084426670512547e-03 1.706555940777999564e-03 4.736662854861840377e-04 6.830685408710600705e-04
4.000000000000000000e+00 2.000000000000000000e+00 2.000000000000000000e+01 2.000000000000000111e-01 1.005283626897848347e-03 1.626256164411717066e-03 4.642058438149239993e-04 6.699233846265864427e-04
4.000000000000000000e+00 2.000000000000000000e+00 2.000000000000000000e+01 2.999999999999999889e-01 9.574485170813018878e-04 1.541169569755137386e-03 4.535564449522466301e-04 6.499044399626553682e-04
4.000000000000000000e+00 2.000000000000000000e+00 2.000000000000000000e+01 4.000000000000000222e-01 9.039365698457823639e-04 1.448307875257223275e-03 4.352878072409463103e-04 6.241538319558996920e-04
4.000000000000000000e+00 2.000000000000000000e+00 2.000000000000000000e+01 5.000000000000000000e-01 8.438630434865623678e-04 1.349997452583561689e-03 4.137017034840855347e-04 5.950932268215872178e-04
4.000000000000000000e+00 2.000000000000000000e+00 2.000000000000000000e+01 5.999999999999999778e-01 7.743091598135277975e-04 1.246257043486965078e-03 3.862387229575467581e-04 5.664056517169667113e-04
4.000000000000000000e+00 2.000000000000000000e+00 2.000000000000000000e+01 6.999999999999999556e-01 6.949624335378875879e-04 1.140142602742202091e-03 3.556428434401395972e-04 5.299635370812327264e-04
4.000000000000000000e+00 2.000000000000000000e+00 2.000000000000000000e+01 8.000000000000000444e-01 6.064298733072551965e-04 1.016603853401179839e-03 3.143701439293139564e-04 4.640531307720858925e-04
4.000000000000000000e+00 2.000000000000000000e+00 2.000000000000000000e+01 9.000000000000000222e-01 5.246749647207274957e-04 8.581045454721320312e-04 2.514675089749792520e-04 3.340108974052926911e-04
4.000000000000000000e+00 2.000000000000000000e+00 2.000000000000000000e+01 1.000000000000000000e+00 5.262198087092422299e-04 8.214890109179545912e-04 4.674384154660944630e-05 6.341545547044101451e-05
5.000000000000000000e+00 2.000000000000000000e+00 2.000000000000000000e+01 1.000000000000000056e-01 5.185526551554644169e-04 1.057020562767749163e-03 1.679312161020691705e-04 3.302900615414115716e-04
5.000000000000000000e+00 2.000000000000000000e+00 2.000000000000000000e+01 2.000000000000000111e-01 4.793534936163248062e-04 9.695389362318906652e-04 1.535100413746141152e-04 2.967258618204390310e-04
5.000000000000000000e+00 2.000000000000000000e+00 2.000000000000000000e+01 2.999999999999999889e-01 4.362815018549599929e-04 8.780965160587845490e-04 1.354786271927241271e-04 2.604784921587906320e-04
5.000000000000000000e+00 2.000000000000000000e+00 2.000000000000000000e+01 4.000000000000000222e-01 3.941459179276424673e-04 7.970976885828750472e-04 1.154724950578224220e-04 2.186155783276866500e-04
5.000000000000000000e+00 2.000000000000000000e+00 2.000000000000000000e+01 5.000000000000000000e-01 3.536018428512985659e-04 7.176830157094227962e-04 9.682659190939191360e-05 1.790563896064800275e-04
5.000000000000000000e+00 2.000000000000000000e+00 2.000000000000000000e+01 5.999999999999999778e-01 3.148704086758367959e-04 6.421544059257856384e-04 8.291001427562154184e-05 1.474963504675849105e-04
5.000000000000000000e+00 2.000000000000000000e+00 2.000000000000000000e+01 6.999999999999999556e-01 2.797602993034165693e-04 5.767659569581770054e-04 7.015918214790418527e-05 1.191352169648230780e-04
5.000000000000000000e+00 2.000000000000000000e+00 2.000000000000000000e+01 8.000000000000000444e-01 2.462010659417577878e-04 5.138972166960156535e-04 5.231017158813320022e-05 9.181964847827163326e-05
5.000000000000000000e+00 2.000000000000000000e+00 2.000000000000000000e+01 9.000000000000000222e-01 2.169012192464932502e-04 4.468908089227408833e-04 3.898353950228876613e-05 7.723281271302732368e-05
5.000000000000000000e+00 2.000000000000000000e+00 2.000000000000000000e+01 1.000000000000000000e+00 5.211016644031940797e-04 8.631385259548464634e-04 5.874327850671900585e-05 7.639154641055630830e-05
