1.000000000000000000e+00 1.000000000000000000e+00 1.000000000000000000e+00 3.075796335197117891e-03 2.920504050504056648e-03 6.788290806903579753e-04 6.593556851802429789e-04
1.000000000000000000e+00 5.000000000000000000e+00 1.000000000000000000e+00 2.275289265260790113e-03 2.218063780646550593e-03 1.274787867999384924e-03 1.241981644742138659e-03
1.000000000000000000e+00 1.000000000000000000e+01 1.000000000000000000e+00 1.679369049640076772e-03 1.704274705532840897e-03 1.211137617149899261e-03 1.267672665705190044e-03
1.000000000000000000e+00 1.500000000000000000e+01 1.000000000000000000e+00 7.586842777136487649e-04 7.861182481806276712e-04 5.147063167168529135e-04 5.521628709204022328e-04
1.000000000000000000e+00 2.000000000000000000e+01 1.000000000000000000e+00 6.247487981192209432e-04 6.604115894568806213e-04 3.892396243345788188e-04 4.325325829828433272e-04
1.000000000000000000e+00 2.500000000000000000e+01 1.000000000000000000e+00 9.271206017825097019e-04 9.961754252930700437e-04 6.927391007665768818e-04 7.683848581129780215e-04
2.000000000000000000e+00 1.000000000000000000e+00 1.000000000000000000e+00 6.653550242158206944e-03 6.941501434564172068e-03 3.790416630750585020e-04 8.872620394025608481e-04
2.000000000000000000e+00 5.000000000000000000e+00 1.000000000000000000e+00 6.352508081097230259e-03 6.363048608850349966e-03 9.689972892300887514e-05 2.655287288940971074e-04
2.000000000000000000e+00 1.000000000000000000e+01 1.000000000000000000e+00 6.429493672463515094e-03 6.541538034179781788e-03 6.062231117357624877e-05 2.099011530018644010e-04
2.000000000000000000e+00 1.500000000000000000e+01 1.000000000000000000e+00 6.424832499542984347e-03 6.553618941750676344e-03 3.310042579280324249e-05 7.228183853019883032e-05
2.000000000000000000e+00 2.000000000000000000e+01 1.000000000000000000e+00 1.042727895393180670e-02 1.902503180001630101e-02 3.978948921521169649e-03 1.242417332072028209e-02
2.000000000000000000e+00 2.500000000000000000e+01 1.000000000000000000e+00 1.965809956899791655e-02 5.292972197983497606e-02 1.324105744874268416e-02 4.640765598801242786e-02
3.000000000000000000e+00 1.000000000000000000e+00 1.000000000000000000e+00 6.432729486716124746e-03 6.572210138937546568e-03 2.391287278213655859e-05 5.710022766588270654e-05
3.000000000000000000e+00 5.000000000000000000e+00 1.000000000000000000e+00 6.446982997054692688e-03 6.708205794350542012e-03 4.511854955736209830e-05 1.598774109572232219e-04
3.000000000000000000e+00 1.000000000000000000e+01 1.000000000000000000e+00 6.336878980807952866e-03 6.298970894990231321e-03 9.100800727995144238e-05 2.244911801544758126e-04
3.000000000000000000e+00 1.500000000000000000e+01 1.000000000000000000e+00 6.425105805505444863e-03 6.574472358326343899e-03 2.539079686811850090e-05 3.289181641871882431e-05
3.000000000000000000e+00 2.000000000000000000e+01 1.000000000000000000e+00 8.161687310697489373e-03 1.065467852030483470e-02 1.683291148955299004e-03 3.956442487415252375e-03
3.000000000000000000e+00 2.500000000000000000e+01 1.000000000000000000e+00 7.187673985597007979e-03 8.134735751818436209e-03 7.215285586341909155e-04 1.480166255383450272e-03
4.000000000000000000e+00 1.000000000000000000e+00 1.000000000000000000e+00 6.460702222710522358e-03 6.580358769614016307e-03 1.861936436274116459e-04 5.261193744524631996e-04
4.000000000000000000e+00 5.000000000000000000e+00 1.000000000000000000e+00 6.406310833885441730e-03 6.579844978050111010e-03 6.011527844378182842e-05 6.666196998348500324e-05
4.000000000000000000e+00 1.000000000000000000e+01 1.000000000000000000e+00 8.041100450797280391e-03 1.037981987890889898e-02 1.562710489443107278e-03 3.703466199934802531e-03
4.000000000000000000e+00 1.500000000000000000e+01 1.000000000000000000e+00 6.444085011702953281e-03 6.604067248518134814e-03 1.738072078202304235e-05 3.309310289251665357e-05
4.000000000000000000e+00 2.000000000000000000e+01 1.000000000000000000e+00 7.637340276191529991e-03 9.638432875944069611e-03 1.256886492408167653e-03 2.452623763518487279e-03
4.000000000000000000e+00 2.500000000000000000e+01 1.000000000000000000e+00 6.715039350044046604e-03 7.124503178952273919e-03 2.471907616886548538e-04 4.517147639270737043e-04
5.000000000000000000e+00 1.000000000000000000e+00 1.000000000000000000e+00 7.002420521452027043e-03 7.937766939903688479e-03 5.523904967963183185e-04 1.289903544429176450e-03
5.000000000000000000e+00 5.000000000000000000e+00 1.000000000000000000e+00 6.409410751960662941e-03 6.502176373154078953e-03 2.355091831982882022e-05 8.038446316035226941e-05
5.000000000000000000e+00 1.000000000000000000e+01 1.000000000000000000e+00 7.959490766216872557e-03 1.022036226746789178e-02 1.239431363151797302e-03 2.687073390722808167e-03
5.000000000000000000e+00 1.500000000000000000e+01 1.000000000000000000e+00 3.212071517786031088e-02 1.184373891611223001e-01 2.568756399271564239e-02 1.118717791858600402e-01
5.000000000000000000e+00 2.000000000000000000e+01 1.000000000000000000e+00 7.537649972526776557e-03 9.173771628807048800e-03 1.084621156235556199e-03 2.551957822607902899e-03
5.000000000000000000e+00 2.500000000000000000e+01 1.000000000000000000e+00 8.008458666994240638e-03 1.126565121179886469e-02 2.266251095878364652e-06 9.434142761320712597e-04
