1.000000000000000000e+00 1.000000000000000000e+00 0.000000000000000000e+00 3.228711035437286780e-03 3.363272096737017318e-03 5.244241143109989317e-05 7.877962170502726159e-05
1.000000000000000000e+00 5.000000000000000000e+00 0.000000000000000000e+00 2.509300118311281243e-03 2.732142743860468351e-03 1.402778023919457051e-04 1.752795577768086546e-04
1.000000000000000000e+00 1.000000000000000000e+01 0.000000000000000000e+00 2.147208242204377490e-03 2.514273344378399524e-03 4.934170974835476106e-06 1.848915398008780034e-05
1.000000000000000000e+00 1.500000000000000000e+01 0.000000000000000000e+00 1.457623246102910958e-03 1.664285721843007182e-03 4.811092217592347455e-04 6.174064466230478210e-04
1.000000000000000000e+00 2.000000000000000000e+01 0.000000000000000000e+00 1.836162770945131643e-03 2.223886816973744303e-03 1.102434321971045971e-05 2.555747695920200513e-05
1.000000000000000000e+00 2.500000000000000000e+01 0.000000000000000000e+00 1.632457790363180204e-03 1.931626044448333124e-03 1.792916990986901131e-04 2.313131186115242746e-04
2.000000000000000000e+00 1.000000000000000000e+00 0.000000000000000000e+00 3.148594386057499122e-03 3.451808786319589088e-03 2.099235859090325430e-04 5.021581131498800352e-05
2.000000000000000000e+00 5.000000000000000000e+00 0.000000000000000000e+00 2.161795245938148528e-03 2.325999110316924468e-03 5.527767987687211369e-04 5.865569178700554736e-04
2.000000000000000000e+00 1.000000000000000000e+01 0.000000000000000000e+00 1.945111198706564459e-03 2.214006961225448329e-03 1.485035256461830723e-04 1.647519612033290434e-04
2.000000000000000000e+00 1.500000000000000000e+01 0.000000000000000000e+00 1.241068834937641063e-03 1.542825626181666687e-03 1.033353458049921869e-03 1.288391308864474420e-03
2.000000000000000000e+00 2.000000000000000000e+01 0.000000000000000000e+00 2.154537906214992575e-03 2.473240020110575345e-03 3.910755699882231297e-05 4.004738710924752101e-05
2.000000000000000000e+00 2.500000000000000000e+01 0.000000000000000000e+00 3.646672807450496547e-04 4.504707977697390651e-04 2.071118531415201876e-04 2.312128212240841592e-04
3.000000000000000000e+00 1.000000000000000000e+00 0.000000000000000000e+00 3.482531764543476353e-03 3.643311023076052559e-03 1.649270190727091662e-05 1.874810509489488117e-05
3.000000000000000000e+00 5.000000000000000000e+00 0.000000000000000000e+00 3.061024619545850249e-03 3.504812712593288575e-03 1.197792485382572283e-04 1.102139543426975971e-04
3.000000000000000000e+00 1.000000000000000000e+01 0.000000000000000000e+00 2.569757909912768600e-03 2.794326295511320897e-03 5.582953677310932908e-04 5.924596637482647254e-04
3.000000000000000000e+00 1.500000000000000000e+01 0.000000000000000000e+00 1.128078834693154245e-03 1.452337796668474188e-03 8.787269105202293387e-04 1.177192479733522737e-03
3.000000000000000000e+00 2.000000000000000000e+01 0.000000000000000000e+00 5.006028447978003474e-04 6.077946094212737958e-04 2.177633797860976125e-04 2.425356416282657311e-04
3.000000000000000000e+00 2.500000000000000000e+01 0.000000000000000000e+00 1.086275051481601145e-03 1.264510120615871831e-03 6.189437360583958199e-04 7.249908060589250200e-04
4.000000000000000000e+00 1.000000000000000000e+00 0.000000000000000000e+00 3.230639777742848849e-03 3.509412487843492114e-03 6.301449385795443968e-05 1.143475830242340289e-04
4.000000000000000000e+00 5.000000000000000000e+00 0.000000000000000000e+00 2.901491617309479975e-03 3.310848930494934058e-03 7.844943826942371405e-04 9.085491635209114701e-04
4.000000000000000000e+00 1.000000000000000000e+01 0.000000000000000000e+00 8.526305211050435023e-04 1.028227298183222518e-03 3.172655952314176546e-04 3.116255757847217122e-04
4.000000000000000000e+00 1.500000000000000000e+01 0.000000000000000000e+00 1.267928700129232348e-03 1.597576869728717505e-03 6.012698678527314978e-04 7.710179035897277069e-04
4.000000000000000000e+00 2.000000000000000000e+01 0.000000000000000000e+00 1.925873904913286919e-03 2.473387478034526528e-03 4.771666973902448415e-04 5.310361793958250478e-04
4.000000000000000000e+00 2.500000000000000000e+01 0.000000000000000000e+00 1.355384279318222907e-03 1.689073878860012029e-03 3.580334031103868733e-04 4.269075406637074053e-04
5.000000000000000000e+00 1.000000000000000000e+00 0.000000000000000000e+00 3.390300484097405129e-03 3.769853819329792473e-03 3.615907682799428778e-05 1.802642563045818002e-04
5.000000000000000000e+00 5.000000000000000000e+00 0.000000000000000000e+00 2.796364513811907052e-03 3.237875719775250988e-03 2.230899568220526784e-05 8.713760796537090708e-05
5.000000000000000000e+00 1.000000000000000000e+01 0.000000000000000000e+00 2.429711416741437563e-03 2.733032171008942940e-03 4.729408585887086292e-04 5.254688429062062769e-04
5.000000000000000000e+00 1.500000000000000000e+01 0.000000000000000000e+00 1.047994783379883974e-03 1.376780501386348863e-03 1.883357448940060474e-05 1.145261133811337944e-04
5.000000000000000000e+00 2.000000000000000000e+01 0.000000000000000000e+00 1.828320684691789192e-03 2.188090457141321065e-03 4.582093995892783361e-04 6.018005669438951421e-04
5.000000000000000000e+00 2.500000000000000000e+01 0.000000000000000000e+00 1.850967444052333769e-03 2.116266302471857350e-03 8.573344349737024167e-04 1.075041954431431562e-03
