1.000000000000000000e+00 1.000000000000000000e+00 0.000000000000000000e+00 3.117482478606034991e-03 3.131285577405703256e-03 2.032271802629099025e-04 2.498149328981287597e-04
1.000000000000000000e+00 5.000000000000000000e+00 0.000000000000000000e+00 2.043241468032550544e-03 2.092408273572385694e-03 8.239927583913698398e-04 8.129738094952505996e-04
1.000000000000000000e+00 1.000000000000000000e+01 0.000000000000000000e+00 1.542982735098994296e-03 1.607098189424337924e-03 9.415300066638364676e-04 1.000604361987349807e-03
1.000000000000000000e+00 1.500000000000000000e+01 0.000000000000000000e+00 1.247365183821672789e-03 1.365562393943675493e-03 8.769771992701366628e-04 9.751342314443077345e-04
1.000000000000000000e+00 2.000000000000000000e+01 0.000000000000000000e+00 1.180352566519012655e-03 1.314399355600933848e-03 8.302446525424247731e-04 9.408851791290115656e-04
1.000000000000000000e+00 2.500000000000000000e+01 0.000000000000000000e+00 1.165004290223294482e-03 1.296021021492928162e-03 8.186858301925172563e-04 9.269585919582069237e-04
1.000000000000000000e+00 3.000000000000000000e+01 0.000000000000000000e+00 1.154903815336639225e-03 1.294106329646024399e-03 8.124533648332497469e-04 9.294351059978334974e-04
1.000000000000000000e+00 3.500000000000000000e+01 0.000000000000000000e+00 1.144194616583770006e-03 1.286539426840731335e-03 8.123077185762543400e-04 9.321445871305775394e-04
1.000000000000000000e+00 4.000000000000000000e+01 0.000000000000000000e+00 1.142821994886855218e-03 1.283841556944006730e-03 8.125233671369469285e-04 9.317758716281366671e-04
1.000000000000000000e+00 4.500000000000000000e+01 0.000000000000000000e+00 1.141204994009163438e-03 1.282204965668746251e-03 8.142530109006047715e-04 9.335339328916916930e-04
1.000000000000000000e+00 5.000000000000000000e+01 0.000000000000000000e+00 1.140700233316059315e-03 1.281861858895204549e-03 8.136100678066209794e-04 9.331165119766132330e-04
2.000000000000000000e+00 1.000000000000000000e+00 0.000000000000000000e+00 3.063875038170495169e-03 3.071410970005807994e-03 1.777550237073811457e-04 2.009788954386983542e-04
2.000000000000000000e+00 5.000000000000000000e+00 0.000000000000000000e+00 1.352091083258430675e-03 1.418394011947579549e-03 6.972497387840981796e-04 6.857059949714820442e-04
2.000000000000000000e+00 1.000000000000000000e+01 0.000000000000000000e+00 1.008143819913113939e-03 1.155607887103381973e-03 5.058785942653599814e-04 5.622003720393292528e-04
2.000000000000000000e+00 1.500000000000000000e+01 0.000000000000000000e+00 9.766877310386395169e-04 1.230833257102858288e-03 4.318869299860650227e-04 5.503234046759701657e-04
2.000000000000000000e+00 2.000000000000000000e+01 0.000000000000000000e+00 3.281374857557178143e-04 4.300608114820575066e-04 2.397913894958714502e-04 3.300195972838243139e-04
2.000000000000000000e+00 2.500000000000000000e+01 0.000000000000000000e+00 4.230541945369699938e-04 5.673458192636540113e-04 3.156609742555001644e-04 4.053532890929308617e-04
2.000000000000000000e+00 3.000000000000000000e+01 0.000000000000000000e+00 4.642109436296433934e-04 6.080840179240267927e-04 4.017506623644710316e-04 5.342907493226326790e-04
2.000000000000000000e+00 3.500000000000000000e+01 0.000000000000000000e+00 3.815484226523348428e-04 4.885943271159784744e-04 2.757804052838995859e-04 3.351620262667585849e-04
2.000000000000000000e+00 4.000000000000000000e+01 0.000000000000000000e+00 2.303581310788255340e-04 3.160410258424663828e-04 1.868027629182907349e-04 2.695554891345401530e-04
2.000000000000000000e+00 4.500000000000000000e+01 0.000000000000000000e+00 2.471921637257221897e-04 3.173632351427065523e-04 2.080034594712986892e-04 2.609090927678947981e-04
2.000000000000000000e+00 5.000000000000000000e+01 0.000000000000000000e+00 3.527588249235993727e-04 4.508337838033259388e-04 2.458554924125197863e-04 3.113624366787909781e-04
3.000000000000000000e+00 1.000000000000000000e+00 0.000000000000000000e+00 2.645991460819730346e-03 2.671353172741749733e-03 2.193189366932994525e-04 2.459167613423555825e-04
3.000000000000000000e+00 5.000000000000000000e+00 0.000000000000000000e+00 1.458709333414304719e-03 1.569028366154204919e-03 5.941149896168395088e-04 6.165044782569262813e-04
3.000000000000000000e+00 1.000000000000000000e+01 0.000000000000000000e+00 5.741052034869594803e-04 7.036477294220014854e-04 4.418270607887374302e-04 5.450607217560631077e-04
3.000000000000000000e+00 1.500000000000000000e+01 0.000000000000000000e+00 1.405208308196690195e-04 1.971982076714658171e-04 1.122908637748804087e-04 1.622728844640887816e-04
3.000000000000000000e+00 2.000000000000000000e+01 0.000000000000000000e+00 1.619738394308672263e-04 2.514091302444752167e-04 1.153337764624801293e-04 1.913789125976385948e-04
3.000000000000000000e+00 2.500000000000000000e+01 0.000000000000000000e+00 8.676658090570539040e-05 1.319987752911395344e-04 8.151043244612854563e-05 1.370419066661819835e-04
3.000000000000000000e+00 3.000000000000000000e+01 0.000000000000000000e+00 1.501808585983979477e-04 2.233970853932580190e-04 1.396336793573295701e-04 2.007617946887132294e-04
3.000000000000000000e+00 3.500000000000000000e+01 0.000000000000000000e+00 6.230912534362775942e-05 9.708126793033015857e-05 7.182839823517719294e-05 1.251111280994715298e-04
3.000000000000000000e+00 4.000000000000000000e+01 0.000000000000000000e+00 1.702653761901818806e-04 2.676697757780404415e-04 1.500243732274965825e-04 2.427346755270482642e-04
3.000000000000000000e+00 4.500000000000000000e+01 0.000000000000000000e+00 1.209895450083248506e-04 1.869180174427813518e-04 5.099794451069703015e-05 8.154966487269283229e-05
3.000000000000000000e+00 5.000000000000000000e+01 0.000000000000000000e+00 1.904259325142159992e-04 2.855501181661775014e-04 1.783841293801072595e-04 2.657218303301914436e-04
4.000000000000000000e+00 1.000000000000000000e+00 0.000000000000000000e+00 2.306962450990509336e-03 2.366603104036671314e-03 3.386988165643658360e-04 3.386918188654801029e-04
4.000000000000000000e+00 5.000000000000000000e+00 0.000000000000000000e+00 7.799513908599129850e-04 8.736306135087483840e-04 4.754597516450391405e-04 5.175064000391101700e-04
4.000000000000000000e+00 1.000000000000000000e+01 0.000000000000000000e+00 2.102654049187605565e-04 3.035056763532658491e-04 1.445691851769705908e-04 2.217301130984605350e-04
4.000000000000000000e+00 1.500000000000000000e+01 0.000000000000000000e+00 1.045427452603016485e-04 1.655318913434984250e-04 8.094528718839585869e-05 1.247074800892870611e-04
4.000000000000000000e+00 2.000000000000000000e+01 0.000000000000000000e+00 9.693424188537319889e-05 1.686389989992178023e-04 1.028390285736065571e-04 1.894125241721901856e-04
4.000000000000000000e+00 2.500000000000000000e+01 0.000000000000000000e+00 1.190118949947133805e-04 2.117421762642197251e-04 1.248057739875334021e-04 2.234907807554040301e-04
4.000000000000000000e+00 3.000000000000000000e+01 0.000000000000000000e+00 7.484117348888418518e-05 1.380902076256981836e-04 9.550702832354976933e-05 1.946727164163892208e-04
4.000000000000000000e+00 3.500000000000000000e+01 0.000000000000000000e+00 5.950524335136726263e-05 1.051345679314938934e-04 6.294675731874625096e-05 1.212527695932581637e-04
4.000000000000000000e+00 4.000000000000000000e+01 0.000000000000000000e+00 1.231726366431220156e-04 2.305417680856585122e-04 6.778077959431409022e-05 1.359785290991205868e-04
4.000000000000000000e+00 4.500000000000000000e+01 0.000000000000000000e+00 1.236532653869418230e-04 2.248399556408672004e-04 1.018265113320744033e-04 1.875739910074559352e-04
4.000000000000000000e+00 5.000000000000000000e+01 0.000000000000000000e+00 5.787652621085749354e-05 1.035043392111751031e-04 4.295993262061117691e-05 8.654891073997135194e-05
5.000000000000000000e+00 1.000000000000000000e+00 0.000000000000000000e+00 2.416096991756664595e-03 2.461402137348774836e-03 2.472228627961272534e-04 2.592051047809479521e-04
5.000000000000000000e+00 5.000000000000000000e+00 0.000000000000000000e+00 4.384909920533108492e-04 5.179582109020107027e-04 1.310178533608721287e-04 1.468955005175472985e-04
5.000000000000000000e+00 1.000000000000000000e+01 0.000000000000000000e+00 1.262941785942244184e-04 1.905808919405859868e-04 9.359172973704765004e-05 1.496585317014458613e-04
5.000000000000000000e+00 1.500000000000000000e+01 0.000000000000000000e+00 6.802461582817187513e-05 1.174772832970255414e-04 6.756981920207895083e-05 1.108382472884306298e-04
5.000000000000000000e+00 2.000000000000000000e+01 0.000000000000000000e+00 3.209973067754523480e-05 6.308672700978994663e-05 4.183885306910674318e-05 8.470390784522689655e-05
5.000000000000000000e+00 2.500000000000000000e+01 0.000000000000000000e+00 4.035013199689132743e-05 7.903165860006816819e-05 2.224134990564540190e-05 4.281688936560366199e-05
5.000000000000000000e+00 3.000000000000000000e+01 0.000000000000000000e+00 3.129681100999274416e-05 6.215379584351368876e-05 2.170789115005052595e-05 5.124876527664252649e-05
5.000000000000000000e+00 3.500000000000000000e+01 0.000000000000000000e+00 4.933275938041652099e-05 1.046428359373202926e-04 3.835708372783126020e-05 9.184666691051169326e-05
5.000000000000000000e+00 4.000000000000000000e+01 0.000000000000000000e+00 3.807822932290383687e-05 7.729680139936169372e-05 3.123745148523687066e-05 6.617910425280848475e-05
5.000000000000000000e+00 4.500000000000000000e+01 0.000000000000000000e+00 3.934697822809418304e-05 7.929584186267167535e-05 3.928777919711406313e-05 8.712803826189408367e-05
5.000000000000000000e+00 5.000000000000000000e+01 0.000000000000000000e+00 2.636737444916932371e-05 5.354504216506393761e-05 1.754555470832770160e-05 3.668770089026745818e-05
