1.000000000000000000e+00 1.000000000000000000e+00 2.999999999999999889e-01 3.156255087812161794e-03 3.222736679135198515e-03 2.323660882542821012e-04 2.536747390188175068e-04
1.000000000000000000e+00 5.000000000000000000e+00 2.999999999999999889e-01 2.062066074295819482e-03 2.140356307120516461e-03 8.332776874435559623e-04 8.765493614762738398e-04
1.000000000000000000e+00 1.000000000000000000e+01 2.999999999999999889e-01 1.560111144154509386e-03 1.664024885580538864e-03 9.532103763644977435e-04 1.035087844222024392e-03
1.000000000000000000e+00 1.500000000000000000e+01 2.999999999999999889e-01 1.251743323924134083e-03 1.384811061395903233e-03 8.901558648660744862e-04 9.936984112573015414e-04
1.000000000000000000e+00 2.000000000000000000e+01 2.999999999999999889e-01 1.197559594577228548e-03 1.334330556094811366e-03 8.530268550358142878e-04 9.593996849133335078e-04
1.000000000000000000e+00 2.500000000000000000e+01 2.999999999999999889e-01 1.182570613304699536e-03 1.320121840817065116e-03 8.402667362993296611e-04 9.484042540365305489e-04
1.000000000000000000e+00 3.000000000000000000e+01 2.999999999999999889e-01 1.177862056206524250e-03 1.314623449953302489e-03 8.395089383822338823e-04 9.466597132317314646e-04
1.000000000000000000e+00 3.500000000000000000e+01 2.999999999999999889e-01 1.169291380581777718e-03 1.309909494152667730e-03 8.412102259147502363e-04 9.552376768985136428e-04
1.000000000000000000e+00 4.000000000000000000e+01 2.999999999999999889e-01 1.163249160391391238e-03 1.307163203043424380e-03 8.351719103178261144e-04 9.527172140813975265e-04
1.000000000000000000e+00 4.500000000000000000e+01 2.999999999999999889e-01 1.161572842303379644e-03 1.305440739617938235e-03 8.367996773688730645e-04 9.545202088413413987e-04
1.000000000000000000e+00 5.000000000000000000e+01 2.999999999999999889e-01 1.160853910011306646e-03 1.305730069933974365e-03 8.360756736076269601e-04 9.555678559821642127e-04
2.000000000000000000e+00 1.000000000000000000e+00 2.999999999999999889e-01 3.028133397623174964e-03 3.119584826400813565e-03 2.225407736292949780e-04 2.521462076347699677e-04
2.000000000000000000e+00 5.000000000000000000e+00 2.999999999999999889e-01 1.067129712921392488e-03 1.162296238682424898e-03 5.438826528175214840e-04 5.616017782500453597e-04
2.000000000000000000e+00 1.000000000000000000e+01 2.999999999999999889e-01 6.055903963254809317e-04 7.207777755762625289e-04 2.999140774136426911e-04 3.642883631748124271e-04
2.000000000000000000e+00 1.500000000000000000e+01 2.999999999999999889e-01 5.010662535396440218e-04 6.878198684945048243e-04 2.242749023936412304e-04 3.019297706396890956e-04
2.000000000000000000e+00 2.000000000000000000e+01 2.999999999999999889e-01 1.967916375518320542e-04 2.618202752107365349e-04 1.307284828254958245e-04 1.790157617848128898e-04
2.000000000000000000e+00 2.500000000000000000e+01 2.999999999999999889e-01 2.131700985937519442e-04 2.924981171626141142e-04 1.400222243565627965e-04 1.897061586185224671e-04
2.000000000000000000e+00 3.000000000000000000e+01 2.999999999999999889e-01 2.384626068371853143e-04 3.267449196968621387e-04 1.912209221460853508e-04 2.673171665057642974e-04
2.000000000000000000e+00 3.500000000000000000e+01 2.999999999999999889e-01 1.961494133792632288e-04 2.647021467651866069e-04 1.180249880777928370e-04 1.565618939039675511e-04
2.000000000000000000e+00 4.000000000000000000e+01 2.999999999999999889e-01 1.296390176405126367e-04 1.741205567693670673e-04 8.613094875470244977e-05 1.201621235814546730e-04
2.000000000000000000e+00 4.500000000000000000e+01 2.999999999999999889e-01 1.295562492129261111e-04 1.762440003451836682e-04 8.269017650160657984e-05 1.133564655770315753e-04
2.000000000000000000e+00 5.000000000000000000e+01 2.999999999999999889e-01 1.942700267889523448e-04 2.657403858577880905e-04 1.237540429684963635e-04 1.713885700001132099e-04
3.000000000000000000e+00 1.000000000000000000e+00 2.999999999999999889e-01 2.518163859574481817e-03 2.568061001746923741e-03 2.499357795860564745e-04 2.839290280608824327e-04
3.000000000000000000e+00 5.000000000000000000e+00 2.999999999999999889e-01 9.773981418916282034e-04 1.150090117625304125e-03 3.617803558070548488e-04 4.453800612190065298e-04
3.000000000000000000e+00 1.000000000000000000e+01 2.999999999999999889e-01 3.256596503005985879e-04 4.490803354989324854e-04 2.505518043956951341e-04 3.670401960278877793e-04
3.000000000000000000e+00 1.500000000000000000e+01 2.999999999999999889e-01 6.889760493755916668e-05 1.035573488028457354e-04 4.223556618037785447e-05 6.308376676032582432e-05
3.000000000000000000e+00 2.000000000000000000e+01 2.999999999999999889e-01 8.191678307872239672e-05 1.364078717611934082e-04 5.449998580397942359e-05 9.924381722496330418e-05
3.000000000000000000e+00 2.500000000000000000e+01 2.999999999999999889e-01 4.666170236142585468e-05 7.299945777019225992e-05 3.653962918097631169e-05 5.569091349577810925e-05
3.000000000000000000e+00 3.000000000000000000e+01 2.999999999999999889e-01 7.207464271688412342e-05 1.157284054161219523e-04 4.912677899588681601e-05 8.630588804482209383e-05
3.000000000000000000e+00 3.500000000000000000e+01 2.999999999999999889e-01 3.782923246059594514e-05 5.887420443610770357e-05 3.877951869592746639e-05 6.195340006153481126e-05
3.000000000000000000e+00 4.000000000000000000e+01 2.999999999999999889e-01 7.591552219865204385e-05 1.277389468605665316e-04 4.783308793642763790e-05 8.696343912475774289e-05
3.000000000000000000e+00 4.500000000000000000e+01 2.999999999999999889e-01 6.348210397745147220e-05 1.021935050669438500e-04 2.250950838182923597e-05 3.427335351206413339e-05
3.000000000000000000e+00 5.000000000000000000e+01 2.999999999999999889e-01 8.660396729047776143e-05 1.404726890262214339e-04 6.634048966700367299e-05 1.051880198541652105e-04
4.000000000000000000e+00 1.000000000000000000e+00 2.999999999999999889e-01 2.096659091301256335e-03 2.176509308741413594e-03 3.526848901478770934e-04 3.898107804600611445e-04
4.000000000000000000e+00 5.000000000000000000e+00 2.999999999999999889e-01 5.387686012109494217e-04 6.444556840500342224e-04 2.995224848337923454e-04 3.535486697498555885e-04
4.000000000000000000e+00 1.000000000000000000e+01 2.999999999999999889e-01 1.198528392779967542e-04 1.789070424020301428e-04 6.977338020276671485e-05 1.079265795199741871e-04
4.000000000000000000e+00 1.500000000000000000e+01 2.999999999999999889e-01 4.573187236405828278e-05 8.323199351149100232e-05 2.878419254858684064e-05 5.552597548081859971e-05
4.000000000000000000e+00 2.000000000000000000e+01 2.999999999999999889e-01 3.797667473070855126e-05 7.679697741984668020e-05 2.690063591249926010e-05 6.167373733613197399e-05
4.000000000000000000e+00 2.500000000000000000e+01 2.999999999999999889e-01 5.022017924280245505e-05 9.081954408792818003e-05 4.450663919602434749e-05 7.983204610143299150e-05
4.000000000000000000e+00 3.000000000000000000e+01 2.999999999999999889e-01 3.157598286375194919e-05 5.842226645135625618e-05 3.401612672683579288e-05 6.656636131642301507e-05
4.000000000000000000e+00 3.500000000000000000e+01 2.999999999999999889e-01 2.762857001210984335e-05 5.120871038685974438e-05 2.305197072017955509e-05 4.534570581334523625e-05
4.000000000000000000e+00 4.000000000000000000e+01 2.999999999999999889e-01 5.009380847403398609e-05 9.892267654866950324e-05 2.573736752467802339e-05 5.586776034968035198e-05
4.000000000000000000e+00 4.500000000000000000e+01 2.999999999999999889e-01 4.884088410118873593e-05 9.406638112584325044e-05 3.597541380060903998e-05 6.935332301108359057e-05
4.000000000000000000e+00 5.000000000000000000e+01 2.999999999999999889e-01 2.637573404015909774e-05 4.857037954289304265e-05 1.852206637547392401e-05 3.346885063598284752e-05
5.000000000000000000e+00 1.000000000000000000e+00 2.999999999999999889e-01 2.083592292636664029e-03 2.178134842666885895e-03 3.052000333634243196e-04 3.086319995189345448e-04
5.000000000000000000e+00 5.000000000000000000e+00 2.999999999999999889e-01 2.815607124931386878e-04 3.621424426935696038e-04 6.258351491041783186e-05 9.331120510829966311e-05
5.000000000000000000e+00 1.000000000000000000e+01 2.999999999999999889e-01 6.459779545826118210e-05 1.080473996880264271e-04 4.060787288529328116e-05 7.277354775092410215e-05
5.000000000000000000e+00 1.500000000000000000e+01 2.999999999999999889e-01 3.079549221403655041e-05 5.825344946257464109e-05 2.565888727391651335e-05 4.915286232725184765e-05
5.000000000000000000e+00 2.000000000000000000e+01 2.999999999999999889e-01 1.551777715071795213e-05 3.368425299854020661e-05 1.524625330994539970e-05 3.680734137904414165e-05
5.000000000000000000e+00 2.500000000000000000e+01 2.999999999999999889e-01 1.901668964348109120e-05 4.001732696198586714e-05 9.897444538259285131e-06 2.252365094233270453e-05
5.000000000000000000e+00 3.000000000000000000e+01 2.999999999999999889e-01 1.528351333497887676e-05 3.212051670489308932e-05 9.657391605099866879e-06 2.057225518629627711e-05
5.000000000000000000e+00 3.500000000000000000e+01 2.999999999999999889e-01 2.119746164907761535e-05 4.575422070328126917e-05 1.456635845795449386e-05 3.229676813344180562e-05
5.000000000000000000e+00 4.000000000000000000e+01 2.999999999999999889e-01 1.882822205946067335e-05 3.934673581643567398e-05 1.209989882686435959e-05 2.702809210794324054e-05
5.000000000000000000e+00 4.500000000000000000e+01 2.999999999999999889e-01 1.887182121189524803e-05 4.105271417235839673e-05 1.743227572036764106e-05 4.012602471798363629e-05
5.000000000000000000e+00 5.000000000000000000e+01 2.999999999999999889e-01 1.340185262755964627e-05 2.863171497635029803e-05 7.036362034244964691e-06 1.490374137364198763e-05
