1.000000000000000000e+00 1.000000000000000000e+00 1.000000000000000000e+00 3.170689632081888972e-03 3.295396189344605882e-03 1.751403508673719204e-04 2.444507656193300386e-04
1.000000000000000000e+00 5.000000000000000000e+00 1.000000000000000000e+00 2.407738282087881244e-03 2.494973776783569915e-03 6.140680978247916189e-04 6.706747686788374968e-04
1.000000000000000000e+00 1.000000000000000000e+01 1.000000000000000000e+00 1.751684198018069270e-03 1.807102642723942745e-03 7.138021928786322627e-04 7.254562516125216990e-04
1.000000000000000000e+00 1.500000000000000000e+01 1.000000000000000000e+00 1.576367468481168748e-03 1.682033835322887345e-03 7.890832339057583626e-04 8.245649901162843860e-04
1.000000000000000000e+00 2.000000000000000000e+01 1.000000000000000000e+00 1.464400411917565412e-03 1.582010299322537689e-03 4.618719344323057668e-04 4.932818377297502974e-04
1.000000000000000000e+00 2.500000000000000000e+01 1.000000000000000000e+00 1.348453185745975350e-03 1.402299694211723994e-03 8.044604316956930875e-04 8.373669674342300350e-04
2.000000000000000000e+00 1.000000000000000000e+00 1.000000000000000000e+00 6.543379064837884403e-03 8.066334696560610931e-03 6.160633641004470851e-04 1.520255830131294304e-03
2.000000000000000000e+00 5.000000000000000000e+00 1.000000000000000000e+00 6.837714178249312824e-03 9.030158372351083929e-03 4.769666356732859278e-04 1.276957209660480172e-03
2.000000000000000000e+00 1.000000000000000000e+01 1.000000000000000000e+00 6.943498339604739500e-03 9.115701468987361458e-03 4.897361856329282472e-04 1.262488787298564211e-03
2.000000000000000000e+00 1.500000000000000000e+01 1.000000000000000000e+00 6.763972490170367009e-03 8.603870396588428338e-03 5.400061960216676407e-04 1.439759856971017894e-03
2.000000000000000000e+00 2.000000000000000000e+01 1.000000000000000000e+00 6.939570924308878508e-03 9.002215334810631520e-03 5.559728214131941454e-04 1.430947513804140632e-03
2.000000000000000000e+00 2.500000000000000000e+01 1.000000000000000000e+00 1.032528987167496103e-02 1.595712369635256603e-02 7.546044381175990093e-03 1.764941642620879506e-02
3.000000000000000000e+00 1.000000000000000000e+00 1.000000000000000000e+00 6.826275350672558404e-03 8.859783389525950972e-03 6.463873788981850744e-04 1.697825450281667883e-03
3.000000000000000000e+00 5.000000000000000000e+00 1.000000000000000000e+00 6.822767181149247059e-03 8.791766871661768276e-03 8.300228975090801061e-04 2.095269583786443530e-03
3.000000000000000000e+00 1.000000000000000000e+01 1.000000000000000000e+00 6.923545957940429804e-03 8.977042661800785361e-03 5.743758611099630818e-04 1.202101934874878373e-03
3.000000000000000000e+00 1.500000000000000000e+01 1.000000000000000000e+00 7.213031825713397786e-03 9.288648905216821683e-03 7.474695792144577097e-04 7.956312849240981897e-04
3.000000000000000000e+00 2.000000000000000000e+01 1.000000000000000000e+00 1.643375561518315570e-02 2.793921370099295906e-02 2.430067405123146479e-02 4.834550986664926109e-02
3.000000000000000000e+00 2.500000000000000000e+01 1.000000000000000000e+00 8.495474303547065342e-03 1.572532983716283181e-02 4.098289603396788015e-03 1.857602765235453340e-02
4.000000000000000000e+00 1.000000000000000000e+00 1.000000000000000000e+00 6.961069651086322294e-03 9.155767906956994301e-03 2.560283709240476573e-04 6.241951957459597206e-04
4.000000000000000000e+00 5.000000000000000000e+00 1.000000000000000000e+00 6.996885651918025202e-03 9.286686459385209286e-03 2.574739669323443934e-04 5.815292523612067017e-04
4.000000000000000000e+00 1.000000000000000000e+01 1.000000000000000000e+00 7.334124605354939812e-03 9.976094704362066523e-03 8.739696456384575670e-04 2.041008301029885886e-03
4.000000000000000000e+00 1.500000000000000000e+01 1.000000000000000000e+00 1.021278431869067360e-02 1.766101368930144550e-02 5.110477880065349143e-03 1.303080041643192924e-02
4.000000000000000000e+00 2.000000000000000000e+01 1.000000000000000000e+00 1.739925833929039517e-02 2.865859535862072538e-02 2.862181089997181682e-02 5.324199673466471772e-02
4.000000000000000000e+00 2.500000000000000000e+01 1.000000000000000000e+00 1.356359652956003539e-02 2.839603291803665525e-02 1.326300223111821081e-02 4.199879391976885090e-02
5.000000000000000000e+00 1.000000000000000000e+00 1.000000000000000000e+00 7.049507460430684894e-03 9.303348862860792712e-03 2.294863406063580506e-04 4.745598071173360677e-04
5.000000000000000000e+00 5.000000000000000000e+00 1.000000000000000000e+00 6.875256782567530471e-03 9.014659505117379734e-03 4.857849737727750979e-04 1.159670117035338467e-03
5.000000000000000000e+00 1.000000000000000000e+01 1.000000000000000000e+00 2.965524527757874493e-02 5.517830182854277510e-02 6.823346455710291303e-02 1.377252972551256394e-01
5.000000000000000000e+00 1.500000000000000000e+01 1.000000000000000000e+00 6.965194649780725826e-03 9.192253770556883113e-03 2.329837426732385289e-04 5.809911784895008431e-04
5.000000000000000000e+00 2.000000000000000000e+01 1.000000000000000000e+00 7.911568598931507587e-03 1.165490322684765989e-02 1.619681910702868355e-03 4.284266926901079443e-03
5.000000000000000000e+00 2.500000000000000000e+01 1.000000000000000000e+00 7.475652155743564911e-03 1.009634210553287705e-02 1.972005278621834570e-03 4.455481356730621456e-03
