1.000000000000000000e+00 1.000000000000000000e+00 6.999999999999999556e-01 3.265432572581796616e-03 3.256264841778927412e-03 1.366816577749790040e-04 1.379724320240867928e-04
1.000000000000000000e+00 5.000000000000000000e+00 6.999999999999999556e-01 2.285311164807782378e-03 2.351935490077086861e-03 8.753615148926098414e-04 9.186813094424945998e-04
1.000000000000000000e+00 1.000000000000000000e+01 6.999999999999999556e-01 1.910074753908707484e-03 1.994866060649242660e-03 8.030522135156170334e-04 8.216565287175101300e-04
1.000000000000000000e+00 1.500000000000000000e+01 6.999999999999999556e-01 1.586429411417879893e-03 1.766100655646323956e-03 6.613722329231868377e-04 7.285426472691843144e-04
1.000000000000000000e+00 2.000000000000000000e+01 6.999999999999999556e-01 1.665796027470590676e-03 1.863585273609796780e-03 6.498995600283691710e-04 7.174164490585633550e-04
1.000000000000000000e+00 2.500000000000000000e+01 6.999999999999999556e-01 1.412682736562503654e-03 1.582208598428722036e-03 8.742868480103587088e-04 9.683260560466975956e-04
2.000000000000000000e+00 1.000000000000000000e+00 6.999999999999999556e-01 2.744966524673362641e-03 2.793002965794888666e-03 2.762697260490300276e-04 2.839459989473888039e-04
2.000000000000000000e+00 5.000000000000000000e+00 6.999999999999999556e-01 7.448751409801819415e-04 8.063905968970868070e-04 1.897083914818173888e-04 2.082225163769209179e-04
2.000000000000000000e+00 1.000000000000000000e+01 6.999999999999999556e-01 1.903562130001142691e-04 2.272681185009164972e-04 4.733312743850099101e-05 6.216337664548263263e-05
2.000000000000000000e+00 1.500000000000000000e+01 6.999999999999999556e-01 6.499971125474168657e-05 8.125372089045304776e-05 4.342433068746627756e-05 5.525074003950420601e-05
2.000000000000000000e+00 2.000000000000000000e+01 6.999999999999999556e-01 6.821478552067730737e-05 8.447647595107950138e-05 3.623987496548187939e-05 4.447103539067316820e-05
2.000000000000000000e+00 2.500000000000000000e+01 6.999999999999999556e-01 7.491950265112611756e-05 9.316468387313335217e-05 4.072339187683453348e-05 4.941989065904553501e-05
3.000000000000000000e+00 1.000000000000000000e+00 6.999999999999999556e-01 2.180900600228514834e-03 2.271687009141818044e-03 2.453704807630031014e-04 2.436868145711886967e-04
3.000000000000000000e+00 5.000000000000000000e+00 6.999999999999999556e-01 3.880867587556126449e-04 4.442833360546295058e-04 1.258475376648325540e-04 1.455670799726302000e-04
3.000000000000000000e+00 1.000000000000000000e+01 6.999999999999999556e-01 9.422603626516013429e-05 1.157251109991896650e-04 3.737477840948303488e-05 4.679391892080258001e-05
3.000000000000000000e+00 1.500000000000000000e+01 6.999999999999999556e-01 3.077925741294761759e-05 4.325300629475189090e-05 9.893517091648696446e-06 1.547961527828397175e-05
3.000000000000000000e+00 2.000000000000000000e+01 6.999999999999999556e-01 3.195218167826678602e-05 4.549426575350985763e-05 1.665010072561800628e-05 2.478749122353246384e-05
3.000000000000000000e+00 2.500000000000000000e+01 6.999999999999999556e-01 2.423036787972586846e-05 3.400318824195218360e-05 1.315110871208686536e-05 1.955684546074376337e-05
4.000000000000000000e+00 1.000000000000000000e+00 6.999999999999999556e-01 1.564675863838103659e-03 1.605384742732220409e-03 2.847369767441012959e-04 3.103562576275658408e-04
4.000000000000000000e+00 5.000000000000000000e+00 6.999999999999999556e-01 2.503439005893882594e-04 2.961139562663233173e-04 8.149576310984462041e-05 1.004818934804525089e-04
4.000000000000000000e+00 1.000000000000000000e+01 6.999999999999999556e-01 4.310625213631818212e-05 5.709845671953439221e-05 1.981331986280439664e-05 2.875565232358947117e-05
4.000000000000000000e+00 1.500000000000000000e+01 6.999999999999999556e-01 1.584823617188539101e-05 2.566306978397586767e-05 6.198433536974064509e-06 1.110564113457583200e-05
4.000000000000000000e+00 2.000000000000000000e+01 6.999999999999999556e-01 1.179984201060958400e-05 1.820626533298130259e-05 4.808401487680157700e-06 6.417892380876769616e-06
4.000000000000000000e+00 2.500000000000000000e+01 6.999999999999999556e-01 1.171360434660096083e-05 1.963433509846729732e-05 7.934639920913629416e-06 1.611999433388332017e-05
5.000000000000000000e+00 1.000000000000000000e+00 6.999999999999999556e-01 1.394583454836856784e-03 1.472418402003837197e-03 2.874160841784879927e-04 3.048837529135887763e-04
5.000000000000000000e+00 5.000000000000000000e+00 6.999999999999999556e-01 1.648751787681115703e-04 2.082752736682480911e-04 6.952511381257956878e-05 7.927248332394152045e-05
5.000000000000000000e+00 1.000000000000000000e+01 6.999999999999999556e-01 1.877459196080597244e-05 2.656275841075012955e-05 7.625433671486913223e-06 1.055701488547192652e-05
5.000000000000000000e+00 1.500000000000000000e+01 6.999999999999999556e-01 9.534132105571216793e-06 1.616916057400485482e-05 4.361448688948841947e-06 7.659555097465659289e-06
5.000000000000000000e+00 2.000000000000000000e+01 6.999999999999999556e-01 6.810936317612656186e-06 1.215860535901274065e-05 2.979243465274421957e-06 5.248779726891256517e-06
5.000000000000000000e+00 2.500000000000000000e+01 6.999999999999999556e-01 5.438224936581658914e-06 9.673858756815667030e-06 4.070227203200829934e-06 8.072465092136146364e-06
