1.000000000000000000e+00 1.000000000000000000e+00 2.999999999999999889e-01 3.025302353983362266e-03 3.344662613544589248e-03 1.214553727501334752e-04 1.381432720671501625e-04
1.000000000000000000e+00 5.000000000000000000e+00 2.999999999999999889e-01 2.144797018511925002e-03 2.471504013901000812e-03 8.302256684244120393e-04 9.080328362283687999e-04
1.000000000000000000e+00 1.000000000000000000e+01 2.999999999999999889e-01 2.150447873337529674e-03 2.588935707228669399e-03 7.231142209924172528e-04 8.420321458944950979e-04
1.000000000000000000e+00 1.500000000000000000e+01 2.999999999999999889e-01 1.088446396555698727e-03 1.415563540498831997e-03 6.581215665835988410e-04 8.241712869133857979e-04
1.000000000000000000e+00 2.000000000000000000e+01 2.999999999999999889e-01 1.686858527992148114e-03 2.214756021128034234e-03 4.423690587498062547e-04 5.267052792905744249e-04
1.000000000000000000e+00 2.500000000000000000e+01 2.999999999999999889e-01 1.252690921266797104e-03 1.699321276733150882e-03 8.038167802303564004e-04 1.078508487855942433e-03
2.000000000000000000e+00 1.000000000000000000e+00 2.999999999999999889e-01 2.795313125574108628e-03 3.107333293193910440e-03 1.469599757008179376e-04 1.519491866034692132e-04
2.000000000000000000e+00 5.000000000000000000e+00 2.999999999999999889e-01 1.351544155123084829e-03 1.662371364257733295e-03 3.247049715740403368e-04 3.795634721234963558e-04
2.000000000000000000e+00 1.000000000000000000e+01 2.999999999999999889e-01 3.920171523980487543e-04 5.585465144793518499e-04 1.363288884214925551e-04 1.750921880443758437e-04
2.000000000000000000e+00 1.500000000000000000e+01 2.999999999999999889e-01 2.346719006584484734e-04 3.413963108411906732e-04 2.375326963400098391e-04 3.324995386349330860e-04
2.000000000000000000e+00 2.000000000000000000e+01 2.999999999999999889e-01 1.647673552817102097e-04 2.776397198436135255e-04 1.006000566390856529e-04 1.780115275672139279e-04
2.000000000000000000e+00 2.500000000000000000e+01 2.999999999999999889e-01 1.785142560744781696e-04 2.863008683247115246e-04 1.332858817484997309e-04 2.041944654157835937e-04
3.000000000000000000e+00 1.000000000000000000e+00 2.999999999999999889e-01 2.463700021044806614e-03 2.750216984231144707e-03 2.103076704239837075e-04 2.352551060695456941e-04
3.000000000000000000e+00 5.000000000000000000e+00 2.999999999999999889e-01 5.980846130108158571e-04 7.990414153116130172e-04 1.894639835761024126e-04 2.442637593529653700e-04
3.000000000000000000e+00 1.000000000000000000e+01 2.999999999999999889e-01 2.474075901834891004e-04 3.849036158361049550e-04 1.695585275297551949e-04 2.558347732384218362e-04
3.000000000000000000e+00 1.500000000000000000e+01 2.999999999999999889e-01 5.170801806930316798e-05 9.276758482905576278e-05 2.696385628809033958e-05 4.937451092698770110e-05
3.000000000000000000e+00 2.000000000000000000e+01 2.999999999999999889e-01 6.535165463779570472e-05 1.366712926655949309e-04 5.862317750273559778e-05 1.340739792403550516e-04
3.000000000000000000e+00 2.500000000000000000e+01 2.999999999999999889e-01 5.116677837647603736e-05 9.947280348254771993e-05 3.203558837153371188e-05 6.393493535045476496e-05
4.000000000000000000e+00 1.000000000000000000e+00 2.999999999999999889e-01 2.131245649767652805e-03 2.478184252495330229e-03 3.384545495728538277e-04 3.523117384736771285e-04
4.000000000000000000e+00 5.000000000000000000e+00 2.999999999999999889e-01 3.490015509081157178e-04 5.006657105015550153e-04 1.447540631084382921e-04 2.160766933604090141e-04
4.000000000000000000e+00 1.000000000000000000e+01 2.999999999999999889e-01 9.533069290463394899e-05 1.642054571178265597e-04 6.603799570726100480e-05 1.134347987369551828e-04
4.000000000000000000e+00 1.500000000000000000e+01 2.999999999999999889e-01 3.866054084998811274e-05 8.100849970694065628e-05 2.381594718613795538e-05 4.742626828743031994e-05
4.000000000000000000e+00 2.000000000000000000e+01 2.999999999999999889e-01 2.826134121253699426e-05 6.376377069762830788e-05 7.077611746169292081e-06 1.897766962290890503e-05
4.000000000000000000e+00 2.500000000000000000e+01 2.999999999999999889e-01 2.760371014011398991e-05 5.916003516589979697e-05 2.294575331962955760e-05 5.035129861303866720e-05
5.000000000000000000e+00 1.000000000000000000e+00 2.999999999999999889e-01 1.980439981972662543e-03 2.362651129145967258e-03 2.480600060269028064e-04 2.350982621720825371e-04
5.000000000000000000e+00 5.000000000000000000e+00 2.999999999999999889e-01 2.523265219277096385e-04 3.808648558607614031e-04 6.257616335704348730e-05 9.056478255678548125e-05
5.000000000000000000e+00 1.000000000000000000e+01 2.999999999999999889e-01 6.108468785855012122e-05 1.229273038787546761e-04 4.467502792560444397e-05 1.047929046087627030e-04
5.000000000000000000e+00 1.500000000000000000e+01 2.999999999999999889e-01 1.982807110208967743e-05 4.721472058836457755e-05 1.285971662406497171e-05 3.397530366511918585e-05
5.000000000000000000e+00 2.000000000000000000e+01 2.999999999999999889e-01 3.011032390750696441e-05 7.879040789520357156e-05 2.496905268038838982e-05 7.141451174373693593e-05
5.000000000000000000e+00 2.500000000000000000e+01 2.999999999999999889e-01 2.492852077465856434e-05 6.522496859200321807e-05 1.707777868981128337e-05 4.875183588214510440e-05
