1.000000000000000000e+00 1.000000000000000000e+00 5.000000000000000000e-01 3.264914584833861298e-03 3.232447363641941483e-03 1.156823355007275496e-04 1.675386943512525550e-04
1.000000000000000000e+00 5.000000000000000000e+00 5.000000000000000000e-01 2.435591237464378861e-03 2.517214876020296491e-03 5.652620617319558879e-04 5.334438866389148298e-04
1.000000000000000000e+00 1.000000000000000000e+01 5.000000000000000000e-01 2.039885533374976093e-03 2.168267078050373654e-03 8.957650822589300005e-04 9.145805223677111679e-04
1.000000000000000000e+00 1.500000000000000000e+01 5.000000000000000000e-01 1.668018705762509477e-03 1.885538617384252200e-03 9.084096522624937955e-04 1.012208503337952816e-03
1.000000000000000000e+00 2.000000000000000000e+01 5.000000000000000000e-01 8.259989889100172308e-04 9.528464325207498245e-04 6.721789726358059353e-04 7.455408672962382391e-04
1.000000000000000000e+00 2.500000000000000000e+01 5.000000000000000000e-01 1.028669898639610492e-03 1.162199431605430693e-03 7.685694046264296723e-04 8.355261178151347735e-04
2.000000000000000000e+00 1.000000000000000000e+00 5.000000000000000000e-01 2.963005816662551278e-03 2.906757748240781231e-03 2.493335223511941113e-04 2.481935621510455081e-04
2.000000000000000000e+00 5.000000000000000000e+00 5.000000000000000000e-01 9.057316659568890324e-04 9.904203166540440171e-04 3.263473301658337982e-04 3.518398057590285135e-04
2.000000000000000000e+00 1.000000000000000000e+01 5.000000000000000000e-01 3.259965550951912758e-04 3.911743929215765608e-04 1.726444172304184097e-04 2.144950205556857737e-04
2.000000000000000000e+00 1.500000000000000000e+01 5.000000000000000000e-01 1.185424956833684603e-04 1.679152158222261464e-04 6.890257222419342927e-05 1.117900294081134756e-04
2.000000000000000000e+00 2.000000000000000000e+01 5.000000000000000000e-01 1.524212114803882108e-04 2.157089035707744108e-04 9.626643863447591199e-05 1.380269403262241899e-04
2.000000000000000000e+00 2.500000000000000000e+01 5.000000000000000000e-01 1.359554125711127937e-04 1.826047498912452118e-04 6.808088670839317861e-05 9.128850053023853739e-05
3.000000000000000000e+00 1.000000000000000000e+00 5.000000000000000000e-01 2.563027871521254310e-03 2.541608477665046727e-03 1.849159177235802762e-04 2.163579196707707199e-04
3.000000000000000000e+00 5.000000000000000000e+00 5.000000000000000000e-01 6.449967421353416811e-04 7.262814019496519015e-04 1.590558979314390161e-04 1.899643931954281609e-04
3.000000000000000000e+00 1.000000000000000000e+01 5.000000000000000000e-01 1.370635140173000091e-04 1.838319732441361836e-04 5.548100213988450802e-05 7.395588840547352835e-05
3.000000000000000000e+00 1.500000000000000000e+01 5.000000000000000000e-01 6.108827435851585451e-05 9.384281656672508539e-05 2.716823748140044848e-05 4.087966100828730354e-05
3.000000000000000000e+00 2.000000000000000000e+01 5.000000000000000000e-01 6.007406208586922277e-05 8.965257303926651175e-05 4.810566038651603463e-05 6.907493136154217955e-05
3.000000000000000000e+00 2.500000000000000000e+01 5.000000000000000000e-01 4.875952913127715632e-05 7.923299555878396069e-05 2.219302521055620982e-05 3.962334496900098651e-05
4.000000000000000000e+00 1.000000000000000000e+00 5.000000000000000000e-01 2.355841377842652577e-03 2.354196205485171219e-03 3.260524533656332987e-04 3.128187912001528380e-04
4.000000000000000000e+00 5.000000000000000000e+00 5.000000000000000000e-01 3.495002739629103931e-04 4.344592077705265276e-04 1.365912176704585422e-04 1.861524056976647285e-04
4.000000000000000000e+00 1.000000000000000000e+01 5.000000000000000000e-01 7.475025834145006699e-05 1.115829645093269695e-04 3.659009231806102620e-05 5.703935860203492161e-05
4.000000000000000000e+00 1.500000000000000000e+01 5.000000000000000000e-01 1.877722112857891479e-05 3.318563447251143009e-05 1.073643405915463033e-05 2.450369721835182486e-05
4.000000000000000000e+00 2.000000000000000000e+01 5.000000000000000000e-01 2.164664948756651430e-05 3.737480775539095429e-05 1.496879677538641346e-05 2.699562952567337233e-05
4.000000000000000000e+00 2.500000000000000000e+01 5.000000000000000000e-01 2.965781045041966633e-05 5.248559191992528211e-05 1.914562690764180322e-05 3.446793972422859518e-05
5.000000000000000000e+00 1.000000000000000000e+00 5.000000000000000000e-01 1.814676682819906612e-03 1.909128819694882019e-03 2.824490919222654188e-04 2.867855641723088180e-04
5.000000000000000000e+00 5.000000000000000000e+00 5.000000000000000000e-01 2.274583602149858402e-04 2.871728806982274881e-04 5.816621760154605368e-05 7.331971977485890360e-05
5.000000000000000000e+00 1.000000000000000000e+01 5.000000000000000000e-01 4.284309754259166226e-05 6.812936859885643172e-05 2.198866146524328346e-05 3.749582554917681604e-05
5.000000000000000000e+00 1.500000000000000000e+01 5.000000000000000000e-01 1.312705566144812369e-05 2.395585621580101167e-05 8.671651121264595683e-06 1.527791890226041778e-05
5.000000000000000000e+00 2.000000000000000000e+01 5.000000000000000000e-01 9.833992089541842519e-06 1.944377684153739353e-05 5.115882611399182206e-06 1.040835994883073024e-05
5.000000000000000000e+00 2.500000000000000000e+01 5.000000000000000000e-01 1.670401232902869897e-05 3.411416285619510154e-05 1.072578300876707056e-05 2.183497669640323290e-05
