1.000000000000000000e+00 1.000000000000000000e+00 0.000000000000000000e+00 3.306682174549538909e-03 3.351375947116454895e-03 0.000000000000000000e+00 0.000000000000000000e+00
1.000000000000000000e+00 5.000000000000000000e+00 0.000000000000000000e+00 2.968457762111149228e-03 3.071858517009280233e-03 0.000000000000000000e+00 0.000000000000000000e+00
1.000000000000000000e+00 1.000000000000000000e+01 0.000000000000000000e+00 2.453274720560900957e-03 2.668660723851590429e-03 0.000000000000000000e+00 0.000000000000000000e+00
1.000000000000000000e+00 1.500000000000000000e+01 0.000000000000000000e+00 2.101377850254987269e-03 2.440845293223677191e-03 0.000000000000000000e+00 0.000000000000000000e+00
1.000000000000000000e+00 2.000000000000000000e+01 0.000000000000000000e+00 1.917327354571629356e-03 2.321043774531031390e-03 0.000000000000000000e+00 0.000000000000000000e+00
1.000000000000000000e+00 2.500000000000000000e+01 0.000000000000000000e+00 1.887771596108529185e-03 2.299105982978852034e-03 0.000000000000000000e+00 0.000000000000000000e+00
2.000000000000000000e+00 1.000000000000000000e+00 0.000000000000000000e+00 2.774830049807392417e-03 2.894909508472084513e-03 0.000000000000000000e+00 0.000000000000000000e+00
2.000000000000000000e+00 5.000000000000000000e+00 0.000000000000000000e+00 7.362541407319583018e-04 7.828622397226910794e-04 0.000000000000000000e+00 0.000000000000000000e+00
2.000000000000000000e+00 1.000000000000000000e+01 0.000000000000000000e+00 9.249141080132154387e-04 1.152259863179373343e-03 0.000000000000000000e+00 0.000000000000000000e+00
2.000000000000000000e+00 1.500000000000000000e+01 0.000000000000000000e+00 9.440776176393023134e-04 1.215011509521608715e-03 0.000000000000000000e+00 0.000000000000000000e+00
2.000000000000000000e+00 2.000000000000000000e+01 0.000000000000000000e+00 4.351639277580670066e-04 6.464529972935163750e-04 0.000000000000000000e+00 0.000000000000000000e+00
2.000000000000000000e+00 2.500000000000000000e+01 0.000000000000000000e+00 3.059265699173645335e-04 5.053248318372302031e-04 0.000000000000000000e+00 0.000000000000000000e+00
3.000000000000000000e+00 1.000000000000000000e+00 0.000000000000000000e+00 2.638191009921442808e-03 2.710816300266672644e-03 0.000000000000000000e+00 0.000000000000000000e+00
3.000000000000000000e+00 5.000000000000000000e+00 0.000000000000000000e+00 1.198090815678864258e-03 1.354792759831807995e-03 0.000000000000000000e+00 0.000000000000000000e+00
3.000000000000000000e+00 1.000000000000000000e+01 0.000000000000000000e+00 1.203880363288152002e-04 1.613115914246661051e-04 0.000000000000000000e+00 0.000000000000000000e+00
3.000000000000000000e+00 1.500000000000000000e+01 0.000000000000000000e+00 4.911648864102629821e-05 6.211968384078830972e-05 0.000000000000000000e+00 0.000000000000000000e+00
3.000000000000000000e+00 2.000000000000000000e+01 0.000000000000000000e+00 3.353601834659212079e-04 5.366026676673417255e-04 0.000000000000000000e+00 0.000000000000000000e+00
3.000000000000000000e+00 2.500000000000000000e+01 0.000000000000000000e+00 3.570616057786382865e-04 6.329083850221792380e-04 0.000000000000000000e+00 0.000000000000000000e+00
4.000000000000000000e+00 1.000000000000000000e+00 0.000000000000000000e+00 2.312551823840092863e-03 2.306543834312590243e-03 0.000000000000000000e+00 0.000000000000000000e+00
4.000000000000000000e+00 5.000000000000000000e+00 0.000000000000000000e+00 4.368746783751411276e-04 5.440086134798168731e-04 0.000000000000000000e+00 0.000000000000000000e+00
4.000000000000000000e+00 1.000000000000000000e+01 0.000000000000000000e+00 1.823189415829989599e-04 2.550110822333621842e-04 0.000000000000000000e+00 0.000000000000000000e+00
4.000000000000000000e+00 1.500000000000000000e+01 0.000000000000000000e+00 1.253162549739969848e-04 2.350535333629085409e-04 0.000000000000000000e+00 0.000000000000000000e+00
4.000000000000000000e+00 2.000000000000000000e+01 0.000000000000000000e+00 9.027858895435976060e-05 1.738000980654280344e-04 0.000000000000000000e+00 0.000000000000000000e+00
4.000000000000000000e+00 2.500000000000000000e+01 0.000000000000000000e+00 2.839297358363077981e-05 5.122273039251168175e-05 0.000000000000000000e+00 0.000000000000000000e+00
5.000000000000000000e+00 1.000000000000000000e+00 0.000000000000000000e+00 2.140071977071918933e-03 2.152306264388091379e-03 0.000000000000000000e+00 0.000000000000000000e+00
5.000000000000000000e+00 5.000000000000000000e+00 0.000000000000000000e+00 3.131419539845469195e-04 3.691316027754380975e-04 0.000000000000000000e+00 0.000000000000000000e+00
5.000000000000000000e+00 1.000000000000000000e+01 0.000000000000000000e+00 2.110068806605605406e-05 3.309360549109856747e-05 0.000000000000000000e+00 0.000000000000000000e+00
5.000000000000000000e+00 1.500000000000000000e+01 0.000000000000000000e+00 1.330536495553841114e-05 2.390907253490406201e-05 0.000000000000000000e+00 0.000000000000000000e+00
5.000000000000000000e+00 2.000000000000000000e+01 0.000000000000000000e+00 1.438994797025245586e-05 2.924721717832882788e-05 0.000000000000000000e+00 0.000000000000000000e+00
5.000000000000000000e+00 2.500000000000000000e+01 0.000000000000000000e+00 5.590378927733230367e-05 1.144423829948592561e-04 0.000000000000000000e+00 0.000000000000000000e+00
