1.000000000000000000e+00 1.000000000000000000e+00 5.000000000000000000e-01 3.312302043849782787e-03 3.107860006177763645e-03 1.030233607748241246e-04 9.804741173232290989e-05
1.000000000000000000e+00 5.000000000000000000e+00 5.000000000000000000e-01 1.903760043625728031e-03 1.964173111808138316e-03 6.211155757183144848e-04 5.895035351645819309e-04
1.000000000000000000e+00 1.000000000000000000e+01 5.000000000000000000e-01 1.098766982061689067e-03 1.123749656438005357e-03 6.487860212641862042e-04 6.252452740403970045e-04
1.000000000000000000e+00 1.500000000000000000e+01 5.000000000000000000e-01 1.394603693890212768e-03 1.507058899755250479e-03 1.132448281296980592e-03 1.222012370776080379e-03
1.000000000000000000e+00 2.000000000000000000e+01 5.000000000000000000e-01 1.198105710034468811e-03 1.225294224525798163e-03 1.017042343730162075e-03 1.025770826849899163e-03
1.000000000000000000e+00 2.500000000000000000e+01 5.000000000000000000e-01 1.134026199208810906e-04 1.273763453821550131e-04 6.814455882572816774e-05 7.208431971022309496e-05
2.000000000000000000e+00 1.000000000000000000e+00 5.000000000000000000e-01 3.004981776597885276e-03 2.864861380079645938e-03 8.268228338526007436e-05 6.197092566439686354e-05
2.000000000000000000e+00 5.000000000000000000e+00 5.000000000000000000e-01 8.279655164055911998e-04 8.869038590255183367e-04 1.401686670295364538e-04 1.193807193939197997e-04
2.000000000000000000e+00 1.000000000000000000e+01 5.000000000000000000e-01 4.406923832319842478e-04 5.145557027575084182e-04 3.485835608021794541e-04 4.063724946819021627e-04
2.000000000000000000e+00 1.500000000000000000e+01 5.000000000000000000e-01 1.303513555946807755e-04 1.636368899189306371e-04 5.032732790729206606e-05 7.210237643400637059e-05
2.000000000000000000e+00 2.000000000000000000e+01 5.000000000000000000e-01 3.853498165645667770e-04 4.868332405904716911e-04 5.287384234868401645e-05 8.028441281489494459e-05
2.000000000000000000e+00 2.500000000000000000e+01 5.000000000000000000e-01 1.451424624499742704e-04 1.836550671925880440e-04 4.412777961151270929e-05 4.893189623312227182e-05
3.000000000000000000e+00 1.000000000000000000e+00 5.000000000000000000e-01 2.481336785274028747e-03 2.452130306117280244e-03 2.012649178155328199e-05 4.895016427411955952e-05
3.000000000000000000e+00 5.000000000000000000e+00 5.000000000000000000e-01 4.271083918534483888e-04 4.785376158099771920e-04 6.372908292900082380e-05 9.307932624345844437e-05
3.000000000000000000e+00 1.000000000000000000e+01 5.000000000000000000e-01 8.964647974668619968e-05 1.123472390063599239e-04 2.304324242195873745e-05 1.920094261575208770e-05
3.000000000000000000e+00 1.500000000000000000e+01 5.000000000000000000e-01 2.185087472881561490e-05 2.944234711447010219e-05 7.449297470513238771e-06 8.598026454361028443e-06
3.000000000000000000e+00 2.000000000000000000e+01 5.000000000000000000e-01 8.925116901326146505e-05 1.308205512739042632e-04 4.860550818727395932e-05 7.947976808409794064e-05
3.000000000000000000e+00 2.500000000000000000e+01 5.000000000000000000e-01 3.450204802652083263e-05 5.250333346561354307e-05 3.833080144048575389e-06 5.634309599038504616e-06
4.000000000000000000e+00 1.000000000000000000e+00 5.000000000000000000e-01 2.154868435782795154e-03 2.201044490054456307e-03 1.417902100657470604e-04 1.217960356529842244e-04
4.000000000000000000e+00 5.000000000000000000e+00 5.000000000000000000e-01 3.325238598208261247e-04 3.829343304478043499e-04 4.042897555571383435e-05 4.192592599081430274e-05
4.000000000000000000e+00 1.000000000000000000e+01 5.000000000000000000e-01 8.189747700065778231e-05 1.059171934533455558e-04 4.659364998965897185e-05 5.669945828802766508e-05
4.000000000000000000e+00 1.500000000000000000e+01 5.000000000000000000e-01 2.124323117312577048e-05 3.279456856227007085e-05 1.525851661534928370e-06 4.311640712190845651e-06
4.000000000000000000e+00 2.000000000000000000e+01 5.000000000000000000e-01 2.174138454456568900e-05 3.518042128790559441e-05 8.089490989643002654e-06 1.321016008022257844e-05
4.000000000000000000e+00 2.500000000000000000e+01 5.000000000000000000e-01 2.260814494514801424e-05 4.013218711013350013e-05 1.239963072271052099e-05 2.247899997600523315e-05
5.000000000000000000e+00 1.000000000000000000e+00 5.000000000000000000e-01 1.537794330202370535e-03 1.589618634113984953e-03 4.379407226703003900e-04 4.124080833040151203e-04
5.000000000000000000e+00 5.000000000000000000e+00 5.000000000000000000e-01 2.367389433258018942e-04 2.864768507486837668e-04 2.738750826492141626e-05 4.645637859002996217e-05
5.000000000000000000e+00 1.000000000000000000e+01 5.000000000000000000e-01 1.087436062809816892e-04 1.423564841408700573e-04 2.350277455460024684e-05 2.532151376780800443e-05
5.000000000000000000e+00 1.500000000000000000e+01 5.000000000000000000e-01 2.692168639207444643e-05 5.285770059788069317e-05 1.216218406627347709e-06 3.380069572922294571e-06
5.000000000000000000e+00 2.000000000000000000e+01 5.000000000000000000e-01 1.296559662411546376e-05 2.396567525774245431e-05 4.364955961309788269e-06 6.707091493806869262e-06
5.000000000000000000e+00 2.500000000000000000e+01 5.000000000000000000e-01 2.407160857381483016e-05 4.587441829064200014e-05 1.167790414061156860e-06 4.152067102878358672e-06
