1 0.0625 1.7255424055182558 0.8256760618022121
1 0.125 15.700745364117301 4.373290833296504
1 0.25 22.858400323674207 2.5163469843169226
1 0.5 20.773467109990513 4.530811196208887
1 1.0 11.322953314782154 3.4320747140516517
1 2.0 8.486856815813852 3.811528472422527
1 4.0 8.003972313668957 3.1842992928935283
1 8.0 7.970128725777218 2.688834635568425
1 16.0 7.096348935083685 1.571669723397497
1 32.0 6.6707702049481865 0.8767600529878528
1 64.0 6.431289463904998 0.6116344130843354
1 128.0 6.82420087249241 1.2110799493587865
1 256.0 6.594500842123374 0.8732930530105592
1 512.0 6.670358084212421 0.8960450686575189
1 1024.0 6.283926949696712 0.4330732807945868
2 0.0625 1.3174604520845374 0.12165688263855236
2 0.125 13.940699151325806 8.417341829766242
2 0.25 35.97525168111017 4.752547703086262
2 0.5 35.35302634898696 6.608572544064513
2 1.0 20.563315597985472 5.677562247789687
2 2.0 13.46892525533843 4.179041472164107
2 4.0 10.908709544990803 3.1224926370507373
2 8.0 9.72722951995858 2.1405384762551622
2 16.0 9.032383665343849 1.957375305267951
2 32.0 9.651491829686465 2.41427819768471
2 64.0 8.985694372884979 1.6750647523179585
2 128.0 8.310716085137154 1.0406498128760389
3 0.0625 1.8001118063629202 0.8425253716640297
3 0.125 23.8295426665479 7.232397488088709
3 0.25 40.37176720869108 6.452602218024195
3 0.5 34.987334920368255 5.551448166360767
3 1.0 18.60011241239542 4.538641431680137
3 2.0 13.031740056042434 4.350892722858523
3 4.0 11.364505219029034 3.4374842770767575
3 8.0 10.465757629143411 2.6664229408078906
3 16.0 10.150654603902016 3.3499681656550044
3 32.0 9.967280084831067 2.741282908126779
3 64.0 9.547521561707763 1.9140427118463321
3 128.0 9.102609260705426 1.6431551765499626
