4.000000000000000000e+00 6.250000000000000000e-02 2.112241666115441951e+00 1.829350850423425712e+00
4.000000000000000000e+00 1.250000000000000000e-01 3.460160400832477023e+01 1.081428993097795122e+01
4.000000000000000000e+00 2.500000000000000000e-01 6.067566423868451864e+01 5.761731007444282682e+00
4.000000000000000000e+00 5.000000000000000000e-01 5.401239237283311923e+01 9.647292556217228920e+00
4.000000000000000000e+00 1.000000000000000000e+00 3.072926635830580011e+01 7.590964418836601446e+00
4.000000000000000000e+00 2.000000000000000000e+00 2.018270500650644550e+01 4.649258387218679900e+00
4.000000000000000000e+00 4.000000000000000000e+00 1.771631893563391458e+01 3.699852222219954800e+00
4.000000000000000000e+00 8.000000000000000000e+00 1.641408711993718583e+01 3.564668708221722770e+00
4.000000000000000000e+00 1.600000000000000000e+01 1.576997560659058095e+01 2.821592216309755763e+00
4.000000000000000000e+00 3.200000000000000000e+01 1.459451190436260148e+01 2.034264835658896597e+00
4.000000000000000000e+00 6.400000000000000000e+01 1.452133202628560937e+01 2.015296306759810196e+00
4.000000000000000000e+00 1.280000000000000000e+02 1.400566068053502100e+01 2.345012350066363993e+00
5.000000000000000000e+00 6.250000000000000000e-02 1.538415998711771593e+00 6.500732921873384473e-01
5.000000000000000000e+00 1.250000000000000000e-01 3.606969639531192939e+01 6.814450304450296869e+00
5.000000000000000000e+00 2.500000000000000000e-01 6.826139886013093871e+01 7.410939688225411714e+00
5.000000000000000000e+00 5.000000000000000000e-01 6.094370796916689415e+01 9.176073474332342883e+00
5.000000000000000000e+00 1.000000000000000000e+00 3.821938547408286979e+01 1.227530876199924847e+01
5.000000000000000000e+00 2.000000000000000000e+00 2.619370697207243026e+01 9.945112438613755046e+00
5.000000000000000000e+00 4.000000000000000000e+00 2.224466262112867554e+01 7.893310853691493989e+00
5.000000000000000000e+00 8.000000000000000000e+00 1.927558823324930515e+01 6.295722164952333166e+00
5.000000000000000000e+00 1.600000000000000000e+01 1.841603513083398980e+01 5.652575324762450393e+00
5.000000000000000000e+00 3.200000000000000000e+01 1.683423553250034388e+01 4.940906809343977635e+00
5.000000000000000000e+00 6.400000000000000000e+01 1.648808902620049821e+01 4.141220725229890043e+00
5.000000000000000000e+00 1.280000000000000000e+02 1.517995843430859360e+01 3.089958977654033934e+00
