3.000000000000000000e+00 6.250000000000000000e-02 3.393455123120499906e+00 3.515058611580903492e-01
3.000000000000000000e+00 1.250000000000000000e-01 3.338369899998487966e+01 8.417488911014340047e+00
3.000000000000000000e+00 2.500000000000000000e-01 5.924378552796154906e+01 6.775908144600338190e+00
3.000000000000000000e+00 5.000000000000000000e-01 5.353477969959921978e+01 5.585934951180924202e+00
3.000000000000000000e+00 1.000000000000000000e+00 3.453108483328519895e+01 5.060482526504475942e+00
3.000000000000000000e+00 2.000000000000000000e+00 2.798411062014672979e+01 3.911543967768655872e+00
3.000000000000000000e+00 4.000000000000000000e+00 2.543347318102731691e+01 3.364262500358161656e+00
3.000000000000000000e+00 8.000000000000000000e+00 2.404360301667701805e+01 2.320432946359745063e+00
3.000000000000000000e+00 1.600000000000000000e+01 2.476697311701156679e+01 3.698378274778865826e+00
3.000000000000000000e+00 3.200000000000000000e+01 2.431149467301649025e+01 3.408388046161865859e+00
3.000000000000000000e+00 6.400000000000000000e+01 2.445550208539143711e+01 4.231576154876549367e+00
3.000000000000000000e+00 1.280000000000000000e+02 2.360607637817435034e+01 3.330655042583819725e+00
4.000000000000000000e+00 6.250000000000000000e-02 3.838928677329974448e+00 5.365739145013792566e-01
4.000000000000000000e+00 1.250000000000000000e-01 3.698117460780396470e+01 1.201827524325731922e+01
4.000000000000000000e+00 2.500000000000000000e-01 7.063586743687699254e+01 1.057630494200124893e+01
4.000000000000000000e+00 5.000000000000000000e-01 6.961000814322954966e+01 8.613784906265362196e+00
4.000000000000000000e+00 1.000000000000000000e+00 4.598986382818609542e+01 1.048648998151226941e+01
4.000000000000000000e+00 2.000000000000000000e+00 3.413975644646324525e+01 6.803254447650952663e+00
4.000000000000000000e+00 4.000000000000000000e+00 3.111254866312185641e+01 6.791520489951897055e+00
4.000000000000000000e+00 8.000000000000000000e+00 2.931896925496799255e+01 5.135234549396304971e+00
4.000000000000000000e+00 1.600000000000000000e+01 2.838635344482869982e+01 4.409884478481460590e+00
4.000000000000000000e+00 3.200000000000000000e+01 2.677931671204825648e+01 2.760916216287823577e+00
4.000000000000000000e+00 6.400000000000000000e+01 2.663265452146142209e+01 3.091386739155614460e+00
4.000000000000000000e+00 1.280000000000000000e+02 2.632698687389516934e+01 4.801003315803225924e+00
5.000000000000000000e+00 6.250000000000000000e-02 3.877872394367020803e+00 2.912940325806333552e-01
5.000000000000000000e+00 1.250000000000000000e-01 3.513193651105849113e+01 9.632138441031464993e+00
5.000000000000000000e+00 2.500000000000000000e-01 8.062165991322665093e+01 9.690100699576424503e+00
5.000000000000000000e+00 5.000000000000000000e-01 7.976821149524866428e+01 7.495257917854662111e+00
5.000000000000000000e+00 1.000000000000000000e+00 5.475974457811769014e+01 1.410656446940712527e+01
5.000000000000000000e+00 2.000000000000000000e+00 4.232527066828137663e+01 1.355785205181580366e+01
5.000000000000000000e+00 4.000000000000000000e+00 3.750077211250084730e+01 1.200467117994713107e+01
5.000000000000000000e+00 8.000000000000000000e+00 3.348682529156555177e+01 9.684796928216778511e+00
5.000000000000000000e+00 1.600000000000000000e+01 3.273949708643161927e+01 8.316126193901697050e+00
5.000000000000000000e+00 3.200000000000000000e+01 3.115041356252316973e+01 7.584151123203522360e+00
5.000000000000000000e+00 6.400000000000000000e+01 3.035790149336231636e+01 7.078765933240369179e+00
5.000000000000000000e+00 1.280000000000000000e+02 2.843309655555514581e+01 5.230000718464214771e+00
