1.000000000000000000e+00 1.000000000000000000e+00 3.994629595282438217e+00 1.309663895146084833e-02
1.000000000000000000e+00 2.000000000000000000e+00 3.972869411800648898e+00 3.421922398771504170e-02
2.000000000000000000e+00 1.000000000000000000e+00 4.006239098477534455e+00 8.288856275924239014e-04
2.000000000000000000e+00 2.000000000000000000e+00 3.997770932783281772e+00 5.520521376562115279e-03
3.000000000000000000e+00 1.000000000000000000e+00 4.003674883027317222e+00 4.312067935235308624e-03
3.000000000000000000e+00 2.000000000000000000e+00 3.996901622101614482e+00 1.091655087245646527e-02
4.000000000000000000e+00 1.000000000000000000e+00 4.007220110915707068e+00 7.063258202193445356e-04
4.000000000000000000e+00 2.000000000000000000e+00 4.002861899909771815e+00 4.403542272212179753e-03
5.000000000000000000e+00 1.000000000000000000e+00 4.007970521272563147e+00 3.070389026804676291e-05
5.000000000000000000e+00 2.000000000000000000e+00 4.007682763468446652e+00 3.144370675562946360e-04
