5.000000000000000000e+00 5.000000000000000000e-01 1.000000000000000000e+00 6.910599676267285929e+01 0.000000000000000000e+00
5.000000000000000000e+00 5.000000000000000000e-01 1.000000000000000000e+00 7.043236658967094854e+01 0.000000000000000000e+00
5.000000000000000000e+00 5.000000000000000000e-01 1.000000000000000000e+00 7.114273690475212675e+01 0.000000000000000000e+00
5.000000000000000000e+00 5.000000000000000000e-01 1.000000000000000000e+00 7.205007319648242969e+01 0.000000000000000000e+00
5.000000000000000000e+00 5.000000000000000000e-01 1.000000000000000000e+00 7.313349678782915930e+01 0.000000000000000000e+00
5.000000000000000000e+00 5.000000000000000000e-01 1.000000000000000000e+00 7.433622287389708561e+01 0.000000000000000000e+00
5.000000000000000000e+00 5.000000000000000000e-01 1.000000000000000000e+00 7.541602722706929285e+01 0.000000000000000000e+00
5.000000000000000000e+00 5.000000000000000000e-01 1.000000000000000000e+00 7.730312339105184094e+01 0.000000000000000000e+00
5.000000000000000000e+00 5.000000000000000000e-01 1.000000000000000000e+00 7.957771185662339519e+01 0.000000000000000000e+00
5.000000000000000000e+00 5.000000000000000000e-01 1.000000000000000000e+00 8.226754728233348146e+01 0.000000000000000000e+00
