5.000000000000000000e+00 5.000000000000000000e-01 1.000000000000000000e+00 1.875701859952739525e+01 5.487106816956084376e-01
5.000000000000000000e+00 5.000000000000000000e-01 1.000000000000000000e+00 1.926107352520589444e+01 5.256484551961995155e-01
5.000000000000000000e+00 5.000000000000000000e-01 1.000000000000000000e+00 1.964345435561390474e+01 5.546796417289762138e-01
5.000000000000000000e+00 5.000000000000000000e-01 1.000000000000000000e+00 1.992420370698703280e+01 5.656016673645138937e-01
5.000000000000000000e+00 5.000000000000000000e-01 1.000000000000000000e+00 2.017747157717704809e+01 5.778871278944052170e-01
5.000000000000000000e+00 5.000000000000000000e-01 1.000000000000000000e+00 2.042543438911670961e+01 6.110268989609838330e-01
5.000000000000000000e+00 5.000000000000000000e-01 1.000000000000000000e+00 2.066363747547026364e+01 6.647030689389984426e-01
5.000000000000000000e+00 5.000000000000000000e-01 1.000000000000000000e+00 2.089690138052373314e+01 7.310203815643487868e-01
5.000000000000000000e+00 5.000000000000000000e-01 1.000000000000000000e+00 2.117036882680941545e+01 8.130494476576717311e-01
5.000000000000000000e+00 5.000000000000000000e-01 1.000000000000000000e+00 2.164493852480012492e+01 9.178334329482860099e-01
5.000000000000000000e+00 5.000000000000000000e-01 1.000000000000000000e+00 5.047707152276324649e+01 6.612662804279398898e+00
5.000000000000000000e+00 5.000000000000000000e-01 1.000000000000000000e+00 5.161186278893789137e+01 6.593862939753446284e+00
5.000000000000000000e+00 5.000000000000000000e-01 1.000000000000000000e+00 5.263061373292951117e+01 6.586029730617413591e+00
5.000000000000000000e+00 5.000000000000000000e-01 1.000000000000000000e+00 5.374768389577990035e+01 6.579184180655540004e+00
5.000000000000000000e+00 5.000000000000000000e-01 1.000000000000000000e+00 5.499330262544110326e+01 6.572030764744904552e+00
5.000000000000000000e+00 5.000000000000000000e-01 1.000000000000000000e+00 5.641396510917557805e+01 6.562210232954865496e+00
5.000000000000000000e+00 5.000000000000000000e-01 1.000000000000000000e+00 5.808690578439986751e+01 6.544373359053378358e+00
5.000000000000000000e+00 5.000000000000000000e-01 1.000000000000000000e+00 6.015690515446642905e+01 6.507802984491072529e+00
5.000000000000000000e+00 5.000000000000000000e-01 1.000000000000000000e+00 6.293780721928536792e+01 6.444584567471801861e+00
5.000000000000000000e+00 5.000000000000000000e-01 1.000000000000000000e+00 6.733037293326253803e+01 6.391644150398974489e+00
5.000000000000000000e+00 5.000000000000000000e-01 1.000000000000000000e+00 5.519341144734123361e+01 1.140247064804784571e+01
5.000000000000000000e+00 5.000000000000000000e-01 1.000000000000000000e+00 5.645697102940713563e+01 1.144227679449983626e+01
5.000000000000000000e+00 5.000000000000000000e-01 1.000000000000000000e+00 5.756982217681566993e+01 1.147543557374412693e+01
5.000000000000000000e+00 5.000000000000000000e-01 1.000000000000000000e+00 5.868778297673985378e+01 1.132415976263834523e+01
5.000000000000000000e+00 5.000000000000000000e-01 1.000000000000000000e+00 6.001379110920156279e+01 1.127897146487331170e+01
5.000000000000000000e+00 5.000000000000000000e-01 1.000000000000000000e+00 6.150909257433936261e+01 1.128474460811718849e+01
5.000000000000000000e+00 5.000000000000000000e-01 1.000000000000000000e+00 6.335109336883091657e+01 1.125528390350660857e+01
5.000000000000000000e+00 5.000000000000000000e-01 1.000000000000000000e+00 6.547251607148469077e+01 1.115600959368667766e+01
5.000000000000000000e+00 5.000000000000000000e-01 1.000000000000000000e+00 6.828907110039503436e+01 1.122554360618389246e+01
5.000000000000000000e+00 5.000000000000000000e-01 1.000000000000000000e+00 7.256871330042855561e+01 1.141979255192625864e+01
5.000000000000000000e+00 5.000000000000000000e-01 1.000000000000000000e+00 5.502496736603832517e+01 8.094323157532178570e+00
5.000000000000000000e+00 5.000000000000000000e-01 1.000000000000000000e+00 5.631663434047032979e+01 8.164240924210918848e+00
5.000000000000000000e+00 5.000000000000000000e-01 1.000000000000000000e+00 5.744923886313010541e+01 8.214618474776367307e+00
5.000000000000000000e+00 5.000000000000000000e-01 1.000000000000000000e+00 5.869363158228593136e+01 8.293952693574965451e+00
5.000000000000000000e+00 5.000000000000000000e-01 1.000000000000000000e+00 6.009976796304444946e+01 8.396852102397440731e+00
5.000000000000000000e+00 5.000000000000000000e-01 1.000000000000000000e+00 6.168251948299875664e+01 8.471715051018177789e+00
5.000000000000000000e+00 5.000000000000000000e-01 1.000000000000000000e+00 6.357297317208110599e+01 8.587642547738576937e+00
5.000000000000000000e+00 5.000000000000000000e-01 1.000000000000000000e+00 6.585821299949022034e+01 8.696813863471778205e+00
5.000000000000000000e+00 5.000000000000000000e-01 1.000000000000000000e+00 6.889227333469582959e+01 8.997968341219618083e+00
5.000000000000000000e+00 5.000000000000000000e-01 1.000000000000000000e+00 7.313599392614040084e+01 9.070851463132759918e+00
