5.000000000000000000e+00 5.000000000000000000e-01 1.000000000000000000e+00 5.502873554126915678e+01 8.094705396752381432e+00
5.000000000000000000e+00 5.000000000000000000e-01 1.000000000000000000e+00 5.631690127251779643e+01 8.164408233563577255e+00
5.000000000000000000e+00 5.000000000000000000e-01 1.000000000000000000e+00 5.744930518405136866e+01 8.214515913797773905e+00
5.000000000000000000e+00 5.000000000000000000e-01 1.000000000000000000e+00 5.869363608718775538e+01 8.294035546747256404e+00
5.000000000000000000e+00 5.000000000000000000e-01 1.000000000000000000e+00 6.009976328658643752e+01 8.396812783494697285e+00
5.000000000000000000e+00 5.000000000000000000e-01 1.000000000000000000e+00 6.168240218978807121e+01 8.471792859732103054e+00
5.000000000000000000e+00 5.000000000000000000e-01 1.000000000000000000e+00 6.357290808672803450e+01 8.587684904067955927e+00
5.000000000000000000e+00 5.000000000000000000e-01 1.000000000000000000e+00 6.585837662659062630e+01 8.696838658879602946e+00
5.000000000000000000e+00 5.000000000000000000e-01 1.000000000000000000e+00 6.889230958812277095e+01 8.997891458724300406e+00
5.000000000000000000e+00 5.000000000000000000e-01 1.000000000000000000e+00 7.313587449164171517e+01 9.070944045302491432e+00
