5.000000000000000000e+00 5.000000000000000000e-01 1.000000000000000000e+00 6.094049437813112036e+01 9.185805883759437407e+00
5.000000000000000000e+00 5.000000000000000000e-01 1.000000000000000000e+00 6.237724210412860515e+01 9.305455439789787064e+00
5.000000000000000000e+00 5.000000000000000000e-01 1.000000000000000000e+00 6.353032914715131341e+01 9.219150508619753381e+00
5.000000000000000000e+00 5.000000000000000000e-01 1.000000000000000000e+00 6.485979830431773507e+01 9.112433673300314396e+00
5.000000000000000000e+00 5.000000000000000000e-01 1.000000000000000000e+00 6.629315060223166256e+01 8.878200380113842272e+00
5.000000000000000000e+00 5.000000000000000000e-01 1.000000000000000000e+00 6.802449705329568985e+01 8.780576299335839607e+00
5.000000000000000000e+00 5.000000000000000000e-01 1.000000000000000000e+00 6.995174170599158003e+01 8.608372927480482772e+00
5.000000000000000000e+00 5.000000000000000000e-01 1.000000000000000000e+00 7.246691475464109544e+01 8.398183658563546317e+00
5.000000000000000000e+00 5.000000000000000000e-01 1.000000000000000000e+00 7.570063566555548107e+01 8.123458929260349848e+00
5.000000000000000000e+00 5.000000000000000000e-01 1.000000000000000000e+00 8.009063694471331019e+01 7.564806877560704024e+00
