5.000000000000000000e+00 5.000000000000000000e-01 1.000000000000000000e+00 6.461868328511846471e+01 0.000000000000000000e+00
5.000000000000000000e+00 5.000000000000000000e-01 1.000000000000000000e+00 6.609251282846925335e+01 0.000000000000000000e+00
5.000000000000000000e+00 5.000000000000000000e-01 1.000000000000000000e+00 6.729212068406827996e+01 0.000000000000000000e+00
5.000000000000000000e+00 5.000000000000000000e-01 1.000000000000000000e+00 6.860372635483314241e+01 0.000000000000000000e+00
5.000000000000000000e+00 5.000000000000000000e-01 1.000000000000000000e+00 7.020165494256337979e+01 0.000000000000000000e+00
5.000000000000000000e+00 5.000000000000000000e-01 1.000000000000000000e+00 7.216972563040735622e+01 0.000000000000000000e+00
5.000000000000000000e+00 5.000000000000000000e-01 1.000000000000000000e+00 7.415159746216538394e+01 0.000000000000000000e+00
5.000000000000000000e+00 5.000000000000000000e-01 1.000000000000000000e+00 7.672877247069936857e+01 0.000000000000000000e+00
5.000000000000000000e+00 5.000000000000000000e-01 1.000000000000000000e+00 8.009563568704811587e+01 0.000000000000000000e+00
5.000000000000000000e+00 5.000000000000000000e-01 1.000000000000000000e+00 8.494668213889377739e+01 0.000000000000000000e+00
