5.000000000000000000e+00 5.000000000000000000e-01 1.000000000000000000e+00 6.214034816601230204e+01 8.162307142718242758e+00
5.000000000000000000e+00 5.000000000000000000e-01 1.000000000000000000e+00 6.371257758848476982e+01 8.333416489953622275e+00
5.000000000000000000e+00 5.000000000000000000e-01 1.000000000000000000e+00 6.483359468780267321e+01 8.385764886136087171e+00
5.000000000000000000e+00 5.000000000000000000e-01 1.000000000000000000e+00 6.605580038789672415e+01 8.471884474578308399e+00
5.000000000000000000e+00 5.000000000000000000e-01 1.000000000000000000e+00 6.743289369960066892e+01 8.577214927504664743e+00
5.000000000000000000e+00 5.000000000000000000e-01 1.000000000000000000e+00 6.899414314964272421e+01 8.717148780328786373e+00
5.000000000000000000e+00 5.000000000000000000e-01 1.000000000000000000e+00 7.080530245155628677e+01 8.851698626038775330e+00
5.000000000000000000e+00 5.000000000000000000e-01 1.000000000000000000e+00 7.310818870161223515e+01 9.033248520297682660e+00
5.000000000000000000e+00 5.000000000000000000e-01 1.000000000000000000e+00 7.601243723893418291e+01 9.194918691891530216e+00
5.000000000000000000e+00 5.000000000000000000e-01 1.000000000000000000e+00 8.020610395391354075e+01 9.573725696681885111e+00
