1.000000000000000000e+00 1.090507732665257690e+00 1.029014572692741325e+01 1.507033459363140260e+00
1.000000000000000000e+00 1.414213562373095145e+00 9.711527052655313241e+00 2.081192541911133898e+00
1.000000000000000000e+00 2.000000000000000000e+00 8.945007733530905725e+00 2.566209383049243176e+00
2.000000000000000000e+00 1.090507732665257690e+00 1.202194908628755599e+01 7.465536319140042565e-04
2.000000000000000000e+00 1.414213562373095145e+00 1.202106496454209861e+01 1.360685789757454245e-04
2.000000000000000000e+00 2.000000000000000000e+00 1.201072720985826336e+01 7.972876368347314724e-03
3.000000000000000000e+00 1.090507732665257690e+00 1.202140017701579566e+01 2.488167137414620811e-03
3.000000000000000000e+00 1.414213562373095145e+00 1.201925716631162544e+01 4.610105012549325920e-03
3.000000000000000000e+00 2.000000000000000000e+00 1.202044730015106744e+01 3.462877795323393570e-03
4.000000000000000000e+00 1.090507732665257690e+00 1.202300528795057488e+01 8.388781580999093990e-04
4.000000000000000000e+00 1.414213562373095145e+00 1.202297345327653133e+01 6.578124681206887203e-04
4.000000000000000000e+00 2.000000000000000000e+00 1.202142260290849407e+01 2.066743236325052635e-03
5.000000000000000000e+00 1.090507732665257690e+00 1.202398447305970208e+01 3.725961380052211780e-05
5.000000000000000000e+00 1.414213562373095145e+00 1.202396547433982121e+01 4.474254108988162670e-05
5.000000000000000000e+00 2.000000000000000000e+00 1.202392666287092027e+01 9.444361151800251264e-05
