2.000000000000000000e+00 6.250000000000000000e-02 5.000000000000000000e-01 3.168369269575919186e-03 2.136149803030090721e-02 5.688872860635706347e-04 2.058515073486621993e-02
2.000000000000000000e+00 1.250000000000000000e-01 5.000000000000000000e-01 1.155964886477749056e-03 2.992372248645346587e-03 8.268297432572028897e-05 3.038087770637041239e-03
2.000000000000000000e+00 2.500000000000000000e-01 5.000000000000000000e-01 7.350135568161531539e-04 8.850623692862998266e-04 3.925710181346531277e-05 4.378234612522184259e-05
2.000000000000000000e+00 5.000000000000000000e-01 5.000000000000000000e-01 5.180407016334264824e-04 6.100704694243260081e-04 7.840210629393353371e-05 1.095742347741415388e-04
2.000000000000000000e+00 1.000000000000000000e+00 5.000000000000000000e-01 1.031107178416405205e-03 1.165155188970394638e-03 2.497094747662226234e-04 2.821227685117563963e-04
2.000000000000000000e+00 2.000000000000000000e+00 5.000000000000000000e-01 1.541867752652823246e-03 1.715679952230068136e-03 4.213117729528597635e-04 4.237880334298185130e-04
2.000000000000000000e+00 4.000000000000000000e+00 5.000000000000000000e-01 1.683694756841601012e-03 1.872586209792209948e-03 4.942143716821685313e-04 5.091188052148895842e-04
2.000000000000000000e+00 8.000000000000000000e+00 5.000000000000000000e-01 1.793275627376609855e-03 1.962172347027558474e-03 3.683253710812603053e-04 3.266361053237333448e-04
2.000000000000000000e+00 1.600000000000000000e+01 5.000000000000000000e-01 1.868353224898288908e-03 2.052578691526492534e-03 2.896671684468584210e-04 2.705054116323953105e-04
2.000000000000000000e+00 3.200000000000000000e+01 5.000000000000000000e-01 1.820473375602471838e-03 2.045248639134686526e-03 3.187623658800163833e-04 2.690867443822646276e-04
2.000000000000000000e+00 6.400000000000000000e+01 5.000000000000000000e-01 1.824371033507988463e-03 2.017286626513468354e-03 3.702466338692577742e-04 3.538164779016383086e-04
2.000000000000000000e+00 1.280000000000000000e+02 5.000000000000000000e-01 1.770657524381919314e-03 1.928954321168263293e-03 2.228645312348784876e-04 2.359348300360380112e-04
3.000000000000000000e+00 6.250000000000000000e-02 5.000000000000000000e-01 2.467627233056401449e-03 3.785568775273895348e-02 4.541599896650070495e-04 5.385536733933082160e-02
3.000000000000000000e+00 1.250000000000000000e-01 5.000000000000000000e-01 1.059720321087172148e-03 3.329785290132289324e-03 9.166603610803855575e-05 4.116529671221729088e-03
3.000000000000000000e+00 2.500000000000000000e-01 5.000000000000000000e-01 6.560814846392332405e-04 8.319781832684866856e-04 6.832013633919482669e-05 1.011589033047089283e-04
3.000000000000000000e+00 5.000000000000000000e-01 5.000000000000000000e-01 4.211063732783871800e-04 5.042112688137378312e-04 8.626300484115666115e-05 9.907236293017986268e-05
3.000000000000000000e+00 1.000000000000000000e+00 5.000000000000000000e-01 9.471435429980332643e-04 1.131956277389594302e-03 4.849275786867043641e-04 5.456435756771710333e-04
3.000000000000000000e+00 2.000000000000000000e+00 5.000000000000000000e-01 1.505820832729434398e-03 1.844509986252539091e-03 6.855024809810099547e-04 7.371831666305603487e-04
3.000000000000000000e+00 4.000000000000000000e+00 5.000000000000000000e-01 1.684775543984352256e-03 2.005955609732397189e-03 7.189280399600722236e-04 7.516764103819737960e-04
3.000000000000000000e+00 8.000000000000000000e+00 5.000000000000000000e-01 1.597410427354989133e-03 1.937545447319163850e-03 5.044375514540878468e-04 5.474642798113443440e-04
3.000000000000000000e+00 1.600000000000000000e+01 5.000000000000000000e-01 1.657257869979408479e-03 1.992507910126895855e-03 4.920879827037564699e-04 5.128820762827934364e-04
3.000000000000000000e+00 3.200000000000000000e+01 5.000000000000000000e-01 1.611483181000969347e-03 1.974769080250112028e-03 4.736060817374257523e-04 5.092262404199719011e-04
3.000000000000000000e+00 6.400000000000000000e+01 5.000000000000000000e-01 1.742759077567861180e-03 2.104092625560340189e-03 4.915543829454732411e-04 4.741571494727131312e-04
3.000000000000000000e+00 1.280000000000000000e+02 5.000000000000000000e-01 1.765062589635674889e-03 2.140957764965960124e-03 4.312806511828300203e-04 4.309942992366091520e-04
4.000000000000000000e+00 6.250000000000000000e-02 5.000000000000000000e-01 2.467071711504185798e-03 5.831449282075736734e-02 4.464203459003545814e-04 8.604100931312870515e-02
4.000000000000000000e+00 1.250000000000000000e-01 5.000000000000000000e-01 9.580680897897020029e-04 2.197017635825537947e-03 5.585939105386263326e-05 5.493255665216769312e-04
4.000000000000000000e+00 2.500000000000000000e-01 5.000000000000000000e-01 5.934001799035422626e-04 7.469012868858855006e-04 4.144388231175390045e-05 6.498989934922638160e-05
4.000000000000000000e+00 5.000000000000000000e-01 5.000000000000000000e-01 3.194071135375974686e-04 4.168260951346963684e-04 3.243768479772150023e-05 4.374480008388211493e-05
4.000000000000000000e+00 1.000000000000000000e+00 5.000000000000000000e-01 5.379207285803222667e-04 7.051117052762640586e-04 2.155222270363356418e-04 2.856293099878447184e-04
4.000000000000000000e+00 2.000000000000000000e+00 5.000000000000000000e-01 9.458667303296685539e-04 1.262800145484221578e-03 3.257131489449727733e-04 4.141612485739956098e-04
4.000000000000000000e+00 4.000000000000000000e+00 5.000000000000000000e-01 1.188900259999684222e-03 1.630493888160409587e-03 2.544758714226492014e-04 3.263684577544319646e-04
4.000000000000000000e+00 8.000000000000000000e+00 5.000000000000000000e-01 1.284220519404900146e-03 1.757326415775189912e-03 2.932778514464024692e-04 3.270928432337702626e-04
4.000000000000000000e+00 1.600000000000000000e+01 5.000000000000000000e-01 1.335595650051521911e-03 1.827003900176146734e-03 8.206707348526480126e-05 1.348273939830009699e-04
4.000000000000000000e+00 3.200000000000000000e+01 5.000000000000000000e-01 1.291407634498149826e-03 1.763729438215823992e-03 1.960381426564435927e-04 2.357954765580803664e-04
4.000000000000000000e+00 6.400000000000000000e+01 5.000000000000000000e-01 1.373471943944649248e-03 1.873129686745341220e-03 1.420895256167074405e-04 1.648596301869800751e-04
4.000000000000000000e+00 1.280000000000000000e+02 5.000000000000000000e-01 1.434971914012355115e-03 1.989418779858718143e-03 1.220439376985760915e-04 1.471378113622288789e-04
5.000000000000000000e+00 6.250000000000000000e-02 5.000000000000000000e-01 2.099643799542995175e-03 7.427087366594140039e-02 4.601110835081714335e-04 1.088836613628787336e-01
5.000000000000000000e+00 1.250000000000000000e-01 5.000000000000000000e-01 9.128142147431681994e-04 4.349638769826831911e-03 5.639293500107367440e-05 3.223318356557354145e-03
5.000000000000000000e+00 2.500000000000000000e-01 5.000000000000000000e-01 5.409148146565343753e-04 1.175518818938339413e-03 1.735799012436544118e-05 1.010666155926120231e-03
5.000000000000000000e+00 5.000000000000000000e-01 5.000000000000000000e-01 2.487821808874741795e-04 4.171057848658263822e-04 2.928170439463921850e-05 1.550726573669483329e-04
5.000000000000000000e+00 1.000000000000000000e+00 5.000000000000000000e-01 3.957442809762918320e-04 5.747397217385994414e-04 1.497167407969675118e-04 1.868789905121819820e-04
5.000000000000000000e+00 2.000000000000000000e+00 5.000000000000000000e-01 7.274289464146122767e-04 1.122627450067634159e-03 3.658829816958005421e-04 5.017719903297780670e-04
5.000000000000000000e+00 4.000000000000000000e+00 5.000000000000000000e-01 8.487767035909828724e-04 1.334370577893764830e-03 3.746379413925554191e-04 5.903008964213539043e-04
5.000000000000000000e+00 8.000000000000000000e+00 5.000000000000000000e-01 9.276059270587848479e-04 1.512645468780832256e-03 2.884183159782201808e-04 4.607534556206542131e-04
5.000000000000000000e+00 1.600000000000000000e+01 5.000000000000000000e-01 9.402812536580646644e-04 1.604438779519110850e-03 2.583053606300285128e-04 4.658510399165984917e-04
5.000000000000000000e+00 3.200000000000000000e+01 5.000000000000000000e-01 1.018526485859505039e-03 1.684422094018212359e-03 2.406554370873337126e-04 3.841747133667316105e-04
5.000000000000000000e+00 6.400000000000000000e+01 5.000000000000000000e-01 1.080301913781701439e-03 1.773771332937341266e-03 3.257231545521472151e-04 3.939072205562494061e-04
5.000000000000000000e+00 1.280000000000000000e+02 5.000000000000000000e-01 1.140167110203220771e-03 1.778893262731438092e-03 2.747784609551253516e-04 4.007455429899265537e-04
