2.000000000000000000e+00 6.250000000000000000e-02 5.000000000000000000e-01 3.357074117049522240e-03 5.649788800152879924e-03 3.219283639296330367e-04 1.768304376258663388e-03
2.000000000000000000e+00 1.250000000000000000e-01 5.000000000000000000e-01 2.008058584372452403e-03 4.777575517252946255e-03 1.149248388382003978e-04 6.379500487237528723e-03
2.000000000000000000e+00 2.500000000000000000e-01 5.000000000000000000e-01 1.041623107613899981e-03 1.123718060286824040e-03 9.655254145794681770e-05 1.328019960165820548e-04
2.000000000000000000e+00 5.000000000000000000e-01 5.000000000000000000e-01 1.764264490548004866e-04 2.073152444086395296e-04 5.239652345909686011e-05 5.474374503700008519e-05
2.000000000000000000e+00 1.000000000000000000e+00 5.000000000000000000e-01 1.334248001422721976e-04 1.656028748199244729e-04 5.306602182025013876e-05 6.110846792254524590e-05
2.000000000000000000e+00 2.000000000000000000e+00 5.000000000000000000e-01 1.925167286085385451e-04 2.526271629815835841e-04 1.226086489545819014e-04 1.607734338968040526e-04
2.000000000000000000e+00 4.000000000000000000e+00 5.000000000000000000e-01 2.911298915124936539e-04 3.798563785561181777e-04 1.688165793711862987e-04 2.208341896858836929e-04
2.000000000000000000e+00 8.000000000000000000e+00 5.000000000000000000e-01 3.722628303679887730e-04 4.797866413805850936e-04 2.256665818905932632e-04 2.916183708804880492e-04
2.000000000000000000e+00 1.600000000000000000e+01 5.000000000000000000e-01 4.185877124077505172e-04 5.438118180595377009e-04 1.682499924392367291e-04 2.074941430046791594e-04
2.000000000000000000e+00 3.200000000000000000e+01 5.000000000000000000e-01 3.835609765780176382e-04 4.901843966173298614e-04 1.311732219668574912e-04 1.680602001853278551e-04
2.000000000000000000e+00 6.400000000000000000e+01 5.000000000000000000e-01 4.112928896513421838e-04 5.441894255149841864e-04 1.499259772577102735e-04 1.955044282532472535e-04
2.000000000000000000e+00 1.280000000000000000e+02 5.000000000000000000e-01 5.027166966317910468e-04 6.652362405944740702e-04 1.808947132839536503e-04 2.355392203809297553e-04
3.000000000000000000e+00 6.250000000000000000e-02 5.000000000000000000e-01 3.059637686180745938e-03 1.530988317695353672e-02 2.331924508109864814e-04 1.331754396329808653e-02
3.000000000000000000e+00 1.250000000000000000e-01 5.000000000000000000e-01 1.851521111188834902e-03 4.560141340440967278e-03 1.218451560680088139e-04 4.330496968859906017e-03
3.000000000000000000e+00 2.500000000000000000e-01 5.000000000000000000e-01 8.951611172222824486e-04 1.080859424101907442e-03 1.713451235097420864e-04 3.142341629667117268e-04
3.000000000000000000e+00 5.000000000000000000e-01 5.000000000000000000e-01 1.277845442989746069e-04 1.647431960674383450e-04 1.094788208962530840e-04 1.404562577479517914e-04
3.000000000000000000e+00 1.000000000000000000e+00 5.000000000000000000e-01 7.334087446580944193e-05 1.001026173574530529e-04 3.528200384331679708e-05 4.808641604553815619e-05
3.000000000000000000e+00 2.000000000000000000e+00 5.000000000000000000e-01 1.479799331666039534e-04 2.284374907035722124e-04 1.070258346681934338e-04 1.780787788778784243e-04
3.000000000000000000e+00 4.000000000000000000e+00 5.000000000000000000e-01 1.454119925713692741e-04 2.252335990539682724e-04 9.919150343743914956e-05 1.621738571047400131e-04
3.000000000000000000e+00 8.000000000000000000e+00 5.000000000000000000e-01 1.837988972838134033e-04 2.875379739827855184e-04 8.905124565194237596e-05 1.456805978888658047e-04
3.000000000000000000e+00 1.600000000000000000e+01 5.000000000000000000e-01 2.087769490736280720e-04 3.210614698939379770e-04 7.946562338654094085e-05 1.357321744198366543e-04
3.000000000000000000e+00 3.200000000000000000e+01 5.000000000000000000e-01 1.868530090385546894e-04 2.764050880859650837e-04 6.873037971290338712e-05 9.418522370782305222e-05
3.000000000000000000e+00 6.400000000000000000e+01 5.000000000000000000e-01 2.080589482225568760e-04 3.137556652750172928e-04 8.244337917734270542e-05 1.337671056120033229e-04
3.000000000000000000e+00 1.280000000000000000e+02 5.000000000000000000e-01 2.022581525189333829e-04 3.117876333268186704e-04 8.086539964678840617e-05 1.237100150648138912e-04
4.000000000000000000e+00 6.250000000000000000e-02 5.000000000000000000e-01 3.010353052563832961e-03 2.272368631981360604e-02 2.623094011245520976e-04 1.724341753538025102e-02
4.000000000000000000e+00 1.250000000000000000e-01 5.000000000000000000e-01 1.767152930656819537e-03 6.407761433828135407e-03 7.997439611714578852e-05 6.747904534662582318e-03
4.000000000000000000e+00 2.500000000000000000e-01 5.000000000000000000e-01 7.085390923683963522e-04 8.057906443283601111e-04 1.330794610142598390e-04 1.353125309829707082e-04
4.000000000000000000e+00 5.000000000000000000e-01 5.000000000000000000e-01 7.402001138273011217e-05 1.012443870334108219e-04 2.256846527015515146e-05 3.223489158470846372e-05
4.000000000000000000e+00 1.000000000000000000e+00 5.000000000000000000e-01 2.496053829856498192e-05 3.908351062398093568e-05 1.217403417426336829e-05 2.166393031746074186e-05
4.000000000000000000e+00 2.000000000000000000e+00 5.000000000000000000e-01 3.550054123925738727e-05 5.802138717342613782e-05 2.767075919339343488e-05 4.508299776532742441e-05
4.000000000000000000e+00 4.000000000000000000e+00 5.000000000000000000e-01 4.844827852208752198e-05 8.350952554361911059e-05 3.604327695962244565e-05 6.663994084546126897e-05
4.000000000000000000e+00 8.000000000000000000e+00 5.000000000000000000e-01 5.675131511580242883e-05 9.864597662958625890e-05 2.463415927723596046e-05 4.215073588123816907e-05
4.000000000000000000e+00 1.600000000000000000e+01 5.000000000000000000e-01 5.847301671161109958e-05 1.060966530022452759e-04 1.795182733203381213e-05 3.219007366095481967e-05
4.000000000000000000e+00 3.200000000000000000e+01 5.000000000000000000e-01 7.415276877937103221e-05 1.252490602233769239e-04 2.653600265827457571e-05 4.263806248044212614e-05
4.000000000000000000e+00 6.400000000000000000e+01 5.000000000000000000e-01 6.774023713199120640e-05 1.190427990967271734e-04 1.735285539142984718e-05 2.940034924207295756e-05
4.000000000000000000e+00 1.280000000000000000e+02 5.000000000000000000e-01 8.922842581830998151e-05 1.547489776167743883e-04 1.366380340874462160e-05 2.292825069554510118e-05
5.000000000000000000e+00 6.250000000000000000e-02 5.000000000000000000e-01 2.733263234101337806e-03 3.519846973065042517e-02 2.484689697206629881e-04 5.975942852263339822e-02
5.000000000000000000e+00 1.250000000000000000e-01 5.000000000000000000e-01 1.379087897968033676e-03 9.392285035493481635e-03 8.331226932147861618e-05 1.277098128521764880e-02
5.000000000000000000e+00 2.500000000000000000e-01 5.000000000000000000e-01 3.846852076527133911e-04 6.863019124243012080e-04 4.113166361759658737e-05 5.184862299440509649e-04
5.000000000000000000e+00 5.000000000000000000e-01 5.000000000000000000e-01 5.014556872208509339e-05 7.155037536187522655e-05 2.046280267008646230e-05 2.655659726370728342e-05
5.000000000000000000e+00 1.000000000000000000e+00 5.000000000000000000e-01 1.405566713402059344e-05 2.304368543381532015e-05 5.728159494553532940e-06 9.802335790250685927e-06
5.000000000000000000e+00 2.000000000000000000e+00 5.000000000000000000e-01 2.130395352562110760e-05 4.002396729287648633e-05 1.583786513861614275e-05 2.968083176482040064e-05
5.000000000000000000e+00 4.000000000000000000e+00 5.000000000000000000e-01 2.542909088593599094e-05 4.905137933945370374e-05 1.533410244689461168e-05 3.080141386149192346e-05
5.000000000000000000e+00 8.000000000000000000e+00 5.000000000000000000e-01 3.154001483826760421e-05 6.337217497515420053e-05 1.750730230756161680e-05 3.523683815608163474e-05
5.000000000000000000e+00 1.600000000000000000e+01 5.000000000000000000e-01 3.459455833422432798e-05 6.838866352823499777e-05 1.826170214071557484e-05 3.656452802029905844e-05
5.000000000000000000e+00 3.200000000000000000e+01 5.000000000000000000e-01 3.602293513734446730e-05 7.106120445127682059e-05 1.458206585601387644e-05 2.990612929896537195e-05
5.000000000000000000e+00 6.400000000000000000e+01 5.000000000000000000e-01 3.860514012011359195e-05 7.770474339597714132e-05 1.416695676961154872e-05 2.769606057401175275e-05
5.000000000000000000e+00 1.280000000000000000e+02 5.000000000000000000e-01 3.572339450519481155e-05 7.126812876646905460e-05 1.286414759320908538e-05 2.565180116008616756e-05
