2.000000000000000000e+00 6.250000000000000000e-02 5.000000000000000000e-01 2.997367576011225609e-03 6.773234238569581130e-03 2.826990442912030548e-04 2.477570951101851909e-03
2.000000000000000000e+00 1.250000000000000000e-01 5.000000000000000000e-01 1.580173875100331863e-03 1.756754901673044517e-03 1.163252560132056930e-04 2.189623115584579422e-04
2.000000000000000000e+00 2.500000000000000000e-01 5.000000000000000000e-01 9.415687803951591339e-04 9.068521201714395148e-04 7.409634076695218927e-05 1.017883299581224382e-04
2.000000000000000000e+00 5.000000000000000000e-01 5.000000000000000000e-01 3.120405361968544688e-04 3.367860914210608772e-04 8.884815586966980563e-05 1.068072274824731212e-04
2.000000000000000000e+00 1.000000000000000000e+00 5.000000000000000000e-01 4.632521069085319835e-04 5.435349258779755563e-04 1.696799968662388882e-04 2.086697829911179913e-04
2.000000000000000000e+00 2.000000000000000000e+00 5.000000000000000000e-01 9.701308157760744422e-04 1.139243009497886271e-03 4.515317912611988937e-04 5.420550542077312399e-04
2.000000000000000000e+00 4.000000000000000000e+00 5.000000000000000000e-01 1.216471191920783738e-03 1.448015656638028869e-03 5.399602224404726446e-04 6.545491413864340654e-04
2.000000000000000000e+00 8.000000000000000000e+00 5.000000000000000000e-01 1.295527877665128818e-03 1.551251006479152520e-03 5.340893516936044303e-04 6.699303170828947761e-04
2.000000000000000000e+00 1.600000000000000000e+01 5.000000000000000000e-01 1.542683009882782081e-03 1.799194311678180280e-03 3.632945982348999943e-04 4.700790253815414696e-04
2.000000000000000000e+00 3.200000000000000000e+01 5.000000000000000000e-01 1.496567083487624445e-03 1.757002828349276237e-03 3.333579118523790318e-04 4.137152336139485447e-04
2.000000000000000000e+00 6.400000000000000000e+01 5.000000000000000000e-01 1.563767266835462992e-03 1.839977443746614342e-03 4.385899176535259462e-04 5.312039263586624703e-04
2.000000000000000000e+00 1.280000000000000000e+02 5.000000000000000000e-01 1.658254994461733078e-03 2.001718661270502752e-03 3.824413060702871905e-04 4.680534072225730579e-04
3.000000000000000000e+00 6.250000000000000000e-02 5.000000000000000000e-01 2.671451869012626650e-03 8.299224201887663716e-03 1.895202740244153700e-04 6.297017601710499374e-03
3.000000000000000000e+00 1.250000000000000000e-01 5.000000000000000000e-01 1.445344917730164097e-03 3.393015044157445589e-03 1.064905631477438695e-04 4.150677102120872708e-03
3.000000000000000000e+00 2.500000000000000000e-01 5.000000000000000000e-01 8.196401550240759934e-04 8.302921333651916641e-04 1.315401678503971600e-04 1.225559316350085810e-04
3.000000000000000000e+00 5.000000000000000000e-01 5.000000000000000000e-01 2.104182698578301231e-04 2.447004160551253952e-04 1.063963529473039947e-04 1.101168559670168579e-04
3.000000000000000000e+00 1.000000000000000000e+00 5.000000000000000000e-01 3.861980386663727070e-04 4.948137386911715795e-04 2.167775374242418833e-04 2.675915695673113581e-04
3.000000000000000000e+00 2.000000000000000000e+00 5.000000000000000000e-01 9.580945313528562921e-04 1.253731178926188218e-03 6.442306050695534650e-04 8.479691687490117924e-04
3.000000000000000000e+00 4.000000000000000000e+00 5.000000000000000000e-01 1.021616794857273681e-03 1.345094488656448008e-03 5.794321182576304182e-04 7.798133834036818186e-04
3.000000000000000000e+00 8.000000000000000000e+00 5.000000000000000000e-01 1.051288882627566786e-03 1.372372685090374796e-03 5.126981369965225412e-04 6.615278885766127590e-04
3.000000000000000000e+00 1.600000000000000000e+01 5.000000000000000000e-01 1.177284783820081119e-03 1.579236274175174672e-03 4.475281114398743524e-04 6.139240803563609551e-04
3.000000000000000000e+00 3.200000000000000000e+01 5.000000000000000000e-01 1.178934884448370850e-03 1.514439207739889113e-03 3.964570535799723976e-04 4.997306300153386057e-04
3.000000000000000000e+00 6.400000000000000000e+01 5.000000000000000000e-01 1.225656996124995521e-03 1.596792105146853120e-03 3.651848458860999401e-04 4.591231293200978992e-04
3.000000000000000000e+00 1.280000000000000000e+02 5.000000000000000000e-01 1.329473760777311227e-03 1.692288808993061468e-03 2.869958728244326965e-04 3.782249634155015940e-04
4.000000000000000000e+00 6.250000000000000000e-02 5.000000000000000000e-01 2.661149213151305006e-03 3.900922704121073670e-02 2.381246256095145093e-04 6.636895237994577812e-02
4.000000000000000000e+00 1.250000000000000000e-01 5.000000000000000000e-01 1.370198533247691001e-03 2.690593586711805679e-03 6.434597265333429344e-05 2.768633017794688844e-03
4.000000000000000000e+00 2.500000000000000000e-01 5.000000000000000000e-01 7.113980754636175814e-04 7.698230975079471293e-04 7.081400785858965043e-05 7.604399309810223775e-05
4.000000000000000000e+00 5.000000000000000000e-01 5.000000000000000000e-01 1.313935559469136616e-04 1.611483790552358853e-04 2.072143024302795891e-05 2.699003744773228024e-05
4.000000000000000000e+00 1.000000000000000000e+00 5.000000000000000000e-01 1.766341436143966910e-04 2.351530723430969431e-04 1.248946439025118362e-04 1.745708247078125433e-04
4.000000000000000000e+00 2.000000000000000000e+00 5.000000000000000000e-01 3.316581344011600434e-04 4.805349003739353112e-04 2.555070708233747579e-04 3.727945671953593874e-04
4.000000000000000000e+00 4.000000000000000000e+00 5.000000000000000000e-01 5.053929598319587208e-04 7.433541794080325907e-04 2.940557615852088403e-04 4.292819087209524343e-04
4.000000000000000000e+00 8.000000000000000000e+00 5.000000000000000000e-01 6.345315566944310318e-04 8.904581753660217305e-04 2.983791353244573527e-04 4.127590427253580380e-04
4.000000000000000000e+00 1.600000000000000000e+01 5.000000000000000000e-01 7.149673445250018982e-04 1.028405843735300407e-03 1.912098661382101363e-04 2.485240065733972841e-04
4.000000000000000000e+00 3.200000000000000000e+01 5.000000000000000000e-01 7.458632722866351174e-04 1.078898771090053364e-03 2.563846519544775091e-04 3.527351443549697806e-04
4.000000000000000000e+00 6.400000000000000000e+01 5.000000000000000000e-01 8.295054399999033951e-04 1.208926958459958460e-03 1.480810151850729466e-04 2.349154581209755182e-04
4.000000000000000000e+00 1.280000000000000000e+02 5.000000000000000000e-01 9.043180151584800323e-04 1.278273085572010758e-03 1.947986350629118859e-04 2.901573290262663362e-04
5.000000000000000000e+00 6.250000000000000000e-02 5.000000000000000000e-01 2.443120217915007667e-03 1.801545025191063701e-02 2.552001091287284837e-04 1.321059149562492548e-02
5.000000000000000000e+00 1.250000000000000000e-01 5.000000000000000000e-01 1.309450721705594789e-03 3.463677676323040182e-03 6.128803594334049419e-05 2.088349841167578495e-03
5.000000000000000000e+00 2.500000000000000000e-01 5.000000000000000000e-01 6.349276346276553056e-04 8.478050921475344809e-04 4.791166583422135197e-05 2.864487143101100502e-04
5.000000000000000000e+00 5.000000000000000000e-01 5.000000000000000000e-01 9.807522697024575152e-05 1.488606602486207040e-04 1.568011885811205529e-05 7.402108089926386558e-05
5.000000000000000000e+00 1.000000000000000000e+00 5.000000000000000000e-01 1.057939938894207372e-04 1.607858966944269758e-04 3.392899759730548791e-05 5.247220576884785822e-05
5.000000000000000000e+00 2.000000000000000000e+00 5.000000000000000000e-01 2.664282666066703658e-04 4.284343121555942856e-04 2.035960830289934912e-04 3.240884727207746251e-04
5.000000000000000000e+00 4.000000000000000000e+00 5.000000000000000000e-01 3.470931985051212273e-04 5.638687440107405247e-04 2.676364805246389837e-04 4.404546892812406540e-04
5.000000000000000000e+00 8.000000000000000000e+00 5.000000000000000000e-01 4.030721881942301438e-04 6.731342105737086806e-04 2.586273441114955263e-04 4.281859192432675319e-04
5.000000000000000000e+00 1.600000000000000000e+01 5.000000000000000000e-01 4.197943482687739808e-04 6.872833233183916037e-04 2.264945080811169638e-04 3.370357785897007559e-04
5.000000000000000000e+00 3.200000000000000000e+01 5.000000000000000000e-01 4.583316944863811905e-04 7.288839739750573379e-04 1.905058312703229685e-04 2.905743965566373946e-04
5.000000000000000000e+00 6.400000000000000000e+01 5.000000000000000000e-01 5.286090708709409317e-04 8.832932266956020160e-04 2.292657230477028007e-04 3.736763216529000392e-04
5.000000000000000000e+00 1.280000000000000000e+02 5.000000000000000000e-01 5.682839331927530459e-04 9.506500267186014392e-04 2.462643943415929073e-04 4.181675128220226361e-04
