2.000000000000000000e+00 6.250000000000000000e-02 9.000000000000000222e-01 3.425155535683223514e-03 5.214378082535246414e-03 4.021485677765216120e-04 1.814375359557812359e-03
2.000000000000000000e+00 1.250000000000000000e-01 9.000000000000000222e-01 1.913053506136646546e-03 2.571525212415603622e-03 1.109533040479560761e-04 5.781543345517629147e-04
2.000000000000000000e+00 2.500000000000000000e-01 9.000000000000000222e-01 1.081967673069026163e-03 1.229023652439677466e-03 8.944508210599047202e-05 1.124123119419975764e-04
2.000000000000000000e+00 5.000000000000000000e-01 9.000000000000000222e-01 2.432188351203825303e-04 2.813951453037813618e-04 7.836821914811858969e-05 9.071380145603032271e-05
2.000000000000000000e+00 1.000000000000000000e+00 9.000000000000000222e-01 1.715169560988343564e-04 2.238407720043042860e-04 1.194223584162090344e-04 1.506620432469504562e-04
2.000000000000000000e+00 2.000000000000000000e+00 9.000000000000000222e-01 1.794011283613962046e-04 2.447962379946770585e-04 1.469857293191205341e-04 1.935357582082177506e-04
2.000000000000000000e+00 4.000000000000000000e+00 9.000000000000000222e-01 1.930364680630641100e-04 2.491890451134941872e-04 1.505300867909500342e-04 1.752200361822796857e-04
2.000000000000000000e+00 8.000000000000000000e+00 9.000000000000000222e-01 2.022567003490961769e-04 2.849096124431149592e-04 1.310329576547020409e-04 1.655145334428350312e-04
2.000000000000000000e+00 1.600000000000000000e+01 9.000000000000000222e-01 2.227521739904182621e-04 2.962437571245147378e-04 1.214802302894059757e-04 1.663203696247969902e-04
2.000000000000000000e+00 3.200000000000000000e+01 9.000000000000000222e-01 2.032402536043825152e-04 2.740145967053609537e-04 1.100352594113009790e-04 1.433024577451249984e-04
2.000000000000000000e+00 6.400000000000000000e+01 9.000000000000000222e-01 1.989979406724770518e-04 2.729036898765985686e-04 1.091455760305498510e-04 1.402741839316957941e-04
2.000000000000000000e+00 1.280000000000000000e+02 9.000000000000000222e-01 2.210064278086776074e-04 3.075891622839207703e-04 1.288415183957630111e-04 1.667884040205917112e-04
3.000000000000000000e+00 6.250000000000000000e-02 9.000000000000000222e-01 3.095385696886278262e-03 1.824216565182432831e-02 3.632144341770906517e-04 2.228225592102935082e-02
3.000000000000000000e+00 1.250000000000000000e-01 9.000000000000000222e-01 1.761096337606161966e-03 3.135560062381552524e-03 1.386430387665030630e-04 1.889441327045304634e-03
3.000000000000000000e+00 2.500000000000000000e-01 9.000000000000000222e-01 9.437519209768493057e-04 1.066272187932072952e-03 1.266712519659014791e-04 1.673424681618061272e-04
3.000000000000000000e+00 5.000000000000000000e-01 9.000000000000000222e-01 1.472877293116358374e-04 1.883724968695969987e-04 8.181831865958795588e-05 1.033377890094568942e-04
3.000000000000000000e+00 1.000000000000000000e+00 9.000000000000000222e-01 7.259660276354757845e-05 1.077987489057971045e-04 2.514533762548974434e-05 4.075358230191125311e-05
3.000000000000000000e+00 2.000000000000000000e+00 9.000000000000000222e-01 5.404145396912847651e-05 8.791666623512901259e-05 2.241854823472074458e-05 3.753625640767174119e-05
3.000000000000000000e+00 4.000000000000000000e+00 9.000000000000000222e-01 4.310830370382011661e-05 7.153545049030365574e-05 1.663417653684974804e-05 2.760605249049554485e-05
3.000000000000000000e+00 8.000000000000000000e+00 9.000000000000000222e-01 4.622810548223560878e-05 7.429762423396148836e-05 1.893205411873951331e-05 3.068993657439560396e-05
3.000000000000000000e+00 1.600000000000000000e+01 9.000000000000000222e-01 6.007729033065552747e-05 9.114889740042311219e-05 2.775336322234257051e-05 3.985677562036471397e-05
3.000000000000000000e+00 3.200000000000000000e+01 9.000000000000000222e-01 5.445288699582031877e-05 8.870952710219126114e-05 1.760376031527309280e-05 3.040793121852057736e-05
3.000000000000000000e+00 6.400000000000000000e+01 9.000000000000000222e-01 5.935125961108280227e-05 9.460458776980066264e-05 2.649268673994815843e-05 4.006804656285962329e-05
3.000000000000000000e+00 1.280000000000000000e+02 9.000000000000000222e-01 5.060331648145991818e-05 7.957403654641577646e-05 1.467686110230017552e-05 2.243030150171766607e-05
4.000000000000000000e+00 6.250000000000000000e-02 9.000000000000000222e-01 3.115344330881603292e-03 3.902909550387044513e-02 3.415904592800885842e-04 3.327743127213343699e-02
4.000000000000000000e+00 1.250000000000000000e-01 9.000000000000000222e-01 1.679786588683807817e-03 3.298048540419940174e-03 9.674980022208150158e-05 1.153828990088188924e-03
4.000000000000000000e+00 2.500000000000000000e-01 9.000000000000000222e-01 7.067672640452702043e-04 8.521547708323331171e-04 1.188789702432238804e-04 1.397011553192286119e-04
4.000000000000000000e+00 5.000000000000000000e-01 9.000000000000000222e-01 1.040397435919054956e-04 1.338694093298877766e-04 4.860197164221546836e-05 5.968466568532544573e-05
4.000000000000000000e+00 1.000000000000000000e+00 9.000000000000000222e-01 1.809671793753995814e-05 2.732164844128393236e-05 8.184299963685634746e-06 1.243030806647714176e-05
4.000000000000000000e+00 2.000000000000000000e+00 9.000000000000000222e-01 1.266106337004994159e-05 2.204607145256524449e-05 6.300676295006525293e-06 1.146636620458236293e-05
4.000000000000000000e+00 4.000000000000000000e+00 9.000000000000000222e-01 9.036287942222299434e-06 1.602480120619674946e-05 3.728758971298230684e-06 6.955880519896464867e-06
4.000000000000000000e+00 8.000000000000000000e+00 9.000000000000000222e-01 1.189463932010570709e-05 2.177483847865614085e-05 3.478608770042993570e-06 7.278159227393574335e-06
4.000000000000000000e+00 1.600000000000000000e+01 9.000000000000000222e-01 1.259420071419239622e-05 2.206578848101463394e-05 6.137544044572336984e-06 1.091746902484866555e-05
4.000000000000000000e+00 3.200000000000000000e+01 9.000000000000000222e-01 1.141753787849877273e-05 2.145490063779990558e-05 3.415213676999506912e-06 6.084689133453675741e-06
4.000000000000000000e+00 6.400000000000000000e+01 9.000000000000000222e-01 1.200206849348649146e-05 2.080837149288078386e-05 4.127808575416685127e-06 7.298610168569188697e-06
4.000000000000000000e+00 1.280000000000000000e+02 9.000000000000000222e-01 1.427612618023841446e-05 2.546052973390716442e-05 3.520803687827366704e-06 6.568533223791361503e-06
5.000000000000000000e+00 6.250000000000000000e-02 9.000000000000000222e-01 2.787120817919863051e-03 3.398384252477298917e-02 3.135253862033367169e-04 4.105676278987884648e-02
5.000000000000000000e+00 1.250000000000000000e-01 9.000000000000000222e-01 1.203725484139807128e-03 7.486817718399559236e-03 1.509788595459339848e-04 1.159185974895842602e-02
5.000000000000000000e+00 2.500000000000000000e-01 9.000000000000000222e-01 4.014820130655339411e-04 6.007971918556259238e-04 3.504135722552972063e-05 1.067327019428413435e-04
5.000000000000000000e+00 5.000000000000000000e-01 9.000000000000000222e-01 6.089000944279976759e-05 1.062627666267699665e-04 2.961738368081605574e-05 1.020086497877631908e-04
5.000000000000000000e+00 1.000000000000000000e+00 9.000000000000000222e-01 8.856033493466305875e-06 1.429039651074042353e-05 2.967568899109474052e-06 5.067099413670163613e-06
5.000000000000000000e+00 2.000000000000000000e+00 9.000000000000000222e-01 5.241931425892670781e-06 9.775078028874199980e-06 2.042876439588437745e-06 4.278305295650073665e-06
5.000000000000000000e+00 4.000000000000000000e+00 9.000000000000000222e-01 4.769158506037547327e-06 9.986027548208218656e-06 1.850922514622212054e-06 4.221572673441955353e-06
5.000000000000000000e+00 8.000000000000000000e+00 9.000000000000000222e-01 4.711070120557095810e-06 9.565820751562288801e-06 1.599158809883522969e-06 3.567430096936200364e-06
5.000000000000000000e+00 1.600000000000000000e+01 9.000000000000000222e-01 4.899686251320873936e-06 1.054974296029948032e-05 1.266830027488065957e-06 3.064773292412740908e-06
5.000000000000000000e+00 3.200000000000000000e+01 9.000000000000000222e-01 6.448412655560891472e-06 1.386176416687222268e-05 2.006358516517680112e-06 4.573368784234055074e-06
5.000000000000000000e+00 6.400000000000000000e+01 9.000000000000000222e-01 5.492638128954024187e-06 1.145161457840874244e-05 1.851520116819226652e-06 3.839475995651850825e-06
5.000000000000000000e+00 1.280000000000000000e+02 9.000000000000000222e-01 5.094364173898223636e-06 1.076794398354407875e-05 1.354322531530570205e-06 3.210737713718591338e-06
