2.000000000000000000e+00 6.250000000000000000e-02 9.000000000000000222e-01 3.407713795680995632e-03 3.988820984438024714e-03 2.885169570744694273e-04 6.099972383336272827e-04
2.000000000000000000e+00 1.250000000000000000e-01 9.000000000000000222e-01 2.067708666092852449e-03 2.191052853159201463e-03 1.556319454981811739e-04 2.025013270925351909e-04
2.000000000000000000e+00 2.500000000000000000e-01 9.000000000000000222e-01 1.029099433907155331e-03 1.215275718606386888e-03 1.073908019852407904e-04 9.585195658170058406e-05
2.000000000000000000e+00 5.000000000000000000e-01 9.000000000000000222e-01 2.294155799759546707e-04 2.908044565653031721e-04 7.360468553762947988e-05 9.384104329158670364e-05
2.000000000000000000e+00 1.000000000000000000e+00 9.000000000000000222e-01 1.719384935004153437e-04 2.141585697376164243e-04 1.184622600331791171e-04 1.458934222177507730e-04
2.000000000000000000e+00 2.000000000000000000e+00 9.000000000000000222e-01 1.761956664381179643e-04 2.401275936792040774e-04 1.415447285161501687e-04 2.021911611682253339e-04
2.000000000000000000e+00 4.000000000000000000e+00 9.000000000000000222e-01 1.824477201304630430e-04 2.478594977373182258e-04 1.381201960536834728e-04 1.944156093695479867e-04
2.000000000000000000e+00 8.000000000000000000e+00 9.000000000000000222e-01 2.057828141929793158e-04 2.745541373162510221e-04 1.257964156112432422e-04 1.686667153943488637e-04
2.000000000000000000e+00 1.600000000000000000e+01 9.000000000000000222e-01 2.179423037697283873e-04 3.019619967112750422e-04 1.223255339660815069e-04 1.729598123767358501e-04
2.000000000000000000e+00 3.200000000000000000e+01 9.000000000000000222e-01 2.016706232182533562e-04 2.728501523115506246e-04 1.091645133680061461e-04 1.468668998951362724e-04
2.000000000000000000e+00 6.400000000000000000e+01 9.000000000000000222e-01 1.949373454257827655e-04 2.742949863747280032e-04 9.735747992790317403e-05 1.485094806597440323e-04
2.000000000000000000e+00 1.280000000000000000e+02 9.000000000000000222e-01 2.134482230567022931e-04 2.947916079432391840e-04 1.209533701611396607e-04 1.609138800081374011e-04
3.000000000000000000e+00 6.250000000000000000e-02 9.000000000000000222e-01 3.150740002014593318e-03 1.058042999827062992e-02 2.747496630566092059e-04 8.417644248174694505e-03
3.000000000000000000e+00 1.250000000000000000e-01 9.000000000000000222e-01 1.859351247413014094e-03 2.544247682950540653e-03 1.599205040013616417e-04 8.435415891510867009e-04
3.000000000000000000e+00 2.500000000000000000e-01 9.000000000000000222e-01 8.783561901619449516e-04 1.088523115789407454e-03 1.438894031382994263e-04 1.420857459845974646e-04
3.000000000000000000e+00 5.000000000000000000e-01 9.000000000000000222e-01 1.411582111783685537e-04 1.879094960414995081e-04 7.536848762770085989e-05 1.003078651983603710e-04
3.000000000000000000e+00 1.000000000000000000e+00 9.000000000000000222e-01 7.346046626357591726e-05 1.019288263266378833e-04 2.730071609215623408e-05 3.727770345279771694e-05
3.000000000000000000e+00 2.000000000000000000e+00 9.000000000000000222e-01 5.714805627891206144e-05 8.095490693830144813e-05 2.665661110090877139e-05 3.345225080662745780e-05
3.000000000000000000e+00 4.000000000000000000e+00 9.000000000000000222e-01 4.368403302068545339e-05 6.656360789911855490e-05 1.610723875192766899e-05 2.578783702366512667e-05
3.000000000000000000e+00 8.000000000000000000e+00 9.000000000000000222e-01 4.493548117165208566e-05 7.117104789406408099e-05 1.713664204820570833e-05 2.935097286157558217e-05
3.000000000000000000e+00 1.600000000000000000e+01 9.000000000000000222e-01 5.764122937325342908e-05 8.959684555680030513e-05 2.490222112841052445e-05 4.148681841960679301e-05
3.000000000000000000e+00 3.200000000000000000e+01 9.000000000000000222e-01 5.422281744395724735e-05 8.529071961678145206e-05 1.957211099380734410e-05 2.982557289503577611e-05
3.000000000000000000e+00 6.400000000000000000e+01 9.000000000000000222e-01 5.768522199979757412e-05 8.920645068292881491e-05 2.683873485736658053e-05 4.118415269575398759e-05
3.000000000000000000e+00 1.280000000000000000e+02 9.000000000000000222e-01 4.878208376348588151e-05 7.589178076876445611e-05 1.407568681550226926e-05 2.288678374654265176e-05
4.000000000000000000e+00 6.250000000000000000e-02 9.000000000000000222e-01 3.103100457170003372e-03 2.497069787140213104e-02 2.482584554148582301e-04 4.245235413500574734e-02
4.000000000000000000e+00 1.250000000000000000e-01 9.000000000000000222e-01 1.762615404702303282e-03 2.854404732964685963e-03 1.028209814112701441e-04 1.238770827156463047e-03
4.000000000000000000e+00 2.500000000000000000e-01 9.000000000000000222e-01 6.611635333086456024e-04 8.686625037808703986e-04 1.085175751548832110e-04 1.330654998693153745e-04
4.000000000000000000e+00 5.000000000000000000e-01 9.000000000000000222e-01 9.754882970292052635e-05 1.360022807105551186e-04 4.428933084481303487e-05 6.306126875356685743e-05
4.000000000000000000e+00 1.000000000000000000e+00 9.000000000000000222e-01 1.835864384800768058e-05 2.570626915236815245e-05 8.480089728422083645e-06 1.179187605416848955e-05
4.000000000000000000e+00 2.000000000000000000e+00 9.000000000000000222e-01 1.276606901154092707e-05 2.083726580712816001e-05 6.698189695278029333e-06 1.069536791868638553e-05
4.000000000000000000e+00 4.000000000000000000e+00 9.000000000000000222e-01 9.160634648066101940e-06 1.532500807987346715e-05 3.788117088276495205e-06 6.317614343014806474e-06
4.000000000000000000e+00 8.000000000000000000e+00 9.000000000000000222e-01 1.190995691034757835e-05 2.034115386394571079e-05 3.406401133150872546e-06 6.562593805785449353e-06
4.000000000000000000e+00 1.600000000000000000e+01 9.000000000000000222e-01 1.214596210221221077e-05 2.192043478188263636e-05 5.742060811368732796e-06 1.068600191515669698e-05
4.000000000000000000e+00 3.200000000000000000e+01 9.000000000000000222e-01 1.157001509566117062e-05 2.027297605845202749e-05 3.626637304985988638e-06 5.948469863033194732e-06
4.000000000000000000e+00 6.400000000000000000e+01 9.000000000000000222e-01 1.210163578432429132e-05 2.081277158640171477e-05 3.878480574728505354e-06 7.152482423696628697e-06
4.000000000000000000e+00 1.280000000000000000e+02 9.000000000000000222e-01 1.377474751107842561e-05 2.448779417816201309e-05 3.213953859490823061e-06 5.648170736744860572e-06
5.000000000000000000e+00 6.250000000000000000e-02 9.000000000000000222e-01 2.861713498386720886e-03 1.748737308076537406e-02 2.798564787522963638e-04 1.686887543618334831e-02
5.000000000000000000e+00 1.250000000000000000e-01 9.000000000000000222e-01 1.280404370354317487e-03 1.523428928770617120e-02 1.554788249538522911e-04 1.632445751921705185e-02
5.000000000000000000e+00 2.500000000000000000e-01 9.000000000000000222e-01 3.958000001792220598e-04 6.115721699105536226e-04 4.707832785098401719e-05 1.091259330860165297e-04
5.000000000000000000e+00 5.000000000000000000e-01 9.000000000000000222e-01 5.844321719182612475e-05 9.067969823569817266e-05 2.995405291929418900e-05 5.032626501816209115e-05
5.000000000000000000e+00 1.000000000000000000e+00 9.000000000000000222e-01 8.762078945390933338e-06 1.379929059961624575e-05 2.938870505223674703e-06 5.070226052370946457e-06
5.000000000000000000e+00 2.000000000000000000e+00 9.000000000000000222e-01 5.555557218813117151e-06 9.532324822889658004e-06 2.350102285316112574e-06 4.104502386908222839e-06
5.000000000000000000e+00 4.000000000000000000e+00 9.000000000000000222e-01 4.917646037651532836e-06 9.260034512217864608e-06 2.016033741977680737e-06 3.733744108225289006e-06
5.000000000000000000e+00 8.000000000000000000e+00 9.000000000000000222e-01 4.743887537604199205e-06 9.434464219953613365e-06 1.748400208148687925e-06 4.268862080568862661e-06
5.000000000000000000e+00 1.600000000000000000e+01 9.000000000000000222e-01 4.943207069849753273e-06 1.035985092249593288e-05 1.214522556962518537e-06 3.195828765969682065e-06
5.000000000000000000e+00 3.200000000000000000e+01 9.000000000000000222e-01 6.670138431323238847e-06 1.313994136507523028e-05 2.029496636385331680e-06 4.033433935781531215e-06
5.000000000000000000e+00 6.400000000000000000e+01 9.000000000000000222e-01 5.584787819683314448e-06 1.096450572320330010e-05 1.641005346514177964e-06 3.274113922468132260e-06
5.000000000000000000e+00 1.280000000000000000e+02 9.000000000000000222e-01 5.152035267391057429e-06 1.001476827299745194e-05 1.334700435668044189e-06 2.562840666651712416e-06
