2.000000000000000000e+00 6.250000000000000000e-02 9.000000000000000222e-01 2.927980848153349802e-03 5.527400060708202376e-03 2.802169931771331612e-04 2.252192162885199769e-03
2.000000000000000000e+00 1.250000000000000000e-01 9.000000000000000222e-01 1.644827551469450798e-03 3.935641021470544232e-03 1.329568051925683473e-04 3.813842358929294286e-03
2.000000000000000000e+00 2.500000000000000000e-01 9.000000000000000222e-01 9.540595866395929631e-04 1.105698151040338884e-03 7.850538211023975208e-05 1.042787710561459135e-04
2.000000000000000000e+00 5.000000000000000000e-01 9.000000000000000222e-01 3.598280649856890555e-04 4.545450305668114442e-04 9.463738698271905814e-05 1.183908414524890361e-04
2.000000000000000000e+00 1.000000000000000000e+00 9.000000000000000222e-01 4.563710849854701705e-04 5.967437728275181829e-04 8.881942848340220647e-05 1.314582610889429332e-04
2.000000000000000000e+00 2.000000000000000000e+00 9.000000000000000222e-01 5.631249015133241945e-04 7.794236629675262628e-04 1.760775201068168964e-04 2.533195294983985285e-04
2.000000000000000000e+00 4.000000000000000000e+00 9.000000000000000222e-01 6.742262812988829420e-04 9.245823431204072684e-04 2.584856833753538933e-04 3.369386143214589966e-04
2.000000000000000000e+00 8.000000000000000000e+00 9.000000000000000222e-01 8.241027101949570475e-04 1.124263027080617391e-03 3.408154834016362202e-04 4.576124389288583022e-04
2.000000000000000000e+00 1.600000000000000000e+01 9.000000000000000222e-01 8.686234292812660329e-04 1.169043642392533083e-03 2.321554956893028118e-04 3.236611369965309171e-04
2.000000000000000000e+00 3.200000000000000000e+01 9.000000000000000222e-01 7.928833543649324491e-04 1.100307127644755247e-03 1.850973841980787940e-04 2.543515151027034293e-04
2.000000000000000000e+00 6.400000000000000000e+01 9.000000000000000222e-01 8.532509194600461366e-04 1.189961270213810759e-03 1.905915754373615708e-04 2.750589393919455330e-04
2.000000000000000000e+00 1.280000000000000000e+02 9.000000000000000222e-01 1.029929004102409992e-03 1.424549893210906495e-03 3.158693416831773919e-04 4.232744831630413278e-04
3.000000000000000000e+00 6.250000000000000000e-02 9.000000000000000222e-01 2.706300749987150100e-03 1.037069521631242205e-02 2.629974628093070485e-04 7.356779777232809285e-03
3.000000000000000000e+00 1.250000000000000000e-01 9.000000000000000222e-01 1.515409087450449773e-03 2.290138602258521856e-03 1.234902593045274200e-04 1.133245787861985893e-03
3.000000000000000000e+00 2.500000000000000000e-01 9.000000000000000222e-01 8.146815811586553130e-04 9.873383023199912376e-04 1.246572388870920427e-04 1.395250034553225250e-04
3.000000000000000000e+00 5.000000000000000000e-01 9.000000000000000222e-01 2.605028156470593002e-04 3.484325213970320225e-04 1.009994513636606263e-04 1.133637242448965772e-04
3.000000000000000000e+00 1.000000000000000000e+00 9.000000000000000222e-01 2.959257125604582801e-04 4.200040196519321260e-04 9.076673256398599889e-05 1.273418465702293905e-04
3.000000000000000000e+00 2.000000000000000000e+00 9.000000000000000222e-01 4.261857749810176593e-04 6.571453584092313682e-04 2.087605223332279672e-04 3.228740148518855759e-04
3.000000000000000000e+00 4.000000000000000000e+00 9.000000000000000222e-01 4.044089717498389430e-04 6.553291427616183499e-04 2.002648152865869858e-04 3.234323672769965382e-04
3.000000000000000000e+00 8.000000000000000000e+00 9.000000000000000222e-01 4.475321210340267109e-04 7.097822622924839040e-04 1.796009736423622111e-04 2.964739729469887146e-04
3.000000000000000000e+00 1.600000000000000000e+01 9.000000000000000222e-01 5.002775030669230063e-04 7.838882682376782174e-04 1.600636196653399573e-04 2.583105192593222656e-04
3.000000000000000000e+00 3.200000000000000000e+01 9.000000000000000222e-01 4.605476824281424316e-04 7.228449993677722859e-04 1.588280748084990675e-04 2.348816977715564803e-04
3.000000000000000000e+00 6.400000000000000000e+01 9.000000000000000222e-01 4.869111006068914437e-04 7.640175498444616011e-04 1.528158183329546152e-04 2.427157249930520118e-04
3.000000000000000000e+00 1.280000000000000000e+02 9.000000000000000222e-01 4.738851847705142714e-04 7.666097794279867978e-04 1.058907171929252103e-04 1.588007953595425067e-04
4.000000000000000000e+00 6.250000000000000000e-02 9.000000000000000222e-01 2.698586517565305064e-03 1.533794929750631995e-02 2.051375912056190584e-04 2.322730748925180486e-02
4.000000000000000000e+00 1.250000000000000000e-01 9.000000000000000222e-01 1.420740938111841444e-03 7.622083399315590993e-03 7.667698166649305764e-05 1.223969954682286448e-02
4.000000000000000000e+00 2.500000000000000000e-01 9.000000000000000222e-01 7.151702253724086678e-04 8.873363775387173736e-04 6.230382362349562051e-05 5.824842271170747014e-05
4.000000000000000000e+00 5.000000000000000000e-01 9.000000000000000222e-01 1.628065570134629820e-04 2.365584216207566664e-04 4.367680891918985126e-05 6.279139718200586068e-05
4.000000000000000000e+00 1.000000000000000000e+00 9.000000000000000222e-01 1.230657810735228644e-04 1.947720843876246395e-04 4.920114556348767411e-05 8.055726866327619104e-05
4.000000000000000000e+00 2.000000000000000000e+00 9.000000000000000222e-01 1.378140815957047943e-04 2.388969377651965211e-04 9.005735027362414698e-05 1.469387383912391519e-04
4.000000000000000000e+00 4.000000000000000000e+00 9.000000000000000222e-01 1.467767868701781925e-04 2.680264872164977085e-04 7.783384112383181120e-05 1.367984468874955829e-04
4.000000000000000000e+00 8.000000000000000000e+00 9.000000000000000222e-01 2.085721226679337751e-04 3.844599287044321773e-04 9.039746590264290387e-05 1.712628900784166931e-04
4.000000000000000000e+00 1.600000000000000000e+01 9.000000000000000222e-01 2.078469851407943548e-04 3.845108620075450047e-04 7.891701485442125831e-05 1.396718677742459999e-04
4.000000000000000000e+00 3.200000000000000000e+01 9.000000000000000222e-01 2.099826726239211838e-04 3.915741411825737176e-04 7.930296020311192109e-05 1.584490263094137001e-04
4.000000000000000000e+00 6.400000000000000000e+01 9.000000000000000222e-01 2.426375758755566878e-04 4.611873172408627037e-04 5.937108119250759654e-05 1.208377024987954856e-04
4.000000000000000000e+00 1.280000000000000000e+02 9.000000000000000222e-01 2.612558276082369924e-04 4.819051106027437349e-04 6.028388880224108042e-05 1.116627898754699109e-04
5.000000000000000000e+00 6.250000000000000000e-02 9.000000000000000222e-01 2.504219074242725919e-03 3.712373020107073013e-02 1.712352732696493368e-04 3.527563539515687213e-02
5.000000000000000000e+00 1.250000000000000000e-01 9.000000000000000222e-01 1.340325025786677764e-03 2.669636603712582240e-02 6.993087377578511416e-05 3.350443873496097846e-02
5.000000000000000000e+00 2.500000000000000000e-01 9.000000000000000222e-01 6.455493474361580046e-04 9.374336886558655088e-04 4.889414217666784195e-05 1.833702821495805288e-04
5.000000000000000000e+00 5.000000000000000000e-01 9.000000000000000222e-01 1.192847754528020060e-04 1.913957878301842210e-04 3.197506751752093000e-05 6.698367641725347279e-05
5.000000000000000000e+00 1.000000000000000000e+00 9.000000000000000222e-01 7.204283454884054163e-05 1.257193828515180327e-04 1.175706256479413467e-05 2.176312793321289713e-05
5.000000000000000000e+00 2.000000000000000000e+00 9.000000000000000222e-01 9.118744702837741536e-05 1.735839873454080094e-04 4.274794295532122321e-05 7.836313941601309859e-05
5.000000000000000000e+00 4.000000000000000000e+00 9.000000000000000222e-01 8.002321063345436600e-05 1.638025672496756183e-04 4.016232379683897717e-05 8.388080377296438139e-05
5.000000000000000000e+00 8.000000000000000000e+00 9.000000000000000222e-01 1.072338179659808723e-04 2.221031096666072004e-04 4.729857684938391341e-05 9.007287574146589048e-05
5.000000000000000000e+00 1.600000000000000000e+01 9.000000000000000222e-01 1.135663237500850664e-04 2.389647133973607008e-04 5.896123170439641263e-05 1.099632624540035889e-04
5.000000000000000000e+00 3.200000000000000000e+01 9.000000000000000222e-01 1.327138142472593135e-04 2.865816681892999511e-04 5.683389611124877247e-05 1.250179261035900006e-04
5.000000000000000000e+00 6.400000000000000000e+01 9.000000000000000222e-01 1.236196813429164094e-04 2.608957465062653608e-04 2.604376122542474705e-05 5.104227605924825233e-05
5.000000000000000000e+00 1.280000000000000000e+02 9.000000000000000222e-01 1.284841389709799587e-04 2.797274246393303856e-04 5.165246575391088852e-05 1.139132282568518066e-04
