2.000000000000000000e+00 6.250000000000000000e-02 5.000000000000000000e-01 3.340490088492685614e-03 5.721494614525173515e-03 2.803606664581213348e-04 3.184603236139809355e-03
2.000000000000000000e+00 1.250000000000000000e-01 5.000000000000000000e-01 1.992782549285419032e-03 3.923536473880622280e-03 1.095248370510886024e-04 3.220248504067432533e-03
2.000000000000000000e+00 2.500000000000000000e-01 5.000000000000000000e-01 1.047597510972413191e-03 1.162559170792928920e-03 9.495038895562872257e-05 1.593841887583636663e-04
2.000000000000000000e+00 5.000000000000000000e-01 5.000000000000000000e-01 1.855257014514093508e-04 2.155850937661600282e-04 5.711283108406267140e-05 6.088014399810820997e-05
2.000000000000000000e+00 1.000000000000000000e+00 5.000000000000000000e-01 1.365434587599187899e-04 1.715673286501559372e-04 5.077412441962182759e-05 6.333496675585310604e-05
2.000000000000000000e+00 2.000000000000000000e+00 5.000000000000000000e-01 1.960243812882439172e-04 2.656633392790717094e-04 1.256076273753392255e-04 1.654305065489408613e-04
2.000000000000000000e+00 4.000000000000000000e+00 5.000000000000000000e-01 2.895233842666512401e-04 3.984169062511423417e-04 1.665937802611527896e-04 2.277688034457792999e-04
2.000000000000000000e+00 8.000000000000000000e+00 5.000000000000000000e-01 3.839431581654238800e-04 5.258758025319975379e-04 2.354465636349690149e-04 3.194446733137823327e-04
2.000000000000000000e+00 1.600000000000000000e+01 5.000000000000000000e-01 4.266695809701232097e-04 6.017361300994071181e-04 1.730197094523802030e-04 2.488157825291693339e-04
2.000000000000000000e+00 3.200000000000000000e+01 5.000000000000000000e-01 3.848782104854978569e-04 5.560829092582572891e-04 1.280673252688581724e-04 1.902517308011693136e-04
2.000000000000000000e+00 6.400000000000000000e+01 5.000000000000000000e-01 4.148681136325150587e-04 6.006821657656123432e-04 1.476603427012523374e-04 2.198528596949419795e-04
2.000000000000000000e+00 1.280000000000000000e+02 5.000000000000000000e-01 5.062935291397345234e-04 7.061526233270798772e-04 1.774038892565712609e-04 2.478746931166369259e-04
3.000000000000000000e+00 6.250000000000000000e-02 5.000000000000000000e-01 3.024930535514828121e-03 1.764820736393441641e-02 2.294611260668745001e-04 1.913376811887927686e-02
3.000000000000000000e+00 1.250000000000000000e-01 5.000000000000000000e-01 1.853854641662767023e-03 2.683421502238369019e-03 1.312574170319468381e-04 9.183495059941474596e-04
3.000000000000000000e+00 2.500000000000000000e-01 5.000000000000000000e-01 9.185939963362698812e-04 1.074716173244381814e-03 1.475622835776960824e-04 2.001924324740649659e-04
3.000000000000000000e+00 5.000000000000000000e-01 5.000000000000000000e-01 1.357095413466536727e-04 1.639588727871533320e-04 1.214464296958231828e-04 1.447563212559321833e-04
3.000000000000000000e+00 1.000000000000000000e+00 5.000000000000000000e-01 7.466169001564609755e-05 1.081247781274672558e-04 3.650559718225262682e-05 5.714325411559628009e-05
3.000000000000000000e+00 2.000000000000000000e+00 5.000000000000000000e-01 1.500324090051985816e-04 2.490268416718484389e-04 1.101506741965364020e-04 1.891447151758640633e-04
3.000000000000000000e+00 4.000000000000000000e+00 5.000000000000000000e-01 1.506877517385226566e-04 2.516788956036686720e-04 1.043642627799886791e-04 1.822231385258331587e-04
3.000000000000000000e+00 8.000000000000000000e+00 5.000000000000000000e-01 1.891072241533689794e-04 3.140449642232891344e-04 9.111653926964167745e-05 1.636362331168263694e-04
3.000000000000000000e+00 1.600000000000000000e+01 5.000000000000000000e-01 2.114530528739640603e-04 3.587457135453787568e-04 8.656606447017322964e-05 1.508224275416794689e-04
3.000000000000000000e+00 3.200000000000000000e+01 5.000000000000000000e-01 1.865651275668732975e-04 3.131038237230051300e-04 6.299796213862878501e-05 1.104764289194221463e-04
3.000000000000000000e+00 6.400000000000000000e+01 5.000000000000000000e-01 2.143594971195964764e-04 3.519830128384441150e-04 8.430165430485434778e-05 1.481687737061714862e-04
3.000000000000000000e+00 1.280000000000000000e+02 5.000000000000000000e-01 2.026566821023064737e-04 3.324600344914805522e-04 7.195734864618579007e-05 1.244278686546421468e-04
4.000000000000000000e+00 6.250000000000000000e-02 5.000000000000000000e-01 3.015443896234524558e-03 1.054914607980614039e-01 2.456855068800262230e-04 2.778342336764173526e-01
4.000000000000000000e+00 1.250000000000000000e-01 5.000000000000000000e-01 1.770294592342223612e-03 3.814244912425385301e-03 7.751509584127200400e-05 2.404997017074683545e-03
4.000000000000000000e+00 2.500000000000000000e-01 5.000000000000000000e-01 7.280760675919383668e-04 8.608855250839316658e-04 1.259073861486240077e-04 1.608432053399852816e-04
4.000000000000000000e+00 5.000000000000000000e-01 5.000000000000000000e-01 7.855841722420470468e-05 9.866913802063189732e-05 2.372004309417907012e-05 3.033385288572835632e-05
4.000000000000000000e+00 1.000000000000000000e+00 5.000000000000000000e-01 2.572197559585141555e-05 3.950671742834623403e-05 1.404508133482198179e-05 2.294589546548366591e-05
4.000000000000000000e+00 2.000000000000000000e+00 5.000000000000000000e-01 3.541922771080382028e-05 6.680757596390811740e-05 2.684929072097546089e-05 5.746621224788581997e-05
4.000000000000000000e+00 4.000000000000000000e+00 5.000000000000000000e-01 4.841372481834710514e-05 9.176879383437515337e-05 3.560964700867542049e-05 7.100200701906283021e-05
4.000000000000000000e+00 8.000000000000000000e+00 5.000000000000000000e-01 5.831164853197060320e-05 1.094122319746502114e-04 2.480902563427956280e-05 4.916698828118081242e-05
4.000000000000000000e+00 1.600000000000000000e+01 5.000000000000000000e-01 6.053675896500085004e-05 1.174082552830634445e-04 1.960103851159515550e-05 3.871037167460500677e-05
4.000000000000000000e+00 3.200000000000000000e+01 5.000000000000000000e-01 7.475619439525395000e-05 1.440535057999258123e-04 2.586869678244891534e-05 5.625805976816290803e-05
4.000000000000000000e+00 6.400000000000000000e+01 5.000000000000000000e-01 6.965711341218308789e-05 1.305039911986052566e-04 1.881073618569037889e-05 3.189115370079176901e-05
4.000000000000000000e+00 1.280000000000000000e+02 5.000000000000000000e-01 8.961015290391479435e-05 1.703657444320416854e-04 1.433521542773219449e-05 2.331186004843808064e-05
5.000000000000000000e+00 6.250000000000000000e-02 5.000000000000000000e-01 2.732994998368102908e-03 9.412566944110577205e-02 2.601154287630065435e-04 1.747272443205314385e-01
5.000000000000000000e+00 1.250000000000000000e-01 5.000000000000000000e-01 1.324093251192830787e-03 8.086799057108970748e-03 6.094305443581865496e-05 1.003041616738628745e-02
5.000000000000000000e+00 2.500000000000000000e-01 5.000000000000000000e-01 3.960501256138281544e-04 6.763948060982005349e-04 3.935908315556384252e-05 2.611697401815396558e-04
5.000000000000000000e+00 5.000000000000000000e-01 5.000000000000000000e-01 5.322432996819114815e-05 7.487927652819714969e-05 2.023625576226736336e-05 3.707182567810350985e-05
5.000000000000000000e+00 1.000000000000000000e+00 5.000000000000000000e-01 1.474712112028762208e-05 2.346885587654440705e-05 6.348857519476593313e-06 9.847296108408733634e-06
5.000000000000000000e+00 2.000000000000000000e+00 5.000000000000000000e-01 2.120657618750803477e-05 4.509649466268763875e-05 1.500684931241118980e-05 3.633729540388898029e-05
5.000000000000000000e+00 4.000000000000000000e+00 5.000000000000000000e-01 2.522942137720420879e-05 5.325638747571476888e-05 1.495932329404105746e-05 3.362398380273112048e-05
5.000000000000000000e+00 8.000000000000000000e+00 5.000000000000000000e-01 3.079311469378761764e-05 6.779628493262682219e-05 1.635448282572459151e-05 3.769150610101768424e-05
5.000000000000000000e+00 1.600000000000000000e+01 5.000000000000000000e-01 3.365937259876349930e-05 7.285007961511423351e-05 1.746863254275764685e-05 4.112871488509758781e-05
5.000000000000000000e+00 3.200000000000000000e+01 5.000000000000000000e-01 3.664760391568266994e-05 7.808113473158653740e-05 1.485996538491617352e-05 3.367645718440938362e-05
5.000000000000000000e+00 6.400000000000000000e+01 5.000000000000000000e-01 3.872034510509170881e-05 8.515265343392637999e-05 1.536456671693797231e-05 3.229564647307526896e-05
5.000000000000000000e+00 1.280000000000000000e+02 5.000000000000000000e-01 3.652374917751059888e-05 8.066340805468465657e-05 1.321481765388662884e-05 2.916500149637006763e-05
