5.000000000000000000e+00 1.000000000000000000e+00 7.812500000000000000e-03 2.000000000000000000e+00 1.000000000000000056e-01 1.629269371509124653e+00 1.180334373226024081e-01
5.000000000000000000e+00 1.000000000000000000e+00 1.562500000000000000e-02 2.000000000000000000e+00 1.000000000000000056e-01 9.957611961001611167e-01 1.363778591502156912e-01
5.000000000000000000e+00 1.000000000000000000e+00 3.125000000000000000e-02 2.000000000000000000e+00 1.000000000000000056e-01 4.620044668189720594e-01 1.415557437989685696e-01
5.000000000000000000e+00 1.000000000000000000e+00 6.250000000000000000e-02 2.000000000000000000e+00 1.000000000000000056e-01 1.685759044487751546e-01 1.354368218719481376e-01
5.000000000000000000e+00 1.000000000000000000e+00 1.250000000000000000e-01 2.000000000000000000e+00 1.000000000000000056e-01 3.815612264656267905e-02 6.671671850912223867e-02
5.000000000000000000e+00 1.000000000000000000e+00 2.500000000000000000e-01 2.000000000000000000e+00 1.000000000000000056e-01 2.806610980948243822e-03 7.428199603065365787e-03
5.000000000000000000e+00 1.000000000000000000e+00 5.000000000000000000e-01 2.000000000000000000e+00 1.000000000000000056e-01 1.451014020629738622e-05 3.945184614753998646e-05
5.000000000000000000e+00 1.000000000000000000e+00 1.000000000000000000e+00 2.000000000000000000e+00 1.000000000000000056e-01 2.915490618447003779e-05 8.687479639135693601e-05
5.000000000000000000e+00 1.000000000000000000e+00 2.000000000000000000e+00 2.000000000000000000e+00 1.000000000000000056e-01 4.804920666719364484e-06 1.131338622462209654e-05
5.000000000000000000e+00 1.000000000000000000e+00 4.000000000000000000e+00 2.000000000000000000e+00 1.000000000000000056e-01 1.813820430471105005e-06 4.151338163377390462e-06
5.000000000000000000e+00 1.000000000000000000e+00 8.000000000000000000e+00 2.000000000000000000e+00 1.000000000000000056e-01 1.775441294261795240e-05 3.992510418418662922e-05
5.000000000000000000e+00 1.000000000000000000e+00 1.600000000000000000e+01 2.000000000000000000e+00 1.000000000000000056e-01 3.497074373482040568e-06 9.908606590730394673e-06
5.000000000000000000e+00 1.000000000000000000e+00 3.200000000000000000e+01 2.000000000000000000e+00 1.000000000000000056e-01 7.650267495323076768e-06 2.231626150482615296e-05
5.000000000000000000e+00 1.000000000000000000e+00 6.400000000000000000e+01 2.000000000000000000e+00 1.000000000000000056e-01 3.892017303563771182e-05 8.030462606018537854e-05
5.000000000000000000e+00 1.000000000000000000e+00 1.280000000000000000e+02 2.000000000000000000e+00 1.000000000000000056e-01 1.008854268303928961e-04 2.722433247475280517e-04
5.000000000000000000e+00 1.000000000000000000e+00 7.812500000000000000e-03 2.000000000000000000e+00 9.000000000000000222e-01 1.662194716704445296e+00 1.282288534171114602e-01
5.000000000000000000e+00 1.000000000000000000e+00 1.562500000000000000e-02 2.000000000000000000e+00 9.000000000000000222e-01 1.017787898154058235e+00 1.430625328557373621e-01
5.000000000000000000e+00 1.000000000000000000e+00 3.125000000000000000e-02 2.000000000000000000e+00 9.000000000000000222e-01 4.661861079054273604e-01 1.439572451213077253e-01
5.000000000000000000e+00 1.000000000000000000e+00 6.250000000000000000e-02 2.000000000000000000e+00 9.000000000000000222e-01 1.704507660203394281e-01 1.366839640195773586e-01
5.000000000000000000e+00 1.000000000000000000e+00 1.250000000000000000e-01 2.000000000000000000e+00 9.000000000000000222e-01 3.807819805870180790e-02 6.674997132734072913e-02
5.000000000000000000e+00 1.000000000000000000e+00 2.500000000000000000e-01 2.000000000000000000e+00 9.000000000000000222e-01 2.770728926079371254e-03 7.376135481646574864e-03
5.000000000000000000e+00 1.000000000000000000e+00 5.000000000000000000e-01 2.000000000000000000e+00 9.000000000000000222e-01 1.402649374625768294e-05 3.855266852769285947e-05
5.000000000000000000e+00 1.000000000000000000e+00 1.000000000000000000e+00 2.000000000000000000e+00 9.000000000000000222e-01 2.478862952789483715e-05 7.386826086258967237e-05
5.000000000000000000e+00 1.000000000000000000e+00 2.000000000000000000e+00 2.000000000000000000e+00 9.000000000000000222e-01 4.791927506902458821e-06 1.145364511366341185e-05
5.000000000000000000e+00 1.000000000000000000e+00 4.000000000000000000e+00 2.000000000000000000e+00 9.000000000000000222e-01 1.673366017341928790e-06 3.782036174970963285e-06
5.000000000000000000e+00 1.000000000000000000e+00 8.000000000000000000e+00 2.000000000000000000e+00 9.000000000000000222e-01 1.647526151479759713e-05 3.697085420499939793e-05
5.000000000000000000e+00 1.000000000000000000e+00 1.600000000000000000e+01 2.000000000000000000e+00 9.000000000000000222e-01 3.030034166074412115e-06 8.551752993271103973e-06
5.000000000000000000e+00 1.000000000000000000e+00 3.200000000000000000e+01 2.000000000000000000e+00 9.000000000000000222e-01 7.498769927234222357e-06 2.189371525033262662e-05
5.000000000000000000e+00 1.000000000000000000e+00 6.400000000000000000e+01 2.000000000000000000e+00 9.000000000000000222e-01 3.516561296551834898e-05 7.207869197510213366e-05
5.000000000000000000e+00 1.000000000000000000e+00 1.280000000000000000e+02 2.000000000000000000e+00 9.000000000000000222e-01 1.020664987753315512e-04 2.754116872850107868e-04
