5.000000000000000000e+00 1.000000000000000000e+00 7.812500000000000000e-03 1.000000000000000000e+00 1.000000000000000056e-01 1.978933505497062928e+00 1.127692102030946192e-01
5.000000000000000000e+00 1.000000000000000000e+00 1.562500000000000000e-02 1.000000000000000000e+00 1.000000000000000056e-01 1.627740223294654953e+00 1.183945647676104829e-01
5.000000000000000000e+00 1.000000000000000000e+00 3.125000000000000000e-02 1.000000000000000000e+00 1.000000000000000056e-01 9.968310685286461137e-01 1.393637516314768787e-01
5.000000000000000000e+00 1.000000000000000000e+00 6.250000000000000000e-02 1.000000000000000000e+00 1.000000000000000056e-01 4.579892666623155972e-01 1.393552090313141811e-01
5.000000000000000000e+00 1.000000000000000000e+00 1.250000000000000000e-01 1.000000000000000000e+00 1.000000000000000056e-01 1.677674614929112185e-01 1.333538285524943079e-01
5.000000000000000000e+00 1.000000000000000000e+00 2.500000000000000000e-01 1.000000000000000000e+00 1.000000000000000056e-01 3.756965380538046517e-02 6.538684315629789134e-02
5.000000000000000000e+00 1.000000000000000000e+00 5.000000000000000000e-01 1.000000000000000000e+00 1.000000000000000056e-01 2.835709588330834630e-03 7.507144129770706650e-03
5.000000000000000000e+00 1.000000000000000000e+00 1.000000000000000000e+00 1.000000000000000000e+00 1.000000000000000056e-01 1.415412638693407102e-05 3.831921050391530752e-05
5.000000000000000000e+00 1.000000000000000000e+00 2.000000000000000000e+00 1.000000000000000000e+00 1.000000000000000056e-01 3.023776814433396990e-05 9.007711236872547461e-05
5.000000000000000000e+00 1.000000000000000000e+00 4.000000000000000000e+00 1.000000000000000000e+00 1.000000000000000056e-01 4.885381745510118829e-06 1.148787066037364024e-05
5.000000000000000000e+00 1.000000000000000000e+00 8.000000000000000000e+00 1.000000000000000000e+00 1.000000000000000056e-01 1.740890764924473873e-06 3.973896917663380020e-06
5.000000000000000000e+00 1.000000000000000000e+00 1.600000000000000000e+01 1.000000000000000000e+00 1.000000000000000056e-01 1.749222900687428324e-05 3.931991028155759052e-05
5.000000000000000000e+00 1.000000000000000000e+00 3.200000000000000000e+01 1.000000000000000000e+00 1.000000000000000056e-01 3.791928139699295334e-06 1.080382401639114170e-05
5.000000000000000000e+00 1.000000000000000000e+00 6.400000000000000000e+01 1.000000000000000000e+00 1.000000000000000056e-01 7.748011477301875976e-06 2.258979832805319026e-05
5.000000000000000000e+00 1.000000000000000000e+00 1.280000000000000000e+02 1.000000000000000000e+00 1.000000000000000056e-01 3.848711157016340597e-05 7.976180886423852538e-05
5.000000000000000000e+00 1.000000000000000000e+00 7.812500000000000000e-03 1.000000000000000000e+00 9.000000000000000222e-01 2.018798256366063359e+00 1.225262758152314557e-01
5.000000000000000000e+00 1.000000000000000000e+00 1.562500000000000000e-02 1.000000000000000000e+00 9.000000000000000222e-01 1.667182659726344385e+00 1.269933793104559838e-01
5.000000000000000000e+00 1.000000000000000000e+00 3.125000000000000000e-02 1.000000000000000000e+00 9.000000000000000222e-01 1.016343180998081630e+00 1.451769427730898732e-01
5.000000000000000000e+00 1.000000000000000000e+00 6.250000000000000000e-02 1.000000000000000000e+00 9.000000000000000222e-01 4.650699565618431341e-01 1.412163126530025237e-01
5.000000000000000000e+00 1.000000000000000000e+00 1.250000000000000000e-01 1.000000000000000000e+00 9.000000000000000222e-01 1.701203756977084647e-01 1.342935918943629625e-01
5.000000000000000000e+00 1.000000000000000000e+00 2.500000000000000000e-01 1.000000000000000000e+00 9.000000000000000222e-01 3.847372757929121839e-02 6.773290454882192890e-02
5.000000000000000000e+00 1.000000000000000000e+00 5.000000000000000000e-01 1.000000000000000000e+00 9.000000000000000222e-01 2.766552551549954393e-03 7.345677393518038577e-03
5.000000000000000000e+00 1.000000000000000000e+00 1.000000000000000000e+00 1.000000000000000000e+00 9.000000000000000222e-01 1.407125690439620539e-05 3.874816845560846007e-05
5.000000000000000000e+00 1.000000000000000000e+00 2.000000000000000000e+00 1.000000000000000000e+00 9.000000000000000222e-01 2.623060581752617801e-05 7.818553377707394391e-05
5.000000000000000000e+00 1.000000000000000000e+00 4.000000000000000000e+00 1.000000000000000000e+00 9.000000000000000222e-01 4.619432899492772634e-06 1.098083277115768995e-05
5.000000000000000000e+00 1.000000000000000000e+00 8.000000000000000000e+00 1.000000000000000000e+00 9.000000000000000222e-01 1.654030046280189291e-06 3.726484981250013491e-06
5.000000000000000000e+00 1.000000000000000000e+00 1.600000000000000000e+01 1.000000000000000000e+00 9.000000000000000222e-01 1.658770676029541839e-05 3.705302365707963098e-05
5.000000000000000000e+00 1.000000000000000000e+00 3.200000000000000000e+01 1.000000000000000000e+00 9.000000000000000222e-01 3.198556533111957790e-06 9.052027922514409216e-06
5.000000000000000000e+00 1.000000000000000000e+00 6.400000000000000000e+01 1.000000000000000000e+00 9.000000000000000222e-01 7.257256387767691622e-06 2.115921828220878074e-05
5.000000000000000000e+00 1.000000000000000000e+00 1.280000000000000000e+02 1.000000000000000000e+00 9.000000000000000222e-01 3.370044073323330119e-05 6.867396602655255890e-05
