5.000000000000000000e+00 1.000000000000000000e+00 7.812500000000000000e-03 8.000000000000000000e+00 1.000000000000000056e-01 4.595839902364871610e-01 1.426108085742118781e-01
5.000000000000000000e+00 1.000000000000000000e+00 1.562500000000000000e-02 8.000000000000000000e+00 1.000000000000000056e-01 1.687883231967861053e-01 1.353509310485607464e-01
5.000000000000000000e+00 1.000000000000000000e+00 3.125000000000000000e-02 8.000000000000000000e+00 1.000000000000000056e-01 3.838034153707759605e-02 6.749867208580090372e-02
5.000000000000000000e+00 1.000000000000000000e+00 6.250000000000000000e-02 8.000000000000000000e+00 1.000000000000000056e-01 2.826379944130658593e-03 7.484570738652203924e-03
5.000000000000000000e+00 1.000000000000000000e+00 1.250000000000000000e-01 8.000000000000000000e+00 1.000000000000000056e-01 1.393265398309272138e-05 3.765684941799523749e-05
5.000000000000000000e+00 1.000000000000000000e+00 2.500000000000000000e-01 8.000000000000000000e+00 1.000000000000000056e-01 3.135145186874462318e-05 9.342000629320404588e-05
5.000000000000000000e+00 1.000000000000000000e+00 5.000000000000000000e-01 8.000000000000000000e+00 1.000000000000000056e-01 4.877300438008084062e-06 1.144304445977047725e-05
5.000000000000000000e+00 1.000000000000000000e+00 1.000000000000000000e+00 8.000000000000000000e+00 1.000000000000000056e-01 1.788153450334141583e-06 4.130055606715972983e-06
5.000000000000000000e+00 1.000000000000000000e+00 2.000000000000000000e+00 8.000000000000000000e+00 1.000000000000000056e-01 1.837776637927047345e-05 4.169977058782859498e-05
5.000000000000000000e+00 1.000000000000000000e+00 4.000000000000000000e+00 8.000000000000000000e+00 1.000000000000000056e-01 3.592062312035759999e-06 1.018433428230140196e-05
5.000000000000000000e+00 1.000000000000000000e+00 8.000000000000000000e+00 8.000000000000000000e+00 1.000000000000000056e-01 7.719187259247242333e-06 2.252702181368418990e-05
5.000000000000000000e+00 1.000000000000000000e+00 1.600000000000000000e+01 8.000000000000000000e+00 1.000000000000000056e-01 3.825732044196028926e-05 7.851054881010806840e-05
5.000000000000000000e+00 1.000000000000000000e+00 3.200000000000000000e+01 8.000000000000000000e+00 1.000000000000000056e-01 1.019268760052651526e-04 2.756897696135946103e-04
5.000000000000000000e+00 1.000000000000000000e+00 6.400000000000000000e+01 8.000000000000000000e+00 1.000000000000000056e-01 2.570928223190104494e-05 7.403194661327850920e-05
5.000000000000000000e+00 1.000000000000000000e+00 1.280000000000000000e+02 8.000000000000000000e+00 1.000000000000000056e-01 9.539239025104235533e-06 2.077005022388105313e-05
5.000000000000000000e+00 1.000000000000000000e+00 7.812500000000000000e-03 8.000000000000000000e+00 9.000000000000000222e-01 4.658597361022823735e-01 1.446764999363868431e-01
5.000000000000000000e+00 1.000000000000000000e+00 1.562500000000000000e-02 8.000000000000000000e+00 9.000000000000000222e-01 1.699662820889493164e-01 1.343977532448431267e-01
5.000000000000000000e+00 1.000000000000000000e+00 3.125000000000000000e-02 8.000000000000000000e+00 9.000000000000000222e-01 3.826022871723710334e-02 6.703780474291924640e-02
5.000000000000000000e+00 1.000000000000000000e+00 6.250000000000000000e-02 8.000000000000000000e+00 9.000000000000000222e-01 2.837252846384154779e-03 7.583107543776130416e-03
5.000000000000000000e+00 1.000000000000000000e+00 1.250000000000000000e-01 8.000000000000000000e+00 9.000000000000000222e-01 1.399586572386040122e-05 3.866506562003643298e-05
5.000000000000000000e+00 1.000000000000000000e+00 2.500000000000000000e-01 8.000000000000000000e+00 9.000000000000000222e-01 2.568998088315427593e-05 7.656677530288950038e-05
5.000000000000000000e+00 1.000000000000000000e+00 5.000000000000000000e-01 8.000000000000000000e+00 9.000000000000000222e-01 4.889981108989139088e-06 1.173297368565189549e-05
5.000000000000000000e+00 1.000000000000000000e+00 1.000000000000000000e+00 8.000000000000000000e+00 9.000000000000000222e-01 1.697236054419776561e-06 3.857158146709327944e-06
5.000000000000000000e+00 1.000000000000000000e+00 2.000000000000000000e+00 8.000000000000000000e+00 9.000000000000000222e-01 1.596019316371417325e-05 3.550919096861655263e-05
5.000000000000000000e+00 1.000000000000000000e+00 4.000000000000000000e+00 8.000000000000000000e+00 9.000000000000000222e-01 3.138941279656561551e-06 8.878868205913458531e-06
5.000000000000000000e+00 1.000000000000000000e+00 8.000000000000000000e+00 8.000000000000000000e+00 9.000000000000000222e-01 7.293822093828601447e-06 2.128076427171935641e-05
5.000000000000000000e+00 1.000000000000000000e+00 1.600000000000000000e+01 8.000000000000000000e+00 9.000000000000000222e-01 3.543526162850815320e-05 7.265094094439288139e-05
5.000000000000000000e+00 1.000000000000000000e+00 3.200000000000000000e+01 8.000000000000000000e+00 9.000000000000000222e-01 9.934243858168542620e-05 2.665995895850567336e-04
5.000000000000000000e+00 1.000000000000000000e+00 6.400000000000000000e+01 8.000000000000000000e+00 9.000000000000000222e-01 2.504374958561170116e-05 7.191496696949955126e-05
5.000000000000000000e+00 1.000000000000000000e+00 1.280000000000000000e+02 8.000000000000000000e+00 9.000000000000000222e-01 8.840864314809546089e-06 1.919374346568061823e-05
