5.000000000000000000e+00 1.000000000000000000e+00 7.812500000000000000e-03 4.000000000000000000e+00 1.000000000000000056e-01 9.961941631795425689e-01 1.373350235939618247e-01
5.000000000000000000e+00 1.000000000000000000e+00 1.562500000000000000e-02 4.000000000000000000e+00 1.000000000000000056e-01 4.583337153138132836e-01 1.399393141338225177e-01
5.000000000000000000e+00 1.000000000000000000e+00 3.125000000000000000e-02 4.000000000000000000e+00 1.000000000000000056e-01 1.701115306090479340e-01 1.375922715763855109e-01
5.000000000000000000e+00 1.000000000000000000e+00 6.250000000000000000e-02 4.000000000000000000e+00 1.000000000000000056e-01 3.805899540901704764e-02 6.679839472144938339e-02
5.000000000000000000e+00 1.000000000000000000e+00 1.250000000000000000e-01 4.000000000000000000e+00 1.000000000000000056e-01 2.783767304572343400e-03 7.348481850450406735e-03
5.000000000000000000e+00 1.000000000000000000e+00 2.500000000000000000e-01 4.000000000000000000e+00 1.000000000000000056e-01 1.447193552063419006e-05 3.883498968622742166e-05
5.000000000000000000e+00 1.000000000000000000e+00 5.000000000000000000e-01 4.000000000000000000e+00 1.000000000000000056e-01 2.897949656372658108e-05 8.634523493245634292e-05
5.000000000000000000e+00 1.000000000000000000e+00 1.000000000000000000e+00 4.000000000000000000e+00 1.000000000000000056e-01 4.829208530696295484e-06 1.134456483411439678e-05
5.000000000000000000e+00 1.000000000000000000e+00 2.000000000000000000e+00 4.000000000000000000e+00 1.000000000000000056e-01 1.808879511033667503e-06 4.150608525336937025e-06
5.000000000000000000e+00 1.000000000000000000e+00 4.000000000000000000e+00 4.000000000000000000e+00 1.000000000000000056e-01 1.833902074880959025e-05 4.139119198941740329e-05
5.000000000000000000e+00 1.000000000000000000e+00 8.000000000000000000e+00 4.000000000000000000e+00 1.000000000000000056e-01 3.603488606259928426e-06 1.021181690345138408e-05
5.000000000000000000e+00 1.000000000000000000e+00 1.600000000000000000e+01 4.000000000000000000e+00 1.000000000000000056e-01 7.742262402982094213e-06 2.255419113905945592e-05
5.000000000000000000e+00 1.000000000000000000e+00 3.200000000000000000e+01 4.000000000000000000e+00 1.000000000000000056e-01 3.954889751950880177e-05 8.163253180983841555e-05
5.000000000000000000e+00 1.000000000000000000e+00 6.400000000000000000e+01 4.000000000000000000e+00 1.000000000000000056e-01 1.041322021433875442e-04 2.816674903850922189e-04
5.000000000000000000e+00 1.000000000000000000e+00 1.280000000000000000e+02 4.000000000000000000e+00 1.000000000000000056e-01 2.644459296599099534e-05 7.615598222144423957e-05
5.000000000000000000e+00 1.000000000000000000e+00 7.812500000000000000e-03 4.000000000000000000e+00 9.000000000000000222e-01 1.016840226898183097e+00 1.450899145388784006e-01
5.000000000000000000e+00 1.000000000000000000e+00 1.562500000000000000e-02 4.000000000000000000e+00 9.000000000000000222e-01 4.647263686108131786e-01 1.450358193578014654e-01
5.000000000000000000e+00 1.000000000000000000e+00 3.125000000000000000e-02 4.000000000000000000e+00 9.000000000000000222e-01 1.708383481461708819e-01 1.363099458405601372e-01
5.000000000000000000e+00 1.000000000000000000e+00 6.250000000000000000e-02 4.000000000000000000e+00 9.000000000000000222e-01 3.820365652667760681e-02 6.640247374530683366e-02
5.000000000000000000e+00 1.000000000000000000e+00 1.250000000000000000e-01 4.000000000000000000e+00 9.000000000000000222e-01 2.785321296883116939e-03 7.408863390166282870e-03
5.000000000000000000e+00 1.000000000000000000e+00 2.500000000000000000e-01 4.000000000000000000e+00 9.000000000000000222e-01 1.397342333846878580e-05 3.847040956480146228e-05
5.000000000000000000e+00 1.000000000000000000e+00 5.000000000000000000e-01 4.000000000000000000e+00 9.000000000000000222e-01 2.430156755602869411e-05 7.242520417831447243e-05
5.000000000000000000e+00 1.000000000000000000e+00 1.000000000000000000e+00 4.000000000000000000e+00 9.000000000000000222e-01 4.964950593259610231e-06 1.195350430971338497e-05
5.000000000000000000e+00 1.000000000000000000e+00 2.000000000000000000e+00 4.000000000000000000e+00 9.000000000000000222e-01 1.706090610991299905e-06 3.887746249864040112e-06
5.000000000000000000e+00 1.000000000000000000e+00 4.000000000000000000e+00 4.000000000000000000e+00 9.000000000000000222e-01 1.580335929221788599e-05 3.508023290739579228e-05
5.000000000000000000e+00 1.000000000000000000e+00 8.000000000000000000e+00 4.000000000000000000e+00 9.000000000000000222e-01 3.061924664582634116e-06 8.640782301539110625e-06
5.000000000000000000e+00 1.000000000000000000e+00 1.600000000000000000e+01 4.000000000000000000e+00 9.000000000000000222e-01 7.598716390874412584e-06 2.220299339088523563e-05
5.000000000000000000e+00 1.000000000000000000e+00 3.200000000000000000e+01 4.000000000000000000e+00 9.000000000000000222e-01 3.381136691407563878e-05 6.875545445585122127e-05
5.000000000000000000e+00 1.000000000000000000e+00 6.400000000000000000e+01 4.000000000000000000e+00 9.000000000000000222e-01 1.040594426917768191e-04 2.818797637301862055e-04
5.000000000000000000e+00 1.000000000000000000e+00 1.280000000000000000e+02 4.000000000000000000e+00 9.000000000000000222e-01 2.497476675934474618e-05 7.184994818029042339e-05
