5.000000000000000000e+00 1.000000000000000000e+00 7.812500000000000000e-03 5.000000000000000000e-01 1.000000000000000056e-01 2.069503727066878351e+00 1.411076658934964367e-01
5.000000000000000000e+00 1.000000000000000000e+00 1.562500000000000000e-02 5.000000000000000000e-01 1.000000000000000056e-01 1.973165990945670245e+00 1.107465279089869664e-01
5.000000000000000000e+00 1.000000000000000000e+00 3.125000000000000000e-02 5.000000000000000000e-01 1.000000000000000056e-01 1.631250706427188835e+00 1.186937958077786404e-01
5.000000000000000000e+00 1.000000000000000000e+00 6.250000000000000000e-02 5.000000000000000000e-01 1.000000000000000056e-01 9.960417683895576024e-01 1.368940689510783904e-01
5.000000000000000000e+00 1.000000000000000000e+00 1.250000000000000000e-01 5.000000000000000000e-01 1.000000000000000056e-01 4.603347520139523530e-01 1.423975260832262835e-01
5.000000000000000000e+00 1.000000000000000000e+00 2.500000000000000000e-01 5.000000000000000000e-01 1.000000000000000056e-01 1.682627063298248737e-01 1.337191716693087729e-01
5.000000000000000000e+00 1.000000000000000000e+00 5.000000000000000000e-01 5.000000000000000000e-01 1.000000000000000056e-01 3.812589452189538153e-02 6.664461566740163823e-02
5.000000000000000000e+00 1.000000000000000000e+00 1.000000000000000000e+00 5.000000000000000000e-01 1.000000000000000056e-01 2.830809829755390368e-03 7.480882465740755320e-03
5.000000000000000000e+00 1.000000000000000000e+00 2.000000000000000000e+00 5.000000000000000000e-01 1.000000000000000056e-01 1.437559460887444545e-05 3.856882794334775210e-05
5.000000000000000000e+00 1.000000000000000000e+00 4.000000000000000000e+00 5.000000000000000000e-01 1.000000000000000056e-01 3.170695038054625138e-05 9.449967292235942728e-05
5.000000000000000000e+00 1.000000000000000000e+00 8.000000000000000000e+00 5.000000000000000000e-01 1.000000000000000056e-01 4.884398973095264700e-06 1.150114037421522600e-05
5.000000000000000000e+00 1.000000000000000000e+00 1.600000000000000000e+01 5.000000000000000000e-01 1.000000000000000056e-01 1.790200655672714807e-06 4.083942386968070779e-06
5.000000000000000000e+00 1.000000000000000000e+00 3.200000000000000000e+01 5.000000000000000000e-01 1.000000000000000056e-01 1.765751861237945477e-05 3.993841560341370643e-05
5.000000000000000000e+00 1.000000000000000000e+00 6.400000000000000000e+01 5.000000000000000000e-01 1.000000000000000056e-01 3.659733489076195397e-06 1.039382035662023909e-05
5.000000000000000000e+00 1.000000000000000000e+00 1.280000000000000000e+02 5.000000000000000000e-01 1.000000000000000056e-01 7.591935837884580627e-06 2.212547930815984197e-05
5.000000000000000000e+00 1.000000000000000000e+00 7.812500000000000000e-03 5.000000000000000000e-01 9.000000000000000222e-01 2.109197849698246419e+00 1.432706167536958453e-01
5.000000000000000000e+00 1.000000000000000000e+00 1.562500000000000000e-02 5.000000000000000000e-01 9.000000000000000222e-01 2.015849883721466451e+00 1.208969811825885560e-01
5.000000000000000000e+00 1.000000000000000000e+00 3.125000000000000000e-02 5.000000000000000000e-01 9.000000000000000222e-01 1.662490303836982708e+00 1.295002714704776292e-01
5.000000000000000000e+00 1.000000000000000000e+00 6.250000000000000000e-02 5.000000000000000000e-01 9.000000000000000222e-01 1.017009679320375781e+00 1.430756631130611356e-01
5.000000000000000000e+00 1.000000000000000000e+00 1.250000000000000000e-01 5.000000000000000000e-01 9.000000000000000222e-01 4.674928187294865589e-01 1.446146425686195003e-01
5.000000000000000000e+00 1.000000000000000000e+00 2.500000000000000000e-01 5.000000000000000000e-01 9.000000000000000222e-01 1.694428780641185073e-01 1.362389162673303677e-01
5.000000000000000000e+00 1.000000000000000000e+00 5.000000000000000000e-01 5.000000000000000000e-01 9.000000000000000222e-01 3.846738601605751567e-02 6.706477120018194960e-02
5.000000000000000000e+00 1.000000000000000000e+00 1.000000000000000000e+00 5.000000000000000000e-01 9.000000000000000222e-01 2.816585606111924461e-03 7.490968401566599176e-03
5.000000000000000000e+00 1.000000000000000000e+00 2.000000000000000000e+00 5.000000000000000000e-01 9.000000000000000222e-01 1.402070813072870152e-05 3.883272055425277653e-05
5.000000000000000000e+00 1.000000000000000000e+00 4.000000000000000000e+00 5.000000000000000000e-01 9.000000000000000222e-01 2.527433689974632636e-05 7.534095400064494104e-05
5.000000000000000000e+00 1.000000000000000000e+00 8.000000000000000000e+00 5.000000000000000000e-01 9.000000000000000222e-01 4.401031561660121906e-06 1.048173605214933008e-05
5.000000000000000000e+00 1.000000000000000000e+00 1.600000000000000000e+01 5.000000000000000000e-01 9.000000000000000222e-01 1.710805824496953539e-06 3.893082809203496115e-06
5.000000000000000000e+00 1.000000000000000000e+00 3.200000000000000000e+01 5.000000000000000000e-01 9.000000000000000222e-01 1.626730030947429127e-05 3.636012752988815685e-05
5.000000000000000000e+00 1.000000000000000000e+00 6.400000000000000000e+01 5.000000000000000000e-01 9.000000000000000222e-01 3.297361749093550579e-06 9.349989190406216900e-06
5.000000000000000000e+00 1.000000000000000000e+00 1.280000000000000000e+02 5.000000000000000000e-01 9.000000000000000222e-01 7.713160769610552783e-06 2.251997628640530115e-05
