5.000000000000000000e+00 1.000000000000000000e+00 7.812500000000000000e-03 6.250000000000000000e-02 1.000000000000000056e-01 1.987336112422888990e+00 2.229895660940891811e-01
5.000000000000000000e+00 1.000000000000000000e+00 1.562500000000000000e-02 6.250000000000000000e-02 1.000000000000000056e-01 1.832222714228082028e+00 1.482993254329824373e-01
5.000000000000000000e+00 1.000000000000000000e+00 3.125000000000000000e-02 6.250000000000000000e-02 1.000000000000000056e-01 2.139671553164810724e+00 1.865283043902762339e-01
5.000000000000000000e+00 1.000000000000000000e+00 6.250000000000000000e-02 6.250000000000000000e-02 1.000000000000000056e-01 2.070413811716545816e+00 1.398618349042052011e-01
5.000000000000000000e+00 1.000000000000000000e+00 1.250000000000000000e-01 6.250000000000000000e-02 1.000000000000000056e-01 1.977788256365033748e+00 1.149483675847633724e-01
5.000000000000000000e+00 1.000000000000000000e+00 2.500000000000000000e-01 6.250000000000000000e-02 1.000000000000000056e-01 1.628555323354236917e+00 1.153313773992028640e-01
5.000000000000000000e+00 1.000000000000000000e+00 5.000000000000000000e-01 6.250000000000000000e-02 1.000000000000000056e-01 9.954243700251705906e-01 1.383310487171456327e-01
5.000000000000000000e+00 1.000000000000000000e+00 1.000000000000000000e+00 6.250000000000000000e-02 1.000000000000000056e-01 4.592635474115137617e-01 1.447621607609471117e-01
5.000000000000000000e+00 1.000000000000000000e+00 2.000000000000000000e+00 6.250000000000000000e-02 1.000000000000000056e-01 1.687301407983034796e-01 1.367805251276266454e-01
5.000000000000000000e+00 1.000000000000000000e+00 4.000000000000000000e+00 6.250000000000000000e-02 1.000000000000000056e-01 3.827635116179850527e-02 6.696919774102789991e-02
5.000000000000000000e+00 1.000000000000000000e+00 8.000000000000000000e+00 6.250000000000000000e-02 1.000000000000000056e-01 2.851906142522783478e-03 7.580744071710481674e-03
5.000000000000000000e+00 1.000000000000000000e+00 1.600000000000000000e+01 6.250000000000000000e-02 1.000000000000000056e-01 1.458039906868538581e-05 3.946964440530550180e-05
5.000000000000000000e+00 1.000000000000000000e+00 3.200000000000000000e+01 6.250000000000000000e-02 1.000000000000000056e-01 2.994564007595555466e-05 8.924494444021682966e-05
5.000000000000000000e+00 1.000000000000000000e+00 6.400000000000000000e+01 6.250000000000000000e-02 1.000000000000000056e-01 4.685779486718778193e-06 1.095836184117357986e-05
5.000000000000000000e+00 1.000000000000000000e+00 1.280000000000000000e+02 6.250000000000000000e-02 1.000000000000000056e-01 1.775877771065802766e-06 4.084035455988257650e-06
5.000000000000000000e+00 1.000000000000000000e+00 7.812500000000000000e-03 6.250000000000000000e-02 9.000000000000000222e-01 2.050958531978613220e+00 2.256744915448118394e-01
5.000000000000000000e+00 1.000000000000000000e+00 1.562500000000000000e-02 6.250000000000000000e-02 9.000000000000000222e-01 1.858590805428686155e+00 1.503979691580912825e-01
5.000000000000000000e+00 1.000000000000000000e+00 3.125000000000000000e-02 6.250000000000000000e-02 9.000000000000000222e-01 2.180290791919058613e+00 1.934775841943127683e-01
5.000000000000000000e+00 1.000000000000000000e+00 6.250000000000000000e-02 6.250000000000000000e-02 9.000000000000000222e-01 2.103594261632786733e+00 1.407040182717082255e-01
5.000000000000000000e+00 1.000000000000000000e+00 1.250000000000000000e-01 6.250000000000000000e-02 9.000000000000000222e-01 2.014754243833273062e+00 1.212498006402020767e-01
5.000000000000000000e+00 1.000000000000000000e+00 2.500000000000000000e-01 6.250000000000000000e-02 9.000000000000000222e-01 1.667047485535688267e+00 1.276422076409156059e-01
5.000000000000000000e+00 1.000000000000000000e+00 5.000000000000000000e-01 6.250000000000000000e-02 9.000000000000000222e-01 1.018119211152326953e+00 1.445302605380940908e-01
5.000000000000000000e+00 1.000000000000000000e+00 1.000000000000000000e+00 6.250000000000000000e-02 9.000000000000000222e-01 4.650882797520570766e-01 1.456879144533748394e-01
5.000000000000000000e+00 1.000000000000000000e+00 2.000000000000000000e+00 6.250000000000000000e-02 9.000000000000000222e-01 1.699856384660263509e-01 1.373120176492546862e-01
5.000000000000000000e+00 1.000000000000000000e+00 4.000000000000000000e+00 6.250000000000000000e-02 9.000000000000000222e-01 3.770373428051546766e-02 6.517450093540962108e-02
5.000000000000000000e+00 1.000000000000000000e+00 8.000000000000000000e+00 6.250000000000000000e-02 9.000000000000000222e-01 2.744003641164964070e-03 7.279567928733641016e-03
5.000000000000000000e+00 1.000000000000000000e+00 1.600000000000000000e+01 6.250000000000000000e-02 9.000000000000000222e-01 1.399715026468322229e-05 3.858971800646245152e-05
5.000000000000000000e+00 1.000000000000000000e+00 3.200000000000000000e+01 6.250000000000000000e-02 9.000000000000000222e-01 2.491148548073279288e-05 7.423085477894512051e-05
5.000000000000000000e+00 1.000000000000000000e+00 6.400000000000000000e+01 6.250000000000000000e-02 9.000000000000000222e-01 4.636932099053605428e-06 1.101029007845932994e-05
5.000000000000000000e+00 1.000000000000000000e+00 1.280000000000000000e+02 6.250000000000000000e-02 9.000000000000000222e-01 1.732750790952628477e-06 3.942257188576340337e-06
