5.000000000000000000e+00 1.000000000000000000e+00 7.812500000000000000e-03 1.250000000000000000e-01 1.000000000000000056e-01 1.839520874790611105e+00 1.463344410730428591e-01
5.000000000000000000e+00 1.000000000000000000e+00 1.562500000000000000e-02 1.250000000000000000e-01 1.000000000000000056e-01 2.143913086044473726e+00 1.833174468393355960e-01
5.000000000000000000e+00 1.000000000000000000e+00 3.125000000000000000e-02 1.250000000000000000e-01 1.000000000000000056e-01 2.071306028768373775e+00 1.410614641624690080e-01
5.000000000000000000e+00 1.000000000000000000e+00 6.250000000000000000e-02 1.250000000000000000e-01 1.000000000000000056e-01 1.977160708993190852e+00 1.161667358627240937e-01
5.000000000000000000e+00 1.000000000000000000e+00 1.250000000000000000e-01 1.250000000000000000e-01 1.000000000000000056e-01 1.628064273823892405e+00 1.196443328616804413e-01
5.000000000000000000e+00 1.000000000000000000e+00 2.500000000000000000e-01 1.250000000000000000e-01 1.000000000000000056e-01 9.977016354961991684e-01 1.376813253922397340e-01
5.000000000000000000e+00 1.000000000000000000e+00 5.000000000000000000e-01 1.250000000000000000e-01 1.000000000000000056e-01 4.604016675043252071e-01 1.438973473095433997e-01
5.000000000000000000e+00 1.000000000000000000e+00 1.000000000000000000e+00 1.250000000000000000e-01 1.000000000000000056e-01 1.682451051967589761e-01 1.348918827949862342e-01
5.000000000000000000e+00 1.000000000000000000e+00 2.000000000000000000e+00 1.250000000000000000e-01 1.000000000000000056e-01 3.793332069905107351e-02 6.643285092459402796e-02
5.000000000000000000e+00 1.000000000000000000e+00 4.000000000000000000e+00 1.250000000000000000e-01 1.000000000000000056e-01 2.760581845311961286e-03 7.315006733570553026e-03
5.000000000000000000e+00 1.000000000000000000e+00 8.000000000000000000e+00 1.250000000000000000e-01 1.000000000000000056e-01 1.417533076344023811e-05 3.842029527682645578e-05
5.000000000000000000e+00 1.000000000000000000e+00 1.600000000000000000e+01 1.250000000000000000e-01 1.000000000000000056e-01 3.129663096661252194e-05 9.328195790115831332e-05
5.000000000000000000e+00 1.000000000000000000e+00 3.200000000000000000e+01 1.250000000000000000e-01 1.000000000000000056e-01 4.898045107028184797e-06 1.160236200119227032e-05
5.000000000000000000e+00 1.000000000000000000e+00 6.400000000000000000e+01 1.250000000000000000e-01 1.000000000000000056e-01 1.704781937666783894e-06 3.887713869298323603e-06
5.000000000000000000e+00 1.000000000000000000e+00 1.280000000000000000e+02 1.250000000000000000e-01 1.000000000000000056e-01 1.734771303960078471e-05 3.869652509528361000e-05
5.000000000000000000e+00 1.000000000000000000e+00 7.812500000000000000e-03 1.250000000000000000e-01 9.000000000000000222e-01 1.856579372294683949e+00 1.515124325179006970e-01
5.000000000000000000e+00 1.000000000000000000e+00 1.562500000000000000e-02 1.250000000000000000e-01 9.000000000000000222e-01 2.180016111662304024e+00 2.026977097506115766e-01
5.000000000000000000e+00 1.000000000000000000e+00 3.125000000000000000e-02 1.250000000000000000e-01 9.000000000000000222e-01 2.106775298062601998e+00 1.438440367997373681e-01
5.000000000000000000e+00 1.000000000000000000e+00 6.250000000000000000e-02 1.250000000000000000e-01 9.000000000000000222e-01 2.016529039319304495e+00 1.253043079966569551e-01
5.000000000000000000e+00 1.000000000000000000e+00 1.250000000000000000e-01 1.250000000000000000e-01 9.000000000000000222e-01 1.663060318244667268e+00 1.269557600801538011e-01
5.000000000000000000e+00 1.000000000000000000e+00 2.500000000000000000e-01 1.250000000000000000e-01 9.000000000000000222e-01 1.016957849480344400e+00 1.443068527553246772e-01
5.000000000000000000e+00 1.000000000000000000e+00 5.000000000000000000e-01 1.250000000000000000e-01 9.000000000000000222e-01 4.657950912240053642e-01 1.438872933466090465e-01
5.000000000000000000e+00 1.000000000000000000e+00 1.000000000000000000e+00 1.250000000000000000e-01 9.000000000000000222e-01 1.715121982209919516e-01 1.389454026241923601e-01
5.000000000000000000e+00 1.000000000000000000e+00 2.000000000000000000e+00 1.250000000000000000e-01 9.000000000000000222e-01 3.743843835772930895e-02 6.484914540697339635e-02
5.000000000000000000e+00 1.000000000000000000e+00 4.000000000000000000e+00 1.250000000000000000e-01 9.000000000000000222e-01 2.773611254465224545e-03 7.367552954716364427e-03
5.000000000000000000e+00 1.000000000000000000e+00 8.000000000000000000e+00 1.250000000000000000e-01 9.000000000000000222e-01 1.427201466690628497e-05 3.942414221801549527e-05
5.000000000000000000e+00 1.000000000000000000e+00 1.600000000000000000e+01 1.250000000000000000e-01 9.000000000000000222e-01 2.243384948959537998e-05 6.681167041078421381e-05
5.000000000000000000e+00 1.000000000000000000e+00 3.200000000000000000e+01 1.250000000000000000e-01 9.000000000000000222e-01 4.787913458416063266e-06 1.151026793980949117e-05
5.000000000000000000e+00 1.000000000000000000e+00 6.400000000000000000e+01 1.250000000000000000e-01 9.000000000000000222e-01 1.611629938498859763e-06 3.632343156435652967e-06
5.000000000000000000e+00 1.000000000000000000e+00 1.280000000000000000e+02 1.250000000000000000e-01 9.000000000000000222e-01 1.595588696105501608e-05 3.544376556736370020e-05
