5.000000000000000000e+00 1.000000000000000000e+00 7.812500000000000000e-03 2.500000000000000000e-01 1.000000000000000056e-01 2.138240716446198952e+00 1.869733886874989093e-01
5.000000000000000000e+00 1.000000000000000000e+00 1.562500000000000000e-02 2.500000000000000000e-01 1.000000000000000056e-01 2.072630349040157860e+00 1.400142635882863917e-01
5.000000000000000000e+00 1.000000000000000000e+00 3.125000000000000000e-02 2.500000000000000000e-01 1.000000000000000056e-01 1.976310441554125719e+00 1.141264221119962508e-01
5.000000000000000000e+00 1.000000000000000000e+00 6.250000000000000000e-02 2.500000000000000000e-01 1.000000000000000056e-01 1.628561581300810746e+00 1.171811587041083486e-01
5.000000000000000000e+00 1.000000000000000000e+00 1.250000000000000000e-01 2.500000000000000000e-01 1.000000000000000056e-01 9.961102741105316571e-01 1.387395446299680979e-01
5.000000000000000000e+00 1.000000000000000000e+00 2.500000000000000000e-01 2.500000000000000000e-01 1.000000000000000056e-01 4.594754743783401318e-01 1.418629763938964172e-01
5.000000000000000000e+00 1.000000000000000000e+00 5.000000000000000000e-01 2.500000000000000000e-01 1.000000000000000056e-01 1.690377365809242749e-01 1.367303073708766858e-01
5.000000000000000000e+00 1.000000000000000000e+00 1.000000000000000000e+00 2.500000000000000000e-01 1.000000000000000056e-01 3.802332605138313004e-02 6.612503010207156084e-02
5.000000000000000000e+00 1.000000000000000000e+00 2.000000000000000000e+00 2.500000000000000000e-01 1.000000000000000056e-01 2.766030508597361760e-03 7.347618328777979872e-03
5.000000000000000000e+00 1.000000000000000000e+00 4.000000000000000000e+00 2.500000000000000000e-01 1.000000000000000056e-01 1.439700872372115534e-05 3.882116576689458872e-05
5.000000000000000000e+00 1.000000000000000000e+00 8.000000000000000000e+00 2.500000000000000000e-01 1.000000000000000056e-01 3.136716948728950495e-05 9.350660078332274428e-05
5.000000000000000000e+00 1.000000000000000000e+00 1.600000000000000000e+01 2.500000000000000000e-01 1.000000000000000056e-01 5.157689921351470334e-06 1.231652666934911206e-05
5.000000000000000000e+00 1.000000000000000000e+00 3.200000000000000000e+01 2.500000000000000000e-01 1.000000000000000056e-01 1.704850153262757980e-06 3.862355483456376319e-06
5.000000000000000000e+00 1.000000000000000000e+00 6.400000000000000000e+01 2.500000000000000000e-01 1.000000000000000056e-01 1.736339579339878390e-05 3.861279225204508430e-05
5.000000000000000000e+00 1.000000000000000000e+00 1.280000000000000000e+02 2.500000000000000000e-01 1.000000000000000056e-01 3.486671012488820058e-06 9.897452528733244507e-06
5.000000000000000000e+00 1.000000000000000000e+00 7.812500000000000000e-03 2.500000000000000000e-01 9.000000000000000222e-01 2.173283861566160269e+00 1.960191608901396265e-01
5.000000000000000000e+00 1.000000000000000000e+00 1.562500000000000000e-02 2.500000000000000000e-01 9.000000000000000222e-01 2.107911522296149975e+00 1.443667791940035361e-01
5.000000000000000000e+00 1.000000000000000000e+00 3.125000000000000000e-02 2.500000000000000000e-01 9.000000000000000222e-01 2.018958640679793692e+00 1.225950651227242783e-01
5.000000000000000000e+00 1.000000000000000000e+00 6.250000000000000000e-02 2.500000000000000000e-01 9.000000000000000222e-01 1.665766102224686573e+00 1.281360628500708421e-01
5.000000000000000000e+00 1.000000000000000000e+00 1.250000000000000000e-01 2.500000000000000000e-01 9.000000000000000222e-01 1.016069219323763262e+00 1.430666936379144105e-01
5.000000000000000000e+00 1.000000000000000000e+00 2.500000000000000000e-01 2.500000000000000000e-01 9.000000000000000222e-01 4.645803246796701980e-01 1.424693387780194553e-01
5.000000000000000000e+00 1.000000000000000000e+00 5.000000000000000000e-01 2.500000000000000000e-01 9.000000000000000222e-01 1.713537382209834314e-01 1.401523622701748018e-01
5.000000000000000000e+00 1.000000000000000000e+00 1.000000000000000000e+00 2.500000000000000000e-01 9.000000000000000222e-01 3.817915808788925613e-02 6.655089387139161150e-02
5.000000000000000000e+00 1.000000000000000000e+00 2.000000000000000000e+00 2.500000000000000000e-01 9.000000000000000222e-01 2.840902050478512179e-03 7.572427744087358199e-03
5.000000000000000000e+00 1.000000000000000000e+00 4.000000000000000000e+00 2.500000000000000000e-01 9.000000000000000222e-01 1.405764161829269041e-05 3.856891978001564757e-05
5.000000000000000000e+00 1.000000000000000000e+00 8.000000000000000000e+00 2.500000000000000000e-01 9.000000000000000222e-01 2.434094668549603436e-05 7.252861860566902990e-05
5.000000000000000000e+00 1.000000000000000000e+00 1.600000000000000000e+01 2.500000000000000000e-01 9.000000000000000222e-01 4.592566599360306157e-06 1.088424945276943641e-05
5.000000000000000000e+00 1.000000000000000000e+00 3.200000000000000000e+01 2.500000000000000000e-01 9.000000000000000222e-01 1.664952109108297785e-06 3.743241810681581421e-06
5.000000000000000000e+00 1.000000000000000000e+00 6.400000000000000000e+01 2.500000000000000000e-01 9.000000000000000222e-01 1.559851016073488011e-05 3.449815150364899606e-05
5.000000000000000000e+00 1.000000000000000000e+00 1.280000000000000000e+02 2.500000000000000000e-01 9.000000000000000222e-01 3.159465638239017518e-06 8.946533438692283607e-06
