5.000000000000000000e+00 1.000000000000000000e+00 7.812500000000000000e-03 1.600000000000000000e+01 1.000000000000000056e-01 1.681626767633468411e-01 1.358251291270716754e-01
5.000000000000000000e+00 1.000000000000000000e+00 1.562500000000000000e-02 1.600000000000000000e+01 1.000000000000000056e-01 3.772686452578059152e-02 6.557710163146401872e-02
5.000000000000000000e+00 1.000000000000000000e+00 3.125000000000000000e-02 1.600000000000000000e+01 1.000000000000000056e-01 2.816054517697627081e-03 7.464126248254301411e-03
5.000000000000000000e+00 1.000000000000000000e+00 6.250000000000000000e-02 1.600000000000000000e+01 1.000000000000000056e-01 1.430292399053674687e-05 3.846636409192563606e-05
5.000000000000000000e+00 1.000000000000000000e+00 1.250000000000000000e-01 1.600000000000000000e+01 1.000000000000000056e-01 3.001034879725444481e-05 8.944302363965267162e-05
5.000000000000000000e+00 1.000000000000000000e+00 2.500000000000000000e-01 1.600000000000000000e+01 1.000000000000000056e-01 4.974110906863123093e-06 1.171828920898860426e-05
5.000000000000000000e+00 1.000000000000000000e+00 5.000000000000000000e-01 1.600000000000000000e+01 1.000000000000000056e-01 1.808472291665142885e-06 4.152844609891059819e-06
5.000000000000000000e+00 1.000000000000000000e+00 1.000000000000000000e+00 1.600000000000000000e+01 1.000000000000000056e-01 1.795851615858687657e-05 4.051560061678845573e-05
5.000000000000000000e+00 1.000000000000000000e+00 2.000000000000000000e+00 1.600000000000000000e+01 1.000000000000000056e-01 3.590124316804985652e-06 1.018006414534293146e-05
5.000000000000000000e+00 1.000000000000000000e+00 4.000000000000000000e+00 1.600000000000000000e+01 1.000000000000000056e-01 7.594195767226754596e-06 2.211732904447258243e-05
5.000000000000000000e+00 1.000000000000000000e+00 8.000000000000000000e+00 1.600000000000000000e+01 1.000000000000000056e-01 3.767575128704092797e-05 7.758485073703861722e-05
5.000000000000000000e+00 1.000000000000000000e+00 1.600000000000000000e+01 1.600000000000000000e+01 1.000000000000000056e-01 9.977717607032702304e-05 2.693525158860599913e-04
5.000000000000000000e+00 1.000000000000000000e+00 3.200000000000000000e+01 1.600000000000000000e+01 1.000000000000000056e-01 2.517341622391035323e-05 7.244112241527350833e-05
5.000000000000000000e+00 1.000000000000000000e+00 6.400000000000000000e+01 1.600000000000000000e+01 1.000000000000000056e-01 9.453061675173827426e-06 2.039023762447303925e-05
5.000000000000000000e+00 1.000000000000000000e+00 1.280000000000000000e+02 1.600000000000000000e+01 1.000000000000000056e-01 1.118591344974147729e-05 2.902215315405903972e-05
5.000000000000000000e+00 1.000000000000000000e+00 7.812500000000000000e-03 1.600000000000000000e+01 9.000000000000000222e-01 1.712757333023207096e-01 1.360693328705196992e-01
5.000000000000000000e+00 1.000000000000000000e+00 1.562500000000000000e-02 1.600000000000000000e+01 9.000000000000000222e-01 3.826234151807423461e-02 6.705038693480425138e-02
5.000000000000000000e+00 1.000000000000000000e+00 3.125000000000000000e-02 1.600000000000000000e+01 9.000000000000000222e-01 2.802805377077732547e-03 7.441402380523183015e-03
5.000000000000000000e+00 1.000000000000000000e+00 6.250000000000000000e-02 1.600000000000000000e+01 9.000000000000000222e-01 1.432681750815499536e-05 3.955226185274474528e-05
5.000000000000000000e+00 1.000000000000000000e+00 1.250000000000000000e-01 1.600000000000000000e+01 9.000000000000000222e-01 2.606808453274800434e-05 7.771985265213867875e-05
5.000000000000000000e+00 1.000000000000000000e+00 2.500000000000000000e-01 1.600000000000000000e+01 9.000000000000000222e-01 4.514323916140238227e-06 1.076112681912416758e-05
5.000000000000000000e+00 1.000000000000000000e+00 5.000000000000000000e-01 1.600000000000000000e+01 9.000000000000000222e-01 1.649001530807643851e-06 3.747477426618746315e-06
5.000000000000000000e+00 1.000000000000000000e+00 1.000000000000000000e+00 1.600000000000000000e+01 9.000000000000000222e-01 1.611949186437338792e-05 3.601242920405260900e-05
5.000000000000000000e+00 1.000000000000000000e+00 2.000000000000000000e+00 1.600000000000000000e+01 9.000000000000000222e-01 3.135398363494761019e-06 8.865302061250124826e-06
5.000000000000000000e+00 1.000000000000000000e+00 4.000000000000000000e+00 1.600000000000000000e+01 9.000000000000000222e-01 7.409324252388727806e-06 2.161982830533550526e-05
5.000000000000000000e+00 1.000000000000000000e+00 8.000000000000000000e+00 1.600000000000000000e+01 9.000000000000000222e-01 3.529377025106108265e-05 7.244903542893688087e-05
5.000000000000000000e+00 1.000000000000000000e+00 1.600000000000000000e+01 1.600000000000000000e+01 9.000000000000000222e-01 1.072479021266042383e-04 2.909227991055072875e-04
5.000000000000000000e+00 1.000000000000000000e+00 3.200000000000000000e+01 1.600000000000000000e+01 9.000000000000000222e-01 2.408746897925717742e-05 6.920961123539624870e-05
5.000000000000000000e+00 1.000000000000000000e+00 6.400000000000000000e+01 1.600000000000000000e+01 9.000000000000000222e-01 8.924751764153259197e-06 1.924738425345371584e-05
5.000000000000000000e+00 1.000000000000000000e+00 1.280000000000000000e+02 1.600000000000000000e+01 9.000000000000000222e-01 1.133644738699883750e-05 3.006350312351233786e-05
