5.000000000000000000e+00 1.000000000000000000e+00 7.812500000000000000e-03 2.000000000000000000e+00 4.000000000000000222e-01 7.771558268953117077e-01 1.497123911516506090e-01
5.000000000000000000e+00 1.000000000000000000e+00 1.562500000000000000e-02 2.000000000000000000e+00 4.000000000000000222e-01 3.300019474473648851e-01 1.455606826169543455e-01
5.000000000000000000e+00 1.000000000000000000e+00 3.125000000000000000e-02 2.000000000000000000e+00 4.000000000000000222e-01 1.036847440954251215e-01 1.118590432243348753e-01
5.000000000000000000e+00 1.000000000000000000e+00 6.250000000000000000e-02 2.000000000000000000e+00 4.000000000000000222e-01 1.437736706964280221e-02 3.116021006867827209e-02
5.000000000000000000e+00 1.000000000000000000e+00 1.250000000000000000e-01 2.000000000000000000e+00 4.000000000000000222e-01 1.035984342595195723e-04 2.941697582227025551e-04
5.000000000000000000e+00 1.000000000000000000e+00 2.500000000000000000e-01 2.000000000000000000e+00 4.000000000000000222e-01 2.359500241500763328e-11 7.064395138372431763e-11
5.000000000000000000e+00 1.000000000000000000e+00 5.000000000000000000e-01 2.000000000000000000e+00 4.000000000000000222e-01 8.321904591931785419e-16 3.499847828120007950e-16
5.000000000000000000e+00 1.000000000000000000e+00 1.000000000000000000e+00 2.000000000000000000e+00 4.000000000000000222e-01 8.769699981874425115e-16 2.086642826595382834e-16
5.000000000000000000e+00 1.000000000000000000e+00 2.000000000000000000e+00 2.000000000000000000e+00 4.000000000000000222e-01 1.005307288691946203e-15 2.614527203693832233e-16
5.000000000000000000e+00 1.000000000000000000e+00 4.000000000000000000e+00 2.000000000000000000e+00 4.000000000000000222e-01 1.117068355519420460e-15 3.988727763547330234e-16
5.000000000000000000e+00 1.000000000000000000e+00 8.000000000000000000e+00 2.000000000000000000e+00 4.000000000000000222e-01 2.560895648352506060e-15 2.339366473454229651e-15
5.000000000000000000e+00 1.000000000000000000e+00 1.600000000000000000e+01 2.000000000000000000e+00 4.000000000000000222e-01 3.764210868409653580e-15 3.221407001184572632e-15
5.000000000000000000e+00 1.000000000000000000e+00 3.200000000000000000e+01 2.000000000000000000e+00 4.000000000000000222e-01 7.385065129006681341e-15 5.186492752345273897e-15
5.000000000000000000e+00 1.000000000000000000e+00 6.400000000000000000e+01 2.000000000000000000e+00 4.000000000000000222e-01 1.442000890802080794e-14 1.504712689147719666e-14
5.000000000000000000e+00 1.000000000000000000e+00 1.280000000000000000e+02 2.000000000000000000e+00 4.000000000000000222e-01 2.626909485653161857e-14 2.281863293801310003e-14
5.000000000000000000e+00 1.000000000000000000e+00 7.812500000000000000e-03 2.000000000000000000e+00 5.000000000000000000e-01 7.812865786398703882e-01 1.506590536348828557e-01
5.000000000000000000e+00 1.000000000000000000e+00 1.562500000000000000e-02 2.000000000000000000e+00 5.000000000000000000e-01 3.292689917993328885e-01 1.428778077785725631e-01
5.000000000000000000e+00 1.000000000000000000e+00 3.125000000000000000e-02 2.000000000000000000e+00 5.000000000000000000e-01 1.044583548074701634e-01 1.119448953618414067e-01
5.000000000000000000e+00 1.000000000000000000e+00 6.250000000000000000e-02 2.000000000000000000e+00 5.000000000000000000e-01 1.423253637162490495e-02 3.077982623603437926e-02
5.000000000000000000e+00 1.000000000000000000e+00 1.250000000000000000e-01 2.000000000000000000e+00 5.000000000000000000e-01 1.014360134567026533e-04 2.877613821716470152e-04
5.000000000000000000e+00 1.000000000000000000e+00 2.500000000000000000e-01 2.000000000000000000e+00 5.000000000000000000e-01 2.301317350865811863e-11 6.891947415743127565e-11
5.000000000000000000e+00 1.000000000000000000e+00 5.000000000000000000e-01 2.000000000000000000e+00 5.000000000000000000e-01 5.941389026825812916e-16 1.505227440758274869e-16
5.000000000000000000e+00 1.000000000000000000e+00 1.000000000000000000e+00 2.000000000000000000e+00 5.000000000000000000e-01 8.846030020436085356e-16 3.740048937953821025e-16
5.000000000000000000e+00 1.000000000000000000e+00 2.000000000000000000e+00 2.000000000000000000e+00 5.000000000000000000e-01 8.150142859048868847e-16 1.973888629949019927e-16
5.000000000000000000e+00 1.000000000000000000e+00 4.000000000000000000e+00 2.000000000000000000e+00 5.000000000000000000e-01 9.033008835006116275e-16 3.015085395705427024e-16
5.000000000000000000e+00 1.000000000000000000e+00 8.000000000000000000e+00 2.000000000000000000e+00 5.000000000000000000e-01 2.174034319533894788e-15 1.567531759609390525e-15
5.000000000000000000e+00 1.000000000000000000e+00 1.600000000000000000e+01 2.000000000000000000e+00 5.000000000000000000e-01 3.193740076811283104e-15 2.625882967265180407e-15
5.000000000000000000e+00 1.000000000000000000e+00 3.200000000000000000e+01 2.000000000000000000e+00 5.000000000000000000e-01 5.962712949454491318e-15 4.052005441788153789e-15
5.000000000000000000e+00 1.000000000000000000e+00 6.400000000000000000e+01 2.000000000000000000e+00 5.000000000000000000e-01 1.236674227188315756e-14 1.284496154512446420e-14
5.000000000000000000e+00 1.000000000000000000e+00 1.280000000000000000e+02 2.000000000000000000e+00 5.000000000000000000e-01 2.135229473526466248e-14 1.833410390487467954e-14
5.000000000000000000e+00 1.000000000000000000e+00 7.812500000000000000e-03 2.000000000000000000e+00 5.999999999999999778e-01 7.855302468687387352e-01 1.483278319897782527e-01
5.000000000000000000e+00 1.000000000000000000e+00 1.562500000000000000e-02 2.000000000000000000e+00 5.999999999999999778e-01 3.295921088496721607e-01 1.415827185638831032e-01
5.000000000000000000e+00 1.000000000000000000e+00 3.125000000000000000e-02 2.000000000000000000e+00 5.999999999999999778e-01 1.047886361781040776e-01 1.130646968683406972e-01
5.000000000000000000e+00 1.000000000000000000e+00 6.250000000000000000e-02 2.000000000000000000e+00 5.999999999999999778e-01 1.398200904760974785e-02 3.001217199945256306e-02
5.000000000000000000e+00 1.000000000000000000e+00 1.250000000000000000e-01 2.000000000000000000e+00 5.999999999999999778e-01 1.025093291769367434e-04 2.910448665278551265e-04
5.000000000000000000e+00 1.000000000000000000e+00 2.500000000000000000e-01 2.000000000000000000e+00 5.999999999999999778e-01 2.294063719221516080e-11 6.870875044021155366e-11
5.000000000000000000e+00 1.000000000000000000e+00 5.000000000000000000e-01 2.000000000000000000e+00 5.999999999999999778e-01 5.508282329334585982e-16 1.630157626486563589e-16
5.000000000000000000e+00 1.000000000000000000e+00 1.000000000000000000e+00 2.000000000000000000e+00 5.999999999999999778e-01 6.641317420384563065e-16 1.719595741259375715e-16
5.000000000000000000e+00 1.000000000000000000e+00 2.000000000000000000e+00 2.000000000000000000e+00 5.999999999999999778e-01 7.335461908346925934e-16 1.497155573108282522e-16
5.000000000000000000e+00 1.000000000000000000e+00 4.000000000000000000e+00 2.000000000000000000e+00 5.999999999999999778e-01 7.383863619619473793e-16 2.361529491215470405e-16
5.000000000000000000e+00 1.000000000000000000e+00 8.000000000000000000e+00 2.000000000000000000e+00 5.999999999999999778e-01 1.692234906796469776e-15 1.484199563385906788e-15
5.000000000000000000e+00 1.000000000000000000e+00 1.600000000000000000e+01 2.000000000000000000e+00 5.999999999999999778e-01 2.631811859811612249e-15 2.156441760362783394e-15
5.000000000000000000e+00 1.000000000000000000e+00 3.200000000000000000e+01 2.000000000000000000e+00 5.999999999999999778e-01 4.861096545036520982e-15 3.438534159896594461e-15
5.000000000000000000e+00 1.000000000000000000e+00 6.400000000000000000e+01 2.000000000000000000e+00 5.999999999999999778e-01 9.838960221559429702e-15 1.025678649925368690e-14
5.000000000000000000e+00 1.000000000000000000e+00 1.280000000000000000e+02 2.000000000000000000e+00 5.999999999999999778e-01 1.741631540742962198e-14 1.499667715970090287e-14
