5.000000000000000000e+00 1.000000000000000000e+00 7.812500000000000000e-03 1.600000000000000000e+01 0.000000000000000000e+00 1.423956399555227105e-02 3.074317083894470559e-02
5.000000000000000000e+00 1.000000000000000000e+00 1.562500000000000000e-02 1.600000000000000000e+01 0.000000000000000000e+00 1.019062328906217686e-04 2.893061920482027779e-04
5.000000000000000000e+00 1.000000000000000000e+00 3.125000000000000000e-02 1.600000000000000000e+01 0.000000000000000000e+00 2.325688534060433574e-11 6.961390809546753805e-11
5.000000000000000000e+00 1.000000000000000000e+00 6.250000000000000000e-02 1.600000000000000000e+01 0.000000000000000000e+00 9.723684904545725544e-16 3.023539396553469693e-16
5.000000000000000000e+00 1.000000000000000000e+00 1.250000000000000000e-01 1.600000000000000000e+01 0.000000000000000000e+00 1.356619601155331383e-15 5.852302335844601060e-16
5.000000000000000000e+00 1.000000000000000000e+00 2.500000000000000000e-01 1.600000000000000000e+01 0.000000000000000000e+00 1.474634902067657254e-15 4.856571924378804575e-16
5.000000000000000000e+00 1.000000000000000000e+00 5.000000000000000000e-01 1.600000000000000000e+01 0.000000000000000000e+00 1.495187850208912591e-15 4.361527490007823285e-16
5.000000000000000000e+00 1.000000000000000000e+00 1.000000000000000000e+00 1.600000000000000000e+01 0.000000000000000000e+00 3.891108643835130598e-15 3.493306136705324268e-15
5.000000000000000000e+00 1.000000000000000000e+00 2.000000000000000000e+00 1.600000000000000000e+01 0.000000000000000000e+00 6.437551302935269008e-15 5.373450462613928173e-15
5.000000000000000000e+00 1.000000000000000000e+00 4.000000000000000000e+00 1.600000000000000000e+01 0.000000000000000000e+00 1.213468208397010877e-14 8.508912670215038713e-15
5.000000000000000000e+00 1.000000000000000000e+00 8.000000000000000000e+00 1.600000000000000000e+01 0.000000000000000000e+00 2.401248423366583907e-14 2.423350919899191520e-14
5.000000000000000000e+00 1.000000000000000000e+00 1.600000000000000000e+01 1.600000000000000000e+01 0.000000000000000000e+00 4.268642134826136445e-14 3.740640795222371046e-14
5.000000000000000000e+00 1.000000000000000000e+00 3.200000000000000000e+01 1.600000000000000000e+01 0.000000000000000000e+00 8.913739809294072750e-14 8.864843561448607100e-14
5.000000000000000000e+00 1.000000000000000000e+00 6.400000000000000000e+01 1.600000000000000000e+01 0.000000000000000000e+00 1.670111441003735087e-13 1.304307984285230023e-13
5.000000000000000000e+00 1.000000000000000000e+00 1.280000000000000000e+02 1.600000000000000000e+01 0.000000000000000000e+00 3.181301568514028840e-13 1.942621415117368806e-13
5.000000000000000000e+00 1.000000000000000000e+00 7.812500000000000000e-03 1.600000000000000000e+01 1.000000000000000056e-01 1.421059912925888569e-02 3.060907301298070038e-02
5.000000000000000000e+00 1.000000000000000000e+00 1.562500000000000000e-02 1.600000000000000000e+01 1.000000000000000056e-01 1.004153546411206218e-04 2.848704954301610362e-04
5.000000000000000000e+00 1.000000000000000000e+00 3.125000000000000000e-02 1.600000000000000000e+01 1.000000000000000056e-01 2.287329182866480473e-11 6.849241451150593564e-11
5.000000000000000000e+00 1.000000000000000000e+00 6.250000000000000000e-02 1.600000000000000000e+01 1.000000000000000056e-01 9.879269871441807506e-16 3.295953088333444148e-16
5.000000000000000000e+00 1.000000000000000000e+00 1.250000000000000000e-01 1.600000000000000000e+01 1.000000000000000056e-01 1.340814160480618860e-15 4.282957916823320107e-16
5.000000000000000000e+00 1.000000000000000000e+00 2.500000000000000000e-01 1.600000000000000000e+01 1.000000000000000056e-01 1.306078091413974859e-15 5.841677623876622558e-16
5.000000000000000000e+00 1.000000000000000000e+00 5.000000000000000000e-01 1.600000000000000000e+01 1.000000000000000056e-01 1.420343303631363720e-15 4.392527390541823376e-16
5.000000000000000000e+00 1.000000000000000000e+00 1.000000000000000000e+00 1.600000000000000000e+01 1.000000000000000056e-01 3.687040082376166626e-15 3.207699940410533520e-15
5.000000000000000000e+00 1.000000000000000000e+00 2.000000000000000000e+00 1.600000000000000000e+01 1.000000000000000056e-01 5.815048660013672478e-15 4.745793684190550888e-15
5.000000000000000000e+00 1.000000000000000000e+00 4.000000000000000000e+00 1.600000000000000000e+01 1.000000000000000056e-01 1.108349478737743714e-14 7.646699218891316277e-15
5.000000000000000000e+00 1.000000000000000000e+00 8.000000000000000000e+00 1.600000000000000000e+01 1.000000000000000056e-01 2.164110733464310672e-14 2.360201392880410303e-14
5.000000000000000000e+00 1.000000000000000000e+00 1.600000000000000000e+01 1.600000000000000000e+01 1.000000000000000056e-01 3.862907107351941791e-14 3.345693241879820854e-14
5.000000000000000000e+00 1.000000000000000000e+00 3.200000000000000000e+01 1.600000000000000000e+01 1.000000000000000056e-01 8.074653065061047235e-14 8.151702049093729392e-14
5.000000000000000000e+00 1.000000000000000000e+00 6.400000000000000000e+01 1.600000000000000000e+01 1.000000000000000056e-01 1.491887742373658730e-13 1.171232927054652544e-13
5.000000000000000000e+00 1.000000000000000000e+00 1.280000000000000000e+02 1.600000000000000000e+01 1.000000000000000056e-01 2.895131352342027988e-13 1.791633522845572679e-13
5.000000000000000000e+00 1.000000000000000000e+00 7.812500000000000000e-03 1.600000000000000000e+01 2.000000000000000111e-01 1.405726361528369939e-02 3.046427847709184608e-02
5.000000000000000000e+00 1.000000000000000000e+00 1.562500000000000000e-02 1.600000000000000000e+01 2.000000000000000111e-01 9.974140406394111226e-05 2.831307864093103740e-04
5.000000000000000000e+00 1.000000000000000000e+00 3.125000000000000000e-02 1.600000000000000000e+01 2.000000000000000111e-01 2.342323177356156882e-11 7.013105026222249008e-11
5.000000000000000000e+00 1.000000000000000000e+00 6.250000000000000000e-02 1.600000000000000000e+01 2.000000000000000111e-01 9.286025379855094523e-16 3.266986840446426088e-16
5.000000000000000000e+00 1.000000000000000000e+00 1.250000000000000000e-01 1.600000000000000000e+01 2.000000000000000111e-01 1.541386753826020927e-15 1.296521961694005484e-15
5.000000000000000000e+00 1.000000000000000000e+00 2.500000000000000000e-01 1.600000000000000000e+01 2.000000000000000111e-01 1.212566325838910551e-15 4.354400365819956864e-16
5.000000000000000000e+00 1.000000000000000000e+00 5.000000000000000000e-01 1.600000000000000000e+01 2.000000000000000111e-01 1.350838569272307702e-15 3.868833336047681225e-16
5.000000000000000000e+00 1.000000000000000000e+00 1.000000000000000000e+00 1.600000000000000000e+01 2.000000000000000111e-01 3.208086300511290243e-15 2.951484679363492131e-15
5.000000000000000000e+00 1.000000000000000000e+00 2.000000000000000000e+00 1.600000000000000000e+01 2.000000000000000111e-01 5.290030175227936293e-15 4.535964881615622988e-15
5.000000000000000000e+00 1.000000000000000000e+00 4.000000000000000000e+00 1.600000000000000000e+01 2.000000000000000111e-01 1.001112936679214599e-14 7.115037490980095976e-15
5.000000000000000000e+00 1.000000000000000000e+00 8.000000000000000000e+00 1.600000000000000000e+01 2.000000000000000111e-01 1.918967205730409044e-14 1.954382832345709122e-14
5.000000000000000000e+00 1.000000000000000000e+00 1.600000000000000000e+01 1.600000000000000000e+01 2.000000000000000111e-01 3.400926867457004080e-14 2.876939181119403322e-14
5.000000000000000000e+00 1.000000000000000000e+00 3.200000000000000000e+01 1.600000000000000000e+01 2.000000000000000111e-01 7.163552933051532813e-14 7.205185556183469493e-14
5.000000000000000000e+00 1.000000000000000000e+00 6.400000000000000000e+01 1.600000000000000000e+01 2.000000000000000111e-01 1.345082928021181395e-13 1.089030635567094458e-13
5.000000000000000000e+00 1.000000000000000000e+00 1.280000000000000000e+02 1.600000000000000000e+01 2.000000000000000111e-01 2.618047680300735538e-13 1.655948806581653931e-13
5.000000000000000000e+00 1.000000000000000000e+00 7.812500000000000000e-03 1.600000000000000000e+01 2.999999999999999889e-01 1.409595688058258058e-02 3.036875099420184229e-02
5.000000000000000000e+00 1.000000000000000000e+00 1.562500000000000000e-02 1.600000000000000000e+01 2.999999999999999889e-01 1.006207210786514827e-04 2.856159362842791878e-04
5.000000000000000000e+00 1.000000000000000000e+00 3.125000000000000000e-02 1.600000000000000000e+01 2.999999999999999889e-01 2.290650623678050287e-11 6.860754357115519095e-11
5.000000000000000000e+00 1.000000000000000000e+00 6.250000000000000000e-02 1.600000000000000000e+01 2.999999999999999889e-01 8.163063766077574012e-16 2.418511842416396710e-16
5.000000000000000000e+00 1.000000000000000000e+00 1.250000000000000000e-01 1.600000000000000000e+01 2.999999999999999889e-01 1.141377035791814166e-15 5.495675422322816348e-16
5.000000000000000000e+00 1.000000000000000000e+00 2.500000000000000000e-01 1.600000000000000000e+01 2.999999999999999889e-01 1.129622454037873838e-15 3.491380098422015920e-16
5.000000000000000000e+00 1.000000000000000000e+00 5.000000000000000000e-01 1.600000000000000000e+01 2.999999999999999889e-01 1.191374944549444428e-15 4.949109409707710643e-16
5.000000000000000000e+00 1.000000000000000000e+00 1.000000000000000000e+00 1.600000000000000000e+01 2.999999999999999889e-01 3.085692311118332442e-15 2.541548035996174350e-15
5.000000000000000000e+00 1.000000000000000000e+00 2.000000000000000000e+00 1.600000000000000000e+01 2.999999999999999889e-01 4.699549625745371478e-15 3.953784555594902189e-15
5.000000000000000000e+00 1.000000000000000000e+00 4.000000000000000000e+00 1.600000000000000000e+01 2.999999999999999889e-01 8.612209411348783806e-15 6.147272288744068535e-15
5.000000000000000000e+00 1.000000000000000000e+00 8.000000000000000000e+00 1.600000000000000000e+01 2.999999999999999889e-01 1.697246066207843822e-14 1.729096369162620812e-14
5.000000000000000000e+00 1.000000000000000000e+00 1.600000000000000000e+01 1.600000000000000000e+01 2.999999999999999889e-01 2.988352111393525461e-14 2.535675137382691083e-14
5.000000000000000000e+00 1.000000000000000000e+00 3.200000000000000000e+01 1.600000000000000000e+01 2.999999999999999889e-01 6.254814872184153067e-14 6.200117025777242248e-14
5.000000000000000000e+00 1.000000000000000000e+00 6.400000000000000000e+01 1.600000000000000000e+01 2.999999999999999889e-01 1.166179599065869040e-13 9.463234167107413770e-14
5.000000000000000000e+00 1.000000000000000000e+00 1.280000000000000000e+02 1.600000000000000000e+01 2.999999999999999889e-01 2.308684692579628388e-13 1.493886172066368992e-13
