5.000000000000000000e+00 1.000000000000000000e+00 7.812500000000000000e-03 2.000000000000000000e+00 6.999999999999999556e-01 7.893054219186572684e-01 1.536115622352309529e-01
5.000000000000000000e+00 1.000000000000000000e+00 1.562500000000000000e-02 2.000000000000000000e+00 6.999999999999999556e-01 3.314541070562955771e-01 1.421242793936355886e-01
5.000000000000000000e+00 1.000000000000000000e+00 3.125000000000000000e-02 2.000000000000000000e+00 6.999999999999999556e-01 1.057144423420508794e-01 1.150816295915500359e-01
5.000000000000000000e+00 1.000000000000000000e+00 6.250000000000000000e-02 2.000000000000000000e+00 6.999999999999999556e-01 1.446678598695903470e-02 3.135208337127639439e-02
5.000000000000000000e+00 1.000000000000000000e+00 1.250000000000000000e-01 2.000000000000000000e+00 6.999999999999999556e-01 1.037894536737509832e-04 2.946100855810810672e-04
5.000000000000000000e+00 1.000000000000000000e+00 2.500000000000000000e-01 2.000000000000000000e+00 6.999999999999999556e-01 2.303051655410913877e-11 6.897665642201926294e-11
5.000000000000000000e+00 1.000000000000000000e+00 5.000000000000000000e-01 2.000000000000000000e+00 6.999999999999999556e-01 4.744359769761306948e-16 1.203926003253060919e-16
5.000000000000000000e+00 1.000000000000000000e+00 1.000000000000000000e+00 2.000000000000000000e+00 6.999999999999999556e-01 5.939460129657673865e-16 2.190835158529864817e-16
5.000000000000000000e+00 1.000000000000000000e+00 2.000000000000000000e+00 2.000000000000000000e+00 6.999999999999999556e-01 5.334048446108420621e-16 1.040325623089285762e-16
5.000000000000000000e+00 1.000000000000000000e+00 4.000000000000000000e+00 2.000000000000000000e+00 6.999999999999999556e-01 5.866056586533333527e-16 1.267405558282821712e-16
5.000000000000000000e+00 1.000000000000000000e+00 8.000000000000000000e+00 2.000000000000000000e+00 6.999999999999999556e-01 1.301744445696094921e-15 1.051134099959434243e-15
5.000000000000000000e+00 1.000000000000000000e+00 1.600000000000000000e+01 2.000000000000000000e+00 6.999999999999999556e-01 2.040649092658895423e-15 1.514210215963551359e-15
5.000000000000000000e+00 1.000000000000000000e+00 3.200000000000000000e+01 2.000000000000000000e+00 6.999999999999999556e-01 3.721084513735626448e-15 2.475697524129109816e-15
5.000000000000000000e+00 1.000000000000000000e+00 6.400000000000000000e+01 2.000000000000000000e+00 6.999999999999999556e-01 7.402435724579449988e-15 7.730351391692955873e-15
5.000000000000000000e+00 1.000000000000000000e+00 1.280000000000000000e+02 2.000000000000000000e+00 6.999999999999999556e-01 1.300945371565420485e-14 1.120825224289285652e-14
5.000000000000000000e+00 1.000000000000000000e+00 7.812500000000000000e-03 2.000000000000000000e+00 8.000000000000000444e-01 7.871230690854806866e-01 1.542769768261474106e-01
5.000000000000000000e+00 1.000000000000000000e+00 1.562500000000000000e-02 2.000000000000000000e+00 8.000000000000000444e-01 3.317423230767716502e-01 1.424959071241113095e-01
5.000000000000000000e+00 1.000000000000000000e+00 3.125000000000000000e-02 2.000000000000000000e+00 8.000000000000000444e-01 1.051473411586274775e-01 1.137107142735241661e-01
5.000000000000000000e+00 1.000000000000000000e+00 6.250000000000000000e-02 2.000000000000000000e+00 8.000000000000000444e-01 1.430046845316570482e-02 3.096076084628675285e-02
5.000000000000000000e+00 1.000000000000000000e+00 1.250000000000000000e-01 2.000000000000000000e+00 8.000000000000000444e-01 1.006568290450900584e-04 2.848800320409437879e-04
5.000000000000000000e+00 1.000000000000000000e+00 2.500000000000000000e-01 2.000000000000000000e+00 8.000000000000000444e-01 2.313858550814949132e-11 6.930999032887358118e-11
5.000000000000000000e+00 1.000000000000000000e+00 5.000000000000000000e-01 2.000000000000000000e+00 8.000000000000000444e-01 3.872106176587077425e-16 5.767225548821181140e-17
5.000000000000000000e+00 1.000000000000000000e+00 1.000000000000000000e+00 2.000000000000000000e+00 8.000000000000000444e-01 4.471004935387892152e-16 9.908865930257950581e-17
5.000000000000000000e+00 1.000000000000000000e+00 2.000000000000000000e+00 2.000000000000000000e+00 8.000000000000000444e-01 4.384591573214618771e-16 7.431026671176288131e-17
5.000000000000000000e+00 1.000000000000000000e+00 4.000000000000000000e+00 2.000000000000000000e+00 8.000000000000000444e-01 4.776506440776498898e-16 8.986168522397948919e-17
5.000000000000000000e+00 1.000000000000000000e+00 8.000000000000000000e+00 2.000000000000000000e+00 8.000000000000000444e-01 9.304028534143932986e-16 7.232944388067974473e-16
5.000000000000000000e+00 1.000000000000000000e+00 1.600000000000000000e+01 2.000000000000000000e+00 8.000000000000000444e-01 1.355903897308138863e-15 1.044108976199161175e-15
5.000000000000000000e+00 1.000000000000000000e+00 3.200000000000000000e+01 2.000000000000000000e+00 8.000000000000000444e-01 2.558210861454322718e-15 1.833394152231009120e-15
5.000000000000000000e+00 1.000000000000000000e+00 6.400000000000000000e+01 2.000000000000000000e+00 8.000000000000000444e-01 5.063991445096419521e-15 5.225583450033143373e-15
5.000000000000000000e+00 1.000000000000000000e+00 1.280000000000000000e+02 2.000000000000000000e+00 8.000000000000000444e-01 8.804154388624617156e-15 7.619180632206892786e-15
5.000000000000000000e+00 1.000000000000000000e+00 7.812500000000000000e-03 2.000000000000000000e+00 9.000000000000000222e-01 7.924081824435267318e-01 1.541978849995696843e-01
5.000000000000000000e+00 1.000000000000000000e+00 1.562500000000000000e-02 2.000000000000000000e+00 9.000000000000000222e-01 3.356630472628147066e-01 1.493297484155910737e-01
5.000000000000000000e+00 1.000000000000000000e+00 3.125000000000000000e-02 2.000000000000000000e+00 9.000000000000000222e-01 1.052943749944834917e-01 1.131297561168010807e-01
5.000000000000000000e+00 1.000000000000000000e+00 6.250000000000000000e-02 2.000000000000000000e+00 9.000000000000000222e-01 1.446412369464315784e-02 3.128095456539355113e-02
5.000000000000000000e+00 1.000000000000000000e+00 1.250000000000000000e-01 2.000000000000000000e+00 9.000000000000000222e-01 1.009795916141917012e-04 2.866310375222781725e-04
5.000000000000000000e+00 1.000000000000000000e+00 2.500000000000000000e-01 2.000000000000000000e+00 9.000000000000000222e-01 2.298252274262225502e-11 6.884886488652083416e-11
5.000000000000000000e+00 1.000000000000000000e+00 5.000000000000000000e-01 2.000000000000000000e+00 9.000000000000000222e-01 3.258419075557974504e-16 2.338741849093094716e-17
5.000000000000000000e+00 1.000000000000000000e+00 1.000000000000000000e+00 2.000000000000000000e+00 9.000000000000000222e-01 3.616374886948472374e-16 5.332893381795064476e-17
5.000000000000000000e+00 1.000000000000000000e+00 2.000000000000000000e+00 2.000000000000000000e+00 9.000000000000000222e-01 3.425726104834873136e-16 3.370327556450111063e-17
5.000000000000000000e+00 1.000000000000000000e+00 4.000000000000000000e+00 2.000000000000000000e+00 9.000000000000000222e-01 3.484151138419780672e-16 3.509992712809463276e-17
5.000000000000000000e+00 1.000000000000000000e+00 8.000000000000000000e+00 2.000000000000000000e+00 9.000000000000000222e-01 5.393545237146808749e-16 3.180427886979812574e-16
5.000000000000000000e+00 1.000000000000000000e+00 1.600000000000000000e+01 2.000000000000000000e+00 9.000000000000000222e-01 7.310478527736220344e-16 4.683890279797799587e-16
5.000000000000000000e+00 1.000000000000000000e+00 3.200000000000000000e+01 2.000000000000000000e+00 9.000000000000000222e-01 1.323384746464411953e-15 8.648264843923427473e-16
5.000000000000000000e+00 1.000000000000000000e+00 6.400000000000000000e+01 2.000000000000000000e+00 9.000000000000000222e-01 2.469686992706701133e-15 2.510245217072385905e-15
5.000000000000000000e+00 1.000000000000000000e+00 1.280000000000000000e+02 2.000000000000000000e+00 9.000000000000000222e-01 4.697327916880821625e-15 4.175854721517455343e-15
