5.000000000000000000e+00 1.000000000000000000e+00 7.812500000000000000e-03 1.000000000000000000e+00 6.999999999999999556e-01 1.445597010718309594e+00 1.316327307886494546e-01
5.000000000000000000e+00 1.000000000000000000e+00 1.562500000000000000e-02 1.000000000000000000e+00 6.999999999999999556e-01 7.885213061655280686e-01 1.517437171565306775e-01
5.000000000000000000e+00 1.000000000000000000e+00 3.125000000000000000e-02 1.000000000000000000e+00 6.999999999999999556e-01 3.304748728937118574e-01 1.418026651541799410e-01
5.000000000000000000e+00 1.000000000000000000e+00 6.250000000000000000e-02 1.000000000000000000e+00 6.999999999999999556e-01 1.046021134851929241e-01 1.125056098621037975e-01
5.000000000000000000e+00 1.000000000000000000e+00 1.250000000000000000e-01 1.000000000000000000e+00 6.999999999999999556e-01 1.400821114567109803e-02 3.009910061082144567e-02
5.000000000000000000e+00 1.000000000000000000e+00 2.500000000000000000e-01 1.000000000000000000e+00 6.999999999999999556e-01 9.943657941334860056e-05 2.818273381893496364e-04
5.000000000000000000e+00 1.000000000000000000e+00 5.000000000000000000e-01 1.000000000000000000e+00 6.999999999999999556e-01 2.216021571397710931e-11 6.637051902788932012e-11
5.000000000000000000e+00 1.000000000000000000e+00 1.000000000000000000e+00 1.000000000000000000e+00 6.999999999999999556e-01 4.684688965427314901e-16 1.125859677034292144e-16
5.000000000000000000e+00 1.000000000000000000e+00 2.000000000000000000e+00 1.000000000000000000e+00 6.999999999999999556e-01 5.794737341124758127e-16 1.816790405272815820e-16
5.000000000000000000e+00 1.000000000000000000e+00 4.000000000000000000e+00 1.000000000000000000e+00 6.999999999999999556e-01 5.381615651148973606e-16 9.967144340998697157e-17
5.000000000000000000e+00 1.000000000000000000e+00 8.000000000000000000e+00 1.000000000000000000e+00 6.999999999999999556e-01 5.907557312670647756e-16 1.585496935687761070e-16
5.000000000000000000e+00 1.000000000000000000e+00 1.600000000000000000e+01 1.000000000000000000e+00 6.999999999999999556e-01 1.304794149914463900e-15 1.062652156928420208e-15
5.000000000000000000e+00 1.000000000000000000e+00 3.200000000000000000e+01 1.000000000000000000e+00 6.999999999999999556e-01 2.055354468996334384e-15 1.557468078544726554e-15
5.000000000000000000e+00 1.000000000000000000e+00 6.400000000000000000e+01 1.000000000000000000e+00 6.999999999999999556e-01 3.695147972865454085e-15 2.420829952900179220e-15
5.000000000000000000e+00 1.000000000000000000e+00 1.280000000000000000e+02 1.000000000000000000e+00 6.999999999999999556e-01 7.348448903008467716e-15 7.512688808594375713e-15
5.000000000000000000e+00 1.000000000000000000e+00 7.812500000000000000e-03 1.000000000000000000e+00 8.000000000000000444e-01 1.451983792296096976e+00 1.342537428549060718e-01
5.000000000000000000e+00 1.000000000000000000e+00 1.562500000000000000e-02 1.000000000000000000e+00 8.000000000000000444e-01 7.901805016415794913e-01 1.536786413764780479e-01
5.000000000000000000e+00 1.000000000000000000e+00 3.125000000000000000e-02 1.000000000000000000e+00 8.000000000000000444e-01 3.349128099892041410e-01 1.471642288864817294e-01
5.000000000000000000e+00 1.000000000000000000e+00 6.250000000000000000e-02 1.000000000000000000e+00 8.000000000000000444e-01 1.044306070153534494e-01 1.124512862408772601e-01
5.000000000000000000e+00 1.000000000000000000e+00 1.250000000000000000e-01 1.000000000000000000e+00 8.000000000000000444e-01 1.420423697120920536e-02 3.041862117697828258e-02
5.000000000000000000e+00 1.000000000000000000e+00 2.500000000000000000e-01 1.000000000000000000e+00 8.000000000000000444e-01 1.032467865351381880e-04 2.927167267189378420e-04
5.000000000000000000e+00 1.000000000000000000e+00 5.000000000000000000e-01 1.000000000000000000e+00 8.000000000000000444e-01 2.285953463202549160e-11 6.848116767292308698e-11
5.000000000000000000e+00 1.000000000000000000e+00 1.000000000000000000e+00 1.000000000000000000e+00 8.000000000000000444e-01 3.838823612800223271e-16 5.511427686232474076e-17
5.000000000000000000e+00 1.000000000000000000e+00 2.000000000000000000e+00 1.000000000000000000e+00 8.000000000000000444e-01 4.546767035437376499e-16 8.433725985885101012e-17
5.000000000000000000e+00 1.000000000000000000e+00 4.000000000000000000e+00 1.000000000000000000e+00 8.000000000000000444e-01 4.331688809824610291e-16 5.776251641703046600e-17
5.000000000000000000e+00 1.000000000000000000e+00 8.000000000000000000e+00 1.000000000000000000e+00 8.000000000000000444e-01 4.594282222741442688e-16 7.732562973775348590e-17
5.000000000000000000e+00 1.000000000000000000e+00 1.600000000000000000e+01 1.000000000000000000e+00 8.000000000000000444e-01 9.098857291775271708e-16 7.224733473227079215e-16
5.000000000000000000e+00 1.000000000000000000e+00 3.200000000000000000e+01 1.000000000000000000e+00 8.000000000000000444e-01 1.348692912003143156e-15 1.026273077658663247e-15
5.000000000000000000e+00 1.000000000000000000e+00 6.400000000000000000e+01 1.000000000000000000e+00 8.000000000000000444e-01 2.528186639664426835e-15 1.799384988760579959e-15
5.000000000000000000e+00 1.000000000000000000e+00 1.280000000000000000e+02 1.000000000000000000e+00 8.000000000000000444e-01 5.040864694163489110e-15 5.159893236287421514e-15
5.000000000000000000e+00 1.000000000000000000e+00 7.812500000000000000e-03 1.000000000000000000e+00 9.000000000000000222e-01 1.459755939137594050e+00 1.377892685712864551e-01
5.000000000000000000e+00 1.000000000000000000e+00 1.562500000000000000e-02 1.000000000000000000e+00 9.000000000000000222e-01 7.904847926404349190e-01 1.542636747635950101e-01
5.000000000000000000e+00 1.000000000000000000e+00 3.125000000000000000e-02 1.000000000000000000e+00 9.000000000000000222e-01 3.326018129913824728e-01 1.445628311433961311e-01
5.000000000000000000e+00 1.000000000000000000e+00 6.250000000000000000e-02 1.000000000000000000e+00 9.000000000000000222e-01 1.044988503770333671e-01 1.142544915247886012e-01
5.000000000000000000e+00 1.000000000000000000e+00 1.250000000000000000e-01 1.000000000000000000e+00 9.000000000000000222e-01 1.430972674528098107e-02 3.105168456660222648e-02
5.000000000000000000e+00 1.000000000000000000e+00 2.500000000000000000e-01 1.000000000000000000e+00 9.000000000000000222e-01 1.002286855691612855e-04 2.836080555240079980e-04
5.000000000000000000e+00 1.000000000000000000e+00 5.000000000000000000e-01 1.000000000000000000e+00 9.000000000000000222e-01 2.346804669399667942e-11 7.031122728950302142e-11
5.000000000000000000e+00 1.000000000000000000e+00 1.000000000000000000e+00 1.000000000000000000e+00 9.000000000000000222e-01 3.237272405010186172e-16 2.033640265858984328e-17
5.000000000000000000e+00 1.000000000000000000e+00 2.000000000000000000e+00 1.000000000000000000e+00 9.000000000000000222e-01 3.610307546760783133e-16 5.775476671409464221e-17
5.000000000000000000e+00 1.000000000000000000e+00 4.000000000000000000e+00 1.000000000000000000e+00 9.000000000000000222e-01 3.460275774718579458e-16 3.341341812470155589e-17
5.000000000000000000e+00 1.000000000000000000e+00 8.000000000000000000e+00 1.000000000000000000e+00 9.000000000000000222e-01 3.513951027689855399e-16 3.209778965276974911e-17
5.000000000000000000e+00 1.000000000000000000e+00 1.600000000000000000e+01 1.000000000000000000e+00 9.000000000000000222e-01 5.503251369383708716e-16 3.272728549655453361e-16
5.000000000000000000e+00 1.000000000000000000e+00 3.200000000000000000e+01 1.000000000000000000e+00 9.000000000000000222e-01 7.406007661952973322e-16 4.758721284273618960e-16
5.000000000000000000e+00 1.000000000000000000e+00 6.400000000000000000e+01 1.000000000000000000e+00 9.000000000000000222e-01 1.313945291786906071e-15 8.296903725421132510e-16
5.000000000000000000e+00 1.000000000000000000e+00 1.280000000000000000e+02 1.000000000000000000e+00 9.000000000000000222e-01 2.452405799998785463e-15 2.498419602414195749e-15
