5.000000000000000000e+00 1.000000000000000000e+00 7.812500000000000000e-03 5.000000000000000000e-01 6.999999999999999556e-01 1.907003480732248901e+00 1.411491901145408567e-01
5.000000000000000000e+00 1.000000000000000000e+00 1.562500000000000000e-02 5.000000000000000000e-01 6.999999999999999556e-01 1.445620929448133474e+00 1.319577229642363292e-01
5.000000000000000000e+00 1.000000000000000000e+00 3.125000000000000000e-02 5.000000000000000000e-01 6.999999999999999556e-01 7.861261564689222547e-01 1.497066251557194472e-01
5.000000000000000000e+00 1.000000000000000000e+00 6.250000000000000000e-02 5.000000000000000000e-01 6.999999999999999556e-01 3.315208443392524962e-01 1.423024308079336997e-01
5.000000000000000000e+00 1.000000000000000000e+00 1.250000000000000000e-01 5.000000000000000000e-01 6.999999999999999556e-01 1.051976580510035619e-01 1.157873971978327643e-01
5.000000000000000000e+00 1.000000000000000000e+00 2.500000000000000000e-01 5.000000000000000000e-01 6.999999999999999556e-01 1.450260386166266589e-02 3.118798689938679855e-02
5.000000000000000000e+00 1.000000000000000000e+00 5.000000000000000000e-01 5.000000000000000000e-01 6.999999999999999556e-01 1.010059492953497656e-04 2.869248423513442005e-04
5.000000000000000000e+00 1.000000000000000000e+00 1.000000000000000000e+00 5.000000000000000000e-01 6.999999999999999556e-01 2.303716188884141618e-11 6.900049801526702450e-11
5.000000000000000000e+00 1.000000000000000000e+00 2.000000000000000000e+00 5.000000000000000000e-01 6.999999999999999556e-01 4.756325277025566413e-16 1.344913072983055756e-16
5.000000000000000000e+00 1.000000000000000000e+00 4.000000000000000000e+00 5.000000000000000000e-01 6.999999999999999556e-01 5.711048379861948629e-16 1.741587813263259672e-16
5.000000000000000000e+00 1.000000000000000000e+00 8.000000000000000000e+00 5.000000000000000000e-01 6.999999999999999556e-01 5.261590134271385927e-16 9.901248152568557730e-17
5.000000000000000000e+00 1.000000000000000000e+00 1.600000000000000000e+01 5.000000000000000000e-01 6.999999999999999556e-01 6.116242913175784432e-16 1.319810160326514078e-16
5.000000000000000000e+00 1.000000000000000000e+00 3.200000000000000000e+01 5.000000000000000000e-01 6.999999999999999556e-01 1.268379653862319176e-15 1.046280668326405351e-15
5.000000000000000000e+00 1.000000000000000000e+00 6.400000000000000000e+01 5.000000000000000000e-01 6.999999999999999556e-01 2.054853689907562046e-15 1.586269403896933771e-15
5.000000000000000000e+00 1.000000000000000000e+00 1.280000000000000000e+02 5.000000000000000000e-01 6.999999999999999556e-01 3.693657720871553020e-15 2.495973064980037134e-15
5.000000000000000000e+00 1.000000000000000000e+00 7.812500000000000000e-03 5.000000000000000000e-01 8.000000000000000444e-01 1.912210963444544110e+00 1.413275776938902606e-01
5.000000000000000000e+00 1.000000000000000000e+00 1.562500000000000000e-02 5.000000000000000000e-01 8.000000000000000444e-01 1.449595046062475578e+00 1.317564371314347560e-01
5.000000000000000000e+00 1.000000000000000000e+00 3.125000000000000000e-02 5.000000000000000000e-01 8.000000000000000444e-01 7.904734755488603826e-01 1.547908011254833238e-01
5.000000000000000000e+00 1.000000000000000000e+00 6.250000000000000000e-02 5.000000000000000000e-01 8.000000000000000444e-01 3.323754262612464982e-01 1.444564712647698757e-01
5.000000000000000000e+00 1.000000000000000000e+00 1.250000000000000000e-01 5.000000000000000000e-01 8.000000000000000444e-01 1.044974931106043003e-01 1.146981862350079512e-01
5.000000000000000000e+00 1.000000000000000000e+00 2.500000000000000000e-01 5.000000000000000000e-01 8.000000000000000444e-01 1.454337963585420647e-02 3.155792972210599151e-02
5.000000000000000000e+00 1.000000000000000000e+00 5.000000000000000000e-01 5.000000000000000000e-01 8.000000000000000444e-01 1.014094721284684050e-04 2.883445715025794755e-04
5.000000000000000000e+00 1.000000000000000000e+00 1.000000000000000000e+00 5.000000000000000000e-01 8.000000000000000444e-01 2.290382326694129054e-11 6.860439829698484609e-11
5.000000000000000000e+00 1.000000000000000000e+00 2.000000000000000000e+00 5.000000000000000000e-01 8.000000000000000444e-01 3.869267809589206264e-16 5.327427707026683965e-17
5.000000000000000000e+00 1.000000000000000000e+00 4.000000000000000000e+00 5.000000000000000000e-01 8.000000000000000444e-01 4.534133794316109153e-16 1.066759977962048658e-16
5.000000000000000000e+00 1.000000000000000000e+00 8.000000000000000000e+00 5.000000000000000000e-01 8.000000000000000444e-01 4.361448373749096260e-16 6.963892978674480717e-17
5.000000000000000000e+00 1.000000000000000000e+00 1.600000000000000000e+01 5.000000000000000000e-01 8.000000000000000444e-01 4.617854525054555510e-16 7.751299703210275032e-17
5.000000000000000000e+00 1.000000000000000000e+00 3.200000000000000000e+01 5.000000000000000000e-01 8.000000000000000444e-01 9.216420802143332553e-16 7.419556659516869455e-16
5.000000000000000000e+00 1.000000000000000000e+00 6.400000000000000000e+01 5.000000000000000000e-01 8.000000000000000444e-01 1.352519867546096850e-15 1.031635869088753134e-15
5.000000000000000000e+00 1.000000000000000000e+00 1.280000000000000000e+02 5.000000000000000000e-01 8.000000000000000444e-01 2.508926712476821419e-15 1.793624628161158228e-15
5.000000000000000000e+00 1.000000000000000000e+00 7.812500000000000000e-03 5.000000000000000000e-01 9.000000000000000222e-01 1.921666017699410478e+00 1.434068305538242771e-01
5.000000000000000000e+00 1.000000000000000000e+00 1.562500000000000000e-02 5.000000000000000000e-01 9.000000000000000222e-01 1.457413525799047260e+00 1.334310590144622555e-01
5.000000000000000000e+00 1.000000000000000000e+00 3.125000000000000000e-02 5.000000000000000000e-01 9.000000000000000222e-01 7.918817710907506413e-01 1.548288738196282877e-01
5.000000000000000000e+00 1.000000000000000000e+00 6.250000000000000000e-02 5.000000000000000000e-01 9.000000000000000222e-01 3.353131936300471905e-01 1.465713181157975997e-01
5.000000000000000000e+00 1.000000000000000000e+00 1.250000000000000000e-01 5.000000000000000000e-01 9.000000000000000222e-01 1.056800042095202841e-01 1.167525340293712882e-01
5.000000000000000000e+00 1.000000000000000000e+00 2.500000000000000000e-01 5.000000000000000000e-01 9.000000000000000222e-01 1.416262829448960980e-02 3.057259815887774027e-02
5.000000000000000000e+00 1.000000000000000000e+00 5.000000000000000000e-01 5.000000000000000000e-01 9.000000000000000222e-01 1.021862042791452357e-04 2.898961014341391276e-04
5.000000000000000000e+00 1.000000000000000000e+00 1.000000000000000000e+00 5.000000000000000000e-01 9.000000000000000222e-01 2.215383349672022758e-11 6.636932315049482644e-11
5.000000000000000000e+00 1.000000000000000000e+00 2.000000000000000000e+00 5.000000000000000000e-01 9.000000000000000222e-01 3.268488188440534124e-16 2.100786864107199385e-17
5.000000000000000000e+00 1.000000000000000000e+00 4.000000000000000000e+00 5.000000000000000000e-01 9.000000000000000222e-01 3.635916683607758843e-16 5.837415733352517031e-17
5.000000000000000000e+00 1.000000000000000000e+00 8.000000000000000000e+00 5.000000000000000000e-01 9.000000000000000222e-01 3.442296843528654328e-16 3.306705479949340013e-17
5.000000000000000000e+00 1.000000000000000000e+00 1.600000000000000000e+01 5.000000000000000000e-01 9.000000000000000222e-01 3.481307304162824573e-16 3.807263331973278786e-17
5.000000000000000000e+00 1.000000000000000000e+00 3.200000000000000000e+01 5.000000000000000000e-01 9.000000000000000222e-01 5.395856307564879821e-16 3.224504940332270515e-16
5.000000000000000000e+00 1.000000000000000000e+00 6.400000000000000000e+01 5.000000000000000000e-01 9.000000000000000222e-01 7.260458930860274948e-16 4.617934834165495008e-16
5.000000000000000000e+00 1.000000000000000000e+00 1.280000000000000000e+02 5.000000000000000000e-01 9.000000000000000222e-01 1.312387894522185961e-15 8.544594354321455845e-16
