5.000000000000000000e+00 1.000000000000000000e+00 7.812500000000000000e-03 1.000000000000000000e+00 4.000000000000000222e-01 1.434921526365533717e+00 1.271655034000770956e-01
5.000000000000000000e+00 1.000000000000000000e+00 1.562500000000000000e-02 1.000000000000000000e+00 4.000000000000000222e-01 7.789131366030432879e-01 1.497701709890094657e-01
5.000000000000000000e+00 1.000000000000000000e+00 3.125000000000000000e-02 1.000000000000000000e+00 4.000000000000000222e-01 3.312067814930012011e-01 1.428940209215231738e-01
5.000000000000000000e+00 1.000000000000000000e+00 6.250000000000000000e-02 1.000000000000000000e+00 4.000000000000000222e-01 1.041396155708013138e-01 1.130388119550660014e-01
5.000000000000000000e+00 1.000000000000000000e+00 1.250000000000000000e-01 1.000000000000000000e+00 4.000000000000000222e-01 1.450433163859514082e-02 3.135758455451469889e-02
5.000000000000000000e+00 1.000000000000000000e+00 2.500000000000000000e-01 1.000000000000000000e+00 4.000000000000000222e-01 1.024622848036009189e-04 2.905595992308641147e-04
5.000000000000000000e+00 1.000000000000000000e+00 5.000000000000000000e-01 1.000000000000000000e+00 4.000000000000000222e-01 2.306724816215811433e-11 6.908010318982282563e-11
5.000000000000000000e+00 1.000000000000000000e+00 1.000000000000000000e+00 1.000000000000000000e+00 4.000000000000000222e-01 7.716361754244817638e-16 3.157731942329630482e-16
5.000000000000000000e+00 1.000000000000000000e+00 2.000000000000000000e+00 1.000000000000000000e+00 4.000000000000000222e-01 8.940116290735357290e-16 1.764044300885813469e-16
5.000000000000000000e+00 1.000000000000000000e+00 4.000000000000000000e+00 1.000000000000000000e+00 4.000000000000000222e-01 1.044099334252507421e-15 2.948630657786668140e-16
5.000000000000000000e+00 1.000000000000000000e+00 8.000000000000000000e+00 1.000000000000000000e+00 4.000000000000000222e-01 1.158918128841775335e-15 3.996763053283279447e-16
5.000000000000000000e+00 1.000000000000000000e+00 1.600000000000000000e+01 1.000000000000000000e+00 4.000000000000000222e-01 2.603080673781378288e-15 2.263163223423969990e-15
5.000000000000000000e+00 1.000000000000000000e+00 3.200000000000000000e+01 1.000000000000000000e+00 4.000000000000000222e-01 3.822129369902453958e-15 3.199770060283598173e-15
5.000000000000000000e+00 1.000000000000000000e+00 6.400000000000000000e+01 1.000000000000000000e+00 4.000000000000000222e-01 7.368050160084149624e-15 5.209183164675393396e-15
5.000000000000000000e+00 1.000000000000000000e+00 1.280000000000000000e+02 1.000000000000000000e+00 4.000000000000000222e-01 1.447258133398303557e-14 1.526499186514967771e-14
5.000000000000000000e+00 1.000000000000000000e+00 7.812500000000000000e-03 1.000000000000000000e+00 5.000000000000000000e-01 1.437382953008444764e+00 1.288636034724065238e-01
5.000000000000000000e+00 1.000000000000000000e+00 1.562500000000000000e-02 1.000000000000000000e+00 5.000000000000000000e-01 7.814487731161462447e-01 1.481911267702031298e-01
5.000000000000000000e+00 1.000000000000000000e+00 3.125000000000000000e-02 1.000000000000000000e+00 5.000000000000000000e-01 3.307328359340747648e-01 1.439819953786170836e-01
5.000000000000000000e+00 1.000000000000000000e+00 6.250000000000000000e-02 1.000000000000000000e+00 5.000000000000000000e-01 1.040141173534713248e-01 1.126418180151311232e-01
5.000000000000000000e+00 1.000000000000000000e+00 1.250000000000000000e-01 1.000000000000000000e+00 5.000000000000000000e-01 1.431444508800715741e-02 3.084616350034818238e-02
5.000000000000000000e+00 1.000000000000000000e+00 2.500000000000000000e-01 1.000000000000000000e+00 5.000000000000000000e-01 9.967206881500647209e-05 2.829218795205223273e-04
5.000000000000000000e+00 1.000000000000000000e+00 5.000000000000000000e-01 1.000000000000000000e+00 5.000000000000000000e-01 2.265993533092013144e-11 6.785715748872978309e-11
5.000000000000000000e+00 1.000000000000000000e+00 1.000000000000000000e+00 1.000000000000000000e+00 5.000000000000000000e-01 5.822044958751006124e-16 1.434532948588441802e-16
5.000000000000000000e+00 1.000000000000000000e+00 2.000000000000000000e+00 1.000000000000000000e+00 5.000000000000000000e-01 8.565399004013891219e-16 3.221627584236764839e-16
5.000000000000000000e+00 1.000000000000000000e+00 4.000000000000000000e+00 1.000000000000000000e+00 5.000000000000000000e-01 8.538193178991676240e-16 2.435045381878581961e-16
5.000000000000000000e+00 1.000000000000000000e+00 8.000000000000000000e+00 1.000000000000000000e+00 5.000000000000000000e-01 9.315235344060624365e-16 2.731160611282280857e-16
5.000000000000000000e+00 1.000000000000000000e+00 1.600000000000000000e+01 1.000000000000000000e+00 5.000000000000000000e-01 2.141152232626184303e-15 1.610955616451243200e-15
5.000000000000000000e+00 1.000000000000000000e+00 3.200000000000000000e+01 1.000000000000000000e+00 5.000000000000000000e-01 3.272157192647438910e-15 2.665046346734008225e-15
5.000000000000000000e+00 1.000000000000000000e+00 6.400000000000000000e+01 1.000000000000000000e+00 5.000000000000000000e-01 6.002486718391009359e-15 4.027101830884022742e-15
5.000000000000000000e+00 1.000000000000000000e+00 1.280000000000000000e+02 1.000000000000000000e+00 5.000000000000000000e-01 1.245873851584767882e-14 1.311787433483004496e-14
5.000000000000000000e+00 1.000000000000000000e+00 7.812500000000000000e-03 1.000000000000000000e+00 5.999999999999999778e-01 1.441960105120100311e+00 1.298643446627266995e-01
5.000000000000000000e+00 1.000000000000000000e+00 1.562500000000000000e-02 1.000000000000000000e+00 5.999999999999999778e-01 7.829074956698602872e-01 1.492679406394308017e-01
5.000000000000000000e+00 1.000000000000000000e+00 3.125000000000000000e-02 1.000000000000000000e+00 5.999999999999999778e-01 3.310807897210490958e-01 1.432568980824821536e-01
5.000000000000000000e+00 1.000000000000000000e+00 6.250000000000000000e-02 1.000000000000000000e+00 5.999999999999999778e-01 1.047326214970090152e-01 1.135426287835648446e-01
5.000000000000000000e+00 1.000000000000000000e+00 1.250000000000000000e-01 1.000000000000000000e+00 5.999999999999999778e-01 1.449753290931194219e-02 3.153792745670200293e-02
5.000000000000000000e+00 1.000000000000000000e+00 2.500000000000000000e-01 1.000000000000000000e+00 5.999999999999999778e-01 1.017341792167583621e-04 2.879715099105271980e-04
5.000000000000000000e+00 1.000000000000000000e+00 5.000000000000000000e-01 1.000000000000000000e+00 5.999999999999999778e-01 2.345228530555053513e-11 7.022588831882469930e-11
5.000000000000000000e+00 1.000000000000000000e+00 1.000000000000000000e+00 1.000000000000000000e+00 5.999999999999999778e-01 5.200465257413480834e-16 1.137882381400570550e-16
5.000000000000000000e+00 1.000000000000000000e+00 2.000000000000000000e+00 1.000000000000000000e+00 5.999999999999999778e-01 6.318384508639651088e-16 1.567657878530596783e-16
5.000000000000000000e+00 1.000000000000000000e+00 4.000000000000000000e+00 1.000000000000000000e+00 5.999999999999999778e-01 7.196783920491158852e-16 1.510422298627175223e-16
5.000000000000000000e+00 1.000000000000000000e+00 8.000000000000000000e+00 1.000000000000000000e+00 5.999999999999999778e-01 7.511712943910243288e-16 2.460843499290195805e-16
5.000000000000000000e+00 1.000000000000000000e+00 1.600000000000000000e+01 1.000000000000000000e+00 5.999999999999999778e-01 1.685396063391467306e-15 1.494784617685695847e-15
5.000000000000000000e+00 1.000000000000000000e+00 3.200000000000000000e+01 1.000000000000000000e+00 5.999999999999999778e-01 2.570369666136457530e-15 2.036186724898465573e-15
5.000000000000000000e+00 1.000000000000000000e+00 6.400000000000000000e+01 1.000000000000000000e+00 5.999999999999999778e-01 4.904080114111176795e-15 3.361495950363437126e-15
5.000000000000000000e+00 1.000000000000000000e+00 1.280000000000000000e+02 1.000000000000000000e+00 5.999999999999999778e-01 9.739498139924029672e-15 1.011424129091594542e-14
