5.000000000000000000e+00 1.000000000000000000e+00 7.812500000000000000e-03 1.250000000000000000e-01 0.000000000000000000e+00 2.116709511022270007e+00 1.281570999604867145e-01
5.000000000000000000e+00 1.000000000000000000e+00 1.562500000000000000e-02 1.250000000000000000e-01 0.000000000000000000e+00 2.080491473950169201e+00 1.583775983332136594e-01
5.000000000000000000e+00 1.000000000000000000e+00 3.125000000000000000e-02 1.250000000000000000e-01 0.000000000000000000e+00 1.883845944383071069e+00 1.292505201418064353e-01
5.000000000000000000e+00 1.000000000000000000e+00 6.250000000000000000e-02 1.250000000000000000e-01 0.000000000000000000e+00 1.426569953325440343e+00 1.291112174438663884e-01
5.000000000000000000e+00 1.000000000000000000e+00 1.250000000000000000e-01 1.250000000000000000e-01 0.000000000000000000e+00 7.766308222677229534e-01 1.485333756124583571e-01
5.000000000000000000e+00 1.000000000000000000e+00 2.500000000000000000e-01 1.250000000000000000e-01 0.000000000000000000e+00 3.286799166729087451e-01 1.414071867777070834e-01
5.000000000000000000e+00 1.000000000000000000e+00 5.000000000000000000e-01 1.250000000000000000e-01 0.000000000000000000e+00 1.041010316449235695e-01 1.135460080143274597e-01
5.000000000000000000e+00 1.000000000000000000e+00 1.000000000000000000e+00 1.250000000000000000e-01 0.000000000000000000e+00 1.422599080686564287e-02 3.071457992012062432e-02
5.000000000000000000e+00 1.000000000000000000e+00 2.000000000000000000e+00 1.250000000000000000e-01 0.000000000000000000e+00 1.012554545221234218e-04 2.873469087076819736e-04
5.000000000000000000e+00 1.000000000000000000e+00 4.000000000000000000e+00 1.250000000000000000e-01 0.000000000000000000e+00 2.317838175421221919e-11 6.937618523986563875e-11
5.000000000000000000e+00 1.000000000000000000e+00 8.000000000000000000e+00 1.250000000000000000e-01 0.000000000000000000e+00 9.461328639506857510e-16 2.996101957162172837e-16
5.000000000000000000e+00 1.000000000000000000e+00 1.600000000000000000e+01 1.250000000000000000e-01 0.000000000000000000e+00 1.268335950883795144e-15 4.997310567161194141e-16
5.000000000000000000e+00 1.000000000000000000e+00 3.200000000000000000e+01 1.250000000000000000e-01 0.000000000000000000e+00 1.471172859730620053e-15 4.512467060579447005e-16
5.000000000000000000e+00 1.000000000000000000e+00 6.400000000000000000e+01 1.250000000000000000e-01 0.000000000000000000e+00 1.490516030840292205e-15 4.448892327929658391e-16
5.000000000000000000e+00 1.000000000000000000e+00 1.280000000000000000e+02 1.250000000000000000e-01 0.000000000000000000e+00 3.934380979136965331e-15 3.498168478998848028e-15
5.000000000000000000e+00 1.000000000000000000e+00 7.812500000000000000e-03 1.250000000000000000e-01 1.000000000000000056e-01 2.117127052427575151e+00 1.280135892078415050e-01
5.000000000000000000e+00 1.000000000000000000e+00 1.562500000000000000e-02 1.250000000000000000e-01 1.000000000000000056e-01 2.082036525902179580e+00 1.580424519043371334e-01
5.000000000000000000e+00 1.000000000000000000e+00 3.125000000000000000e-02 1.250000000000000000e-01 1.000000000000000056e-01 1.882615708177435732e+00 1.292240475874459893e-01
5.000000000000000000e+00 1.000000000000000000e+00 6.250000000000000000e-02 1.250000000000000000e-01 1.000000000000000056e-01 1.427157229250977322e+00 1.266334692661178762e-01
5.000000000000000000e+00 1.000000000000000000e+00 1.250000000000000000e-01 1.250000000000000000e-01 1.000000000000000056e-01 7.762985935034865115e-01 1.481279421256921636e-01
5.000000000000000000e+00 1.000000000000000000e+00 2.500000000000000000e-01 1.250000000000000000e-01 1.000000000000000056e-01 3.289262034709388716e-01 1.409362395021298842e-01
5.000000000000000000e+00 1.000000000000000000e+00 5.000000000000000000e-01 1.250000000000000000e-01 1.000000000000000056e-01 1.043440183460727921e-01 1.131795354712741702e-01
5.000000000000000000e+00 1.000000000000000000e+00 1.000000000000000000e+00 1.250000000000000000e-01 1.000000000000000056e-01 1.439659998712975245e-02 3.116319014750138991e-02
5.000000000000000000e+00 1.000000000000000000e+00 2.000000000000000000e+00 1.250000000000000000e-01 1.000000000000000056e-01 1.006194814511850242e-04 2.855160808953540364e-04
5.000000000000000000e+00 1.000000000000000000e+00 4.000000000000000000e+00 1.250000000000000000e-01 1.000000000000000056e-01 2.291783002694926112e-11 6.859339055880239071e-11
5.000000000000000000e+00 1.000000000000000000e+00 8.000000000000000000e+00 1.250000000000000000e-01 1.000000000000000056e-01 9.700105098621182224e-16 3.113380548605273721e-16
5.000000000000000000e+00 1.000000000000000000e+00 1.600000000000000000e+01 1.250000000000000000e-01 1.000000000000000056e-01 1.316716239481002605e-15 4.160480299993746657e-16
5.000000000000000000e+00 1.000000000000000000e+00 3.200000000000000000e+01 1.250000000000000000e-01 1.000000000000000056e-01 1.362528073742977784e-15 5.631953176075762870e-16
5.000000000000000000e+00 1.000000000000000000e+00 6.400000000000000000e+01 1.250000000000000000e-01 1.000000000000000056e-01 1.358135960167559533e-15 4.828787040737720886e-16
5.000000000000000000e+00 1.000000000000000000e+00 1.280000000000000000e+02 1.250000000000000000e-01 1.000000000000000056e-01 3.732016872608144565e-15 3.231477185429327605e-15
5.000000000000000000e+00 1.000000000000000000e+00 7.812500000000000000e-03 1.250000000000000000e-01 2.000000000000000111e-01 2.122377748422366484e+00 1.282785815049803380e-01
5.000000000000000000e+00 1.000000000000000000e+00 1.562500000000000000e-02 1.250000000000000000e-01 2.000000000000000111e-01 2.083284380887260756e+00 1.635130987355221110e-01
5.000000000000000000e+00 1.000000000000000000e+00 3.125000000000000000e-02 1.250000000000000000e-01 2.000000000000000111e-01 1.885833329318115759e+00 1.325912858373045899e-01
5.000000000000000000e+00 1.000000000000000000e+00 6.250000000000000000e-02 1.250000000000000000e-01 2.000000000000000111e-01 1.425152163495735813e+00 1.275286207334533628e-01
5.000000000000000000e+00 1.000000000000000000e+00 1.250000000000000000e-01 1.250000000000000000e-01 2.000000000000000111e-01 7.747242478062303928e-01 1.493663382104729598e-01
5.000000000000000000e+00 1.000000000000000000e+00 2.500000000000000000e-01 1.250000000000000000e-01 2.000000000000000111e-01 3.286920992827415677e-01 1.414949187732648939e-01
5.000000000000000000e+00 1.000000000000000000e+00 5.000000000000000000e-01 1.250000000000000000e-01 2.000000000000000111e-01 1.045082720614796956e-01 1.119473944738710591e-01
5.000000000000000000e+00 1.000000000000000000e+00 1.000000000000000000e+00 1.250000000000000000e-01 2.000000000000000111e-01 1.420825689352283282e-02 3.095575861285675134e-02
5.000000000000000000e+00 1.000000000000000000e+00 2.000000000000000000e+00 1.250000000000000000e-01 2.000000000000000111e-01 1.005815959566004934e-04 2.849148110072471343e-04
5.000000000000000000e+00 1.000000000000000000e+00 4.000000000000000000e+00 1.250000000000000000e-01 2.000000000000000111e-01 2.306488914125134585e-11 6.903734882112457340e-11
5.000000000000000000e+00 1.000000000000000000e+00 8.000000000000000000e+00 1.250000000000000000e-01 2.000000000000000111e-01 9.841036705133511224e-16 3.788512038293229353e-16
5.000000000000000000e+00 1.000000000000000000e+00 1.600000000000000000e+01 1.250000000000000000e-01 2.000000000000000111e-01 1.518387873673144039e-15 1.159660046633998542e-15
5.000000000000000000e+00 1.000000000000000000e+00 3.200000000000000000e+01 1.250000000000000000e-01 2.000000000000000111e-01 1.221060698815892603e-15 4.189849243478207414e-16
5.000000000000000000e+00 1.000000000000000000e+00 6.400000000000000000e+01 1.250000000000000000e-01 2.000000000000000111e-01 1.270022542309843908e-15 2.757008816259480947e-16
5.000000000000000000e+00 1.000000000000000000e+00 1.280000000000000000e+02 1.250000000000000000e-01 2.000000000000000111e-01 3.217431367444375891e-15 2.893281642647244487e-15
5.000000000000000000e+00 1.000000000000000000e+00 7.812500000000000000e-03 1.250000000000000000e-01 2.999999999999999889e-01 2.121862376886261892e+00 1.350788853377548060e-01
5.000000000000000000e+00 1.000000000000000000e+00 1.562500000000000000e-02 1.250000000000000000e-01 2.999999999999999889e-01 2.088571580631420677e+00 1.646492474185641264e-01
5.000000000000000000e+00 1.000000000000000000e+00 3.125000000000000000e-02 1.250000000000000000e-01 2.999999999999999889e-01 1.888753469968533993e+00 1.341933775344086865e-01
5.000000000000000000e+00 1.000000000000000000e+00 6.250000000000000000e-02 1.250000000000000000e-01 2.999999999999999889e-01 1.429782280656829663e+00 1.270769132901070908e-01
5.000000000000000000e+00 1.000000000000000000e+00 1.250000000000000000e-01 1.250000000000000000e-01 2.999999999999999889e-01 7.781945855191172434e-01 1.491466580308269396e-01
5.000000000000000000e+00 1.000000000000000000e+00 2.500000000000000000e-01 1.250000000000000000e-01 2.999999999999999889e-01 3.302376151428269013e-01 1.459176185208960197e-01
5.000000000000000000e+00 1.000000000000000000e+00 5.000000000000000000e-01 1.250000000000000000e-01 2.999999999999999889e-01 1.036768717103159626e-01 1.123649682817614709e-01
5.000000000000000000e+00 1.000000000000000000e+00 1.000000000000000000e+00 1.250000000000000000e-01 2.999999999999999889e-01 1.433767838908850921e-02 3.095060672196392124e-02
5.000000000000000000e+00 1.000000000000000000e+00 2.000000000000000000e+00 1.250000000000000000e-01 2.999999999999999889e-01 1.016717514407477840e-04 2.891251635983214073e-04
5.000000000000000000e+00 1.000000000000000000e+00 4.000000000000000000e+00 1.250000000000000000e-01 2.999999999999999889e-01 2.304435836931114131e-11 6.902451268457151308e-11
5.000000000000000000e+00 1.000000000000000000e+00 8.000000000000000000e+00 1.250000000000000000e-01 2.999999999999999889e-01 7.555360740519168523e-16 2.457717158314563223e-16
5.000000000000000000e+00 1.000000000000000000e+00 1.600000000000000000e+01 1.250000000000000000e-01 2.999999999999999889e-01 1.145431244519992072e-15 6.450737717693381553e-16
5.000000000000000000e+00 1.000000000000000000e+00 3.200000000000000000e+01 1.250000000000000000e-01 2.999999999999999889e-01 1.162290525085089400e-15 3.494677892263741094e-16
5.000000000000000000e+00 1.000000000000000000e+00 6.400000000000000000e+01 1.250000000000000000e-01 2.999999999999999889e-01 1.190809973014349855e-15 3.981987082287689602e-16
5.000000000000000000e+00 1.000000000000000000e+00 1.280000000000000000e+02 1.250000000000000000e-01 2.999999999999999889e-01 3.089510086721382029e-15 2.536889135712522292e-15
