5.000000000000000000e+00 1.000000000000000000e+00 7.812500000000000000e-03 6.250000000000000000e-02 0.000000000000000000e+00 2.201603626524318180e+00 3.044833135434231175e-01
5.000000000000000000e+00 1.000000000000000000e+00 1.562500000000000000e-02 6.250000000000000000e-02 0.000000000000000000e+00 2.115892889301365543e+00 1.282595660297525808e-01
5.000000000000000000e+00 1.000000000000000000e+00 3.125000000000000000e-02 6.250000000000000000e-02 0.000000000000000000e+00 2.079764670611231825e+00 1.630400282042582250e-01
5.000000000000000000e+00 1.000000000000000000e+00 6.250000000000000000e-02 6.250000000000000000e-02 0.000000000000000000e+00 1.881059188347893540e+00 1.302821083725724804e-01
5.000000000000000000e+00 1.000000000000000000e+00 1.250000000000000000e-01 6.250000000000000000e-02 0.000000000000000000e+00 1.425300797212602166e+00 1.249531971944178588e-01
5.000000000000000000e+00 1.000000000000000000e+00 2.500000000000000000e-01 6.250000000000000000e-02 0.000000000000000000e+00 7.762991211041374573e-01 1.486056646549635540e-01
5.000000000000000000e+00 1.000000000000000000e+00 5.000000000000000000e-01 6.250000000000000000e-02 0.000000000000000000e+00 3.306016951750817556e-01 1.439480910406054359e-01
5.000000000000000000e+00 1.000000000000000000e+00 1.000000000000000000e+00 6.250000000000000000e-02 0.000000000000000000e+00 1.047677668887739000e-01 1.138443680535119185e-01
5.000000000000000000e+00 1.000000000000000000e+00 2.000000000000000000e+00 6.250000000000000000e-02 0.000000000000000000e+00 1.432067678022704016e-02 3.115905608473310343e-02
5.000000000000000000e+00 1.000000000000000000e+00 4.000000000000000000e+00 6.250000000000000000e-02 0.000000000000000000e+00 1.016009839520019104e-04 2.878801134754323536e-04
5.000000000000000000e+00 1.000000000000000000e+00 8.000000000000000000e+00 6.250000000000000000e-02 0.000000000000000000e+00 2.288976691910890526e-11 6.851142477864996397e-11
5.000000000000000000e+00 1.000000000000000000e+00 1.600000000000000000e+01 6.250000000000000000e-02 0.000000000000000000e+00 1.024560789635243027e-15 3.451151052963539587e-16
5.000000000000000000e+00 1.000000000000000000e+00 3.200000000000000000e+01 6.250000000000000000e-02 0.000000000000000000e+00 1.359935215350197089e-15 5.721794495012717437e-16
5.000000000000000000e+00 1.000000000000000000e+00 6.400000000000000000e+01 6.250000000000000000e-02 0.000000000000000000e+00 1.490439091185084816e-15 4.901379953434195303e-16
5.000000000000000000e+00 1.000000000000000000e+00 1.280000000000000000e+02 6.250000000000000000e-02 0.000000000000000000e+00 1.538241488830462089e-15 4.612067907164272436e-16
5.000000000000000000e+00 1.000000000000000000e+00 7.812500000000000000e-03 6.250000000000000000e-02 1.000000000000000056e-01 2.202185638170113702e+00 2.982942846597556596e-01
5.000000000000000000e+00 1.000000000000000000e+00 1.562500000000000000e-02 6.250000000000000000e-02 1.000000000000000056e-01 2.116264003471339361e+00 1.299917406609917558e-01
5.000000000000000000e+00 1.000000000000000000e+00 3.125000000000000000e-02 6.250000000000000000e-02 1.000000000000000056e-01 2.081273155631791827e+00 1.547164972412621853e-01
5.000000000000000000e+00 1.000000000000000000e+00 6.250000000000000000e-02 6.250000000000000000e-02 1.000000000000000056e-01 1.883920421439967852e+00 1.329821340565875143e-01
5.000000000000000000e+00 1.000000000000000000e+00 1.250000000000000000e-01 6.250000000000000000e-02 1.000000000000000056e-01 1.427494917149288112e+00 1.246916528050793505e-01
5.000000000000000000e+00 1.000000000000000000e+00 2.500000000000000000e-01 6.250000000000000000e-02 1.000000000000000056e-01 7.781052399693811905e-01 1.517539763748765314e-01
5.000000000000000000e+00 1.000000000000000000e+00 5.000000000000000000e-01 6.250000000000000000e-02 1.000000000000000056e-01 3.292250254323703107e-01 1.417207970323977606e-01
5.000000000000000000e+00 1.000000000000000000e+00 1.000000000000000000e+00 6.250000000000000000e-02 1.000000000000000056e-01 1.034173870414387686e-01 1.117367012706217272e-01
5.000000000000000000e+00 1.000000000000000000e+00 2.000000000000000000e+00 6.250000000000000000e-02 1.000000000000000056e-01 1.406784524149493412e-02 3.021921371282114410e-02
5.000000000000000000e+00 1.000000000000000000e+00 4.000000000000000000e+00 6.250000000000000000e-02 1.000000000000000056e-01 9.929862549483527221e-05 2.819079714207166766e-04
5.000000000000000000e+00 1.000000000000000000e+00 8.000000000000000000e+00 6.250000000000000000e-02 1.000000000000000056e-01 2.287384747520220010e-11 6.846855602894058479e-11
5.000000000000000000e+00 1.000000000000000000e+00 1.600000000000000000e+01 6.250000000000000000e-02 1.000000000000000056e-01 9.624748364394774429e-16 3.267313600769931081e-16
5.000000000000000000e+00 1.000000000000000000e+00 3.200000000000000000e+01 6.250000000000000000e-02 1.000000000000000056e-01 1.369145154822411492e-15 5.038564868896034014e-16
5.000000000000000000e+00 1.000000000000000000e+00 6.400000000000000000e+01 6.250000000000000000e-02 1.000000000000000056e-01 1.305293519831148773e-15 5.608190849338719367e-16
5.000000000000000000e+00 1.000000000000000000e+00 1.280000000000000000e+02 6.250000000000000000e-02 1.000000000000000056e-01 1.420968462611173156e-15 4.052029071940775483e-16
5.000000000000000000e+00 1.000000000000000000e+00 7.812500000000000000e-03 6.250000000000000000e-02 2.000000000000000111e-01 2.199957166758500282e+00 3.032690099800830485e-01
5.000000000000000000e+00 1.000000000000000000e+00 1.562500000000000000e-02 6.250000000000000000e-02 2.000000000000000111e-01 2.115745078964151205e+00 1.336016950370975120e-01
5.000000000000000000e+00 1.000000000000000000e+00 3.125000000000000000e-02 6.250000000000000000e-02 2.000000000000000111e-01 2.083029506305793532e+00 1.638845190215393044e-01
5.000000000000000000e+00 1.000000000000000000e+00 6.250000000000000000e-02 6.250000000000000000e-02 2.000000000000000111e-01 1.884638379237690398e+00 1.304284701240136790e-01
5.000000000000000000e+00 1.000000000000000000e+00 1.250000000000000000e-01 6.250000000000000000e-02 2.000000000000000111e-01 1.427698289700313650e+00 1.264320724563184617e-01
5.000000000000000000e+00 1.000000000000000000e+00 2.500000000000000000e-01 6.250000000000000000e-02 2.000000000000000111e-01 7.769546810737703035e-01 1.501644071749727583e-01
5.000000000000000000e+00 1.000000000000000000e+00 5.000000000000000000e-01 6.250000000000000000e-02 2.000000000000000111e-01 3.298207361469787102e-01 1.435664501535709459e-01
5.000000000000000000e+00 1.000000000000000000e+00 1.000000000000000000e+00 6.250000000000000000e-02 2.000000000000000111e-01 1.021075785183141182e-01 1.094038927714721388e-01
5.000000000000000000e+00 1.000000000000000000e+00 2.000000000000000000e+00 6.250000000000000000e-02 2.000000000000000111e-01 1.425231197464253349e-02 3.074629310756998510e-02
5.000000000000000000e+00 1.000000000000000000e+00 4.000000000000000000e+00 6.250000000000000000e-02 2.000000000000000111e-01 1.015333904937913061e-04 2.871585079310515795e-04
5.000000000000000000e+00 1.000000000000000000e+00 8.000000000000000000e+00 6.250000000000000000e-02 2.000000000000000111e-01 2.326539829347770069e-11 6.965732765156911827e-11
5.000000000000000000e+00 1.000000000000000000e+00 1.600000000000000000e+01 6.250000000000000000e-02 2.000000000000000111e-01 8.763368442558248436e-16 3.332521986521184743e-16
5.000000000000000000e+00 1.000000000000000000e+00 3.200000000000000000e+01 6.250000000000000000e-02 2.000000000000000111e-01 1.448496548988920922e-15 9.573732779341900440e-16
5.000000000000000000e+00 1.000000000000000000e+00 6.400000000000000000e+01 6.250000000000000000e-02 2.000000000000000111e-01 1.298868322791498943e-15 4.360505957444376301e-16
5.000000000000000000e+00 1.000000000000000000e+00 1.280000000000000000e+02 6.250000000000000000e-02 2.000000000000000111e-01 1.260247578088840253e-15 3.349166878523243430e-16
5.000000000000000000e+00 1.000000000000000000e+00 7.812500000000000000e-03 6.250000000000000000e-02 2.999999999999999889e-01 2.209879135689420515e+00 3.039078509209744983e-01
5.000000000000000000e+00 1.000000000000000000e+00 1.562500000000000000e-02 6.250000000000000000e-02 2.999999999999999889e-01 2.121939386490850676e+00 1.346127253351266650e-01
5.000000000000000000e+00 1.000000000000000000e+00 3.125000000000000000e-02 6.250000000000000000e-02 2.999999999999999889e-01 2.088908336043601821e+00 1.642282048358235103e-01
5.000000000000000000e+00 1.000000000000000000e+00 6.250000000000000000e-02 6.250000000000000000e-02 2.999999999999999889e-01 1.888518673901030009e+00 1.352386628904841959e-01
5.000000000000000000e+00 1.000000000000000000e+00 1.250000000000000000e-01 6.250000000000000000e-02 2.999999999999999889e-01 1.432114407399971423e+00 1.282273999336765169e-01
5.000000000000000000e+00 1.000000000000000000e+00 2.500000000000000000e-01 6.250000000000000000e-02 2.999999999999999889e-01 7.784122575180856263e-01 1.492965617264688238e-01
5.000000000000000000e+00 1.000000000000000000e+00 5.000000000000000000e-01 6.250000000000000000e-02 2.999999999999999889e-01 3.299304382549769765e-01 1.458373050022254702e-01
5.000000000000000000e+00 1.000000000000000000e+00 1.000000000000000000e+00 6.250000000000000000e-02 2.999999999999999889e-01 1.050057627238542707e-01 1.146902594809890291e-01
5.000000000000000000e+00 1.000000000000000000e+00 2.000000000000000000e+00 6.250000000000000000e-02 2.999999999999999889e-01 1.423665875522103774e-02 3.069353281201014916e-02
5.000000000000000000e+00 1.000000000000000000e+00 4.000000000000000000e+00 6.250000000000000000e-02 2.999999999999999889e-01 9.808666846447616436e-05 2.785633788946103575e-04
5.000000000000000000e+00 1.000000000000000000e+00 8.000000000000000000e+00 6.250000000000000000e-02 2.999999999999999889e-01 2.280963354619819394e-11 6.828107142703192676e-11
5.000000000000000000e+00 1.000000000000000000e+00 1.600000000000000000e+01 6.250000000000000000e-02 2.999999999999999889e-01 7.760302702708065423e-16 2.109979576259873728e-16
5.000000000000000000e+00 1.000000000000000000e+00 3.200000000000000000e+01 6.250000000000000000e-02 2.999999999999999889e-01 1.185140796419710033e-15 8.269918627338770574e-16
5.000000000000000000e+00 1.000000000000000000e+00 6.400000000000000000e+01 6.250000000000000000e-02 2.999999999999999889e-01 1.152077947323776906e-15 3.240967453142809275e-16
5.000000000000000000e+00 1.000000000000000000e+00 1.280000000000000000e+02 6.250000000000000000e-02 2.999999999999999889e-01 1.204968195767630749e-15 4.332578349685092731e-16
