5.000000000000000000e+00 1.000000000000000000e+00 7.812500000000000000e-03 6.250000000000000000e-02 4.000000000000000222e-01 2.211578584798400193e+00 3.064656541854423599e-01
5.000000000000000000e+00 1.000000000000000000e+00 1.562500000000000000e-02 6.250000000000000000e-02 4.000000000000000222e-01 2.132702511607606599e+00 1.285244175613967088e-01
5.000000000000000000e+00 1.000000000000000000e+00 3.125000000000000000e-02 6.250000000000000000e-02 4.000000000000000222e-01 2.094391931229153681e+00 1.671795528996498914e-01
5.000000000000000000e+00 1.000000000000000000e+00 6.250000000000000000e-02 6.250000000000000000e-02 4.000000000000000222e-01 1.892394396664177192e+00 1.328649369178341588e-01
5.000000000000000000e+00 1.000000000000000000e+00 1.250000000000000000e-01 6.250000000000000000e-02 4.000000000000000222e-01 1.435867781578317182e+00 1.276593036692026117e-01
5.000000000000000000e+00 1.000000000000000000e+00 2.500000000000000000e-01 6.250000000000000000e-02 4.000000000000000222e-01 7.816370086068475942e-01 1.502475956797542644e-01
5.000000000000000000e+00 1.000000000000000000e+00 5.000000000000000000e-01 6.250000000000000000e-02 4.000000000000000222e-01 3.291830476568219921e-01 1.425449933710279671e-01
5.000000000000000000e+00 1.000000000000000000e+00 1.000000000000000000e+00 6.250000000000000000e-02 4.000000000000000222e-01 1.041514346999565382e-01 1.134717223934685743e-01
5.000000000000000000e+00 1.000000000000000000e+00 2.000000000000000000e+00 6.250000000000000000e-02 4.000000000000000222e-01 1.407406661774746048e-02 3.066768694415183266e-02
5.000000000000000000e+00 1.000000000000000000e+00 4.000000000000000000e+00 6.250000000000000000e-02 4.000000000000000222e-01 1.000516544434721332e-04 2.825461197227331395e-04
5.000000000000000000e+00 1.000000000000000000e+00 8.000000000000000000e+00 6.250000000000000000e-02 4.000000000000000222e-01 2.314953123540722671e-11 6.930924353604753310e-11
5.000000000000000000e+00 1.000000000000000000e+00 1.600000000000000000e+01 6.250000000000000000e-02 4.000000000000000222e-01 7.661618145490777172e-16 2.793204042461905976e-16
5.000000000000000000e+00 1.000000000000000000e+00 3.200000000000000000e+01 6.250000000000000000e-02 4.000000000000000222e-01 8.848167488317262288e-16 1.346988166502297792e-16
5.000000000000000000e+00 1.000000000000000000e+00 6.400000000000000000e+01 6.250000000000000000e-02 4.000000000000000222e-01 1.025373247420694770e-15 3.016407314136788492e-16
5.000000000000000000e+00 1.000000000000000000e+00 1.280000000000000000e+02 6.250000000000000000e-02 4.000000000000000222e-01 1.173330732428590874e-15 4.241691841772613120e-16
5.000000000000000000e+00 1.000000000000000000e+00 7.812500000000000000e-03 6.250000000000000000e-02 5.000000000000000000e-01 2.209992679940479210e+00 2.997693759161493832e-01
5.000000000000000000e+00 1.000000000000000000e+00 1.562500000000000000e-02 6.250000000000000000e-02 5.000000000000000000e-01 2.133558146134640676e+00 1.292970726872649523e-01
5.000000000000000000e+00 1.000000000000000000e+00 3.125000000000000000e-02 6.250000000000000000e-02 5.000000000000000000e-01 2.097232674604565084e+00 1.690281370061710864e-01
5.000000000000000000e+00 1.000000000000000000e+00 6.250000000000000000e-02 6.250000000000000000e-02 5.000000000000000000e-01 1.898679864720042687e+00 1.379165455365443382e-01
5.000000000000000000e+00 1.000000000000000000e+00 1.250000000000000000e-01 6.250000000000000000e-02 5.000000000000000000e-01 1.435834265672203403e+00 1.274039993266833926e-01
5.000000000000000000e+00 1.000000000000000000e+00 2.500000000000000000e-01 6.250000000000000000e-02 5.000000000000000000e-01 7.810606365914213312e-01 1.508662703385120762e-01
5.000000000000000000e+00 1.000000000000000000e+00 5.000000000000000000e-01 6.250000000000000000e-02 5.000000000000000000e-01 3.301977676154794206e-01 1.446944548743671621e-01
5.000000000000000000e+00 1.000000000000000000e+00 1.000000000000000000e+00 6.250000000000000000e-02 5.000000000000000000e-01 1.052864623982981140e-01 1.140194259922534259e-01
5.000000000000000000e+00 1.000000000000000000e+00 2.000000000000000000e+00 6.250000000000000000e-02 5.000000000000000000e-01 1.438386774259745905e-02 3.133769234082332822e-02
5.000000000000000000e+00 1.000000000000000000e+00 4.000000000000000000e+00 6.250000000000000000e-02 5.000000000000000000e-01 1.036311090575209326e-04 2.945594717977467140e-04
5.000000000000000000e+00 1.000000000000000000e+00 8.000000000000000000e+00 6.250000000000000000e-02 5.000000000000000000e-01 2.315541902128723389e-11 6.934975897467105248e-11
5.000000000000000000e+00 1.000000000000000000e+00 1.600000000000000000e+01 6.250000000000000000e-02 5.000000000000000000e-01 6.208136655398394626e-16 1.381924145745621786e-16
5.000000000000000000e+00 1.000000000000000000e+00 3.200000000000000000e+01 6.250000000000000000e-02 5.000000000000000000e-01 9.239175020127132125e-16 4.282822834258263502e-16
5.000000000000000000e+00 1.000000000000000000e+00 6.400000000000000000e+01 6.250000000000000000e-02 5.000000000000000000e-01 7.970492129115114095e-16 2.615359943650099022e-16
5.000000000000000000e+00 1.000000000000000000e+00 1.280000000000000000e+02 6.250000000000000000e-02 5.000000000000000000e-01 9.315139012945212504e-16 2.978452083102027711e-16
5.000000000000000000e+00 1.000000000000000000e+00 7.812500000000000000e-03 6.250000000000000000e-02 5.999999999999999778e-01 2.218872165584012901e+00 2.945426207088230885e-01
5.000000000000000000e+00 1.000000000000000000e+00 1.562500000000000000e-02 6.250000000000000000e-02 5.999999999999999778e-01 2.144797808630897418e+00 1.371213515992118770e-01
5.000000000000000000e+00 1.000000000000000000e+00 3.125000000000000000e-02 6.250000000000000000e-02 5.999999999999999778e-01 2.104782192783073658e+00 1.698874433218464375e-01
5.000000000000000000e+00 1.000000000000000000e+00 6.250000000000000000e-02 6.250000000000000000e-02 5.999999999999999778e-01 1.901126532848326223e+00 1.364534205944075984e-01
5.000000000000000000e+00 1.000000000000000000e+00 1.250000000000000000e-01 6.250000000000000000e-02 5.999999999999999778e-01 1.444763527219241173e+00 1.297623134472248307e-01
5.000000000000000000e+00 1.000000000000000000e+00 2.500000000000000000e-01 6.250000000000000000e-02 5.999999999999999778e-01 7.849547383812687240e-01 1.509407995717283180e-01
5.000000000000000000e+00 1.000000000000000000e+00 5.000000000000000000e-01 6.250000000000000000e-02 5.999999999999999778e-01 3.316032905977052692e-01 1.455247943211698258e-01
5.000000000000000000e+00 1.000000000000000000e+00 1.000000000000000000e+00 6.250000000000000000e-02 5.999999999999999778e-01 1.050324439093788254e-01 1.142801510038413820e-01
5.000000000000000000e+00 1.000000000000000000e+00 2.000000000000000000e+00 6.250000000000000000e-02 5.999999999999999778e-01 1.435661005197084658e-02 3.090297204708730358e-02
5.000000000000000000e+00 1.000000000000000000e+00 4.000000000000000000e+00 6.250000000000000000e-02 5.999999999999999778e-01 1.039394719808521967e-04 2.953422047418439544e-04
5.000000000000000000e+00 1.000000000000000000e+00 8.000000000000000000e+00 6.250000000000000000e-02 5.999999999999999778e-01 2.304134732527586820e-11 6.901242578808622164e-11
5.000000000000000000e+00 1.000000000000000000e+00 1.600000000000000000e+01 6.250000000000000000e-02 5.999999999999999778e-01 5.472042775739191424e-16 1.340782546730488769e-16
5.000000000000000000e+00 1.000000000000000000e+00 3.200000000000000000e+01 6.250000000000000000e-02 5.999999999999999778e-01 6.512298527556708650e-16 1.595537234995998398e-16
5.000000000000000000e+00 1.000000000000000000e+00 6.400000000000000000e+01 6.250000000000000000e-02 5.999999999999999778e-01 7.113632605213758143e-16 1.516004667665662890e-16
5.000000000000000000e+00 1.000000000000000000e+00 1.280000000000000000e+02 6.250000000000000000e-02 5.999999999999999778e-01 7.499770636306114703e-16 2.099755330916942707e-16
