5.000000000000000000e+00 1.000000000000000000e+00 7.812500000000000000e-03 1.250000000000000000e-01 4.000000000000000222e-01 2.127608845883332656e+00 1.294736918121441593e-01
5.000000000000000000e+00 1.000000000000000000e+00 1.562500000000000000e-02 1.250000000000000000e-01 4.000000000000000222e-01 2.091533554271347572e+00 1.627182565438103634e-01
5.000000000000000000e+00 1.000000000000000000e+00 3.125000000000000000e-02 1.250000000000000000e-01 4.000000000000000222e-01 1.892977666862724062e+00 1.330183364496528853e-01
5.000000000000000000e+00 1.000000000000000000e+00 6.250000000000000000e-02 1.250000000000000000e-01 4.000000000000000222e-01 1.434007402456045410e+00 1.255922189883731388e-01
5.000000000000000000e+00 1.000000000000000000e+00 1.250000000000000000e-01 1.250000000000000000e-01 4.000000000000000222e-01 7.787537332484182340e-01 1.495608757081297313e-01
5.000000000000000000e+00 1.000000000000000000e+00 2.500000000000000000e-01 1.250000000000000000e-01 4.000000000000000222e-01 3.305171978094751384e-01 1.443246674595765888e-01
5.000000000000000000e+00 1.000000000000000000e+00 5.000000000000000000e-01 1.250000000000000000e-01 4.000000000000000222e-01 1.036475002286370295e-01 1.123713973950214162e-01
5.000000000000000000e+00 1.000000000000000000e+00 1.000000000000000000e+00 1.250000000000000000e-01 4.000000000000000222e-01 1.432309799776768436e-02 3.108666225921253093e-02
5.000000000000000000e+00 1.000000000000000000e+00 2.000000000000000000e+00 1.250000000000000000e-01 4.000000000000000222e-01 1.023331566661327011e-04 2.903283835032341768e-04
5.000000000000000000e+00 1.000000000000000000e+00 4.000000000000000000e+00 1.250000000000000000e-01 4.000000000000000222e-01 2.278270538399723032e-11 6.821721679379089210e-11
5.000000000000000000e+00 1.000000000000000000e+00 8.000000000000000000e+00 1.250000000000000000e-01 4.000000000000000222e-01 8.389092288793265461e-16 3.826965853924617121e-16
5.000000000000000000e+00 1.000000000000000000e+00 1.600000000000000000e+01 1.250000000000000000e-01 4.000000000000000222e-01 8.633132199383454246e-16 1.593215499308947842e-16
5.000000000000000000e+00 1.000000000000000000e+00 3.200000000000000000e+01 1.250000000000000000e-01 4.000000000000000222e-01 1.028974726065250523e-15 2.960542222473310347e-16
5.000000000000000000e+00 1.000000000000000000e+00 6.400000000000000000e+01 1.250000000000000000e-01 4.000000000000000222e-01 1.118916886577258172e-15 3.741921501129730953e-16
5.000000000000000000e+00 1.000000000000000000e+00 1.280000000000000000e+02 1.250000000000000000e-01 4.000000000000000222e-01 2.615794149949895000e-15 2.303413295572746435e-15
5.000000000000000000e+00 1.000000000000000000e+00 7.812500000000000000e-03 1.250000000000000000e-01 5.000000000000000000e-01 2.134282647404621258e+00 1.346666412045857963e-01
5.000000000000000000e+00 1.000000000000000000e+00 1.562500000000000000e-02 1.250000000000000000e-01 5.000000000000000000e-01 2.097258041392498384e+00 1.679615031110520407e-01
5.000000000000000000e+00 1.000000000000000000e+00 3.125000000000000000e-02 1.250000000000000000e-01 5.000000000000000000e-01 1.897402647457280711e+00 1.349978203449548886e-01
5.000000000000000000e+00 1.000000000000000000e+00 6.250000000000000000e-02 1.250000000000000000e-01 5.000000000000000000e-01 1.436163757055500589e+00 1.272767248736286216e-01
5.000000000000000000e+00 1.000000000000000000e+00 1.250000000000000000e-01 1.250000000000000000e-01 5.000000000000000000e-01 7.820124175245244391e-01 1.512977205139116321e-01
5.000000000000000000e+00 1.000000000000000000e+00 2.500000000000000000e-01 1.250000000000000000e-01 5.000000000000000000e-01 3.307151522091412721e-01 1.440865696579152755e-01
5.000000000000000000e+00 1.000000000000000000e+00 5.000000000000000000e-01 1.250000000000000000e-01 5.000000000000000000e-01 1.056097905976652040e-01 1.159515976886017624e-01
5.000000000000000000e+00 1.000000000000000000e+00 1.000000000000000000e+00 1.250000000000000000e-01 5.000000000000000000e-01 1.404289210640439177e-02 3.020446443760465421e-02
5.000000000000000000e+00 1.000000000000000000e+00 2.000000000000000000e+00 1.250000000000000000e-01 5.000000000000000000e-01 1.018942998593399651e-04 2.887873818381538537e-04
5.000000000000000000e+00 1.000000000000000000e+00 4.000000000000000000e+00 1.250000000000000000e-01 5.000000000000000000e-01 2.275065118639990358e-11 6.813212213250015436e-11
5.000000000000000000e+00 1.000000000000000000e+00 8.000000000000000000e+00 1.250000000000000000e-01 5.000000000000000000e-01 5.937234762110481953e-16 1.245009139705992179e-16
5.000000000000000000e+00 1.000000000000000000e+00 1.600000000000000000e+01 1.250000000000000000e-01 5.000000000000000000e-01 8.588575599773067027e-16 3.710081586650314211e-16
5.000000000000000000e+00 1.000000000000000000e+00 3.200000000000000000e+01 1.250000000000000000e-01 5.000000000000000000e-01 7.913391754470160260e-16 2.002826847478992409e-16
5.000000000000000000e+00 1.000000000000000000e+00 6.400000000000000000e+01 1.250000000000000000e-01 5.000000000000000000e-01 9.187881746485429619e-16 2.812742935766889345e-16
5.000000000000000000e+00 1.000000000000000000e+00 1.280000000000000000e+02 1.250000000000000000e-01 5.000000000000000000e-01 2.121573830877541867e-15 1.584472753520346404e-15
5.000000000000000000e+00 1.000000000000000000e+00 7.812500000000000000e-03 1.250000000000000000e-01 5.999999999999999778e-01 2.144887897503518825e+00 1.384611411410144877e-01
5.000000000000000000e+00 1.000000000000000000e+00 1.562500000000000000e-02 1.250000000000000000e-01 5.999999999999999778e-01 2.100006116910381415e+00 1.689006609256651081e-01
5.000000000000000000e+00 1.000000000000000000e+00 3.125000000000000000e-02 1.250000000000000000e-01 5.999999999999999778e-01 1.902429145919896980e+00 1.357623580253298767e-01
5.000000000000000000e+00 1.000000000000000000e+00 6.250000000000000000e-02 1.250000000000000000e-01 5.999999999999999778e-01 1.442810608100901337e+00 1.275102107540963259e-01
5.000000000000000000e+00 1.000000000000000000e+00 1.250000000000000000e-01 1.250000000000000000e-01 5.999999999999999778e-01 7.838678860675738491e-01 1.507653496045384678e-01
5.000000000000000000e+00 1.000000000000000000e+00 2.500000000000000000e-01 1.250000000000000000e-01 5.999999999999999778e-01 3.301916424207170797e-01 1.438601688102437715e-01
5.000000000000000000e+00 1.000000000000000000e+00 5.000000000000000000e-01 1.250000000000000000e-01 5.999999999999999778e-01 1.040827060269915172e-01 1.123117074690958145e-01
5.000000000000000000e+00 1.000000000000000000e+00 1.000000000000000000e+00 1.250000000000000000e-01 5.999999999999999778e-01 1.445736481331234488e-02 3.101118450167706861e-02
5.000000000000000000e+00 1.000000000000000000e+00 2.000000000000000000e+00 1.250000000000000000e-01 5.999999999999999778e-01 1.027892230846236716e-04 2.917356919059998859e-04
5.000000000000000000e+00 1.000000000000000000e+00 4.000000000000000000e+00 1.250000000000000000e-01 5.999999999999999778e-01 2.333674301294168082e-11 6.988574067310933152e-11
5.000000000000000000e+00 1.000000000000000000e+00 8.000000000000000000e+00 1.250000000000000000e-01 5.999999999999999778e-01 5.254341899495591248e-16 1.336273714858739654e-16
5.000000000000000000e+00 1.000000000000000000e+00 1.600000000000000000e+01 1.250000000000000000e-01 5.999999999999999778e-01 6.316479887855622303e-16 1.646745562433792774e-16
5.000000000000000000e+00 1.000000000000000000e+00 3.200000000000000000e+01 1.250000000000000000e-01 5.999999999999999778e-01 6.853053757567665248e-16 1.343126799933871939e-16
5.000000000000000000e+00 1.000000000000000000e+00 6.400000000000000000e+01 1.250000000000000000e-01 5.999999999999999778e-01 7.328327392444595124e-16 1.961562159256858785e-16
5.000000000000000000e+00 1.000000000000000000e+00 1.280000000000000000e+02 1.250000000000000000e-01 5.999999999999999778e-01 1.686121596275281199e-15 1.537091049304399319e-15
