5.000000000000000000e+00 1.000000000000000000e+00 7.812500000000000000e-03 8.000000000000000000e+00 6.999999999999999556e-01 1.049752035217770690e-01 1.130321781038970824e-01
5.000000000000000000e+00 1.000000000000000000e+00 1.562500000000000000e-02 8.000000000000000000e+00 6.999999999999999556e-01 1.427512499340291910e-02 3.061919914808383658e-02
5.000000000000000000e+00 1.000000000000000000e+00 3.125000000000000000e-02 8.000000000000000000e+00 6.999999999999999556e-01 1.003741724671408815e-04 2.838092105447818513e-04
5.000000000000000000e+00 1.000000000000000000e+00 6.250000000000000000e-02 8.000000000000000000e+00 6.999999999999999556e-01 2.343330248585904708e-11 7.018627036358799836e-11
5.000000000000000000e+00 1.000000000000000000e+00 1.250000000000000000e-01 8.000000000000000000e+00 6.999999999999999556e-01 4.828452657052516198e-16 1.172582709624264239e-16
5.000000000000000000e+00 1.000000000000000000e+00 2.500000000000000000e-01 8.000000000000000000e+00 6.999999999999999556e-01 5.810092240330825288e-16 2.114355407788847282e-16
5.000000000000000000e+00 1.000000000000000000e+00 5.000000000000000000e-01 8.000000000000000000e+00 6.999999999999999556e-01 5.584603900973103664e-16 1.115682876784977700e-16
5.000000000000000000e+00 1.000000000000000000e+00 1.000000000000000000e+00 8.000000000000000000e+00 6.999999999999999556e-01 6.146816500081725595e-16 1.522929894098710389e-16
5.000000000000000000e+00 1.000000000000000000e+00 2.000000000000000000e+00 8.000000000000000000e+00 6.999999999999999556e-01 1.305303513090356176e-15 1.089298965888972639e-15
5.000000000000000000e+00 1.000000000000000000e+00 4.000000000000000000e+00 8.000000000000000000e+00 6.999999999999999556e-01 2.053851231955881031e-15 1.533466388750641055e-15
5.000000000000000000e+00 1.000000000000000000e+00 8.000000000000000000e+00 8.000000000000000000e+00 6.999999999999999556e-01 3.654017557089105436e-15 2.343107060098675517e-15
5.000000000000000000e+00 1.000000000000000000e+00 1.600000000000000000e+01 8.000000000000000000e+00 6.999999999999999556e-01 7.354814017071408477e-15 7.609165886548659878e-15
5.000000000000000000e+00 1.000000000000000000e+00 3.200000000000000000e+01 8.000000000000000000e+00 6.999999999999999556e-01 1.309794504620838884e-14 1.129115073879703715e-14
5.000000000000000000e+00 1.000000000000000000e+00 6.400000000000000000e+01 8.000000000000000000e+00 6.999999999999999556e-01 2.721113374871698813e-14 2.694683559186073816e-14
5.000000000000000000e+00 1.000000000000000000e+00 1.280000000000000000e+02 8.000000000000000000e+00 6.999999999999999556e-01 5.007174818042852729e-14 4.174665793573785809e-14
5.000000000000000000e+00 1.000000000000000000e+00 7.812500000000000000e-03 8.000000000000000000e+00 8.000000000000000444e-01 1.042638981197829828e-01 1.148353646318671095e-01
5.000000000000000000e+00 1.000000000000000000e+00 1.562500000000000000e-02 8.000000000000000000e+00 8.000000000000000444e-01 1.464931589770322728e-02 3.182684243603277341e-02
5.000000000000000000e+00 1.000000000000000000e+00 3.125000000000000000e-02 8.000000000000000000e+00 8.000000000000000444e-01 1.014943113625457055e-04 2.874511894049334515e-04
5.000000000000000000e+00 1.000000000000000000e+00 6.250000000000000000e-02 8.000000000000000000e+00 8.000000000000000444e-01 2.300873279283759357e-11 6.893695837994994188e-11
5.000000000000000000e+00 1.000000000000000000e+00 1.250000000000000000e-01 8.000000000000000000e+00 8.000000000000000444e-01 3.760969221629910774e-16 4.542241124788938166e-17
5.000000000000000000e+00 1.000000000000000000e+00 2.500000000000000000e-01 8.000000000000000000e+00 8.000000000000000444e-01 4.400321437297350821e-16 8.178687345556295703e-17
5.000000000000000000e+00 1.000000000000000000e+00 5.000000000000000000e-01 8.000000000000000000e+00 8.000000000000000444e-01 4.365226080010927944e-16 6.570737989980301967e-17
5.000000000000000000e+00 1.000000000000000000e+00 1.000000000000000000e+00 8.000000000000000000e+00 8.000000000000000444e-01 4.651436878309029196e-16 8.941016760045592834e-17
5.000000000000000000e+00 1.000000000000000000e+00 2.000000000000000000e+00 8.000000000000000000e+00 8.000000000000000444e-01 9.184325956018524966e-16 7.372237475142200977e-16
5.000000000000000000e+00 1.000000000000000000e+00 4.000000000000000000e+00 8.000000000000000000e+00 8.000000000000000444e-01 1.343402716205511402e-15 1.016456278833057028e-15
5.000000000000000000e+00 1.000000000000000000e+00 8.000000000000000000e+00 8.000000000000000000e+00 8.000000000000000444e-01 2.475245333552706273e-15 1.760095926290500995e-15
5.000000000000000000e+00 1.000000000000000000e+00 1.600000000000000000e+01 8.000000000000000000e+00 8.000000000000000444e-01 4.982760216977061832e-15 5.054000175504986599e-15
5.000000000000000000e+00 1.000000000000000000e+00 3.200000000000000000e+01 8.000000000000000000e+00 8.000000000000000444e-01 8.795132284456049816e-15 7.561357382140354708e-15
5.000000000000000000e+00 1.000000000000000000e+00 6.400000000000000000e+01 8.000000000000000000e+00 8.000000000000000444e-01 1.819413823021259543e-14 1.808058560660243980e-14
5.000000000000000000e+00 1.000000000000000000e+00 1.280000000000000000e+02 8.000000000000000000e+00 8.000000000000000444e-01 3.360989346070275369e-14 2.822907603510096147e-14
5.000000000000000000e+00 1.000000000000000000e+00 7.812500000000000000e-03 8.000000000000000000e+00 9.000000000000000222e-01 1.043988094010967205e-01 1.126774709683166648e-01
5.000000000000000000e+00 1.000000000000000000e+00 1.562500000000000000e-02 8.000000000000000000e+00 9.000000000000000222e-01 1.426313373427620657e-02 3.078692812178621813e-02
5.000000000000000000e+00 1.000000000000000000e+00 3.125000000000000000e-02 8.000000000000000000e+00 9.000000000000000222e-01 9.948976800536328037e-05 2.818014520138721678e-04
5.000000000000000000e+00 1.000000000000000000e+00 6.250000000000000000e-02 8.000000000000000000e+00 9.000000000000000222e-01 2.291382165857333521e-11 6.863621300647542806e-11
5.000000000000000000e+00 1.000000000000000000e+00 1.250000000000000000e-01 8.000000000000000000e+00 9.000000000000000222e-01 3.219717502660065736e-16 2.118682061937200875e-17
5.000000000000000000e+00 1.000000000000000000e+00 2.500000000000000000e-01 8.000000000000000000e+00 9.000000000000000222e-01 3.680843645640017157e-16 6.026149460690327112e-17
5.000000000000000000e+00 1.000000000000000000e+00 5.000000000000000000e-01 8.000000000000000000e+00 9.000000000000000222e-01 3.473436107170492016e-16 2.890902930711569042e-17
5.000000000000000000e+00 1.000000000000000000e+00 1.000000000000000000e+00 8.000000000000000000e+00 9.000000000000000222e-01 3.493675958341123672e-16 3.252063747280149223e-17
5.000000000000000000e+00 1.000000000000000000e+00 2.000000000000000000e+00 8.000000000000000000e+00 9.000000000000000222e-01 5.516001506548383701e-16 3.316963256233358160e-16
5.000000000000000000e+00 1.000000000000000000e+00 4.000000000000000000e+00 8.000000000000000000e+00 9.000000000000000222e-01 7.293753079628564330e-16 4.668719059154870667e-16
5.000000000000000000e+00 1.000000000000000000e+00 8.000000000000000000e+00 8.000000000000000000e+00 9.000000000000000222e-01 1.315010184000610273e-15 8.587264104704791173e-16
5.000000000000000000e+00 1.000000000000000000e+00 1.600000000000000000e+01 8.000000000000000000e+00 9.000000000000000222e-01 2.441921156917716756e-15 2.520309560751020634e-15
5.000000000000000000e+00 1.000000000000000000e+00 3.200000000000000000e+01 8.000000000000000000e+00 9.000000000000000222e-01 4.681142411016531424e-15 4.124690761080131462e-15
5.000000000000000000e+00 1.000000000000000000e+00 6.400000000000000000e+01 8.000000000000000000e+00 9.000000000000000222e-01 9.061958270952829342e-15 8.943591142645476243e-15
5.000000000000000000e+00 1.000000000000000000e+00 1.280000000000000000e+02 8.000000000000000000e+00 9.000000000000000222e-01 1.684498448653616641e-14 1.427701080169420688e-14
