5.000000000000000000e+00 1.000000000000000000e+00 7.812500000000000000e-03 1.000000000000000000e+00 0.000000000000000000e+00 1.424529032762131830e+00 1.236607233749499601e-01
5.000000000000000000e+00 1.000000000000000000e+00 1.562500000000000000e-02 1.000000000000000000e+00 0.000000000000000000e+00 7.776142066340095971e-01 1.491793667306300641e-01
5.000000000000000000e+00 1.000000000000000000e+00 3.125000000000000000e-02 1.000000000000000000e+00 0.000000000000000000e+00 3.293486380855983331e-01 1.437616199988244470e-01
5.000000000000000000e+00 1.000000000000000000e+00 6.250000000000000000e-02 1.000000000000000000e+00 0.000000000000000000e+00 1.033779677637017558e-01 1.120626173995895730e-01
5.000000000000000000e+00 1.000000000000000000e+00 1.250000000000000000e-01 1.000000000000000000e+00 0.000000000000000000e+00 1.423380427471341615e-02 3.066024761426586545e-02
5.000000000000000000e+00 1.000000000000000000e+00 2.500000000000000000e-01 1.000000000000000000e+00 0.000000000000000000e+00 1.004743741753371181e-04 2.848683157041327282e-04
5.000000000000000000e+00 1.000000000000000000e+00 5.000000000000000000e-01 1.000000000000000000e+00 0.000000000000000000e+00 2.339192482865711242e-11 7.000888825235744090e-11
5.000000000000000000e+00 1.000000000000000000e+00 1.000000000000000000e+00 1.000000000000000000e+00 0.000000000000000000e+00 1.006714711169963043e-15 3.869527334218001469e-16
5.000000000000000000e+00 1.000000000000000000e+00 2.000000000000000000e+00 1.000000000000000000e+00 0.000000000000000000e+00 1.300763546818881137e-15 4.835541582563935393e-16
5.000000000000000000e+00 1.000000000000000000e+00 4.000000000000000000e+00 1.000000000000000000e+00 0.000000000000000000e+00 1.508110029179251523e-15 4.928781237547976318e-16
5.000000000000000000e+00 1.000000000000000000e+00 8.000000000000000000e+00 1.000000000000000000e+00 0.000000000000000000e+00 1.528862748743786789e-15 4.029755837328943884e-16
5.000000000000000000e+00 1.000000000000000000e+00 1.600000000000000000e+01 1.000000000000000000e+00 0.000000000000000000e+00 3.992093992298445469e-15 3.658850356293066696e-15
5.000000000000000000e+00 1.000000000000000000e+00 3.200000000000000000e+01 1.000000000000000000e+00 0.000000000000000000e+00 6.338085674171831339e-15 5.377060824123501086e-15
5.000000000000000000e+00 1.000000000000000000e+00 6.400000000000000000e+01 1.000000000000000000e+00 0.000000000000000000e+00 1.210264331328268291e-14 8.270634533502608708e-15
5.000000000000000000e+00 1.000000000000000000e+00 1.280000000000000000e+02 1.000000000000000000e+00 0.000000000000000000e+00 2.431691716352221704e-14 2.504943040929950531e-14
5.000000000000000000e+00 1.000000000000000000e+00 7.812500000000000000e-03 1.000000000000000000e+00 1.000000000000000056e-01 1.428686349448767601e+00 1.263445954976776253e-01
5.000000000000000000e+00 1.000000000000000000e+00 1.562500000000000000e-02 1.000000000000000000e+00 1.000000000000000056e-01 7.742339346676637701e-01 1.485993311744458478e-01
5.000000000000000000e+00 1.000000000000000000e+00 3.125000000000000000e-02 1.000000000000000000e+00 1.000000000000000056e-01 3.289033327788175587e-01 1.419106161262052301e-01
5.000000000000000000e+00 1.000000000000000000e+00 6.250000000000000000e-02 1.000000000000000000e+00 1.000000000000000056e-01 1.034548952817923723e-01 1.117031969654068008e-01
5.000000000000000000e+00 1.000000000000000000e+00 1.250000000000000000e-01 1.000000000000000000e+00 1.000000000000000056e-01 1.413320710071440910e-02 3.037461521516794313e-02
5.000000000000000000e+00 1.000000000000000000e+00 2.500000000000000000e-01 1.000000000000000000e+00 1.000000000000000056e-01 9.945681808975025801e-05 2.818336928929311247e-04
5.000000000000000000e+00 1.000000000000000000e+00 5.000000000000000000e-01 1.000000000000000000e+00 1.000000000000000056e-01 2.311944160764556659e-11 6.922787316001778865e-11
5.000000000000000000e+00 1.000000000000000000e+00 1.000000000000000000e+00 1.000000000000000000e+00 1.000000000000000056e-01 1.008184710376634427e-15 3.382106187395956290e-16
5.000000000000000000e+00 1.000000000000000000e+00 2.000000000000000000e+00 1.000000000000000000e+00 1.000000000000000056e-01 1.350430598451268459e-15 4.516271019701062870e-16
5.000000000000000000e+00 1.000000000000000000e+00 4.000000000000000000e+00 1.000000000000000000e+00 1.000000000000000056e-01 1.281242296706391601e-15 6.125231360705583709e-16
5.000000000000000000e+00 1.000000000000000000e+00 8.000000000000000000e+00 1.000000000000000000e+00 1.000000000000000056e-01 1.359848137310163324e-15 4.300553418573927048e-16
5.000000000000000000e+00 1.000000000000000000e+00 1.600000000000000000e+01 1.000000000000000000e+00 1.000000000000000056e-01 3.780273505923307606e-15 3.343191939083046468e-15
5.000000000000000000e+00 1.000000000000000000e+00 3.200000000000000000e+01 1.000000000000000000e+00 1.000000000000000056e-01 5.755022502200400220e-15 4.496111087520398174e-15
5.000000000000000000e+00 1.000000000000000000e+00 6.400000000000000000e+01 1.000000000000000000e+00 1.000000000000000056e-01 1.116770793865745553e-14 7.690875865999175170e-15
5.000000000000000000e+00 1.000000000000000000e+00 1.280000000000000000e+02 1.000000000000000000e+00 1.000000000000000056e-01 2.129357120434525491e-14 2.341616490616929199e-14
5.000000000000000000e+00 1.000000000000000000e+00 7.812500000000000000e-03 1.000000000000000000e+00 2.000000000000000111e-01 1.428483727590069030e+00 1.288532144309078309e-01
5.000000000000000000e+00 1.000000000000000000e+00 1.562500000000000000e-02 1.000000000000000000e+00 2.000000000000000111e-01 7.754123181982112145e-01 1.461577516327956794e-01
5.000000000000000000e+00 1.000000000000000000e+00 3.125000000000000000e-02 1.000000000000000000e+00 2.000000000000000111e-01 3.295193518893584361e-01 1.420521293443769428e-01
5.000000000000000000e+00 1.000000000000000000e+00 6.250000000000000000e-02 1.000000000000000000e+00 2.000000000000000111e-01 1.042512968594028200e-01 1.126430405249627814e-01
5.000000000000000000e+00 1.000000000000000000e+00 1.250000000000000000e-01 1.000000000000000000e+00 2.000000000000000111e-01 1.404707362394874183e-02 3.018167730785959249e-02
5.000000000000000000e+00 1.000000000000000000e+00 2.500000000000000000e-01 1.000000000000000000e+00 2.000000000000000111e-01 1.005306425797522268e-04 2.859881856775879833e-04
5.000000000000000000e+00 1.000000000000000000e+00 5.000000000000000000e-01 1.000000000000000000e+00 2.000000000000000111e-01 2.330278558899777265e-11 6.976146460912787235e-11
5.000000000000000000e+00 1.000000000000000000e+00 1.000000000000000000e+00 1.000000000000000000e+00 2.000000000000000111e-01 9.528004293238710085e-16 3.167249908762841333e-16
5.000000000000000000e+00 1.000000000000000000e+00 2.000000000000000000e+00 1.000000000000000000e+00 2.000000000000000111e-01 1.440570208184382608e-15 1.068747731681242327e-15
5.000000000000000000e+00 1.000000000000000000e+00 4.000000000000000000e+00 1.000000000000000000e+00 2.000000000000000111e-01 1.211398729764559290e-15 3.694121293400918525e-16
5.000000000000000000e+00 1.000000000000000000e+00 8.000000000000000000e+00 1.000000000000000000e+00 2.000000000000000111e-01 1.298819057691838393e-15 3.205225717652004821e-16
5.000000000000000000e+00 1.000000000000000000e+00 1.600000000000000000e+01 1.000000000000000000e+00 2.000000000000000111e-01 3.166510732609563827e-15 2.821125586280982075e-15
5.000000000000000000e+00 1.000000000000000000e+00 3.200000000000000000e+01 1.000000000000000000e+00 2.000000000000000111e-01 5.366728636643160769e-15 4.628939275011858125e-15
5.000000000000000000e+00 1.000000000000000000e+00 6.400000000000000000e+01 1.000000000000000000e+00 2.000000000000000111e-01 1.003588591509218058e-14 7.057961594284629100e-15
5.000000000000000000e+00 1.000000000000000000e+00 1.280000000000000000e+02 1.000000000000000000e+00 2.000000000000000111e-01 1.949084271172298789e-14 1.965968941755136064e-14
5.000000000000000000e+00 1.000000000000000000e+00 7.812500000000000000e-03 1.000000000000000000e+00 2.999999999999999889e-01 1.430781267624835928e+00 1.278832073496365407e-01
5.000000000000000000e+00 1.000000000000000000e+00 1.562500000000000000e-02 1.000000000000000000e+00 2.999999999999999889e-01 7.772514238296536204e-01 1.492839733820847947e-01
5.000000000000000000e+00 1.000000000000000000e+00 3.125000000000000000e-02 1.000000000000000000e+00 2.999999999999999889e-01 3.305003900245364057e-01 1.433215720924132797e-01
5.000000000000000000e+00 1.000000000000000000e+00 6.250000000000000000e-02 1.000000000000000000e+00 2.999999999999999889e-01 1.043418563814934030e-01 1.125653478986630568e-01
5.000000000000000000e+00 1.000000000000000000e+00 1.250000000000000000e-01 1.000000000000000000e+00 2.999999999999999889e-01 1.441234973848048648e-02 3.122583403646613312e-02
5.000000000000000000e+00 1.000000000000000000e+00 2.500000000000000000e-01 1.000000000000000000e+00 2.999999999999999889e-01 1.006144169857880577e-04 2.853385507468538277e-04
5.000000000000000000e+00 1.000000000000000000e+00 5.000000000000000000e-01 1.000000000000000000e+00 2.999999999999999889e-01 2.326373176096299591e-11 6.965761694886924820e-11
5.000000000000000000e+00 1.000000000000000000e+00 1.000000000000000000e+00 1.000000000000000000e+00 2.999999999999999889e-01 7.952984646722283983e-16 2.572741244795872621e-16
5.000000000000000000e+00 1.000000000000000000e+00 2.000000000000000000e+00 1.000000000000000000e+00 2.999999999999999889e-01 1.149663664469063833e-15 6.646744918070348908e-16
5.000000000000000000e+00 1.000000000000000000e+00 4.000000000000000000e+00 1.000000000000000000e+00 2.999999999999999889e-01 1.183852893240683760e-15 3.788117089251494796e-16
5.000000000000000000e+00 1.000000000000000000e+00 8.000000000000000000e+00 1.000000000000000000e+00 2.999999999999999889e-01 1.177252960509164561e-15 4.307575193542419884e-16
5.000000000000000000e+00 1.000000000000000000e+00 1.600000000000000000e+01 1.000000000000000000e+00 2.999999999999999889e-01 2.985142517205238344e-15 2.462631352915261997e-15
5.000000000000000000e+00 1.000000000000000000e+00 3.200000000000000000e+01 1.000000000000000000e+00 2.999999999999999889e-01 4.615193033752842665e-15 3.953665908670365632e-15
5.000000000000000000e+00 1.000000000000000000e+00 6.400000000000000000e+01 1.000000000000000000e+00 2.999999999999999889e-01 8.482128279000315181e-15 6.084065007243340148e-15
5.000000000000000000e+00 1.000000000000000000e+00 1.280000000000000000e+02 1.000000000000000000e+00 2.999999999999999889e-01 1.692093540489648886e-14 1.770108416069142724e-14
