5.000000000000000000e+00 1.000000000000000000e+00 7.812500000000000000e-03 6.250000000000000000e-02 6.999999999999999556e-01 2.223947045410787915e+00 3.014344819201417724e-01
5.000000000000000000e+00 1.000000000000000000e+00 1.562500000000000000e-02 6.250000000000000000e-02 6.999999999999999556e-01 2.151305751502714525e+00 1.354451001221126938e-01
5.000000000000000000e+00 1.000000000000000000e+00 3.125000000000000000e-02 6.250000000000000000e-02 6.999999999999999556e-01 2.108838798504109935e+00 1.723804844734699859e-01
5.000000000000000000e+00 1.000000000000000000e+00 6.250000000000000000e-02 6.250000000000000000e-02 6.999999999999999556e-01 1.907857026473652073e+00 1.396916827941751260e-01
5.000000000000000000e+00 1.000000000000000000e+00 1.250000000000000000e-01 6.250000000000000000e-02 6.999999999999999556e-01 1.446827887260974554e+00 1.298447286007758938e-01
5.000000000000000000e+00 1.000000000000000000e+00 2.500000000000000000e-01 6.250000000000000000e-02 6.999999999999999556e-01 7.881652485311502199e-01 1.526666642511077809e-01
5.000000000000000000e+00 1.000000000000000000e+00 5.000000000000000000e-01 6.250000000000000000e-02 6.999999999999999556e-01 3.315176637336353371e-01 1.448131119209083995e-01
5.000000000000000000e+00 1.000000000000000000e+00 1.000000000000000000e+00 6.250000000000000000e-02 6.999999999999999556e-01 1.053206155779280728e-01 1.152726442900249421e-01
5.000000000000000000e+00 1.000000000000000000e+00 2.000000000000000000e+00 6.250000000000000000e-02 6.999999999999999556e-01 1.429628008505275452e-02 3.082154012060500659e-02
5.000000000000000000e+00 1.000000000000000000e+00 4.000000000000000000e+00 6.250000000000000000e-02 6.999999999999999556e-01 9.958365803963277843e-05 2.816972284209595255e-04
5.000000000000000000e+00 1.000000000000000000e+00 8.000000000000000000e+00 6.250000000000000000e-02 6.999999999999999556e-01 2.312875551846873045e-11 6.926505032263076911e-11
5.000000000000000000e+00 1.000000000000000000e+00 1.600000000000000000e+01 6.250000000000000000e-02 6.999999999999999556e-01 4.782223579129929197e-16 1.285839132263777933e-16
5.000000000000000000e+00 1.000000000000000000e+00 3.200000000000000000e+01 6.250000000000000000e-02 6.999999999999999556e-01 6.019354813856465065e-16 1.832158579536393975e-16
5.000000000000000000e+00 1.000000000000000000e+00 6.400000000000000000e+01 6.250000000000000000e-02 6.999999999999999556e-01 5.420868365055806551e-16 1.061026651846725739e-16
5.000000000000000000e+00 1.000000000000000000e+00 1.280000000000000000e+02 6.250000000000000000e-02 6.999999999999999556e-01 6.169260047309151845e-16 1.385688324859582903e-16
5.000000000000000000e+00 1.000000000000000000e+00 7.812500000000000000e-03 6.250000000000000000e-02 8.000000000000000444e-01 2.222280598968352727e+00 3.012201372415704292e-01
5.000000000000000000e+00 1.000000000000000000e+00 1.562500000000000000e-02 6.250000000000000000e-02 8.000000000000000444e-01 2.160937503145123451e+00 1.361047806783159397e-01
5.000000000000000000e+00 1.000000000000000000e+00 3.125000000000000000e-02 6.250000000000000000e-02 8.000000000000000444e-01 2.118017151084627958e+00 1.733510932539889526e-01
5.000000000000000000e+00 1.000000000000000000e+00 6.250000000000000000e-02 6.250000000000000000e-02 8.000000000000000444e-01 1.914731055984776775e+00 1.401551163707470127e-01
5.000000000000000000e+00 1.000000000000000000e+00 1.250000000000000000e-01 6.250000000000000000e-02 8.000000000000000444e-01 1.452004296555156504e+00 1.335091221636954262e-01
5.000000000000000000e+00 1.000000000000000000e+00 2.500000000000000000e-01 6.250000000000000000e-02 8.000000000000000444e-01 7.910374718362693791e-01 1.534860545652547703e-01
5.000000000000000000e+00 1.000000000000000000e+00 5.000000000000000000e-01 6.250000000000000000e-02 8.000000000000000444e-01 3.334616912432470381e-01 1.468764639942281292e-01
5.000000000000000000e+00 1.000000000000000000e+00 1.000000000000000000e+00 6.250000000000000000e-02 8.000000000000000444e-01 1.040806022780259299e-01 1.129047890689995892e-01
5.000000000000000000e+00 1.000000000000000000e+00 2.000000000000000000e+00 6.250000000000000000e-02 8.000000000000000444e-01 1.422681324911459488e-02 3.066607240426916237e-02
5.000000000000000000e+00 1.000000000000000000e+00 4.000000000000000000e+00 6.250000000000000000e-02 8.000000000000000444e-01 1.023834207256207093e-04 2.904170338972340403e-04
5.000000000000000000e+00 1.000000000000000000e+00 8.000000000000000000e+00 6.250000000000000000e-02 8.000000000000000444e-01 2.286946295751727146e-11 6.851639235250613064e-11
5.000000000000000000e+00 1.000000000000000000e+00 1.600000000000000000e+01 6.250000000000000000e-02 8.000000000000000444e-01 3.700015575449828829e-16 4.706594810844990993e-17
5.000000000000000000e+00 1.000000000000000000e+00 3.200000000000000000e+01 6.250000000000000000e-02 8.000000000000000444e-01 4.532215999759269277e-16 9.370638491568795976e-17
5.000000000000000000e+00 1.000000000000000000e+00 6.400000000000000000e+01 6.250000000000000000e-02 8.000000000000000444e-01 4.260272090062642281e-16 5.237271004575456107e-17
5.000000000000000000e+00 1.000000000000000000e+00 1.280000000000000000e+02 6.250000000000000000e-02 8.000000000000000444e-01 4.620284085538746109e-16 7.679025823369847709e-17
5.000000000000000000e+00 1.000000000000000000e+00 7.812500000000000000e-03 6.250000000000000000e-02 9.000000000000000222e-01 2.236849475696855105e+00 3.021902305251546461e-01
5.000000000000000000e+00 1.000000000000000000e+00 1.562500000000000000e-02 6.250000000000000000e-02 9.000000000000000222e-01 2.169286253659830521e+00 1.425753724132308997e-01
5.000000000000000000e+00 1.000000000000000000e+00 3.125000000000000000e-02 6.250000000000000000e-02 9.000000000000000222e-01 2.127416404880142942e+00 1.781139502565375621e-01
5.000000000000000000e+00 1.000000000000000000e+00 6.250000000000000000e-02 6.250000000000000000e-02 9.000000000000000222e-01 1.919729235041565563e+00 1.431197095556200616e-01
5.000000000000000000e+00 1.000000000000000000e+00 1.250000000000000000e-01 6.250000000000000000e-02 9.000000000000000222e-01 1.460336755828006705e+00 1.361087602409855046e-01
5.000000000000000000e+00 1.000000000000000000e+00 2.500000000000000000e-01 6.250000000000000000e-02 9.000000000000000222e-01 7.921974364881261277e-01 1.539072175039051527e-01
5.000000000000000000e+00 1.000000000000000000e+00 5.000000000000000000e-01 6.250000000000000000e-02 9.000000000000000222e-01 3.309237325328331369e-01 1.429684386322938594e-01
5.000000000000000000e+00 1.000000000000000000e+00 1.000000000000000000e+00 6.250000000000000000e-02 9.000000000000000222e-01 1.048935305643269728e-01 1.134771619191337066e-01
5.000000000000000000e+00 1.000000000000000000e+00 2.000000000000000000e+00 6.250000000000000000e-02 9.000000000000000222e-01 1.397737032814855805e-02 2.995177048079358112e-02
5.000000000000000000e+00 1.000000000000000000e+00 4.000000000000000000e+00 6.250000000000000000e-02 9.000000000000000222e-01 1.003027840761104106e-04 2.845059604516862284e-04
5.000000000000000000e+00 1.000000000000000000e+00 8.000000000000000000e+00 6.250000000000000000e-02 9.000000000000000222e-01 2.314762915589201589e-11 6.934370662596697379e-11
5.000000000000000000e+00 1.000000000000000000e+00 1.600000000000000000e+01 6.250000000000000000e-02 9.000000000000000222e-01 3.240794909840025372e-16 2.549310808082464022e-17
5.000000000000000000e+00 1.000000000000000000e+00 3.200000000000000000e+01 6.250000000000000000e-02 9.000000000000000222e-01 3.623985035297765657e-16 5.090983391874914064e-17
5.000000000000000000e+00 1.000000000000000000e+00 6.400000000000000000e+01 6.250000000000000000e-02 9.000000000000000222e-01 3.468557694175901095e-16 3.078271253088862795e-17
5.000000000000000000e+00 1.000000000000000000e+00 1.280000000000000000e+02 6.250000000000000000e-02 9.000000000000000222e-01 3.515369289646286896e-16 3.803924128937661961e-17
