5.000000000000000000e+00 1.000000000000000000e+00 7.812500000000000000e-03 5.000000000000000000e-01 0.000000000000000000e+00 1.883121421281922281e+00 1.311529900674724414e-01
5.000000000000000000e+00 1.000000000000000000e+00 1.562500000000000000e-02 5.000000000000000000e-01 0.000000000000000000e+00 1.426682278159986383e+00 1.265345762903070659e-01
5.000000000000000000e+00 1.000000000000000000e+00 3.125000000000000000e-02 5.000000000000000000e-01 0.000000000000000000e+00 7.755512473222060388e-01 1.482861198897472976e-01
5.000000000000000000e+00 1.000000000000000000e+00 6.250000000000000000e-02 5.000000000000000000e-01 0.000000000000000000e+00 3.283088701778287821e-01 1.420319172350771320e-01
5.000000000000000000e+00 1.000000000000000000e+00 1.250000000000000000e-01 5.000000000000000000e-01 0.000000000000000000e+00 1.047497683697965892e-01 1.139198938225047392e-01
5.000000000000000000e+00 1.000000000000000000e+00 2.500000000000000000e-01 5.000000000000000000e-01 0.000000000000000000e+00 1.426984169901756097e-02 3.061511801802624042e-02
5.000000000000000000e+00 1.000000000000000000e+00 5.000000000000000000e-01 5.000000000000000000e-01 0.000000000000000000e+00 9.981644987168624371e-05 2.821113593400464167e-04
5.000000000000000000e+00 1.000000000000000000e+00 1.000000000000000000e+00 5.000000000000000000e-01 0.000000000000000000e+00 2.327577983453248300e-11 6.965381011737654324e-11
5.000000000000000000e+00 1.000000000000000000e+00 2.000000000000000000e+00 5.000000000000000000e-01 0.000000000000000000e+00 9.787432984634585057e-16 3.262556520574817148e-16
5.000000000000000000e+00 1.000000000000000000e+00 4.000000000000000000e+00 5.000000000000000000e-01 0.000000000000000000e+00 1.358774376424765024e-15 5.721404700123609360e-16
5.000000000000000000e+00 1.000000000000000000e+00 8.000000000000000000e+00 5.000000000000000000e-01 0.000000000000000000e+00 1.509012456946469706e-15 6.061941525693243441e-16
5.000000000000000000e+00 1.000000000000000000e+00 1.600000000000000000e+01 5.000000000000000000e-01 0.000000000000000000e+00 1.546474937895060713e-15 4.372406136747537819e-16
5.000000000000000000e+00 1.000000000000000000e+00 3.200000000000000000e+01 5.000000000000000000e-01 0.000000000000000000e+00 4.118696078067373974e-15 3.532573660527502080e-15
5.000000000000000000e+00 1.000000000000000000e+00 6.400000000000000000e+01 5.000000000000000000e-01 0.000000000000000000e+00 6.434848632956637537e-15 5.416669237428223378e-15
5.000000000000000000e+00 1.000000000000000000e+00 1.280000000000000000e+02 5.000000000000000000e-01 0.000000000000000000e+00 1.201515352288917680e-14 8.207301496568778882e-15
5.000000000000000000e+00 1.000000000000000000e+00 7.812500000000000000e-03 5.000000000000000000e-01 1.000000000000000056e-01 1.881999390574607300e+00 1.324852737253516544e-01
5.000000000000000000e+00 1.000000000000000000e+00 1.562500000000000000e-02 5.000000000000000000e-01 1.000000000000000056e-01 1.427876194558214129e+00 1.232142509032816552e-01
5.000000000000000000e+00 1.000000000000000000e+00 3.125000000000000000e-02 5.000000000000000000e-01 1.000000000000000056e-01 7.746312434250544054e-01 1.501643782355650547e-01
5.000000000000000000e+00 1.000000000000000000e+00 6.250000000000000000e-02 5.000000000000000000e-01 1.000000000000000056e-01 3.305781776261141336e-01 1.453411697968139127e-01
5.000000000000000000e+00 1.000000000000000000e+00 1.250000000000000000e-01 5.000000000000000000e-01 1.000000000000000056e-01 1.045519315493831092e-01 1.144384473412793368e-01
5.000000000000000000e+00 1.000000000000000000e+00 2.500000000000000000e-01 5.000000000000000000e-01 1.000000000000000056e-01 1.436436938438673781e-02 3.122980373019062367e-02
5.000000000000000000e+00 1.000000000000000000e+00 5.000000000000000000e-01 5.000000000000000000e-01 1.000000000000000056e-01 1.026938908107121156e-04 2.920772723256923400e-04
5.000000000000000000e+00 1.000000000000000000e+00 1.000000000000000000e+00 5.000000000000000000e-01 1.000000000000000056e-01 2.292603536781926295e-11 6.864663229384111164e-11
5.000000000000000000e+00 1.000000000000000000e+00 2.000000000000000000e+00 5.000000000000000000e-01 1.000000000000000056e-01 1.040745975251918130e-15 3.578568399179025436e-16
5.000000000000000000e+00 1.000000000000000000e+00 4.000000000000000000e+00 5.000000000000000000e-01 1.000000000000000056e-01 1.354256558233474063e-15 5.412304146050551559e-16
5.000000000000000000e+00 1.000000000000000000e+00 8.000000000000000000e+00 5.000000000000000000e-01 1.000000000000000056e-01 1.339570273969993923e-15 5.803924992706314281e-16
5.000000000000000000e+00 1.000000000000000000e+00 1.600000000000000000e+01 5.000000000000000000e-01 1.000000000000000056e-01 1.405657330084914699e-15 4.924970184909708758e-16
5.000000000000000000e+00 1.000000000000000000e+00 3.200000000000000000e+01 5.000000000000000000e-01 1.000000000000000056e-01 3.730157314664554593e-15 3.260316816351304409e-15
5.000000000000000000e+00 1.000000000000000000e+00 6.400000000000000000e+01 5.000000000000000000e-01 1.000000000000000056e-01 5.981621388229140688e-15 4.754262287256637250e-15
5.000000000000000000e+00 1.000000000000000000e+00 1.280000000000000000e+02 5.000000000000000000e-01 1.000000000000000056e-01 1.104212201023696837e-14 7.605326925404169562e-15
5.000000000000000000e+00 1.000000000000000000e+00 7.812500000000000000e-03 5.000000000000000000e-01 2.000000000000000111e-01 1.886729355433067967e+00 1.309032625401909955e-01
5.000000000000000000e+00 1.000000000000000000e+00 1.562500000000000000e-02 5.000000000000000000e-01 2.000000000000000111e-01 1.426669423692367156e+00 1.263947474924580205e-01
5.000000000000000000e+00 1.000000000000000000e+00 3.125000000000000000e-02 5.000000000000000000e-01 2.000000000000000111e-01 7.771757318661022262e-01 1.501884337735813757e-01
5.000000000000000000e+00 1.000000000000000000e+00 6.250000000000000000e-02 5.000000000000000000e-01 2.000000000000000111e-01 3.289964759835943831e-01 1.438274042352959969e-01
5.000000000000000000e+00 1.000000000000000000e+00 1.250000000000000000e-01 5.000000000000000000e-01 2.000000000000000111e-01 1.036046001993770893e-01 1.133260395880152926e-01
5.000000000000000000e+00 1.000000000000000000e+00 2.500000000000000000e-01 5.000000000000000000e-01 2.000000000000000111e-01 1.415723020655381727e-02 3.047548771869849557e-02
5.000000000000000000e+00 1.000000000000000000e+00 5.000000000000000000e-01 5.000000000000000000e-01 2.000000000000000111e-01 1.026845716289989587e-04 2.910385412362969109e-04
5.000000000000000000e+00 1.000000000000000000e+00 1.000000000000000000e+00 5.000000000000000000e-01 2.000000000000000111e-01 2.309476321271046160e-11 6.916509595138530769e-11
5.000000000000000000e+00 1.000000000000000000e+00 2.000000000000000000e+00 5.000000000000000000e-01 2.000000000000000111e-01 9.459380653329670427e-16 2.781532592182382004e-16
5.000000000000000000e+00 1.000000000000000000e+00 4.000000000000000000e+00 5.000000000000000000e-01 2.000000000000000111e-01 1.444595497792404377e-15 1.053293676205845021e-15
5.000000000000000000e+00 1.000000000000000000e+00 8.000000000000000000e+00 5.000000000000000000e-01 2.000000000000000111e-01 1.268312853548823679e-15 4.627505494978700906e-16
5.000000000000000000e+00 1.000000000000000000e+00 1.600000000000000000e+01 5.000000000000000000e-01 2.000000000000000111e-01 1.264315884109379937e-15 3.110560270822903067e-16
5.000000000000000000e+00 1.000000000000000000e+00 3.200000000000000000e+01 5.000000000000000000e-01 2.000000000000000111e-01 3.201260834586468192e-15 2.969898772224766652e-15
5.000000000000000000e+00 1.000000000000000000e+00 6.400000000000000000e+01 5.000000000000000000e-01 2.000000000000000111e-01 5.424950585046066144e-15 4.740089615478576813e-15
5.000000000000000000e+00 1.000000000000000000e+00 1.280000000000000000e+02 5.000000000000000000e-01 2.000000000000000111e-01 1.009104040848425575e-14 7.428606012458592057e-15
5.000000000000000000e+00 1.000000000000000000e+00 7.812500000000000000e-03 5.000000000000000000e-01 2.999999999999999889e-01 1.888278633772534576e+00 1.331103825852703315e-01
5.000000000000000000e+00 1.000000000000000000e+00 1.562500000000000000e-02 5.000000000000000000e-01 2.999999999999999889e-01 1.431216441610894341e+00 1.276178239531270409e-01
5.000000000000000000e+00 1.000000000000000000e+00 3.125000000000000000e-02 5.000000000000000000e-01 2.999999999999999889e-01 7.784309360330733396e-01 1.501390224366451753e-01
5.000000000000000000e+00 1.000000000000000000e+00 6.250000000000000000e-02 5.000000000000000000e-01 2.999999999999999889e-01 3.294456727056723211e-01 1.434719601887501639e-01
5.000000000000000000e+00 1.000000000000000000e+00 1.250000000000000000e-01 5.000000000000000000e-01 2.999999999999999889e-01 1.040578743193227851e-01 1.139138960058338756e-01
5.000000000000000000e+00 1.000000000000000000e+00 2.500000000000000000e-01 5.000000000000000000e-01 2.999999999999999889e-01 1.416134194676891243e-02 3.047816367756970776e-02
5.000000000000000000e+00 1.000000000000000000e+00 5.000000000000000000e-01 5.000000000000000000e-01 2.999999999999999889e-01 1.005600303239282095e-04 2.849710667358791041e-04
5.000000000000000000e+00 1.000000000000000000e+00 1.000000000000000000e+00 5.000000000000000000e-01 2.999999999999999889e-01 2.346677538250137266e-11 7.025262258307523670e-11
5.000000000000000000e+00 1.000000000000000000e+00 2.000000000000000000e+00 5.000000000000000000e-01 2.999999999999999889e-01 7.809763462374450704e-16 1.989064342467901968e-16
5.000000000000000000e+00 1.000000000000000000e+00 4.000000000000000000e+00 5.000000000000000000e-01 2.999999999999999889e-01 1.163519097322840760e-15 6.807494430039593221e-16
5.000000000000000000e+00 1.000000000000000000e+00 8.000000000000000000e+00 5.000000000000000000e-01 2.999999999999999889e-01 1.196532985918432092e-15 3.574630042430400340e-16
5.000000000000000000e+00 1.000000000000000000e+00 1.600000000000000000e+01 5.000000000000000000e-01 2.999999999999999889e-01 1.172469462211225630e-15 3.516593776145877584e-16
5.000000000000000000e+00 1.000000000000000000e+00 3.200000000000000000e+01 5.000000000000000000e-01 2.999999999999999889e-01 3.043373013159871733e-15 2.523839639118887799e-15
5.000000000000000000e+00 1.000000000000000000e+00 6.400000000000000000e+01 5.000000000000000000e-01 2.999999999999999889e-01 4.625841165369649207e-15 3.962926422173882673e-15
5.000000000000000000e+00 1.000000000000000000e+00 1.280000000000000000e+02 5.000000000000000000e-01 2.999999999999999889e-01 8.629790572250736964e-15 6.082245018101444404e-15
