5.000000000000000000e+00 1.000000000000000000e+00 7.812500000000000000e-03 2.500000000000000000e-01 4.000000000000000222e-01 2.094365510695106458e+00 1.666796163177646506e-01
5.000000000000000000e+00 1.000000000000000000e+00 1.562500000000000000e-02 2.500000000000000000e-01 4.000000000000000222e-01 1.890611649843278785e+00 1.356712088692387796e-01
5.000000000000000000e+00 1.000000000000000000e+00 3.125000000000000000e-02 2.500000000000000000e-01 4.000000000000000222e-01 1.433965533967681338e+00 1.273276737293877470e-01
5.000000000000000000e+00 1.000000000000000000e+00 6.250000000000000000e-02 2.500000000000000000e-01 4.000000000000000222e-01 7.800196310102132102e-01 1.488377922376497575e-01
5.000000000000000000e+00 1.000000000000000000e+00 1.250000000000000000e-01 2.500000000000000000e-01 4.000000000000000222e-01 3.306316578038610565e-01 1.464615700026241918e-01
5.000000000000000000e+00 1.000000000000000000e+00 2.500000000000000000e-01 2.500000000000000000e-01 4.000000000000000222e-01 1.050960471587458755e-01 1.140376536196028578e-01
5.000000000000000000e+00 1.000000000000000000e+00 5.000000000000000000e-01 2.500000000000000000e-01 4.000000000000000222e-01 1.437625528939101213e-02 3.112072311185701615e-02
5.000000000000000000e+00 1.000000000000000000e+00 1.000000000000000000e+00 2.500000000000000000e-01 4.000000000000000222e-01 1.000039259936378450e-04 2.833074305750495222e-04
5.000000000000000000e+00 1.000000000000000000e+00 2.000000000000000000e+00 2.500000000000000000e-01 4.000000000000000222e-01 2.272237320353036492e-11 6.804965048967536629e-11
5.000000000000000000e+00 1.000000000000000000e+00 4.000000000000000000e+00 2.500000000000000000e-01 4.000000000000000222e-01 8.426805776481586418e-16 3.848691470494451862e-16
5.000000000000000000e+00 1.000000000000000000e+00 8.000000000000000000e+00 2.500000000000000000e-01 4.000000000000000222e-01 9.182627546063319349e-16 2.361214384174488975e-16
5.000000000000000000e+00 1.000000000000000000e+00 1.600000000000000000e+01 2.500000000000000000e-01 4.000000000000000222e-01 1.037742035362986265e-15 3.156003891104933308e-16
5.000000000000000000e+00 1.000000000000000000e+00 3.200000000000000000e+01 2.500000000000000000e-01 4.000000000000000222e-01 1.157300253482146662e-15 4.406988003911740952e-16
5.000000000000000000e+00 1.000000000000000000e+00 6.400000000000000000e+01 2.500000000000000000e-01 4.000000000000000222e-01 2.614715741180945279e-15 2.283424715058864283e-15
5.000000000000000000e+00 1.000000000000000000e+00 1.280000000000000000e+02 2.500000000000000000e-01 4.000000000000000222e-01 3.824989866513236259e-15 3.211870724031239891e-15
5.000000000000000000e+00 1.000000000000000000e+00 7.812500000000000000e-03 2.500000000000000000e-01 5.000000000000000000e-01 2.094640687009691860e+00 1.671717002386772510e-01
5.000000000000000000e+00 1.000000000000000000e+00 1.562500000000000000e-02 2.500000000000000000e-01 5.000000000000000000e-01 1.897168829265512668e+00 1.345977359219923675e-01
5.000000000000000000e+00 1.000000000000000000e+00 3.125000000000000000e-02 2.500000000000000000e-01 5.000000000000000000e-01 1.439161828371279039e+00 1.297344652346392180e-01
5.000000000000000000e+00 1.000000000000000000e+00 6.250000000000000000e-02 2.500000000000000000e-01 5.000000000000000000e-01 7.862533660823617376e-01 1.514442530499317818e-01
5.000000000000000000e+00 1.000000000000000000e+00 1.250000000000000000e-01 2.500000000000000000e-01 5.000000000000000000e-01 3.298724474004909313e-01 1.409491853912003545e-01
5.000000000000000000e+00 1.000000000000000000e+00 2.500000000000000000e-01 2.500000000000000000e-01 5.000000000000000000e-01 1.050343125879973083e-01 1.142496168023229286e-01
5.000000000000000000e+00 1.000000000000000000e+00 5.000000000000000000e-01 2.500000000000000000e-01 5.000000000000000000e-01 1.448371960107601095e-02 3.127028661577074820e-02
5.000000000000000000e+00 1.000000000000000000e+00 1.000000000000000000e+00 2.500000000000000000e-01 5.000000000000000000e-01 1.009178477732355065e-04 2.866899406954820330e-04
5.000000000000000000e+00 1.000000000000000000e+00 2.000000000000000000e+00 2.500000000000000000e-01 5.000000000000000000e-01 2.371528392452573525e-11 7.102421427736001211e-11
5.000000000000000000e+00 1.000000000000000000e+00 4.000000000000000000e+00 2.500000000000000000e-01 5.000000000000000000e-01 5.815737414222806332e-16 1.281203202022293158e-16
5.000000000000000000e+00 1.000000000000000000e+00 8.000000000000000000e+00 2.500000000000000000e-01 5.000000000000000000e-01 8.627335345198502188e-16 4.068564452362642036e-16
5.000000000000000000e+00 1.000000000000000000e+00 1.600000000000000000e+01 2.500000000000000000e-01 5.000000000000000000e-01 8.348895803905792541e-16 2.138807437085465681e-16
5.000000000000000000e+00 1.000000000000000000e+00 3.200000000000000000e+01 2.500000000000000000e-01 5.000000000000000000e-01 9.165956732916932458e-16 2.894931630671684778e-16
5.000000000000000000e+00 1.000000000000000000e+00 6.400000000000000000e+01 2.500000000000000000e-01 5.000000000000000000e-01 2.155344547046671223e-15 1.620732334961692306e-15
5.000000000000000000e+00 1.000000000000000000e+00 1.280000000000000000e+02 2.500000000000000000e-01 5.000000000000000000e-01 3.216232483118312085e-15 2.593175450320824696e-15
5.000000000000000000e+00 1.000000000000000000e+00 7.812500000000000000e-03 2.500000000000000000e-01 5.999999999999999778e-01 2.100579934437699414e+00 1.702509321397799036e-01
5.000000000000000000e+00 1.000000000000000000e+00 1.562500000000000000e-02 2.500000000000000000e-01 5.999999999999999778e-01 1.899951690136044702e+00 1.374525454499431198e-01
5.000000000000000000e+00 1.000000000000000000e+00 3.125000000000000000e-02 2.500000000000000000e-01 5.999999999999999778e-01 1.440624932795428359e+00 1.302779673239059244e-01
5.000000000000000000e+00 1.000000000000000000e+00 6.250000000000000000e-02 2.500000000000000000e-01 5.999999999999999778e-01 7.837456957498896148e-01 1.506827770309637493e-01
5.000000000000000000e+00 1.000000000000000000e+00 1.250000000000000000e-01 2.500000000000000000e-01 5.999999999999999778e-01 3.300383824217160700e-01 1.422583740159508725e-01
5.000000000000000000e+00 1.000000000000000000e+00 2.500000000000000000e-01 2.500000000000000000e-01 5.999999999999999778e-01 1.048251309011989096e-01 1.149303448204155170e-01
5.000000000000000000e+00 1.000000000000000000e+00 5.000000000000000000e-01 2.500000000000000000e-01 5.999999999999999778e-01 1.423706169381521239e-02 3.084186040032316223e-02
5.000000000000000000e+00 1.000000000000000000e+00 1.000000000000000000e+00 2.500000000000000000e-01 5.999999999999999778e-01 9.968489552336348887e-05 2.823829811290427230e-04
5.000000000000000000e+00 1.000000000000000000e+00 2.000000000000000000e+00 2.500000000000000000e-01 5.999999999999999778e-01 2.281120244715839325e-11 6.832535918470582582e-11
5.000000000000000000e+00 1.000000000000000000e+00 4.000000000000000000e+00 2.500000000000000000e-01 5.999999999999999778e-01 5.353038112680355743e-16 1.313960068129313190e-16
5.000000000000000000e+00 1.000000000000000000e+00 8.000000000000000000e+00 2.500000000000000000e-01 5.999999999999999778e-01 6.816622015928140165e-16 1.876095852908299725e-16
5.000000000000000000e+00 1.000000000000000000e+00 1.600000000000000000e+01 2.500000000000000000e-01 5.999999999999999778e-01 7.239429193045906662e-16 1.569486713709636689e-16
5.000000000000000000e+00 1.000000000000000000e+00 3.200000000000000000e+01 2.500000000000000000e-01 5.999999999999999778e-01 7.380117799346134993e-16 2.121389980146152258e-16
5.000000000000000000e+00 1.000000000000000000e+00 6.400000000000000000e+01 2.500000000000000000e-01 5.999999999999999778e-01 1.723154704102938091e-15 1.511481860528738084e-15
5.000000000000000000e+00 1.000000000000000000e+00 1.280000000000000000e+02 2.500000000000000000e-01 5.999999999999999778e-01 2.592839782525393613e-15 2.109460012954950839e-15
