5.000000000000000000e+00 1.000000000000000000e+00 7.812500000000000000e-03 5.000000000000000000e-01 4.000000000000000222e-01 1.893848918186525010e+00 1.351044717853679411e-01
5.000000000000000000e+00 1.000000000000000000e+00 1.562500000000000000e-02 5.000000000000000000e-01 4.000000000000000222e-01 1.432954709299352203e+00 1.282266953326044456e-01
5.000000000000000000e+00 1.000000000000000000e+00 3.125000000000000000e-02 5.000000000000000000e-01 4.000000000000000222e-01 7.789882273182392458e-01 1.506598061436214830e-01
5.000000000000000000e+00 1.000000000000000000e+00 6.250000000000000000e-02 5.000000000000000000e-01 4.000000000000000222e-01 3.302535921602303137e-01 1.436090902654142965e-01
5.000000000000000000e+00 1.000000000000000000e+00 1.250000000000000000e-01 5.000000000000000000e-01 4.000000000000000222e-01 1.056918529110803251e-01 1.156447499524330125e-01
5.000000000000000000e+00 1.000000000000000000e+00 2.500000000000000000e-01 5.000000000000000000e-01 4.000000000000000222e-01 1.413476539436740731e-02 3.036802404141244680e-02
5.000000000000000000e+00 1.000000000000000000e+00 5.000000000000000000e-01 5.000000000000000000e-01 4.000000000000000222e-01 1.015103660998774597e-04 2.869358109473744002e-04
5.000000000000000000e+00 1.000000000000000000e+00 1.000000000000000000e+00 5.000000000000000000e-01 4.000000000000000222e-01 2.285449602079086937e-11 6.842426018845313219e-11
5.000000000000000000e+00 1.000000000000000000e+00 2.000000000000000000e+00 5.000000000000000000e-01 4.000000000000000222e-01 8.015982563217693501e-16 3.338163191769527631e-16
5.000000000000000000e+00 1.000000000000000000e+00 4.000000000000000000e+00 5.000000000000000000e-01 4.000000000000000222e-01 8.664807507882821708e-16 1.431417302845869249e-16
5.000000000000000000e+00 1.000000000000000000e+00 8.000000000000000000e+00 5.000000000000000000e-01 4.000000000000000222e-01 1.045578453822728246e-15 2.828960983117920410e-16
5.000000000000000000e+00 1.000000000000000000e+00 1.600000000000000000e+01 5.000000000000000000e-01 4.000000000000000222e-01 1.174426538755165527e-15 4.748555865375327939e-16
5.000000000000000000e+00 1.000000000000000000e+00 3.200000000000000000e+01 5.000000000000000000e-01 4.000000000000000222e-01 2.554158433026548048e-15 2.252745928446147263e-15
5.000000000000000000e+00 1.000000000000000000e+00 6.400000000000000000e+01 5.000000000000000000e-01 4.000000000000000222e-01 3.822005578443222410e-15 3.131037096836911352e-15
5.000000000000000000e+00 1.000000000000000000e+00 1.280000000000000000e+02 5.000000000000000000e-01 4.000000000000000222e-01 7.391380308859248515e-15 5.255583213791564007e-15
5.000000000000000000e+00 1.000000000000000000e+00 7.812500000000000000e-03 5.000000000000000000e-01 5.000000000000000000e-01 1.897796072067504891e+00 1.307305838645258789e-01
5.000000000000000000e+00 1.000000000000000000e+00 1.562500000000000000e-02 5.000000000000000000e-01 5.000000000000000000e-01 1.437841903580081349e+00 1.290352698986114155e-01
5.000000000000000000e+00 1.000000000000000000e+00 3.125000000000000000e-02 5.000000000000000000e-01 5.000000000000000000e-01 7.835162351709458184e-01 1.508518458716205657e-01
5.000000000000000000e+00 1.000000000000000000e+00 6.250000000000000000e-02 5.000000000000000000e-01 5.000000000000000000e-01 3.307769915562627783e-01 1.431945742994013560e-01
5.000000000000000000e+00 1.000000000000000000e+00 1.250000000000000000e-01 5.000000000000000000e-01 5.000000000000000000e-01 1.045569977945685070e-01 1.140283624492029330e-01
5.000000000000000000e+00 1.000000000000000000e+00 2.500000000000000000e-01 5.000000000000000000e-01 5.000000000000000000e-01 1.403848146294205124e-02 3.009500462513400865e-02
5.000000000000000000e+00 1.000000000000000000e+00 5.000000000000000000e-01 5.000000000000000000e-01 5.000000000000000000e-01 1.018588449820013471e-04 2.891557920038969600e-04
5.000000000000000000e+00 1.000000000000000000e+00 1.000000000000000000e+00 5.000000000000000000e-01 5.000000000000000000e-01 2.297839004018227795e-11 6.881244302801985233e-11
5.000000000000000000e+00 1.000000000000000000e+00 2.000000000000000000e+00 5.000000000000000000e-01 5.000000000000000000e-01 6.062716578181258956e-16 1.534097893555894862e-16
5.000000000000000000e+00 1.000000000000000000e+00 4.000000000000000000e+00 5.000000000000000000e-01 5.000000000000000000e-01 8.530416179362650853e-16 3.613002341980631148e-16
5.000000000000000000e+00 1.000000000000000000e+00 8.000000000000000000e+00 5.000000000000000000e-01 5.000000000000000000e-01 8.378331624479813986e-16 2.567889536347670630e-16
5.000000000000000000e+00 1.000000000000000000e+00 1.600000000000000000e+01 5.000000000000000000e-01 5.000000000000000000e-01 9.075424405198265058e-16 3.062719720696382494e-16
5.000000000000000000e+00 1.000000000000000000e+00 3.200000000000000000e+01 5.000000000000000000e-01 5.000000000000000000e-01 2.161789921524637767e-15 1.598791798803996113e-15
5.000000000000000000e+00 1.000000000000000000e+00 6.400000000000000000e+01 5.000000000000000000e-01 5.000000000000000000e-01 3.106326586550077713e-15 2.515650620752012869e-15
5.000000000000000000e+00 1.000000000000000000e+00 1.280000000000000000e+02 5.000000000000000000e-01 5.000000000000000000e-01 5.964408632899593616e-15 4.084033163026648317e-15
5.000000000000000000e+00 1.000000000000000000e+00 7.812500000000000000e-03 5.000000000000000000e-01 5.999999999999999778e-01 1.902705454398634588e+00 1.366083300057357452e-01
5.000000000000000000e+00 1.000000000000000000e+00 1.562500000000000000e-02 5.000000000000000000e-01 5.999999999999999778e-01 1.443742035483307706e+00 1.297764792772451159e-01
5.000000000000000000e+00 1.000000000000000000e+00 3.125000000000000000e-02 5.000000000000000000e-01 5.999999999999999778e-01 7.842204934997799581e-01 1.496556918162452454e-01
5.000000000000000000e+00 1.000000000000000000e+00 6.250000000000000000e-02 5.000000000000000000e-01 5.999999999999999778e-01 3.324893273863447352e-01 1.450183930412756728e-01
5.000000000000000000e+00 1.000000000000000000e+00 1.250000000000000000e-01 5.000000000000000000e-01 5.999999999999999778e-01 1.041570845777323451e-01 1.113252327751623888e-01
5.000000000000000000e+00 1.000000000000000000e+00 2.500000000000000000e-01 5.000000000000000000e-01 5.999999999999999778e-01 1.435389978990859496e-02 3.118195775813072806e-02
5.000000000000000000e+00 1.000000000000000000e+00 5.000000000000000000e-01 5.000000000000000000e-01 5.999999999999999778e-01 1.017077767003448350e-04 2.889784077109779450e-04
5.000000000000000000e+00 1.000000000000000000e+00 1.000000000000000000e+00 5.000000000000000000e-01 5.999999999999999778e-01 2.300469814037558965e-11 6.888682677292351996e-11
5.000000000000000000e+00 1.000000000000000000e+00 2.000000000000000000e+00 5.000000000000000000e-01 5.999999999999999778e-01 5.158432042579099984e-16 1.086238633414485156e-16
5.000000000000000000e+00 1.000000000000000000e+00 4.000000000000000000e+00 5.000000000000000000e-01 5.999999999999999778e-01 6.377701606639205022e-16 1.835743223432348036e-16
5.000000000000000000e+00 1.000000000000000000e+00 8.000000000000000000e+00 5.000000000000000000e-01 5.999999999999999778e-01 6.842352413093474064e-16 1.089131712868123541e-16
5.000000000000000000e+00 1.000000000000000000e+00 1.600000000000000000e+01 5.000000000000000000e-01 5.999999999999999778e-01 7.533187941791920049e-16 2.075749553488524941e-16
5.000000000000000000e+00 1.000000000000000000e+00 3.200000000000000000e+01 5.000000000000000000e-01 5.999999999999999778e-01 1.696513972010617817e-15 1.412480585182983703e-15
5.000000000000000000e+00 1.000000000000000000e+00 6.400000000000000000e+01 5.000000000000000000e-01 5.999999999999999778e-01 2.619003130098307044e-15 2.183829427484380094e-15
5.000000000000000000e+00 1.000000000000000000e+00 1.280000000000000000e+02 5.000000000000000000e-01 5.999999999999999778e-01 4.851125947076783168e-15 3.311646086387080948e-15
