5.000000000000000000e+00 1.000000000000000000e+00 7.812500000000000000e-03 2.500000000000000000e-01 6.999999999999999556e-01 2.113727483394117534e+00 1.670335010397567543e-01
5.000000000000000000e+00 1.000000000000000000e+00 1.562500000000000000e-02 2.500000000000000000e-01 6.999999999999999556e-01 1.905492776175236713e+00 1.386471274554961497e-01
5.000000000000000000e+00 1.000000000000000000e+00 3.125000000000000000e-02 2.500000000000000000e-01 6.999999999999999556e-01 1.445049673497519782e+00 1.333401353225458774e-01
5.000000000000000000e+00 1.000000000000000000e+00 6.250000000000000000e-02 2.500000000000000000e-01 6.999999999999999556e-01 7.852085967467514749e-01 1.533524891727315320e-01
5.000000000000000000e+00 1.000000000000000000e+00 1.250000000000000000e-01 2.500000000000000000e-01 6.999999999999999556e-01 3.312120651138563132e-01 1.434244852693765671e-01
5.000000000000000000e+00 1.000000000000000000e+00 2.500000000000000000e-01 2.500000000000000000e-01 6.999999999999999556e-01 1.038246124850128876e-01 1.111220169798866064e-01
5.000000000000000000e+00 1.000000000000000000e+00 5.000000000000000000e-01 2.500000000000000000e-01 6.999999999999999556e-01 1.437208824384071659e-02 3.108805767027270767e-02
5.000000000000000000e+00 1.000000000000000000e+00 1.000000000000000000e+00 2.500000000000000000e-01 6.999999999999999556e-01 1.001523267788834929e-04 2.833530316392265805e-04
5.000000000000000000e+00 1.000000000000000000e+00 2.000000000000000000e+00 2.500000000000000000e-01 6.999999999999999556e-01 2.180526063182488334e-11 6.530396323521531160e-11
5.000000000000000000e+00 1.000000000000000000e+00 4.000000000000000000e+00 2.500000000000000000e-01 6.999999999999999556e-01 4.594579086802367478e-16 1.153469955343808010e-16
5.000000000000000000e+00 1.000000000000000000e+00 8.000000000000000000e+00 2.500000000000000000e-01 6.999999999999999556e-01 5.747149737903981748e-16 1.684110679945597925e-16
5.000000000000000000e+00 1.000000000000000000e+00 1.600000000000000000e+01 2.500000000000000000e-01 6.999999999999999556e-01 5.424776887588192809e-16 1.055586676431842835e-16
5.000000000000000000e+00 1.000000000000000000e+00 3.200000000000000000e+01 2.500000000000000000e-01 6.999999999999999556e-01 6.252725991058248100e-16 1.451584835366120680e-16
5.000000000000000000e+00 1.000000000000000000e+00 6.400000000000000000e+01 2.500000000000000000e-01 6.999999999999999556e-01 1.298613177812352861e-15 1.061839450586220697e-15
5.000000000000000000e+00 1.000000000000000000e+00 1.280000000000000000e+02 2.500000000000000000e-01 6.999999999999999556e-01 2.049078393836444415e-15 1.562850916941756246e-15
5.000000000000000000e+00 1.000000000000000000e+00 7.812500000000000000e-03 2.500000000000000000e-01 8.000000000000000444e-01 2.117818548933376732e+00 1.732249383504584628e-01
5.000000000000000000e+00 1.000000000000000000e+00 1.562500000000000000e-02 2.500000000000000000e-01 8.000000000000000444e-01 1.910527030567512607e+00 1.394039799444646288e-01
5.000000000000000000e+00 1.000000000000000000e+00 3.125000000000000000e-02 2.500000000000000000e-01 8.000000000000000444e-01 1.451191643582802948e+00 1.324544083869017286e-01
5.000000000000000000e+00 1.000000000000000000e+00 6.250000000000000000e-02 2.500000000000000000e-01 8.000000000000000444e-01 7.902185399174710412e-01 1.519329169687088366e-01
5.000000000000000000e+00 1.000000000000000000e+00 1.250000000000000000e-01 2.500000000000000000e-01 8.000000000000000444e-01 3.333300781176184446e-01 1.437910258507418548e-01
5.000000000000000000e+00 1.000000000000000000e+00 2.500000000000000000e-01 2.500000000000000000e-01 8.000000000000000444e-01 1.052568106130806341e-01 1.136769349277895330e-01
5.000000000000000000e+00 1.000000000000000000e+00 5.000000000000000000e-01 2.500000000000000000e-01 8.000000000000000444e-01 1.408339175190713097e-02 3.017624426480258748e-02
5.000000000000000000e+00 1.000000000000000000e+00 1.000000000000000000e+00 2.500000000000000000e-01 8.000000000000000444e-01 1.009722654454773611e-04 2.862118338823122421e-04
5.000000000000000000e+00 1.000000000000000000e+00 2.000000000000000000e+00 2.500000000000000000e-01 8.000000000000000444e-01 2.275795055056586454e-11 6.817945207574218643e-11
5.000000000000000000e+00 1.000000000000000000e+00 4.000000000000000000e+00 2.500000000000000000e-01 8.000000000000000444e-01 3.803163108701320762e-16 4.442795621353254405e-17
5.000000000000000000e+00 1.000000000000000000e+00 8.000000000000000000e+00 2.500000000000000000e-01 8.000000000000000444e-01 4.473732827821192515e-16 9.807059946468150374e-17
5.000000000000000000e+00 1.000000000000000000e+00 1.600000000000000000e+01 2.500000000000000000e-01 8.000000000000000444e-01 4.304752833070244346e-16 5.725570131012886649e-17
5.000000000000000000e+00 1.000000000000000000e+00 3.200000000000000000e+01 2.500000000000000000e-01 8.000000000000000444e-01 4.641865881145135519e-16 8.287417727938379757e-17
5.000000000000000000e+00 1.000000000000000000e+00 6.400000000000000000e+01 2.500000000000000000e-01 8.000000000000000444e-01 9.150316800579113577e-16 7.262280107377499492e-16
5.000000000000000000e+00 1.000000000000000000e+00 1.280000000000000000e+02 2.500000000000000000e-01 8.000000000000000444e-01 1.337063492158723231e-15 1.026356870403694982e-15
5.000000000000000000e+00 1.000000000000000000e+00 7.812500000000000000e-03 2.500000000000000000e-01 9.000000000000000222e-01 2.129320416788374359e+00 1.782118276723470007e-01
5.000000000000000000e+00 1.000000000000000000e+00 1.562500000000000000e-02 2.500000000000000000e-01 9.000000000000000222e-01 1.925925731650536266e+00 1.477958479060793862e-01
5.000000000000000000e+00 1.000000000000000000e+00 3.125000000000000000e-02 2.500000000000000000e-01 9.000000000000000222e-01 1.461811036381051698e+00 1.324026140888781844e-01
5.000000000000000000e+00 1.000000000000000000e+00 6.250000000000000000e-02 2.500000000000000000e-01 9.000000000000000222e-01 7.921873068898116488e-01 1.543203912673537792e-01
5.000000000000000000e+00 1.000000000000000000e+00 1.250000000000000000e-01 2.500000000000000000e-01 9.000000000000000222e-01 3.335880589765564119e-01 1.456609132272516927e-01
5.000000000000000000e+00 1.000000000000000000e+00 2.500000000000000000e-01 2.500000000000000000e-01 9.000000000000000222e-01 1.055918212430844438e-01 1.159001789557911888e-01
5.000000000000000000e+00 1.000000000000000000e+00 5.000000000000000000e-01 2.500000000000000000e-01 9.000000000000000222e-01 1.451244829243237069e-02 3.139292432372770697e-02
5.000000000000000000e+00 1.000000000000000000e+00 1.000000000000000000e+00 2.500000000000000000e-01 9.000000000000000222e-01 1.010617032260854501e-04 2.864880267211392974e-04
5.000000000000000000e+00 1.000000000000000000e+00 2.000000000000000000e+00 2.500000000000000000e-01 9.000000000000000222e-01 2.328045221970857196e-11 6.973349890589900123e-11
5.000000000000000000e+00 1.000000000000000000e+00 4.000000000000000000e+00 2.500000000000000000e-01 9.000000000000000222e-01 3.239180425948367133e-16 2.268208633929716535e-17
5.000000000000000000e+00 1.000000000000000000e+00 8.000000000000000000e+00 2.500000000000000000e-01 9.000000000000000222e-01 3.573933359728611499e-16 4.537129330483072214e-17
5.000000000000000000e+00 1.000000000000000000e+00 1.600000000000000000e+01 2.500000000000000000e-01 9.000000000000000222e-01 3.507679783540073536e-16 3.107065783291210615e-17
5.000000000000000000e+00 1.000000000000000000e+00 3.200000000000000000e+01 2.500000000000000000e-01 9.000000000000000222e-01 3.483719416769161631e-16 3.548650071432089582e-17
5.000000000000000000e+00 1.000000000000000000e+00 6.400000000000000000e+01 2.500000000000000000e-01 9.000000000000000222e-01 5.457558322368425874e-16 3.243041179774451574e-16
5.000000000000000000e+00 1.000000000000000000e+00 1.280000000000000000e+02 2.500000000000000000e-01 9.000000000000000222e-01 7.346315662971727796e-16 4.663139523837990695e-16
