5.000000000000000000e+00 1.000000000000000000e+00 7.812500000000000000e-03 4.000000000000000000e+00 0.000000000000000000e+00 3.273678981887698791e-01 1.405510282002816747e-01
5.000000000000000000e+00 1.000000000000000000e+00 1.562500000000000000e-02 4.000000000000000000e+00 0.000000000000000000e+00 1.037133427016309478e-01 1.131737525398174710e-01
5.000000000000000000e+00 1.000000000000000000e+00 3.125000000000000000e-02 4.000000000000000000e+00 0.000000000000000000e+00 1.420411712408636493e-02 3.077207339935626035e-02
5.000000000000000000e+00 1.000000000000000000e+00 6.250000000000000000e-02 4.000000000000000000e+00 0.000000000000000000e+00 1.003231182131222420e-04 2.850801789503367009e-04
5.000000000000000000e+00 1.000000000000000000e+00 1.250000000000000000e-01 4.000000000000000000e+00 0.000000000000000000e+00 2.321159063648156054e-11 6.945906066912115618e-11
5.000000000000000000e+00 1.000000000000000000e+00 2.500000000000000000e-01 4.000000000000000000e+00 0.000000000000000000e+00 1.015637027588979186e-15 3.338397534516553322e-16
5.000000000000000000e+00 1.000000000000000000e+00 5.000000000000000000e-01 4.000000000000000000e+00 0.000000000000000000e+00 1.288686474618340895e-15 5.116414878751798756e-16
5.000000000000000000e+00 1.000000000000000000e+00 1.000000000000000000e+00 4.000000000000000000e+00 0.000000000000000000e+00 1.447178431659154409e-15 4.943185610365395407e-16
5.000000000000000000e+00 1.000000000000000000e+00 2.000000000000000000e+00 4.000000000000000000e+00 0.000000000000000000e+00 1.527540861860241902e-15 5.123324319069351016e-16
5.000000000000000000e+00 1.000000000000000000e+00 4.000000000000000000e+00 4.000000000000000000e+00 0.000000000000000000e+00 4.024375934882754040e-15 3.710093747671086595e-15
5.000000000000000000e+00 1.000000000000000000e+00 8.000000000000000000e+00 4.000000000000000000e+00 0.000000000000000000e+00 6.503322835656106282e-15 5.513320732655387146e-15
5.000000000000000000e+00 1.000000000000000000e+00 1.600000000000000000e+01 4.000000000000000000e+00 0.000000000000000000e+00 1.217421202414635932e-14 8.365494170905189705e-15
5.000000000000000000e+00 1.000000000000000000e+00 3.200000000000000000e+01 4.000000000000000000e+00 0.000000000000000000e+00 2.424843802250001184e-14 2.495532101442455360e-14
5.000000000000000000e+00 1.000000000000000000e+00 6.400000000000000000e+01 4.000000000000000000e+00 0.000000000000000000e+00 4.274941164380202507e-14 3.767336018226009561e-14
5.000000000000000000e+00 1.000000000000000000e+00 1.280000000000000000e+02 4.000000000000000000e+00 0.000000000000000000e+00 8.911972970869995993e-14 8.861942751509278747e-14
5.000000000000000000e+00 1.000000000000000000e+00 7.812500000000000000e-03 4.000000000000000000e+00 1.000000000000000056e-01 3.292035905557351705e-01 1.435400595190587103e-01
5.000000000000000000e+00 1.000000000000000000e+00 1.562500000000000000e-02 4.000000000000000000e+00 1.000000000000000056e-01 1.039530958236299235e-01 1.143279878358514912e-01
5.000000000000000000e+00 1.000000000000000000e+00 3.125000000000000000e-02 4.000000000000000000e+00 1.000000000000000056e-01 1.422918685060777302e-02 3.082349853368930234e-02
5.000000000000000000e+00 1.000000000000000000e+00 6.250000000000000000e-02 4.000000000000000000e+00 1.000000000000000056e-01 1.025575404648816711e-04 2.913926489528811969e-04
5.000000000000000000e+00 1.000000000000000000e+00 1.250000000000000000e-01 4.000000000000000000e+00 1.000000000000000056e-01 2.308084706191465023e-11 6.910082741544079170e-11
5.000000000000000000e+00 1.000000000000000000e+00 2.500000000000000000e-01 4.000000000000000000e+00 1.000000000000000056e-01 9.762970830804066208e-16 3.389053852677053336e-16
5.000000000000000000e+00 1.000000000000000000e+00 5.000000000000000000e-01 4.000000000000000000e+00 1.000000000000000056e-01 1.432260420878446759e-15 5.317632259166105173e-16
5.000000000000000000e+00 1.000000000000000000e+00 1.000000000000000000e+00 4.000000000000000000e+00 1.000000000000000056e-01 1.339739479789079546e-15 5.996392327525924311e-16
5.000000000000000000e+00 1.000000000000000000e+00 2.000000000000000000e+00 4.000000000000000000e+00 1.000000000000000056e-01 1.390581757281451299e-15 4.595124486102811957e-16
5.000000000000000000e+00 1.000000000000000000e+00 4.000000000000000000e+00 4.000000000000000000e+00 1.000000000000000056e-01 3.720687471907362112e-15 3.358097270895120051e-15
5.000000000000000000e+00 1.000000000000000000e+00 8.000000000000000000e+00 4.000000000000000000e+00 1.000000000000000056e-01 5.877232464355413670e-15 4.585967895131901718e-15
5.000000000000000000e+00 1.000000000000000000e+00 1.600000000000000000e+01 4.000000000000000000e+00 1.000000000000000056e-01 1.097985446981907032e-14 7.583473196804654572e-15
5.000000000000000000e+00 1.000000000000000000e+00 3.200000000000000000e+01 4.000000000000000000e+00 1.000000000000000056e-01 2.152887553922407138e-14 2.338603167525094374e-14
5.000000000000000000e+00 1.000000000000000000e+00 6.400000000000000000e+01 4.000000000000000000e+00 1.000000000000000056e-01 3.876919430844053873e-14 3.347818964735941340e-14
5.000000000000000000e+00 1.000000000000000000e+00 1.280000000000000000e+02 4.000000000000000000e+00 1.000000000000000056e-01 7.937871764984485376e-14 7.814829986601042613e-14
5.000000000000000000e+00 1.000000000000000000e+00 7.812500000000000000e-03 4.000000000000000000e+00 2.000000000000000111e-01 3.312959226291595227e-01 1.450059268952562097e-01
5.000000000000000000e+00 1.000000000000000000e+00 1.562500000000000000e-02 4.000000000000000000e+00 2.000000000000000111e-01 1.053000484984126517e-01 1.153059272652935258e-01
5.000000000000000000e+00 1.000000000000000000e+00 3.125000000000000000e-02 4.000000000000000000e+00 2.000000000000000111e-01 1.411371849924012226e-02 3.034754409169764314e-02
5.000000000000000000e+00 1.000000000000000000e+00 6.250000000000000000e-02 4.000000000000000000e+00 2.000000000000000111e-01 1.025290091148088498e-04 2.912223183254228224e-04
5.000000000000000000e+00 1.000000000000000000e+00 1.250000000000000000e-01 4.000000000000000000e+00 2.000000000000000111e-01 2.319444832489984110e-11 6.942717045203381697e-11
5.000000000000000000e+00 1.000000000000000000e+00 2.500000000000000000e-01 4.000000000000000000e+00 2.000000000000000111e-01 9.207440455544024809e-16 3.854087104404236768e-16
5.000000000000000000e+00 1.000000000000000000e+00 5.000000000000000000e-01 4.000000000000000000e+00 2.000000000000000111e-01 1.461969253678657299e-15 1.103282576876367966e-15
5.000000000000000000e+00 1.000000000000000000e+00 1.000000000000000000e+00 4.000000000000000000e+00 2.000000000000000111e-01 1.222944456829911072e-15 3.798009222736004801e-16
5.000000000000000000e+00 1.000000000000000000e+00 2.000000000000000000e+00 4.000000000000000000e+00 2.000000000000000111e-01 1.289061778174628878e-15 3.466497315520402678e-16
5.000000000000000000e+00 1.000000000000000000e+00 4.000000000000000000e+00 4.000000000000000000e+00 2.000000000000000111e-01 3.219472746338798453e-15 3.019171039181494807e-15
5.000000000000000000e+00 1.000000000000000000e+00 8.000000000000000000e+00 4.000000000000000000e+00 2.000000000000000111e-01 5.369377032868971382e-15 4.692807631584744505e-15
5.000000000000000000e+00 1.000000000000000000e+00 1.600000000000000000e+01 4.000000000000000000e+00 2.000000000000000111e-01 1.017795292183118116e-14 7.281118605293662669e-15
5.000000000000000000e+00 1.000000000000000000e+00 3.200000000000000000e+01 4.000000000000000000e+00 2.000000000000000111e-01 1.916370965026365310e-14 1.931219695869261518e-14
5.000000000000000000e+00 1.000000000000000000e+00 6.400000000000000000e+01 4.000000000000000000e+00 2.000000000000000111e-01 3.396324414324247164e-14 2.893493275834347857e-14
5.000000000000000000e+00 1.000000000000000000e+00 1.280000000000000000e+02 4.000000000000000000e+00 2.000000000000000111e-01 7.096430641200241361e-14 7.109832492686440243e-14
5.000000000000000000e+00 1.000000000000000000e+00 7.812500000000000000e-03 4.000000000000000000e+00 2.999999999999999889e-01 3.298099474234800765e-01 1.451231081332579054e-01
5.000000000000000000e+00 1.000000000000000000e+00 1.562500000000000000e-02 4.000000000000000000e+00 2.999999999999999889e-01 1.040211354639022784e-01 1.132132639006373648e-01
5.000000000000000000e+00 1.000000000000000000e+00 3.125000000000000000e-02 4.000000000000000000e+00 2.999999999999999889e-01 1.419344886424809063e-02 3.064186962664488048e-02
5.000000000000000000e+00 1.000000000000000000e+00 6.250000000000000000e-02 4.000000000000000000e+00 2.999999999999999889e-01 1.016531428555245533e-04 2.883448384899253356e-04
5.000000000000000000e+00 1.000000000000000000e+00 1.250000000000000000e-01 4.000000000000000000e+00 2.999999999999999889e-01 2.235666775394419245e-11 6.691881172470583861e-11
5.000000000000000000e+00 1.000000000000000000e+00 2.500000000000000000e-01 4.000000000000000000e+00 2.999999999999999889e-01 7.879438903817974665e-16 1.701289723405177688e-16
5.000000000000000000e+00 1.000000000000000000e+00 5.000000000000000000e-01 4.000000000000000000e+00 2.999999999999999889e-01 1.163036189066254689e-15 7.072220902531920078e-16
5.000000000000000000e+00 1.000000000000000000e+00 1.000000000000000000e+00 4.000000000000000000e+00 2.999999999999999889e-01 1.111287049575775550e-15 3.565133068081264813e-16
5.000000000000000000e+00 1.000000000000000000e+00 2.000000000000000000e+00 4.000000000000000000e+00 2.999999999999999889e-01 1.202206271879243328e-15 4.801331060703993542e-16
5.000000000000000000e+00 1.000000000000000000e+00 4.000000000000000000e+00 4.000000000000000000e+00 2.999999999999999889e-01 3.040510033270077902e-15 2.562715676737473981e-15
5.000000000000000000e+00 1.000000000000000000e+00 8.000000000000000000e+00 4.000000000000000000e+00 2.999999999999999889e-01 4.575216166125421431e-15 3.822015259630460274e-15
5.000000000000000000e+00 1.000000000000000000e+00 1.600000000000000000e+01 4.000000000000000000e+00 2.999999999999999889e-01 8.640173542745231504e-15 6.147546953351383290e-15
5.000000000000000000e+00 1.000000000000000000e+00 3.200000000000000000e+01 4.000000000000000000e+00 2.999999999999999889e-01 1.690173330161331168e-14 1.733002347270900603e-14
5.000000000000000000e+00 1.000000000000000000e+00 6.400000000000000000e+01 4.000000000000000000e+00 2.999999999999999889e-01 3.006269637656582090e-14 2.591442223650201635e-14
5.000000000000000000e+00 1.000000000000000000e+00 1.280000000000000000e+02 4.000000000000000000e+00 2.999999999999999889e-01 6.296358178409263516e-14 6.304832211207846009e-14
