5.000000000000000000e+00 1.000000000000000000e+00 7.812500000000000000e-03 8.000000000000000000e+00 4.000000000000000222e-01 1.050124678702877012e-01 1.143682402529239833e-01
5.000000000000000000e+00 1.000000000000000000e+00 1.562500000000000000e-02 8.000000000000000000e+00 4.000000000000000222e-01 1.436148935529153389e-02 3.120319132990737737e-02
5.000000000000000000e+00 1.000000000000000000e+00 3.125000000000000000e-02 8.000000000000000000e+00 4.000000000000000222e-01 1.014902676791671406e-04 2.882342653841310715e-04
5.000000000000000000e+00 1.000000000000000000e+00 6.250000000000000000e-02 8.000000000000000000e+00 4.000000000000000222e-01 2.344138820339506782e-11 7.018466424952804134e-11
5.000000000000000000e+00 1.000000000000000000e+00 1.250000000000000000e-01 8.000000000000000000e+00 4.000000000000000222e-01 7.897932035871701120e-16 3.100493038259923578e-16
5.000000000000000000e+00 1.000000000000000000e+00 2.500000000000000000e-01 8.000000000000000000e+00 4.000000000000000222e-01 8.616979981250618716e-16 1.357487446441299965e-16
5.000000000000000000e+00 1.000000000000000000e+00 5.000000000000000000e-01 8.000000000000000000e+00 4.000000000000000222e-01 1.061502495467824234e-15 3.058921441611484221e-16
5.000000000000000000e+00 1.000000000000000000e+00 1.000000000000000000e+00 8.000000000000000000e+00 4.000000000000000222e-01 1.150632100519626957e-15 4.011019879743633978e-16
5.000000000000000000e+00 1.000000000000000000e+00 2.000000000000000000e+00 8.000000000000000000e+00 4.000000000000000222e-01 2.609655527563409334e-15 2.214441047274431492e-15
5.000000000000000000e+00 1.000000000000000000e+00 4.000000000000000000e+00 8.000000000000000000e+00 4.000000000000000222e-01 3.805217825340516869e-15 3.265169767478332956e-15
5.000000000000000000e+00 1.000000000000000000e+00 8.000000000000000000e+00 8.000000000000000000e+00 4.000000000000000222e-01 7.344180033016241373e-15 5.143616738437209299e-15
5.000000000000000000e+00 1.000000000000000000e+00 1.600000000000000000e+01 8.000000000000000000e+00 4.000000000000000222e-01 1.443333226136421599e-14 1.483641941765200669e-14
5.000000000000000000e+00 1.000000000000000000e+00 3.200000000000000000e+01 8.000000000000000000e+00 4.000000000000000222e-01 2.601269822021854086e-14 2.207603031475094858e-14
5.000000000000000000e+00 1.000000000000000000e+00 6.400000000000000000e+01 8.000000000000000000e+00 4.000000000000000222e-01 5.356956261989942874e-14 5.304920419401920677e-14
5.000000000000000000e+00 1.000000000000000000e+00 1.280000000000000000e+02 8.000000000000000000e+00 4.000000000000000222e-01 1.006637192834677028e-13 8.257856513803560027e-14
5.000000000000000000e+00 1.000000000000000000e+00 7.812500000000000000e-03 8.000000000000000000e+00 5.000000000000000000e-01 1.040118816832052290e-01 1.107735310166968190e-01
5.000000000000000000e+00 1.000000000000000000e+00 1.562500000000000000e-02 8.000000000000000000e+00 5.000000000000000000e-01 1.426514106458034135e-02 3.077619928843647670e-02
5.000000000000000000e+00 1.000000000000000000e+00 3.125000000000000000e-02 8.000000000000000000e+00 5.000000000000000000e-01 1.012980625467797043e-04 2.872746212163660145e-04
5.000000000000000000e+00 1.000000000000000000e+00 6.250000000000000000e-02 8.000000000000000000e+00 5.000000000000000000e-01 2.278467059989135422e-11 6.822775750803937589e-11
5.000000000000000000e+00 1.000000000000000000e+00 1.250000000000000000e-01 8.000000000000000000e+00 5.000000000000000000e-01 5.865676342182171648e-16 1.278542106549741782e-16
5.000000000000000000e+00 1.000000000000000000e+00 2.500000000000000000e-01 8.000000000000000000e+00 5.000000000000000000e-01 8.514682126887857896e-16 3.799488937013652393e-16
5.000000000000000000e+00 1.000000000000000000e+00 5.000000000000000000e-01 8.000000000000000000e+00 5.000000000000000000e-01 7.920506937457462602e-16 2.176174711269477181e-16
5.000000000000000000e+00 1.000000000000000000e+00 1.000000000000000000e+00 8.000000000000000000e+00 5.000000000000000000e-01 9.153102456742903292e-16 2.873865367901384894e-16
5.000000000000000000e+00 1.000000000000000000e+00 2.000000000000000000e+00 8.000000000000000000e+00 5.000000000000000000e-01 2.140636548522412486e-15 1.647443004769962890e-15
5.000000000000000000e+00 1.000000000000000000e+00 4.000000000000000000e+00 8.000000000000000000e+00 5.000000000000000000e-01 3.165167955100936813e-15 2.588984676340204530e-15
5.000000000000000000e+00 1.000000000000000000e+00 8.000000000000000000e+00 8.000000000000000000e+00 5.000000000000000000e-01 5.990178080411037743e-15 4.051446305180705815e-15
5.000000000000000000e+00 1.000000000000000000e+00 1.600000000000000000e+01 8.000000000000000000e+00 5.000000000000000000e-01 1.247791384728216055e-14 1.302425782747295622e-14
5.000000000000000000e+00 1.000000000000000000e+00 3.200000000000000000e+01 8.000000000000000000e+00 5.000000000000000000e-01 2.143465784545976381e-14 1.856046936507877106e-14
5.000000000000000000e+00 1.000000000000000000e+00 6.400000000000000000e+01 8.000000000000000000e+00 5.000000000000000000e-01 4.559596297477411257e-14 4.587179429282326521e-14
5.000000000000000000e+00 1.000000000000000000e+00 1.280000000000000000e+02 8.000000000000000000e+00 5.000000000000000000e-01 8.348615912923610013e-14 6.945706456372631364e-14
5.000000000000000000e+00 1.000000000000000000e+00 7.812500000000000000e-03 8.000000000000000000e+00 5.999999999999999778e-01 1.041351357106013592e-01 1.134300414863810974e-01
5.000000000000000000e+00 1.000000000000000000e+00 1.562500000000000000e-02 8.000000000000000000e+00 5.999999999999999778e-01 1.423544526009727119e-02 3.076212541307728546e-02
5.000000000000000000e+00 1.000000000000000000e+00 3.125000000000000000e-02 8.000000000000000000e+00 5.999999999999999778e-01 1.011578435817576374e-04 2.864130360527687453e-04
5.000000000000000000e+00 1.000000000000000000e+00 6.250000000000000000e-02 8.000000000000000000e+00 5.999999999999999778e-01 2.302492683437711804e-11 6.894655438745274912e-11
5.000000000000000000e+00 1.000000000000000000e+00 1.250000000000000000e-01 8.000000000000000000e+00 5.999999999999999778e-01 5.557338366323919021e-16 1.478311462662729864e-16
5.000000000000000000e+00 1.000000000000000000e+00 2.500000000000000000e-01 8.000000000000000000e+00 5.999999999999999778e-01 6.655401553527836603e-16 1.784646529234445302e-16
5.000000000000000000e+00 1.000000000000000000e+00 5.000000000000000000e-01 8.000000000000000000e+00 5.999999999999999778e-01 6.998313916769961300e-16 1.426004417885840440e-16
5.000000000000000000e+00 1.000000000000000000e+00 1.000000000000000000e+00 8.000000000000000000e+00 5.999999999999999778e-01 7.659991036850244721e-16 2.309639178324706495e-16
5.000000000000000000e+00 1.000000000000000000e+00 2.000000000000000000e+00 8.000000000000000000e+00 5.999999999999999778e-01 1.716592926970569433e-15 1.494275205614453197e-15
5.000000000000000000e+00 1.000000000000000000e+00 4.000000000000000000e+00 8.000000000000000000e+00 5.999999999999999778e-01 2.603314267034804104e-15 2.096274278197438297e-15
5.000000000000000000e+00 1.000000000000000000e+00 8.000000000000000000e+00 8.000000000000000000e+00 5.999999999999999778e-01 4.916657304572036053e-15 3.402516475114525013e-15
5.000000000000000000e+00 1.000000000000000000e+00 1.600000000000000000e+01 8.000000000000000000e+00 5.999999999999999778e-01 9.874917967198771793e-15 1.038921908678665300e-14
5.000000000000000000e+00 1.000000000000000000e+00 3.200000000000000000e+01 8.000000000000000000e+00 5.999999999999999778e-01 1.757147086913236322e-14 1.509621588078252137e-14
5.000000000000000000e+00 1.000000000000000000e+00 6.400000000000000000e+01 8.000000000000000000e+00 5.999999999999999778e-01 3.626176763264756904e-14 3.544467080437955695e-14
5.000000000000000000e+00 1.000000000000000000e+00 1.280000000000000000e+02 8.000000000000000000e+00 5.999999999999999778e-01 6.689561683607751648e-14 5.573586605006339495e-14
