5.000000000000000000e+00 1.000000000000000000e+00 7.812500000000000000e-03 8.000000000000000000e+00 0.000000000000000000e+00 1.038423000626636367e-01 1.131236486309905032e-01
5.000000000000000000e+00 1.000000000000000000e+00 1.562500000000000000e-02 8.000000000000000000e+00 0.000000000000000000e+00 1.398787797690372037e-02 3.019155359150417842e-02
5.000000000000000000e+00 1.000000000000000000e+00 3.125000000000000000e-02 8.000000000000000000e+00 0.000000000000000000e+00 1.013018963368774128e-04 2.877548302898886375e-04
5.000000000000000000e+00 1.000000000000000000e+00 6.250000000000000000e-02 8.000000000000000000e+00 0.000000000000000000e+00 2.304074700417884883e-11 6.897104107213061015e-11
5.000000000000000000e+00 1.000000000000000000e+00 1.250000000000000000e-01 8.000000000000000000e+00 0.000000000000000000e+00 1.002190751579579069e-15 3.434356229741543279e-16
5.000000000000000000e+00 1.000000000000000000e+00 2.500000000000000000e-01 8.000000000000000000e+00 0.000000000000000000e+00 1.383519042009736379e-15 5.997103409327507854e-16
5.000000000000000000e+00 1.000000000000000000e+00 5.000000000000000000e-01 8.000000000000000000e+00 0.000000000000000000e+00 1.487146999125216823e-15 5.127527719359546840e-16
5.000000000000000000e+00 1.000000000000000000e+00 1.000000000000000000e+00 8.000000000000000000e+00 0.000000000000000000e+00 1.533873682969409455e-15 4.014665141304800197e-16
5.000000000000000000e+00 1.000000000000000000e+00 2.000000000000000000e+00 8.000000000000000000e+00 0.000000000000000000e+00 3.999363296573643170e-15 3.648696571192216661e-15
5.000000000000000000e+00 1.000000000000000000e+00 4.000000000000000000e+00 8.000000000000000000e+00 0.000000000000000000e+00 6.455457128424542128e-15 5.574909872142867803e-15
5.000000000000000000e+00 1.000000000000000000e+00 8.000000000000000000e+00 8.000000000000000000e+00 0.000000000000000000e+00 1.213466775964298367e-14 8.385665224711439134e-15
5.000000000000000000e+00 1.000000000000000000e+00 1.600000000000000000e+01 8.000000000000000000e+00 0.000000000000000000e+00 2.401456474382263556e-14 2.418892011505657572e-14
5.000000000000000000e+00 1.000000000000000000e+00 3.200000000000000000e+01 8.000000000000000000e+00 0.000000000000000000e+00 4.287102196820857444e-14 3.795202515355465300e-14
5.000000000000000000e+00 1.000000000000000000e+00 6.400000000000000000e+01 8.000000000000000000e+00 0.000000000000000000e+00 8.949457789918374199e-14 8.875333312102878183e-14
5.000000000000000000e+00 1.000000000000000000e+00 1.280000000000000000e+02 8.000000000000000000e+00 0.000000000000000000e+00 1.668793851002880209e-13 1.319462417758362408e-13
5.000000000000000000e+00 1.000000000000000000e+00 7.812500000000000000e-03 8.000000000000000000e+00 1.000000000000000056e-01 1.047062721758641179e-01 1.141521911906791947e-01
5.000000000000000000e+00 1.000000000000000000e+00 1.562500000000000000e-02 8.000000000000000000e+00 1.000000000000000056e-01 1.398103175949260910e-02 2.999554541190809637e-02
5.000000000000000000e+00 1.000000000000000000e+00 3.125000000000000000e-02 8.000000000000000000e+00 1.000000000000000056e-01 9.846469967698084750e-05 2.791304809476114271e-04
5.000000000000000000e+00 1.000000000000000000e+00 6.250000000000000000e-02 8.000000000000000000e+00 1.000000000000000056e-01 2.392805951265103867e-11 7.163931609995030484e-11
5.000000000000000000e+00 1.000000000000000000e+00 1.250000000000000000e-01 8.000000000000000000e+00 1.000000000000000056e-01 1.009255999058675046e-15 3.326453417046975446e-16
5.000000000000000000e+00 1.000000000000000000e+00 2.500000000000000000e-01 8.000000000000000000e+00 1.000000000000000056e-01 1.363584753259553830e-15 4.022417120036036466e-16
5.000000000000000000e+00 1.000000000000000000e+00 5.000000000000000000e-01 8.000000000000000000e+00 1.000000000000000056e-01 1.298863988780365464e-15 5.353272047675540227e-16
5.000000000000000000e+00 1.000000000000000000e+00 1.000000000000000000e+00 8.000000000000000000e+00 1.000000000000000056e-01 1.364986834199837181e-15 5.194105748981403948e-16
5.000000000000000000e+00 1.000000000000000000e+00 2.000000000000000000e+00 8.000000000000000000e+00 1.000000000000000056e-01 3.764128088787505247e-15 3.339515317383722627e-15
5.000000000000000000e+00 1.000000000000000000e+00 4.000000000000000000e+00 8.000000000000000000e+00 1.000000000000000056e-01 5.874870681963832763e-15 4.775734544108770164e-15
5.000000000000000000e+00 1.000000000000000000e+00 8.000000000000000000e+00 8.000000000000000000e+00 1.000000000000000056e-01 1.106516015742905902e-14 7.707470438844204101e-15
5.000000000000000000e+00 1.000000000000000000e+00 1.600000000000000000e+01 8.000000000000000000e+00 1.000000000000000056e-01 2.153245633893219187e-14 2.326936743073856329e-14
5.000000000000000000e+00 1.000000000000000000e+00 3.200000000000000000e+01 8.000000000000000000e+00 1.000000000000000056e-01 3.829281027733815519e-14 3.309027702381968807e-14
5.000000000000000000e+00 1.000000000000000000e+00 6.400000000000000000e+01 8.000000000000000000e+00 1.000000000000000056e-01 8.109273771365518938e-14 8.119155751438802098e-14
5.000000000000000000e+00 1.000000000000000000e+00 1.280000000000000000e+02 8.000000000000000000e+00 1.000000000000000056e-01 1.498501605256962854e-13 1.197913720122864825e-13
5.000000000000000000e+00 1.000000000000000000e+00 7.812500000000000000e-03 8.000000000000000000e+00 2.000000000000000111e-01 1.045994624565247111e-01 1.144832546383667410e-01
5.000000000000000000e+00 1.000000000000000000e+00 1.562500000000000000e-02 8.000000000000000000e+00 2.000000000000000111e-01 1.406820177869878494e-02 3.047705874700080281e-02
5.000000000000000000e+00 1.000000000000000000e+00 3.125000000000000000e-02 8.000000000000000000e+00 2.000000000000000111e-01 9.905147927337276301e-05 2.805318743968621413e-04
5.000000000000000000e+00 1.000000000000000000e+00 6.250000000000000000e-02 8.000000000000000000e+00 2.000000000000000111e-01 2.338309878465629048e-11 7.000373540241577625e-11
5.000000000000000000e+00 1.000000000000000000e+00 1.250000000000000000e-01 8.000000000000000000e+00 2.000000000000000111e-01 9.018245830266789328e-16 3.266381495572782501e-16
5.000000000000000000e+00 1.000000000000000000e+00 2.500000000000000000e-01 8.000000000000000000e+00 2.000000000000000111e-01 1.471036954240755786e-15 1.042429729167745147e-15
5.000000000000000000e+00 1.000000000000000000e+00 5.000000000000000000e-01 8.000000000000000000e+00 2.000000000000000111e-01 1.225275307405973815e-15 3.765103519852239984e-16
5.000000000000000000e+00 1.000000000000000000e+00 1.000000000000000000e+00 8.000000000000000000e+00 2.000000000000000111e-01 1.268105215061997254e-15 3.426178784647935730e-16
5.000000000000000000e+00 1.000000000000000000e+00 2.000000000000000000e+00 8.000000000000000000e+00 2.000000000000000111e-01 3.211138723529766586e-15 2.913415967502658712e-15
5.000000000000000000e+00 1.000000000000000000e+00 4.000000000000000000e+00 8.000000000000000000e+00 2.000000000000000111e-01 5.349439998135652293e-15 4.543732083015918382e-15
5.000000000000000000e+00 1.000000000000000000e+00 8.000000000000000000e+00 8.000000000000000000e+00 2.000000000000000111e-01 9.876519690235627879e-15 6.949474302522552065e-15
5.000000000000000000e+00 1.000000000000000000e+00 1.600000000000000000e+01 8.000000000000000000e+00 2.000000000000000111e-01 1.911145580211574063e-14 1.847170701892865855e-14
5.000000000000000000e+00 1.000000000000000000e+00 3.200000000000000000e+01 8.000000000000000000e+00 2.000000000000000111e-01 3.414985782221117900e-14 2.901022670707444884e-14
5.000000000000000000e+00 1.000000000000000000e+00 6.400000000000000000e+01 8.000000000000000000e+00 2.000000000000000111e-01 7.119196302585156895e-14 7.129333650932685432e-14
5.000000000000000000e+00 1.000000000000000000e+00 1.280000000000000000e+02 8.000000000000000000e+00 2.000000000000000111e-01 1.335411661532955497e-13 1.085131119380350306e-13
5.000000000000000000e+00 1.000000000000000000e+00 7.812500000000000000e-03 8.000000000000000000e+00 2.999999999999999889e-01 1.048790034991990555e-01 1.153330966228216237e-01
5.000000000000000000e+00 1.000000000000000000e+00 1.562500000000000000e-02 8.000000000000000000e+00 2.999999999999999889e-01 1.443791183472623030e-02 3.138058911864668316e-02
5.000000000000000000e+00 1.000000000000000000e+00 3.125000000000000000e-02 8.000000000000000000e+00 2.999999999999999889e-01 1.009112488621986402e-04 2.873657322726091783e-04
5.000000000000000000e+00 1.000000000000000000e+00 6.250000000000000000e-02 8.000000000000000000e+00 2.999999999999999889e-01 2.349819211293655837e-11 7.032697919347024153e-11
5.000000000000000000e+00 1.000000000000000000e+00 1.250000000000000000e-01 8.000000000000000000e+00 2.999999999999999889e-01 7.661770294209684042e-16 2.130972549680336333e-16
5.000000000000000000e+00 1.000000000000000000e+00 2.500000000000000000e-01 8.000000000000000000e+00 2.999999999999999889e-01 1.182963152120351837e-15 8.551646059429732994e-16
5.000000000000000000e+00 1.000000000000000000e+00 5.000000000000000000e-01 8.000000000000000000e+00 2.999999999999999889e-01 1.139455360646288721e-15 3.131469205863737537e-16
5.000000000000000000e+00 1.000000000000000000e+00 1.000000000000000000e+00 8.000000000000000000e+00 2.999999999999999889e-01 1.178146982118916261e-15 5.222581602373116123e-16
5.000000000000000000e+00 1.000000000000000000e+00 2.000000000000000000e+00 8.000000000000000000e+00 2.999999999999999889e-01 3.042226331714381317e-15 2.510271327497643497e-15
5.000000000000000000e+00 1.000000000000000000e+00 4.000000000000000000e+00 8.000000000000000000e+00 2.999999999999999889e-01 4.647456064022280180e-15 3.901455779395514097e-15
5.000000000000000000e+00 1.000000000000000000e+00 8.000000000000000000e+00 8.000000000000000000e+00 2.999999999999999889e-01 8.661499031205831686e-15 6.140881927314595357e-15
5.000000000000000000e+00 1.000000000000000000e+00 1.600000000000000000e+01 8.000000000000000000e+00 2.999999999999999889e-01 1.685673870174927114e-14 1.754075240219794680e-14
5.000000000000000000e+00 1.000000000000000000e+00 3.200000000000000000e+01 8.000000000000000000e+00 2.999999999999999889e-01 2.961444239514456234e-14 2.509203285659777888e-14
5.000000000000000000e+00 1.000000000000000000e+00 6.400000000000000000e+01 8.000000000000000000e+00 2.999999999999999889e-01 6.266616332552934937e-14 6.302122285971064900e-14
5.000000000000000000e+00 1.000000000000000000e+00 1.280000000000000000e+02 8.000000000000000000e+00 2.999999999999999889e-01 1.171611089561770461e-13 9.596543683101737481e-14
