5.000000000000000000e+00 1.000000000000000000e+00 7.812500000000000000e-03 1.600000000000000000e+01 6.999999999999999556e-01 1.434725682897671460e-02 3.104613886334911185e-02
5.000000000000000000e+00 1.000000000000000000e+00 1.562500000000000000e-02 1.600000000000000000e+01 6.999999999999999556e-01 1.006323364779861205e-04 2.858281060753674720e-04
5.000000000000000000e+00 1.000000000000000000e+00 3.125000000000000000e-02 1.600000000000000000e+01 6.999999999999999556e-01 2.357497720741590985e-11 7.062897608690012763e-11
5.000000000000000000e+00 1.000000000000000000e+00 6.250000000000000000e-02 1.600000000000000000e+01 6.999999999999999556e-01 4.728763053160003031e-16 1.302654774471025824e-16
5.000000000000000000e+00 1.000000000000000000e+00 1.250000000000000000e-01 1.600000000000000000e+01 6.999999999999999556e-01 5.753685392956605966e-16 1.692243742903586937e-16
5.000000000000000000e+00 1.000000000000000000e+00 2.500000000000000000e-01 1.600000000000000000e+01 6.999999999999999556e-01 5.311755456816278856e-16 1.180696986687558747e-16
5.000000000000000000e+00 1.000000000000000000e+00 5.000000000000000000e-01 1.600000000000000000e+01 6.999999999999999556e-01 5.972044756127946494e-16 1.190814067861607010e-16
5.000000000000000000e+00 1.000000000000000000e+00 1.000000000000000000e+00 1.600000000000000000e+01 6.999999999999999556e-01 1.301717390393414652e-15 1.017396623383289274e-15
5.000000000000000000e+00 1.000000000000000000e+00 2.000000000000000000e+00 1.600000000000000000e+01 6.999999999999999556e-01 2.025714080272606653e-15 1.540815878462525687e-15
5.000000000000000000e+00 1.000000000000000000e+00 4.000000000000000000e+00 1.600000000000000000e+01 6.999999999999999556e-01 3.717328338080272575e-15 2.468970289162650093e-15
5.000000000000000000e+00 1.000000000000000000e+00 8.000000000000000000e+00 1.600000000000000000e+01 6.999999999999999556e-01 7.341497126696468652e-15 7.546696850795135422e-15
5.000000000000000000e+00 1.000000000000000000e+00 1.600000000000000000e+01 1.600000000000000000e+01 6.999999999999999556e-01 1.301446738905141046e-14 1.108662253318266624e-14
5.000000000000000000e+00 1.000000000000000000e+00 3.200000000000000000e+01 1.600000000000000000e+01 6.999999999999999556e-01 2.706598390810863711e-14 2.647448162880922622e-14
5.000000000000000000e+00 1.000000000000000000e+00 6.400000000000000000e+01 1.600000000000000000e+01 6.999999999999999556e-01 5.041858748037200468e-14 4.238160438432448799e-14
5.000000000000000000e+00 1.000000000000000000e+00 1.280000000000000000e+02 1.600000000000000000e+01 6.999999999999999556e-01 1.010883484671255965e-13 6.656496587233191045e-14
5.000000000000000000e+00 1.000000000000000000e+00 7.812500000000000000e-03 1.600000000000000000e+01 8.000000000000000444e-01 1.428662379196967390e-02 3.073668881772820619e-02
5.000000000000000000e+00 1.000000000000000000e+00 1.562500000000000000e-02 1.600000000000000000e+01 8.000000000000000444e-01 9.970510629014265724e-05 2.828108286536301814e-04
5.000000000000000000e+00 1.000000000000000000e+00 3.125000000000000000e-02 1.600000000000000000e+01 8.000000000000000444e-01 2.284556236428241347e-11 6.843485531336374700e-11
5.000000000000000000e+00 1.000000000000000000e+00 6.250000000000000000e-02 1.600000000000000000e+01 8.000000000000000444e-01 3.940292707697026770e-16 5.280509419846217134e-17
5.000000000000000000e+00 1.000000000000000000e+00 1.250000000000000000e-01 1.600000000000000000e+01 8.000000000000000444e-01 4.537094595942114583e-16 9.201284017819301326e-17
5.000000000000000000e+00 1.000000000000000000e+00 2.500000000000000000e-01 1.600000000000000000e+01 8.000000000000000444e-01 4.343804933016848057e-16 6.532594111601507855e-17
5.000000000000000000e+00 1.000000000000000000e+00 5.000000000000000000e-01 1.600000000000000000e+01 8.000000000000000444e-01 4.656525074101734200e-16 7.263374742541207938e-17
5.000000000000000000e+00 1.000000000000000000e+00 1.000000000000000000e+00 1.600000000000000000e+01 8.000000000000000444e-01 8.944319044429118258e-16 7.124870691008644280e-16
5.000000000000000000e+00 1.000000000000000000e+00 2.000000000000000000e+00 1.600000000000000000e+01 8.000000000000000444e-01 1.369432060068426852e-15 1.097611725589819452e-15
5.000000000000000000e+00 1.000000000000000000e+00 4.000000000000000000e+00 1.600000000000000000e+01 8.000000000000000444e-01 2.548920269229654017e-15 1.853008920218271804e-15
5.000000000000000000e+00 1.000000000000000000e+00 8.000000000000000000e+00 1.600000000000000000e+01 8.000000000000000444e-01 4.963308549088853080e-15 5.014859562983343836e-15
5.000000000000000000e+00 1.000000000000000000e+00 1.600000000000000000e+01 1.600000000000000000e+01 8.000000000000000444e-01 8.773358414386115275e-15 7.572422517722757786e-15
5.000000000000000000e+00 1.000000000000000000e+00 3.200000000000000000e+01 1.600000000000000000e+01 8.000000000000000444e-01 1.823896595140160839e-14 1.841367484265422192e-14
5.000000000000000000e+00 1.000000000000000000e+00 6.400000000000000000e+01 1.600000000000000000e+01 8.000000000000000444e-01 3.361656023533503678e-14 2.841589410945190535e-14
5.000000000000000000e+00 1.000000000000000000e+00 1.280000000000000000e+02 1.600000000000000000e+01 8.000000000000000444e-01 6.772888345209324199e-14 4.445750861626554937e-14
5.000000000000000000e+00 1.000000000000000000e+00 7.812500000000000000e-03 1.600000000000000000e+01 9.000000000000000222e-01 1.413096666570544738e-02 3.035439328091513178e-02
5.000000000000000000e+00 1.000000000000000000e+00 1.562500000000000000e-02 1.600000000000000000e+01 9.000000000000000222e-01 1.009948352061365806e-04 2.865299266921203861e-04
5.000000000000000000e+00 1.000000000000000000e+00 3.125000000000000000e-02 1.600000000000000000e+01 9.000000000000000222e-01 2.332897898161533296e-11 6.989235253525787707e-11
5.000000000000000000e+00 1.000000000000000000e+00 6.250000000000000000e-02 1.600000000000000000e+01 9.000000000000000222e-01 3.265871223922847147e-16 2.645344111631939069e-17
5.000000000000000000e+00 1.000000000000000000e+00 1.250000000000000000e-01 1.600000000000000000e+01 9.000000000000000222e-01 3.581473424947350409e-16 5.203289959963128589e-17
5.000000000000000000e+00 1.000000000000000000e+00 2.500000000000000000e-01 1.600000000000000000e+01 9.000000000000000222e-01 3.398249339767787916e-16 2.798329681519698960e-17
5.000000000000000000e+00 1.000000000000000000e+00 5.000000000000000000e-01 1.600000000000000000e+01 9.000000000000000222e-01 3.482713748048092235e-16 3.673317694511145728e-17
5.000000000000000000e+00 1.000000000000000000e+00 1.000000000000000000e+00 1.600000000000000000e+01 9.000000000000000222e-01 5.425285593737683172e-16 3.259444937749874715e-16
5.000000000000000000e+00 1.000000000000000000e+00 2.000000000000000000e+00 1.600000000000000000e+01 9.000000000000000222e-01 7.370350978513146057e-16 4.731027030349551195e-16
5.000000000000000000e+00 1.000000000000000000e+00 4.000000000000000000e+00 1.600000000000000000e+01 9.000000000000000222e-01 1.324993309901356154e-15 8.518981579944973940e-16
5.000000000000000000e+00 1.000000000000000000e+00 8.000000000000000000e+00 1.600000000000000000e+01 9.000000000000000222e-01 2.469811356321888249e-15 2.557869329222984641e-15
5.000000000000000000e+00 1.000000000000000000e+00 1.600000000000000000e+01 1.600000000000000000e+01 9.000000000000000222e-01 4.703551092790916795e-15 4.187194663473618100e-15
5.000000000000000000e+00 1.000000000000000000e+00 3.200000000000000000e+01 1.600000000000000000e+01 9.000000000000000222e-01 9.120955129008595799e-15 9.083056598178043247e-15
5.000000000000000000e+00 1.000000000000000000e+00 6.400000000000000000e+01 1.600000000000000000e+01 9.000000000000000222e-01 1.685073317852684585e-14 1.438752392592861158e-14
5.000000000000000000e+00 1.000000000000000000e+00 1.280000000000000000e+02 1.600000000000000000e+01 9.000000000000000222e-01 3.397047669486276616e-14 2.218032454634435215e-14
