5.000000000000000000e+00 1.000000000000000000e+00 7.812500000000000000e-03 2.500000000000000000e-01 0.000000000000000000e+00 2.080328417594147439e+00 1.612921541874337561e-01
5.000000000000000000e+00 1.000000000000000000e+00 1.562500000000000000e-02 2.500000000000000000e-01 0.000000000000000000e+00 1.886142821217791310e+00 1.289346354946728501e-01
5.000000000000000000e+00 1.000000000000000000e+00 3.125000000000000000e-02 2.500000000000000000e-01 0.000000000000000000e+00 1.425284577944425424e+00 1.262212365912281642e-01
5.000000000000000000e+00 1.000000000000000000e+00 6.250000000000000000e-02 2.500000000000000000e-01 0.000000000000000000e+00 7.738079220853745221e-01 1.490390441849199221e-01
5.000000000000000000e+00 1.000000000000000000e+00 1.250000000000000000e-01 2.500000000000000000e-01 0.000000000000000000e+00 3.297417389861675985e-01 1.450003010274288906e-01
5.000000000000000000e+00 1.000000000000000000e+00 2.500000000000000000e-01 2.500000000000000000e-01 0.000000000000000000e+00 1.056248569123828529e-01 1.154749854189683622e-01
5.000000000000000000e+00 1.000000000000000000e+00 5.000000000000000000e-01 2.500000000000000000e-01 0.000000000000000000e+00 1.443911403444208749e-02 3.139060158726931365e-02
5.000000000000000000e+00 1.000000000000000000e+00 1.000000000000000000e+00 2.500000000000000000e-01 0.000000000000000000e+00 1.004527844965660225e-04 2.854018747155303280e-04
5.000000000000000000e+00 1.000000000000000000e+00 2.000000000000000000e+00 2.500000000000000000e-01 0.000000000000000000e+00 2.315671330349401744e-11 6.928405032878326886e-11
5.000000000000000000e+00 1.000000000000000000e+00 4.000000000000000000e+00 2.500000000000000000e-01 0.000000000000000000e+00 9.562579398032790524e-16 3.433074444781467858e-16
5.000000000000000000e+00 1.000000000000000000e+00 8.000000000000000000e+00 2.500000000000000000e-01 0.000000000000000000e+00 1.434027361927944730e-15 6.656315368808089254e-16
5.000000000000000000e+00 1.000000000000000000e+00 1.600000000000000000e+01 2.500000000000000000e-01 0.000000000000000000e+00 1.512292571556818868e-15 5.116648576226073539e-16
5.000000000000000000e+00 1.000000000000000000e+00 3.200000000000000000e+01 2.500000000000000000e-01 0.000000000000000000e+00 1.425595793973603314e-15 3.951321799207339006e-16
5.000000000000000000e+00 1.000000000000000000e+00 6.400000000000000000e+01 2.500000000000000000e-01 0.000000000000000000e+00 3.979939475339499540e-15 3.630171206168590303e-15
5.000000000000000000e+00 1.000000000000000000e+00 1.280000000000000000e+02 2.500000000000000000e-01 0.000000000000000000e+00 6.491222472791998978e-15 5.589632830212831868e-15
5.000000000000000000e+00 1.000000000000000000e+00 7.812500000000000000e-03 2.500000000000000000e-01 1.000000000000000056e-01 2.079640429326402362e+00 1.569774527622251059e-01
5.000000000000000000e+00 1.000000000000000000e+00 1.562500000000000000e-02 2.500000000000000000e-01 1.000000000000000056e-01 1.883859725811099395e+00 1.351699673587330452e-01
5.000000000000000000e+00 1.000000000000000000e+00 3.125000000000000000e-02 2.500000000000000000e-01 1.000000000000000056e-01 1.426226358183927179e+00 1.260021997426335194e-01
5.000000000000000000e+00 1.000000000000000000e+00 6.250000000000000000e-02 2.500000000000000000e-01 1.000000000000000056e-01 7.786573699887645583e-01 1.479113284997245481e-01
5.000000000000000000e+00 1.000000000000000000e+00 1.250000000000000000e-01 2.500000000000000000e-01 1.000000000000000056e-01 3.306193470212600571e-01 1.468484057731689330e-01
5.000000000000000000e+00 1.000000000000000000e+00 2.500000000000000000e-01 2.500000000000000000e-01 1.000000000000000056e-01 1.048911187013776558e-01 1.137981074758229183e-01
5.000000000000000000e+00 1.000000000000000000e+00 5.000000000000000000e-01 2.500000000000000000e-01 1.000000000000000056e-01 1.444530940966850044e-02 3.138771692360526472e-02
5.000000000000000000e+00 1.000000000000000000e+00 1.000000000000000000e+00 2.500000000000000000e-01 1.000000000000000056e-01 1.010225169206427744e-04 2.858634030323913390e-04
5.000000000000000000e+00 1.000000000000000000e+00 2.000000000000000000e+00 2.500000000000000000e-01 1.000000000000000056e-01 2.300286967861570453e-11 6.884741446955409601e-11
5.000000000000000000e+00 1.000000000000000000e+00 4.000000000000000000e+00 2.500000000000000000e-01 1.000000000000000056e-01 1.009539514476920455e-15 3.233907839103597651e-16
5.000000000000000000e+00 1.000000000000000000e+00 8.000000000000000000e+00 2.500000000000000000e-01 1.000000000000000056e-01 1.374477165092769174e-15 4.123211795650664181e-16
5.000000000000000000e+00 1.000000000000000000e+00 1.600000000000000000e+01 2.500000000000000000e-01 1.000000000000000056e-01 1.350882162902856057e-15 5.693884055488682765e-16
5.000000000000000000e+00 1.000000000000000000e+00 3.200000000000000000e+01 2.500000000000000000e-01 1.000000000000000056e-01 1.426498449839419760e-15 5.015684751266311688e-16
5.000000000000000000e+00 1.000000000000000000e+00 6.400000000000000000e+01 2.500000000000000000e-01 1.000000000000000056e-01 3.640228210854113029e-15 3.382969167730067711e-15
5.000000000000000000e+00 1.000000000000000000e+00 1.280000000000000000e+02 2.500000000000000000e-01 1.000000000000000056e-01 5.845036144719451794e-15 4.758638839907725919e-15
5.000000000000000000e+00 1.000000000000000000e+00 7.812500000000000000e-03 2.500000000000000000e-01 2.000000000000000111e-01 2.083377410915907557e+00 1.592277212957191879e-01
5.000000000000000000e+00 1.000000000000000000e+00 1.562500000000000000e-02 2.500000000000000000e-01 2.000000000000000111e-01 1.885742212535940876e+00 1.308564581161619500e-01
5.000000000000000000e+00 1.000000000000000000e+00 3.125000000000000000e-02 2.500000000000000000e-01 2.000000000000000111e-01 1.428338972640646132e+00 1.270284367710866058e-01
5.000000000000000000e+00 1.000000000000000000e+00 6.250000000000000000e-02 2.500000000000000000e-01 2.000000000000000111e-01 7.786333137737403431e-01 1.505559234108868050e-01
5.000000000000000000e+00 1.000000000000000000e+00 1.250000000000000000e-01 2.500000000000000000e-01 2.000000000000000111e-01 3.294967289031575652e-01 1.417527613461145586e-01
5.000000000000000000e+00 1.000000000000000000e+00 2.500000000000000000e-01 2.500000000000000000e-01 2.000000000000000111e-01 1.035304652796064512e-01 1.125610947680377866e-01
5.000000000000000000e+00 1.000000000000000000e+00 5.000000000000000000e-01 2.500000000000000000e-01 2.000000000000000111e-01 1.420774280226927075e-02 3.078568360824956301e-02
5.000000000000000000e+00 1.000000000000000000e+00 1.000000000000000000e+00 2.500000000000000000e-01 2.000000000000000111e-01 1.025640825773409503e-04 2.914541673003777800e-04
5.000000000000000000e+00 1.000000000000000000e+00 2.000000000000000000e+00 2.500000000000000000e-01 2.000000000000000111e-01 2.333117352185293951e-11 6.982442255590891918e-11
5.000000000000000000e+00 1.000000000000000000e+00 4.000000000000000000e+00 2.500000000000000000e-01 2.000000000000000111e-01 8.960213764373383545e-16 2.740272530586211899e-16
5.000000000000000000e+00 1.000000000000000000e+00 8.000000000000000000e+00 2.500000000000000000e-01 2.000000000000000111e-01 1.433623172615362460e-15 1.106813852147789215e-15
5.000000000000000000e+00 1.000000000000000000e+00 1.600000000000000000e+01 2.500000000000000000e-01 2.000000000000000111e-01 1.245659776611221432e-15 3.940872833091267481e-16
5.000000000000000000e+00 1.000000000000000000e+00 3.200000000000000000e+01 2.500000000000000000e-01 2.000000000000000111e-01 1.315680893038575012e-15 3.723834901567129491e-16
5.000000000000000000e+00 1.000000000000000000e+00 6.400000000000000000e+01 2.500000000000000000e-01 2.000000000000000111e-01 3.254597241059795751e-15 2.902753814447654767e-15
5.000000000000000000e+00 1.000000000000000000e+00 1.280000000000000000e+02 2.500000000000000000e-01 2.000000000000000111e-01 5.322540740538917200e-15 4.535188252718455464e-15
5.000000000000000000e+00 1.000000000000000000e+00 7.812500000000000000e-03 2.500000000000000000e-01 2.999999999999999889e-01 2.084554622155994519e+00 1.612324305866256469e-01
5.000000000000000000e+00 1.000000000000000000e+00 1.562500000000000000e-02 2.500000000000000000e-01 2.999999999999999889e-01 1.887721784315791185e+00 1.337657236787228310e-01
5.000000000000000000e+00 1.000000000000000000e+00 3.125000000000000000e-02 2.500000000000000000e-01 2.999999999999999889e-01 1.430536649425299123e+00 1.263856830139958864e-01
5.000000000000000000e+00 1.000000000000000000e+00 6.250000000000000000e-02 2.500000000000000000e-01 2.999999999999999889e-01 7.760030548783485305e-01 1.490326240030788174e-01
5.000000000000000000e+00 1.000000000000000000e+00 1.250000000000000000e-01 2.500000000000000000e-01 2.999999999999999889e-01 3.297983444581091828e-01 1.436974684864919527e-01
5.000000000000000000e+00 1.000000000000000000e+00 2.500000000000000000e-01 2.500000000000000000e-01 2.999999999999999889e-01 1.048032805629300207e-01 1.134238443527375850e-01
5.000000000000000000e+00 1.000000000000000000e+00 5.000000000000000000e-01 2.500000000000000000e-01 2.999999999999999889e-01 1.427363958971999101e-02 3.095379715492904693e-02
5.000000000000000000e+00 1.000000000000000000e+00 1.000000000000000000e+00 2.500000000000000000e-01 2.999999999999999889e-01 9.908927997315375024e-05 2.812323646079879194e-04
5.000000000000000000e+00 1.000000000000000000e+00 2.000000000000000000e+00 2.500000000000000000e-01 2.999999999999999889e-01 2.306869180500088695e-11 6.904451506818137361e-11
5.000000000000000000e+00 1.000000000000000000e+00 4.000000000000000000e+00 2.500000000000000000e-01 2.999999999999999889e-01 8.121070303599766951e-16 2.458559034732629731e-16
5.000000000000000000e+00 1.000000000000000000e+00 8.000000000000000000e+00 2.500000000000000000e-01 2.999999999999999889e-01 1.156662136236855757e-15 6.898213994754843920e-16
5.000000000000000000e+00 1.000000000000000000e+00 1.600000000000000000e+01 2.500000000000000000e-01 2.999999999999999889e-01 1.184448088021600054e-15 3.512132649756770965e-16
5.000000000000000000e+00 1.000000000000000000e+00 3.200000000000000000e+01 2.500000000000000000e-01 2.999999999999999889e-01 1.197934467642700113e-15 4.186794209987735748e-16
5.000000000000000000e+00 1.000000000000000000e+00 6.400000000000000000e+01 2.500000000000000000e-01 2.999999999999999889e-01 3.032390614867627014e-15 2.530943941412422066e-15
5.000000000000000000e+00 1.000000000000000000e+00 1.280000000000000000e+02 2.500000000000000000e-01 2.999999999999999889e-01 4.682113306908360302e-15 4.044083290188248474e-15
