5.000000000000000000e+00 1.000000000000000000e+00 7.812500000000000000e-03 1.600000000000000000e+01 4.000000000000000222e-01 1.417262480188298014e-02 3.073924763285447795e-02
5.000000000000000000e+00 1.000000000000000000e+00 1.562500000000000000e-02 1.600000000000000000e+01 4.000000000000000222e-01 1.022391738270636590e-04 2.902588546930774866e-04
5.000000000000000000e+00 1.000000000000000000e+00 3.125000000000000000e-02 1.600000000000000000e+01 4.000000000000000222e-01 2.329006696978392690e-11 6.976612267950494227e-11
5.000000000000000000e+00 1.000000000000000000e+00 6.250000000000000000e-02 1.600000000000000000e+01 4.000000000000000222e-01 8.096484525039966007e-16 3.212326389110325074e-16
5.000000000000000000e+00 1.000000000000000000e+00 1.250000000000000000e-01 1.600000000000000000e+01 4.000000000000000222e-01 8.711249173250368094e-16 2.160481632696471041e-16
5.000000000000000000e+00 1.000000000000000000e+00 2.500000000000000000e-01 1.600000000000000000e+01 4.000000000000000222e-01 1.041251042008408427e-15 3.133289847646202162e-16
5.000000000000000000e+00 1.000000000000000000e+00 5.000000000000000000e-01 1.600000000000000000e+01 4.000000000000000222e-01 1.139337539196457151e-15 4.477811167354238295e-16
5.000000000000000000e+00 1.000000000000000000e+00 1.000000000000000000e+00 1.600000000000000000e+01 4.000000000000000222e-01 2.544135618610630524e-15 2.288340042407131367e-15
5.000000000000000000e+00 1.000000000000000000e+00 2.000000000000000000e+00 1.600000000000000000e+01 4.000000000000000222e-01 3.893038575822217996e-15 3.178750811116866592e-15
5.000000000000000000e+00 1.000000000000000000e+00 4.000000000000000000e+00 1.600000000000000000e+01 4.000000000000000222e-01 7.423709623796199990e-15 5.259104096879667646e-15
5.000000000000000000e+00 1.000000000000000000e+00 8.000000000000000000e+00 1.600000000000000000e+01 4.000000000000000222e-01 1.452292949761157885e-14 1.508258997014949823e-14
5.000000000000000000e+00 1.000000000000000000e+00 1.600000000000000000e+01 1.600000000000000000e+01 4.000000000000000222e-01 2.609488423207639407e-14 2.261671861884611410e-14
5.000000000000000000e+00 1.000000000000000000e+00 3.200000000000000000e+01 1.600000000000000000e+01 4.000000000000000222e-01 5.390513753195439715e-14 5.434254570158193537e-14
5.000000000000000000e+00 1.000000000000000000e+00 6.400000000000000000e+01 1.600000000000000000e+01 4.000000000000000222e-01 9.998726678436091297e-14 8.206630355151159212e-14
5.000000000000000000e+00 1.000000000000000000e+00 1.280000000000000000e+02 1.600000000000000000e+01 4.000000000000000222e-01 1.969095694813706607e-13 1.255627484347669753e-13
5.000000000000000000e+00 1.000000000000000000e+00 7.812500000000000000e-03 1.600000000000000000e+01 5.000000000000000000e-01 1.427929424310281706e-02 3.075349255846843502e-02
5.000000000000000000e+00 1.000000000000000000e+00 1.562500000000000000e-02 1.600000000000000000e+01 5.000000000000000000e-01 9.994716435823090676e-05 2.828822900524306208e-04
5.000000000000000000e+00 1.000000000000000000e+00 3.125000000000000000e-02 1.600000000000000000e+01 5.000000000000000000e-01 2.345296294339508554e-11 7.024006586104408139e-11
5.000000000000000000e+00 1.000000000000000000e+00 6.250000000000000000e-02 1.600000000000000000e+01 5.000000000000000000e-01 6.064546524385642760e-16 1.319458705043811050e-16
5.000000000000000000e+00 1.000000000000000000e+00 1.250000000000000000e-01 1.600000000000000000e+01 5.000000000000000000e-01 8.280199617193264845e-16 3.554496645965190927e-16
5.000000000000000000e+00 1.000000000000000000e+00 2.500000000000000000e-01 1.600000000000000000e+01 5.000000000000000000e-01 7.807732429104803919e-16 1.979063342294539694e-16
5.000000000000000000e+00 1.000000000000000000e+00 5.000000000000000000e-01 1.600000000000000000e+01 5.000000000000000000e-01 9.313591701453343721e-16 3.095737233868486114e-16
5.000000000000000000e+00 1.000000000000000000e+00 1.000000000000000000e+00 1.600000000000000000e+01 5.000000000000000000e-01 2.113642667610211046e-15 1.572427207087495071e-15
5.000000000000000000e+00 1.000000000000000000e+00 2.000000000000000000e+00 1.600000000000000000e+01 5.000000000000000000e-01 3.202781271970712314e-15 2.607364290321570320e-15
5.000000000000000000e+00 1.000000000000000000e+00 4.000000000000000000e+00 1.600000000000000000e+01 5.000000000000000000e-01 5.967724526705557354e-15 4.021778523874655914e-15
5.000000000000000000e+00 1.000000000000000000e+00 8.000000000000000000e+00 1.600000000000000000e+01 5.000000000000000000e-01 1.245982135982349587e-14 1.327591512924414333e-14
5.000000000000000000e+00 1.000000000000000000e+00 1.600000000000000000e+01 1.600000000000000000e+01 5.000000000000000000e-01 2.144715833060311090e-14 1.867101069683059544e-14
5.000000000000000000e+00 1.000000000000000000e+00 3.200000000000000000e+01 1.600000000000000000e+01 5.000000000000000000e-01 4.449956315649789566e-14 4.432839303755618259e-14
5.000000000000000000e+00 1.000000000000000000e+00 6.400000000000000000e+01 1.600000000000000000e+01 5.000000000000000000e-01 8.367739955247228312e-14 6.922410839654077486e-14
5.000000000000000000e+00 1.000000000000000000e+00 1.280000000000000000e+02 1.600000000000000000e+01 5.000000000000000000e-01 1.644737868936030717e-13 1.052033238466123996e-13
5.000000000000000000e+00 1.000000000000000000e+00 7.812500000000000000e-03 1.600000000000000000e+01 5.999999999999999778e-01 1.427890447575858555e-02 3.088505816678202565e-02
5.000000000000000000e+00 1.000000000000000000e+00 1.562500000000000000e-02 1.600000000000000000e+01 5.999999999999999778e-01 1.000231700303373314e-04 2.829650299884573948e-04
5.000000000000000000e+00 1.000000000000000000e+00 3.125000000000000000e-02 1.600000000000000000e+01 5.999999999999999778e-01 2.294454063921964211e-11 6.872301502790696560e-11
5.000000000000000000e+00 1.000000000000000000e+00 6.250000000000000000e-02 1.600000000000000000e+01 5.999999999999999778e-01 5.311120730489583324e-16 1.222281043693786633e-16
5.000000000000000000e+00 1.000000000000000000e+00 1.250000000000000000e-01 1.600000000000000000e+01 5.999999999999999778e-01 6.594417128819062110e-16 1.920095752006276075e-16
5.000000000000000000e+00 1.000000000000000000e+00 2.500000000000000000e-01 1.600000000000000000e+01 5.999999999999999778e-01 7.240180197485388921e-16 1.338883022249411158e-16
5.000000000000000000e+00 1.000000000000000000e+00 5.000000000000000000e-01 1.600000000000000000e+01 5.999999999999999778e-01 7.370213275003257511e-16 2.220217992619144257e-16
5.000000000000000000e+00 1.000000000000000000e+00 1.000000000000000000e+00 1.600000000000000000e+01 5.999999999999999778e-01 1.681465196573864639e-15 1.491713134087500297e-15
5.000000000000000000e+00 1.000000000000000000e+00 2.000000000000000000e+00 1.600000000000000000e+01 5.999999999999999778e-01 2.633919040390942689e-15 2.163105214722495135e-15
5.000000000000000000e+00 1.000000000000000000e+00 4.000000000000000000e+00 1.600000000000000000e+01 5.999999999999999778e-01 4.900272740829496460e-15 3.435423923241505786e-15
5.000000000000000000e+00 1.000000000000000000e+00 8.000000000000000000e+00 1.600000000000000000e+01 5.999999999999999778e-01 9.731055028277863896e-15 1.000807763370854274e-14
5.000000000000000000e+00 1.000000000000000000e+00 1.600000000000000000e+01 1.600000000000000000e+01 5.999999999999999778e-01 1.734398527702770513e-14 1.477309345612679844e-14
5.000000000000000000e+00 1.000000000000000000e+00 3.200000000000000000e+01 1.600000000000000000e+01 5.999999999999999778e-01 3.596350783951192082e-14 3.509354331853691357e-14
5.000000000000000000e+00 1.000000000000000000e+00 6.400000000000000000e+01 1.600000000000000000e+01 5.999999999999999778e-01 6.710751003054359391e-14 5.598630876699992116e-14
5.000000000000000000e+00 1.000000000000000000e+00 1.280000000000000000e+02 1.600000000000000000e+01 5.999999999999999778e-01 1.329523414827650322e-13 8.484753683964042572e-14
