5.000000000000000000e+00 1.000000000000000000e+00 7.812500000000000000e-03 4.000000000000000000e+00 4.000000000000000222e-01 3.312469775265267646e-01 1.454839880773103611e-01
5.000000000000000000e+00 1.000000000000000000e+00 1.562500000000000000e-02 4.000000000000000000e+00 4.000000000000000222e-01 1.036687274149966226e-01 1.135867536595321220e-01
5.000000000000000000e+00 1.000000000000000000e+00 3.125000000000000000e-02 4.000000000000000000e+00 4.000000000000000222e-01 1.421842544813166007e-02 3.082284895027300603e-02
5.000000000000000000e+00 1.000000000000000000e+00 6.250000000000000000e-02 4.000000000000000000e+00 4.000000000000000222e-01 9.990191475686783303e-05 2.829144422334156812e-04
5.000000000000000000e+00 1.000000000000000000e+00 1.250000000000000000e-01 4.000000000000000000e+00 4.000000000000000222e-01 2.319721555398353849e-11 6.947219069085780101e-11
5.000000000000000000e+00 1.000000000000000000e+00 2.500000000000000000e-01 4.000000000000000000e+00 4.000000000000000222e-01 7.943273265087595112e-16 2.923937421892241255e-16
5.000000000000000000e+00 1.000000000000000000e+00 5.000000000000000000e-01 4.000000000000000000e+00 4.000000000000000222e-01 9.092217585887395645e-16 2.124551545776779794e-16
5.000000000000000000e+00 1.000000000000000000e+00 1.000000000000000000e+00 4.000000000000000000e+00 4.000000000000000222e-01 1.000452621596170741e-15 2.718910890099028151e-16
5.000000000000000000e+00 1.000000000000000000e+00 2.000000000000000000e+00 4.000000000000000000e+00 4.000000000000000222e-01 1.133773027325237065e-15 4.324862051980365743e-16
5.000000000000000000e+00 1.000000000000000000e+00 4.000000000000000000e+00 4.000000000000000000e+00 4.000000000000000222e-01 2.598888287860915525e-15 2.269852573739943330e-15
5.000000000000000000e+00 1.000000000000000000e+00 8.000000000000000000e+00 4.000000000000000000e+00 4.000000000000000222e-01 3.799338949529061987e-15 3.186069755190891486e-15
5.000000000000000000e+00 1.000000000000000000e+00 1.600000000000000000e+01 4.000000000000000000e+00 4.000000000000000222e-01 7.410922919278682547e-15 5.213201435678368437e-15
5.000000000000000000e+00 1.000000000000000000e+00 3.200000000000000000e+01 4.000000000000000000e+00 4.000000000000000222e-01 1.457451663942768993e-14 1.506315790836059438e-14
5.000000000000000000e+00 1.000000000000000000e+00 6.400000000000000000e+01 4.000000000000000000e+00 4.000000000000000222e-01 2.585538015905074321e-14 2.246007888452294476e-14
5.000000000000000000e+00 1.000000000000000000e+00 1.280000000000000000e+02 4.000000000000000000e+00 4.000000000000000222e-01 5.378103470791166165e-14 5.355530672985057586e-14
5.000000000000000000e+00 1.000000000000000000e+00 7.812500000000000000e-03 4.000000000000000000e+00 5.000000000000000000e-01 3.291814923849122887e-01 1.405123813865266913e-01
5.000000000000000000e+00 1.000000000000000000e+00 1.562500000000000000e-02 4.000000000000000000e+00 5.000000000000000000e-01 1.045286312906801990e-01 1.125738273546951357e-01
5.000000000000000000e+00 1.000000000000000000e+00 3.125000000000000000e-02 4.000000000000000000e+00 5.000000000000000000e-01 1.432195643440652491e-02 3.090997616808426746e-02
5.000000000000000000e+00 1.000000000000000000e+00 6.250000000000000000e-02 4.000000000000000000e+00 5.000000000000000000e-01 1.007711554830645893e-04 2.853493780247759329e-04
5.000000000000000000e+00 1.000000000000000000e+00 1.250000000000000000e-01 4.000000000000000000e+00 5.000000000000000000e-01 2.329578077257816174e-11 6.977005680924985900e-11
5.000000000000000000e+00 1.000000000000000000e+00 2.500000000000000000e-01 4.000000000000000000e+00 5.000000000000000000e-01 6.214659124516588654e-16 1.771984364572725723e-16
5.000000000000000000e+00 1.000000000000000000e+00 5.000000000000000000e-01 4.000000000000000000e+00 5.000000000000000000e-01 8.318369140255067003e-16 3.051080696798217154e-16
5.000000000000000000e+00 1.000000000000000000e+00 1.000000000000000000e+00 4.000000000000000000e+00 5.000000000000000000e-01 8.161734753581648139e-16 2.174427124325699387e-16
5.000000000000000000e+00 1.000000000000000000e+00 2.000000000000000000e+00 4.000000000000000000e+00 5.000000000000000000e-01 9.360108989728638891e-16 3.242524710400496912e-16
5.000000000000000000e+00 1.000000000000000000e+00 4.000000000000000000e+00 4.000000000000000000e+00 5.000000000000000000e-01 2.144433045078359391e-15 1.585028056430564341e-15
5.000000000000000000e+00 1.000000000000000000e+00 8.000000000000000000e+00 4.000000000000000000e+00 5.000000000000000000e-01 3.219846462137612185e-15 2.566581004590101763e-15
5.000000000000000000e+00 1.000000000000000000e+00 1.600000000000000000e+01 4.000000000000000000e+00 5.000000000000000000e-01 5.935998746586432854e-15 4.003367804296014818e-15
5.000000000000000000e+00 1.000000000000000000e+00 3.200000000000000000e+01 4.000000000000000000e+00 5.000000000000000000e-01 1.241182499870662674e-14 1.305296589719918675e-14
5.000000000000000000e+00 1.000000000000000000e+00 6.400000000000000000e+01 4.000000000000000000e+00 5.000000000000000000e-01 2.137922995142086246e-14 1.851039338354472439e-14
5.000000000000000000e+00 1.000000000000000000e+00 1.280000000000000000e+02 4.000000000000000000e+00 5.000000000000000000e-01 4.490368804958729965e-14 4.452138606787919534e-14
5.000000000000000000e+00 1.000000000000000000e+00 7.812500000000000000e-03 4.000000000000000000e+00 5.999999999999999778e-01 3.309946414353100996e-01 1.445034320646949866e-01
5.000000000000000000e+00 1.000000000000000000e+00 1.562500000000000000e-02 4.000000000000000000e+00 5.999999999999999778e-01 1.039791715818576823e-01 1.129331125582815065e-01
5.000000000000000000e+00 1.000000000000000000e+00 3.125000000000000000e-02 4.000000000000000000e+00 5.999999999999999778e-01 1.408175862063753593e-02 3.028373346275152825e-02
5.000000000000000000e+00 1.000000000000000000e+00 6.250000000000000000e-02 4.000000000000000000e+00 5.999999999999999778e-01 1.020890568228941594e-04 2.897027160367933061e-04
5.000000000000000000e+00 1.000000000000000000e+00 1.250000000000000000e-01 4.000000000000000000e+00 5.999999999999999778e-01 2.304585429196953841e-11 6.902950842425037026e-11
5.000000000000000000e+00 1.000000000000000000e+00 2.500000000000000000e-01 4.000000000000000000e+00 5.999999999999999778e-01 5.225490676727961861e-16 1.316084404856563665e-16
5.000000000000000000e+00 1.000000000000000000e+00 5.000000000000000000e-01 4.000000000000000000e+00 5.999999999999999778e-01 6.441007788743072340e-16 1.670008081386074112e-16
5.000000000000000000e+00 1.000000000000000000e+00 1.000000000000000000e+00 4.000000000000000000e+00 5.999999999999999778e-01 6.874187657031500451e-16 1.120093090221765573e-16
5.000000000000000000e+00 1.000000000000000000e+00 2.000000000000000000e+00 4.000000000000000000e+00 5.999999999999999778e-01 7.330206446379381961e-16 1.858860001835367525e-16
5.000000000000000000e+00 1.000000000000000000e+00 4.000000000000000000e+00 4.000000000000000000e+00 5.999999999999999778e-01 1.716168127287624820e-15 1.488064599421970973e-15
5.000000000000000000e+00 1.000000000000000000e+00 8.000000000000000000e+00 4.000000000000000000e+00 5.999999999999999778e-01 2.622951664914684150e-15 2.103701112536882840e-15
5.000000000000000000e+00 1.000000000000000000e+00 1.600000000000000000e+01 4.000000000000000000e+00 5.999999999999999778e-01 4.955224488812414147e-15 3.448681400602511061e-15
5.000000000000000000e+00 1.000000000000000000e+00 3.200000000000000000e+01 4.000000000000000000e+00 5.999999999999999778e-01 9.838308829557447978e-15 1.030323020067445078e-14
5.000000000000000000e+00 1.000000000000000000e+00 6.400000000000000000e+01 4.000000000000000000e+00 5.999999999999999778e-01 1.753490376205152383e-14 1.502383756116575541e-14
5.000000000000000000e+00 1.000000000000000000e+00 1.280000000000000000e+02 4.000000000000000000e+00 5.999999999999999778e-01 3.615479387626631899e-14 3.603784688694238600e-14
