5.000000000000000000e+00 1.000000000000000000e+00 7.812500000000000000e-03 1.250000000000000000e-01 6.999999999999999556e-01 2.153818964390501023e+00 1.416687663106446782e-01
5.000000000000000000e+00 1.000000000000000000e+00 1.562500000000000000e-02 1.250000000000000000e-01 6.999999999999999556e-01 2.110526496760635418e+00 1.683249523941923176e-01
5.000000000000000000e+00 1.000000000000000000e+00 3.125000000000000000e-02 1.250000000000000000e-01 6.999999999999999556e-01 1.910401935065689560e+00 1.385686561708140696e-01
5.000000000000000000e+00 1.000000000000000000e+00 6.250000000000000000e-02 1.250000000000000000e-01 6.999999999999999556e-01 1.448146293231374226e+00 1.306542523604570238e-01
5.000000000000000000e+00 1.000000000000000000e+00 1.250000000000000000e-01 1.250000000000000000e-01 6.999999999999999556e-01 7.866386103999128965e-01 1.519885533044997850e-01
5.000000000000000000e+00 1.000000000000000000e+00 2.500000000000000000e-01 1.250000000000000000e-01 6.999999999999999556e-01 3.314123775970135299e-01 1.433630999915009308e-01
5.000000000000000000e+00 1.000000000000000000e+00 5.000000000000000000e-01 1.250000000000000000e-01 6.999999999999999556e-01 1.057496535791127013e-01 1.148851974943904120e-01
5.000000000000000000e+00 1.000000000000000000e+00 1.000000000000000000e+00 1.250000000000000000e-01 6.999999999999999556e-01 1.429410841411875820e-02 3.111634433551387774e-02
5.000000000000000000e+00 1.000000000000000000e+00 2.000000000000000000e+00 1.250000000000000000e-01 6.999999999999999556e-01 1.020557369973931381e-04 2.894586810966892805e-04
5.000000000000000000e+00 1.000000000000000000e+00 4.000000000000000000e+00 1.250000000000000000e-01 6.999999999999999556e-01 2.295378437778821265e-11 6.874146922327295419e-11
5.000000000000000000e+00 1.000000000000000000e+00 8.000000000000000000e+00 1.250000000000000000e-01 6.999999999999999556e-01 4.591903507252471707e-16 9.073230329203751420e-17
5.000000000000000000e+00 1.000000000000000000e+00 1.600000000000000000e+01 1.250000000000000000e-01 6.999999999999999556e-01 5.832712084682059561e-16 1.745509059001565632e-16
5.000000000000000000e+00 1.000000000000000000e+00 3.200000000000000000e+01 1.250000000000000000e-01 6.999999999999999556e-01 5.402315513677696570e-16 1.069720635925033300e-16
5.000000000000000000e+00 1.000000000000000000e+00 6.400000000000000000e+01 1.250000000000000000e-01 6.999999999999999556e-01 6.038314743703564918e-16 1.326348081636095099e-16
5.000000000000000000e+00 1.000000000000000000e+00 1.280000000000000000e+02 1.250000000000000000e-01 6.999999999999999556e-01 1.332084397917820908e-15 1.040782783393437055e-15
5.000000000000000000e+00 1.000000000000000000e+00 7.812500000000000000e-03 1.250000000000000000e-01 8.000000000000000444e-01 2.152952095022780732e+00 1.442349162733488066e-01
5.000000000000000000e+00 1.000000000000000000e+00 1.562500000000000000e-02 1.250000000000000000e-01 8.000000000000000444e-01 2.117641098269752220e+00 1.755563938464486662e-01
5.000000000000000000e+00 1.000000000000000000e+00 3.125000000000000000e-02 1.250000000000000000e-01 8.000000000000000444e-01 1.915053291240998545e+00 1.393405725751187263e-01
5.000000000000000000e+00 1.000000000000000000e+00 6.250000000000000000e-02 1.250000000000000000e-01 8.000000000000000444e-01 1.453963656193047793e+00 1.303744196750198925e-01
5.000000000000000000e+00 1.000000000000000000e+00 1.250000000000000000e-01 1.250000000000000000e-01 8.000000000000000444e-01 7.878173395187351158e-01 1.506187077496841942e-01
5.000000000000000000e+00 1.000000000000000000e+00 2.500000000000000000e-01 1.250000000000000000e-01 8.000000000000000444e-01 3.319229131349704098e-01 1.451152011397200681e-01
5.000000000000000000e+00 1.000000000000000000e+00 5.000000000000000000e-01 1.250000000000000000e-01 8.000000000000000444e-01 1.051259973591292807e-01 1.141965339894254611e-01
5.000000000000000000e+00 1.000000000000000000e+00 1.000000000000000000e+00 1.250000000000000000e-01 8.000000000000000444e-01 1.419116000107830192e-02 3.062669895418327140e-02
5.000000000000000000e+00 1.000000000000000000e+00 2.000000000000000000e+00 1.250000000000000000e-01 8.000000000000000444e-01 1.026053932932438899e-04 2.920645052057785525e-04
5.000000000000000000e+00 1.000000000000000000e+00 4.000000000000000000e+00 1.250000000000000000e-01 8.000000000000000444e-01 2.328096027306134910e-11 6.974749246211077387e-11
5.000000000000000000e+00 1.000000000000000000e+00 8.000000000000000000e+00 1.250000000000000000e-01 8.000000000000000444e-01 3.853237954585698976e-16 4.852459585147070215e-17
5.000000000000000000e+00 1.000000000000000000e+00 1.600000000000000000e+01 1.250000000000000000e-01 8.000000000000000444e-01 4.543036791980284577e-16 1.089503093557592821e-16
5.000000000000000000e+00 1.000000000000000000e+00 3.200000000000000000e+01 1.250000000000000000e-01 8.000000000000000444e-01 4.230535405111078073e-16 5.200371476482858688e-17
5.000000000000000000e+00 1.000000000000000000e+00 6.400000000000000000e+01 1.250000000000000000e-01 8.000000000000000444e-01 4.632036645841544822e-16 8.630325787005838279e-17
5.000000000000000000e+00 1.000000000000000000e+00 1.280000000000000000e+02 1.250000000000000000e-01 8.000000000000000444e-01 9.163114140134077911e-16 7.301305717003313938e-16
5.000000000000000000e+00 1.000000000000000000e+00 7.812500000000000000e-03 1.250000000000000000e-01 9.000000000000000222e-01 2.168784831723947537e+00 1.437947147386894331e-01
5.000000000000000000e+00 1.000000000000000000e+00 1.562500000000000000e-02 1.250000000000000000e-01 9.000000000000000222e-01 2.129492084985565636e+00 1.779565152008995843e-01
5.000000000000000000e+00 1.000000000000000000e+00 3.125000000000000000e-02 1.250000000000000000e-01 9.000000000000000222e-01 1.924223760772181269e+00 1.443909137164982592e-01
5.000000000000000000e+00 1.000000000000000000e+00 6.250000000000000000e-02 1.250000000000000000e-01 9.000000000000000222e-01 1.457324409654461750e+00 1.332933202885782931e-01
5.000000000000000000e+00 1.000000000000000000e+00 1.250000000000000000e-01 1.250000000000000000e-01 9.000000000000000222e-01 7.913890598824397937e-01 1.544498318689781768e-01
5.000000000000000000e+00 1.000000000000000000e+00 2.500000000000000000e-01 1.250000000000000000e-01 9.000000000000000222e-01 3.343243472449309861e-01 1.448356615548274662e-01
5.000000000000000000e+00 1.000000000000000000e+00 5.000000000000000000e-01 1.250000000000000000e-01 9.000000000000000222e-01 1.070436549858272829e-01 1.175864285662334835e-01
5.000000000000000000e+00 1.000000000000000000e+00 1.000000000000000000e+00 1.250000000000000000e-01 9.000000000000000222e-01 1.443636170812356324e-02 3.144391007006061556e-02
5.000000000000000000e+00 1.000000000000000000e+00 2.000000000000000000e+00 1.250000000000000000e-01 9.000000000000000222e-01 1.009435203528162410e-04 2.866739407628441836e-04
5.000000000000000000e+00 1.000000000000000000e+00 4.000000000000000000e+00 1.250000000000000000e-01 9.000000000000000222e-01 2.320012098877320753e-11 6.950368759888279090e-11
5.000000000000000000e+00 1.000000000000000000e+00 8.000000000000000000e+00 1.250000000000000000e-01 9.000000000000000222e-01 3.284519090923968855e-16 2.426377882278109853e-17
5.000000000000000000e+00 1.000000000000000000e+00 1.600000000000000000e+01 1.250000000000000000e-01 9.000000000000000222e-01 3.598557294004456194e-16 5.199522193614646806e-17
5.000000000000000000e+00 1.000000000000000000e+00 3.200000000000000000e+01 1.250000000000000000e-01 9.000000000000000222e-01 3.499803070278498499e-16 3.227239564972072388e-17
5.000000000000000000e+00 1.000000000000000000e+00 6.400000000000000000e+01 1.250000000000000000e-01 9.000000000000000222e-01 3.487819423673385581e-16 3.241115782602331350e-17
5.000000000000000000e+00 1.000000000000000000e+00 1.280000000000000000e+02 1.250000000000000000e-01 9.000000000000000222e-01 5.517079270331270935e-16 3.209055604942895274e-16
