5.000000000000000000e+00 1.000000000000000000e+00 7.812500000000000000e-03 4.000000000000000000e+00 6.999999999999999556e-01 3.337240482703904831e-01 1.444064875670875436e-01
5.000000000000000000e+00 1.000000000000000000e+00 1.562500000000000000e-02 4.000000000000000000e+00 6.999999999999999556e-01 1.040385418430413988e-01 1.131171710081101817e-01
5.000000000000000000e+00 1.000000000000000000e+00 3.125000000000000000e-02 4.000000000000000000e+00 6.999999999999999556e-01 1.453828632069161485e-02 3.162099494266064348e-02
5.000000000000000000e+00 1.000000000000000000e+00 6.250000000000000000e-02 4.000000000000000000e+00 6.999999999999999556e-01 1.024598729206363306e-04 2.909408669446133773e-04
5.000000000000000000e+00 1.000000000000000000e+00 1.250000000000000000e-01 4.000000000000000000e+00 6.999999999999999556e-01 2.294332729005891613e-11 6.871497699460839636e-11
5.000000000000000000e+00 1.000000000000000000e+00 2.500000000000000000e-01 4.000000000000000000e+00 6.999999999999999556e-01 4.808063013612079824e-16 1.268065418356152960e-16
5.000000000000000000e+00 1.000000000000000000e+00 5.000000000000000000e-01 4.000000000000000000e+00 6.999999999999999556e-01 5.780179481170653882e-16 1.788946836403684784e-16
5.000000000000000000e+00 1.000000000000000000e+00 1.000000000000000000e+00 4.000000000000000000e+00 6.999999999999999556e-01 5.631068176563152284e-16 1.114322331034618890e-16
5.000000000000000000e+00 1.000000000000000000e+00 2.000000000000000000e+00 4.000000000000000000e+00 6.999999999999999556e-01 6.030764690446791635e-16 1.311531730060337031e-16
5.000000000000000000e+00 1.000000000000000000e+00 4.000000000000000000e+00 4.000000000000000000e+00 6.999999999999999556e-01 1.299453649804161313e-15 1.044638195984847954e-15
5.000000000000000000e+00 1.000000000000000000e+00 8.000000000000000000e+00 4.000000000000000000e+00 6.999999999999999556e-01 2.026627211009210333e-15 1.524897365027007708e-15
5.000000000000000000e+00 1.000000000000000000e+00 1.600000000000000000e+01 4.000000000000000000e+00 6.999999999999999556e-01 3.697129003995711011e-15 2.480737365666580599e-15
5.000000000000000000e+00 1.000000000000000000e+00 3.200000000000000000e+01 4.000000000000000000e+00 6.999999999999999556e-01 7.285116724373959331e-15 7.415603672564751843e-15
5.000000000000000000e+00 1.000000000000000000e+00 6.400000000000000000e+01 4.000000000000000000e+00 6.999999999999999556e-01 1.303926574767297880e-14 1.126810004163310795e-14
5.000000000000000000e+00 1.000000000000000000e+00 1.280000000000000000e+02 4.000000000000000000e+00 6.999999999999999556e-01 2.707596998248938594e-14 2.694026246116620780e-14
5.000000000000000000e+00 1.000000000000000000e+00 7.812500000000000000e-03 4.000000000000000000e+00 8.000000000000000444e-01 3.321162685884557764e-01 1.459061814977709592e-01
5.000000000000000000e+00 1.000000000000000000e+00 1.562500000000000000e-02 4.000000000000000000e+00 8.000000000000000444e-01 1.052832466888136975e-01 1.130705137257699416e-01
5.000000000000000000e+00 1.000000000000000000e+00 3.125000000000000000e-02 4.000000000000000000e+00 8.000000000000000444e-01 1.415522187161837898e-02 3.058408907725010048e-02
5.000000000000000000e+00 1.000000000000000000e+00 6.250000000000000000e-02 4.000000000000000000e+00 8.000000000000000444e-01 1.016998197823531966e-04 2.882851610067574009e-04
5.000000000000000000e+00 1.000000000000000000e+00 1.250000000000000000e-01 4.000000000000000000e+00 8.000000000000000444e-01 2.286037366107053290e-11 6.847938417102302846e-11
5.000000000000000000e+00 1.000000000000000000e+00 2.500000000000000000e-01 4.000000000000000000e+00 8.000000000000000444e-01 3.758560864790005742e-16 5.056286557455148619e-17
5.000000000000000000e+00 1.000000000000000000e+00 5.000000000000000000e-01 4.000000000000000000e+00 8.000000000000000444e-01 4.506966758116988367e-16 9.671531169344206305e-17
5.000000000000000000e+00 1.000000000000000000e+00 1.000000000000000000e+00 4.000000000000000000e+00 8.000000000000000444e-01 4.418419768290081629e-16 6.593948904212476895e-17
5.000000000000000000e+00 1.000000000000000000e+00 2.000000000000000000e+00 4.000000000000000000e+00 8.000000000000000444e-01 4.613435456292420709e-16 7.976805359045010155e-17
5.000000000000000000e+00 1.000000000000000000e+00 4.000000000000000000e+00 4.000000000000000000e+00 8.000000000000000444e-01 9.121305149119603608e-16 7.208731493063223041e-16
5.000000000000000000e+00 1.000000000000000000e+00 8.000000000000000000e+00 4.000000000000000000e+00 8.000000000000000444e-01 1.351966146917841813e-15 1.042215524253966570e-15
5.000000000000000000e+00 1.000000000000000000e+00 1.600000000000000000e+01 4.000000000000000000e+00 8.000000000000000444e-01 2.514260973828191477e-15 1.782895678184422653e-15
5.000000000000000000e+00 1.000000000000000000e+00 3.200000000000000000e+01 4.000000000000000000e+00 8.000000000000000444e-01 4.994691494957277305e-15 5.075454406085822922e-15
5.000000000000000000e+00 1.000000000000000000e+00 6.400000000000000000e+01 4.000000000000000000e+00 8.000000000000000444e-01 8.710986859236989027e-15 7.547782171974605772e-15
5.000000000000000000e+00 1.000000000000000000e+00 1.280000000000000000e+02 4.000000000000000000e+00 8.000000000000000444e-01 1.819769254308422488e-14 1.808981086684064623e-14
5.000000000000000000e+00 1.000000000000000000e+00 7.812500000000000000e-03 4.000000000000000000e+00 9.000000000000000222e-01 3.338266748776174686e-01 1.457517754300863833e-01
5.000000000000000000e+00 1.000000000000000000e+00 1.562500000000000000e-02 4.000000000000000000e+00 9.000000000000000222e-01 1.056679415057540095e-01 1.150442051941907018e-01
5.000000000000000000e+00 1.000000000000000000e+00 3.125000000000000000e-02 4.000000000000000000e+00 9.000000000000000222e-01 1.414528240252621062e-02 3.052746804214393622e-02
5.000000000000000000e+00 1.000000000000000000e+00 6.250000000000000000e-02 4.000000000000000000e+00 9.000000000000000222e-01 1.023914315470062490e-04 2.900295568925934792e-04
5.000000000000000000e+00 1.000000000000000000e+00 1.250000000000000000e-01 4.000000000000000000e+00 9.000000000000000222e-01 2.261590293347780749e-11 6.775009033167131336e-11
5.000000000000000000e+00 1.000000000000000000e+00 2.500000000000000000e-01 4.000000000000000000e+00 9.000000000000000222e-01 3.255984849322802180e-16 2.220877204924543687e-17
5.000000000000000000e+00 1.000000000000000000e+00 5.000000000000000000e-01 4.000000000000000000e+00 9.000000000000000222e-01 3.638442232713884652e-16 6.177010090539885603e-17
5.000000000000000000e+00 1.000000000000000000e+00 1.000000000000000000e+00 4.000000000000000000e+00 9.000000000000000222e-01 3.469255575716842442e-16 2.925746628738830300e-17
5.000000000000000000e+00 1.000000000000000000e+00 2.000000000000000000e+00 4.000000000000000000e+00 9.000000000000000222e-01 3.488580235502937222e-16 3.883448599723349715e-17
5.000000000000000000e+00 1.000000000000000000e+00 4.000000000000000000e+00 4.000000000000000000e+00 9.000000000000000222e-01 5.434769609760653515e-16 3.262934336348849753e-16
5.000000000000000000e+00 1.000000000000000000e+00 8.000000000000000000e+00 4.000000000000000000e+00 9.000000000000000222e-01 7.310191229181013625e-16 4.696073898997497114e-16
5.000000000000000000e+00 1.000000000000000000e+00 1.600000000000000000e+01 4.000000000000000000e+00 9.000000000000000222e-01 1.342177498112038430e-15 8.806099737185673740e-16
5.000000000000000000e+00 1.000000000000000000e+00 3.200000000000000000e+01 4.000000000000000000e+00 9.000000000000000222e-01 2.459875159243885235e-15 2.542300391681242294e-15
5.000000000000000000e+00 1.000000000000000000e+00 6.400000000000000000e+01 4.000000000000000000e+00 9.000000000000000222e-01 4.700750010425140523e-15 4.159797903789783095e-15
5.000000000000000000e+00 1.000000000000000000e+00 1.280000000000000000e+02 4.000000000000000000e+00 9.000000000000000222e-01 9.061836281836580623e-15 8.899086180405604578e-15
