5.000000000000000000e+00 1.000000000000000000e+00 7.812500000000000000e-03 2.000000000000000000e+00 0.000000000000000000e+00 7.756987474037047026e-01 1.497591651572437732e-01
5.000000000000000000e+00 1.000000000000000000e+00 1.562500000000000000e-02 2.000000000000000000e+00 0.000000000000000000e+00 3.301524482559902718e-01 1.443042354705697250e-01
5.000000000000000000e+00 1.000000000000000000e+00 3.125000000000000000e-02 2.000000000000000000e+00 0.000000000000000000e+00 1.041806040794575755e-01 1.119402116653237245e-01
5.000000000000000000e+00 1.000000000000000000e+00 6.250000000000000000e-02 2.000000000000000000e+00 0.000000000000000000e+00 1.404846503670063862e-02 3.019397697791741803e-02
5.000000000000000000e+00 1.000000000000000000e+00 1.250000000000000000e-01 2.000000000000000000e+00 0.000000000000000000e+00 9.964957249223942680e-05 2.828553698691798138e-04
5.000000000000000000e+00 1.000000000000000000e+00 2.500000000000000000e-01 2.000000000000000000e+00 0.000000000000000000e+00 2.325976394519195786e-11 6.962223549791683836e-11
5.000000000000000000e+00 1.000000000000000000e+00 5.000000000000000000e-01 2.000000000000000000e+00 0.000000000000000000e+00 9.953514409084055073e-16 3.451499912474000616e-16
5.000000000000000000e+00 1.000000000000000000e+00 1.000000000000000000e+00 2.000000000000000000e+00 0.000000000000000000e+00 1.337917159918485202e-15 6.102254180795297561e-16
5.000000000000000000e+00 1.000000000000000000e+00 2.000000000000000000e+00 2.000000000000000000e+00 0.000000000000000000e+00 1.461118685601518673e-15 5.149057584822876208e-16
5.000000000000000000e+00 1.000000000000000000e+00 4.000000000000000000e+00 2.000000000000000000e+00 0.000000000000000000e+00 1.517190968258919621e-15 4.147994522777178363e-16
5.000000000000000000e+00 1.000000000000000000e+00 8.000000000000000000e+00 2.000000000000000000e+00 0.000000000000000000e+00 3.903156206257600474e-15 3.573687019056325576e-15
5.000000000000000000e+00 1.000000000000000000e+00 1.600000000000000000e+01 2.000000000000000000e+00 0.000000000000000000e+00 6.513915278903382379e-15 5.569412435491358055e-15
5.000000000000000000e+00 1.000000000000000000e+00 3.200000000000000000e+01 2.000000000000000000e+00 0.000000000000000000e+00 1.206801154918550344e-14 8.499573656606015405e-15
5.000000000000000000e+00 1.000000000000000000e+00 6.400000000000000000e+01 2.000000000000000000e+00 0.000000000000000000e+00 2.412156886895044800e-14 2.460593003704409347e-14
5.000000000000000000e+00 1.000000000000000000e+00 1.280000000000000000e+02 2.000000000000000000e+00 0.000000000000000000e+00 4.270816959931446411e-14 3.708222489281424551e-14
5.000000000000000000e+00 1.000000000000000000e+00 7.812500000000000000e-03 2.000000000000000000e+00 1.000000000000000056e-01 7.770405003797605792e-01 1.486869955684741174e-01
5.000000000000000000e+00 1.000000000000000000e+00 1.562500000000000000e-02 2.000000000000000000e+00 1.000000000000000056e-01 3.315433425458166328e-01 1.436074884685817343e-01
5.000000000000000000e+00 1.000000000000000000e+00 3.125000000000000000e-02 2.000000000000000000e+00 1.000000000000000056e-01 1.048992560444473032e-01 1.148933277042906154e-01
5.000000000000000000e+00 1.000000000000000000e+00 6.250000000000000000e-02 2.000000000000000000e+00 1.000000000000000056e-01 1.409217615860445215e-02 3.034840040771342312e-02
5.000000000000000000e+00 1.000000000000000000e+00 1.250000000000000000e-01 2.000000000000000000e+00 1.000000000000000056e-01 9.955630046991391716e-05 2.820202320283137312e-04
5.000000000000000000e+00 1.000000000000000000e+00 2.500000000000000000e-01 2.000000000000000000e+00 1.000000000000000056e-01 2.379984880127727786e-11 7.124853816028868955e-11
5.000000000000000000e+00 1.000000000000000000e+00 5.000000000000000000e-01 2.000000000000000000e+00 1.000000000000000056e-01 9.452110987267238990e-16 3.168041368504941200e-16
5.000000000000000000e+00 1.000000000000000000e+00 1.000000000000000000e+00 2.000000000000000000e+00 1.000000000000000056e-01 1.322143643184283152e-15 4.494473301419203405e-16
5.000000000000000000e+00 1.000000000000000000e+00 2.000000000000000000e+00 2.000000000000000000e+00 1.000000000000000056e-01 1.328152111644546722e-15 5.844363664810963588e-16
5.000000000000000000e+00 1.000000000000000000e+00 4.000000000000000000e+00 2.000000000000000000e+00 1.000000000000000056e-01 1.372094142521184091e-15 5.314971721708280409e-16
5.000000000000000000e+00 1.000000000000000000e+00 8.000000000000000000e+00 2.000000000000000000e+00 1.000000000000000056e-01 3.720650399719690257e-15 3.203874361842314177e-15
5.000000000000000000e+00 1.000000000000000000e+00 1.600000000000000000e+01 2.000000000000000000e+00 1.000000000000000056e-01 5.964836637734072704e-15 4.568346315108375332e-15
5.000000000000000000e+00 1.000000000000000000e+00 3.200000000000000000e+01 2.000000000000000000e+00 1.000000000000000056e-01 1.112859642734644002e-14 7.670908933578857648e-15
5.000000000000000000e+00 1.000000000000000000e+00 6.400000000000000000e+01 2.000000000000000000e+00 1.000000000000000056e-01 2.135769931747423862e-14 2.324733778707648149e-14
5.000000000000000000e+00 1.000000000000000000e+00 1.280000000000000000e+02 2.000000000000000000e+00 1.000000000000000056e-01 3.840215432572490503e-14 3.298958926542265652e-14
5.000000000000000000e+00 1.000000000000000000e+00 7.812500000000000000e-03 2.000000000000000000e+00 2.000000000000000111e-01 7.757843044271106603e-01 1.460329684702856567e-01
5.000000000000000000e+00 1.000000000000000000e+00 1.562500000000000000e-02 2.000000000000000000e+00 2.000000000000000111e-01 3.293520719515430906e-01 1.429058289023771300e-01
5.000000000000000000e+00 1.000000000000000000e+00 3.125000000000000000e-02 2.000000000000000000e+00 2.000000000000000111e-01 1.041979234502501822e-01 1.130184354168848326e-01
5.000000000000000000e+00 1.000000000000000000e+00 6.250000000000000000e-02 2.000000000000000000e+00 2.000000000000000111e-01 1.430606348579376540e-02 3.106026332593235864e-02
5.000000000000000000e+00 1.000000000000000000e+00 1.250000000000000000e-01 2.000000000000000000e+00 2.000000000000000111e-01 9.925805840377841319e-05 2.807062131912596548e-04
5.000000000000000000e+00 1.000000000000000000e+00 2.500000000000000000e-01 2.000000000000000000e+00 2.000000000000000111e-01 2.299163837823605600e-11 6.883918228816869476e-11
5.000000000000000000e+00 1.000000000000000000e+00 5.000000000000000000e-01 2.000000000000000000e+00 2.000000000000000111e-01 9.217342724039618162e-16 4.179780714978734991e-16
5.000000000000000000e+00 1.000000000000000000e+00 1.000000000000000000e+00 2.000000000000000000e+00 2.000000000000000111e-01 1.424516727841816112e-15 1.050412088841101860e-15
5.000000000000000000e+00 1.000000000000000000e+00 2.000000000000000000e+00 2.000000000000000000e+00 2.000000000000000111e-01 1.236025720664576729e-15 3.503197146131720887e-16
5.000000000000000000e+00 1.000000000000000000e+00 4.000000000000000000e+00 2.000000000000000000e+00 2.000000000000000111e-01 1.231848496538061793e-15 3.275991489664753579e-16
5.000000000000000000e+00 1.000000000000000000e+00 8.000000000000000000e+00 2.000000000000000000e+00 2.000000000000000111e-01 3.140051744653083326e-15 2.873328420535727648e-15
5.000000000000000000e+00 1.000000000000000000e+00 1.600000000000000000e+01 2.000000000000000000e+00 2.000000000000000111e-01 5.292532212416028155e-15 4.587595766463640505e-15
5.000000000000000000e+00 1.000000000000000000e+00 3.200000000000000000e+01 2.000000000000000000e+00 2.000000000000000111e-01 1.005032694784743359e-14 7.153356815133543624e-15
5.000000000000000000e+00 1.000000000000000000e+00 6.400000000000000000e+01 2.000000000000000000e+00 2.000000000000000111e-01 1.909990398193767300e-14 1.920624080334830998e-14
5.000000000000000000e+00 1.000000000000000000e+00 1.280000000000000000e+02 2.000000000000000000e+00 2.000000000000000111e-01 3.391184309915461591e-14 2.881845249486964771e-14
5.000000000000000000e+00 1.000000000000000000e+00 7.812500000000000000e-03 2.000000000000000000e+00 2.999999999999999889e-01 7.769849706286156010e-01 1.509094134205715698e-01
5.000000000000000000e+00 1.000000000000000000e+00 1.562500000000000000e-02 2.000000000000000000e+00 2.999999999999999889e-01 3.290249479268946287e-01 1.415283525426599964e-01
5.000000000000000000e+00 1.000000000000000000e+00 3.125000000000000000e-02 2.000000000000000000e+00 2.999999999999999889e-01 1.038060888079394700e-01 1.126238132250733659e-01
5.000000000000000000e+00 1.000000000000000000e+00 6.250000000000000000e-02 2.000000000000000000e+00 2.999999999999999889e-01 1.412690089190542231e-02 3.040199741354663102e-02
5.000000000000000000e+00 1.000000000000000000e+00 1.250000000000000000e-01 2.000000000000000000e+00 2.999999999999999889e-01 1.003700308167412110e-04 2.843423019277761658e-04
5.000000000000000000e+00 1.000000000000000000e+00 2.500000000000000000e-01 2.000000000000000000e+00 2.999999999999999889e-01 2.334809711824359986e-11 6.993391323756106463e-11
5.000000000000000000e+00 1.000000000000000000e+00 5.000000000000000000e-01 2.000000000000000000e+00 2.999999999999999889e-01 7.651009637011059790e-16 1.863705149197344285e-16
5.000000000000000000e+00 1.000000000000000000e+00 1.000000000000000000e+00 2.000000000000000000e+00 2.999999999999999889e-01 1.181192338463100502e-15 8.184665306057338462e-16
5.000000000000000000e+00 1.000000000000000000e+00 2.000000000000000000e+00 2.000000000000000000e+00 2.999999999999999889e-01 1.137624992567432247e-15 3.876061289785461764e-16
5.000000000000000000e+00 1.000000000000000000e+00 4.000000000000000000e+00 2.000000000000000000e+00 2.999999999999999889e-01 1.188258110837133523e-15 4.767756515969140301e-16
5.000000000000000000e+00 1.000000000000000000e+00 8.000000000000000000e+00 2.000000000000000000e+00 2.999999999999999889e-01 2.998814946321767812e-15 2.475010702981421528e-15
5.000000000000000000e+00 1.000000000000000000e+00 1.600000000000000000e+01 2.000000000000000000e+00 2.999999999999999889e-01 4.639666168081725964e-15 3.902004241969319391e-15
5.000000000000000000e+00 1.000000000000000000e+00 3.200000000000000000e+01 2.000000000000000000e+00 2.999999999999999889e-01 8.655878232823358496e-15 6.197633959196180486e-15
5.000000000000000000e+00 1.000000000000000000e+00 6.400000000000000000e+01 2.000000000000000000e+00 2.999999999999999889e-01 1.682951778201117029e-14 1.713504470841938544e-14
5.000000000000000000e+00 1.000000000000000000e+00 1.280000000000000000e+02 2.000000000000000000e+00 2.999999999999999889e-01 3.020107346791604806e-14 2.574056737033737350e-14
