5.000000000000000000e+00 7.812500000000000000e-03 7.299999999999999822e-01 5.040491524768966336e+00 1.237552399439828310e+00
5.000000000000000000e+00 8.373230176064788352e-03 7.299999999999999822e-01 5.085696433789173909e+00 1.136975517128168578e+00
5.000000000000000000e+00 8.974205898414331500e-03 7.299999999999999822e-01 4.689028578798608571e+00 1.220747518629788919e+00
5.000000000000000000e+00 9.618315729257151739e-03 7.299999999999999822e-01 4.434263788687589525e+00 1.163559084814443922e+00
5.000000000000000000e+00 1.030865555291322552e-02 7.299999999999999822e-01 3.974233566018638975e+00 1.413199818133075381e+00
5.000000000000000000e+00 1.104854345603979195e-02 7.299999999999999822e-01 3.734258678251770824e+00 1.207608728625469308e+00
5.000000000000000000e+00 1.184153567586246694e-02 7.299999999999999822e-01 3.401273779476476022e+00 1.239147361605938746e+00
5.000000000000000000e+00 1.269144369306615845e-02 7.299999999999999822e-01 2.966669278518294650e+00 1.126226404597412412e+00
5.000000000000000000e+00 1.360235255150191343e-02 7.299999999999999822e-01 2.762219366886808913e+00 1.015383894058093928e+00
5.000000000000000000e+00 1.457864049276258282e-02 7.299999999999999822e-01 2.532792448214667314e+00 9.911374497065597033e-01
5.000000000000000000e+00 1.562499999999996184e-02 7.299999999999999822e-01 2.299053997353136314e+00 8.915657811793102905e-01
5.000000000000000000e+00 1.674646035212953507e-02 7.299999999999999822e-01 2.155735669054553494e+00 9.099944067760188382e-01
5.000000000000000000e+00 1.794841179682861790e-02 7.299999999999999822e-01 1.958586378396686367e+00 8.212003450191877052e-01
5.000000000000000000e+00 1.923663145851425491e-02 7.299999999999999822e-01 1.838403943627189729e+00 8.087823019516421352e-01
5.000000000000000000e+00 2.061731110582640247e-02 7.299999999999999822e-01 1.722732393237966120e+00 7.468721822751354100e-01
5.000000000000000000e+00 2.209708691207952838e-02 7.299999999999999822e-01 1.655760932853991729e+00 8.141893270004159078e-01
5.000000000000000000e+00 2.368307135172487837e-02 7.299999999999999822e-01 1.551818219764073525e+00 7.325681850833389852e-01
5.000000000000000000e+00 2.538288738613225445e-02 7.299999999999999822e-01 1.457503607307514493e+00 6.609796654960564677e-01
5.000000000000000000e+00 2.720470510300375747e-02 7.299999999999999822e-01 1.394811282939138142e+00 6.287576286651589408e-01
5.000000000000000000e+00 2.915728098552509626e-02 7.299999999999999822e-01 1.332756999129952158e+00 5.830428737647809223e-01
5.000000000000000000e+00 3.124999999999984734e-02 7.299999999999999822e-01 1.261864393381361582e+00 4.898798762963406661e-01
5.000000000000000000e+00 3.349292070425898687e-02 7.299999999999999822e-01 1.231048099420085640e+00 4.865015347852373884e-01
5.000000000000000000e+00 3.589682359365715253e-02 7.299999999999999822e-01 1.176176880003858560e+00 3.864678991011146758e-01
5.000000000000000000e+00 3.847326291702841267e-02 7.299999999999999822e-01 1.137854979994241456e+00 3.197836582325337407e-01
5.000000000000000000e+00 4.123462221165270086e-02 7.299999999999999822e-01 1.107672273027655141e+00 2.619782949291983853e-01
5.000000000000000000e+00 4.419417382415894574e-02 7.299999999999999822e-01 1.084309672081592790e+00 2.140059443477611290e-01
5.000000000000000000e+00 4.736614270344963878e-02 7.299999999999999822e-01 1.066731474805517665e+00 1.750908466949202824e-01
5.000000000000000000e+00 5.076577477226438401e-02 7.299999999999999822e-01 1.054358208779097472e+00 1.463597374328378387e-01
5.000000000000000000e+00 5.440941020600738309e-02 7.299999999999999822e-01 1.045507755717665743e+00 1.245052104281190175e-01
5.000000000000000000e+00 5.831456197105004680e-02 7.299999999999999822e-01 1.038099561808998095e+00 1.048919267061641791e-01
5.000000000000000000e+00 6.249999999999953509e-02 7.299999999999999822e-01 1.032919595416798675e+00 9.073854299936692791e-02
5.000000000000000000e+00 6.698584140851780722e-02 7.299999999999999822e-01 1.028376427890362876e+00 7.785363899825907541e-02
5.000000000000000000e+00 7.179364718731412465e-02 7.299999999999999822e-01 1.025143556022777735e+00 6.857518065577031252e-02
5.000000000000000000e+00 7.694652583405664492e-02 7.299999999999999822e-01 1.021748930166212821e+00 5.866385189529245425e-02
5.000000000000000000e+00 8.246924442330520744e-02 7.299999999999999822e-01 1.018715857040961792e+00 4.976609595127669955e-02
5.000000000000000000e+00 8.838834764831768331e-02 7.299999999999999822e-01 1.015853217472180825e+00 4.134583963592022848e-02
5.000000000000000000e+00 9.473228540689904165e-02 7.299999999999999822e-01 1.013429347077273945e+00 3.422032958523097551e-02
5.000000000000000000e+00 1.015315495445285182e-01 7.299999999999999822e-01 1.011185583144466271e+00 2.762082888602157213e-02
5.000000000000000000e+00 1.088188204120145025e-01 7.299999999999999822e-01 1.009371812351488540e+00 2.230155619857409482e-02
5.000000000000000000e+00 1.166291239420998022e-01 7.299999999999999822e-01 1.007890759190196217e+00 1.797613059335933378e-02
5.000000000000000000e+00 1.249999999999987649e-01 7.299999999999999822e-01 1.006731843139484051e+00 1.461776221585827686e-02
5.000000000000000000e+00 1.339716828170352814e-01 7.299999999999999822e-01 1.005855738582391190e+00 1.211286167050160990e-02
5.000000000000000000e+00 1.435872943746278885e-01 7.299999999999999822e-01 1.005161022505813850e+00 1.016104505470826619e-02
5.000000000000000000e+00 1.538930516681129013e-01 7.299999999999999822e-01 1.004631267318784493e+00 8.715094857428799455e-03
5.000000000000000000e+00 1.649384888466099985e-01 7.299999999999999822e-01 1.004086960953696650e+00 7.240642502054635103e-03
5.000000000000000000e+00 1.767766952966349225e-01 7.299999999999999822e-01 1.003499216002256667e+00 5.654133196324962786e-03
5.000000000000000000e+00 1.894645708137976114e-01 7.299999999999999822e-01 1.002912281948731055e+00 4.091486880443756177e-03
5.000000000000000000e+00 2.030630990890565368e-01 7.299999999999999822e-01 1.002440651698609297e+00 2.894493693064899027e-03
5.000000000000000000e+00 2.176376408240284499e-01 7.299999999999999822e-01 1.002130995671708380e+00 2.191492590598138716e-03
5.000000000000000000e+00 2.332582478841990492e-01 7.299999999999999822e-01 1.001896377014643402e+00 1.717030770594103316e-03
5.000000000000000000e+00 2.499999999999969191e-01 7.299999999999999822e-01 1.001674835842010003e+00 1.287063443931702779e-03
5.000000000000000000e+00 2.679433656340699521e-01 7.299999999999999822e-01 1.001486159251794961e+00 9.447900758640398076e-04
5.000000000000000000e+00 2.871745887492550553e-01 7.299999999999999822e-01 1.001380458108393601e+00 7.794893036101797120e-04
5.000000000000000000e+00 3.077861033362250809e-01 7.299999999999999822e-01 1.001352238508675718e+00 7.279013172781789720e-04
5.000000000000000000e+00 3.298769776932191644e-01 7.299999999999999822e-01 1.001380934628801622e+00 6.968363359662648393e-04
5.000000000000000000e+00 3.535533905932689569e-01 7.299999999999999822e-01 1.001506229145072702e+00 7.047335418906312474e-04
5.000000000000000000e+00 3.789291416275942792e-01 7.299999999999999822e-01 1.001785009625027367e+00 7.699654770683780252e-04
5.000000000000000000e+00 4.061261981781120745e-01 7.299999999999999822e-01 1.002317688511058957e+00 9.672517774821115955e-04
5.000000000000000000e+00 4.352752816480558451e-01 7.299999999999999822e-01 1.003312684021941736e+00 1.589192601087167575e-03
5.000000000000000000e+00 4.665164957683969327e-01 7.299999999999999822e-01 1.005166361491977467e+00 3.121690784674274223e-03
5.000000000000000000e+00 4.999999999999926170e-01 7.299999999999999822e-01 1.008617308207607310e+00 6.388845566366989533e-03
5.000000000000000000e+00 5.358867312681385719e-01 7.299999999999999822e-01 1.015003723635617972e+00 1.297690325467517301e-02
5.000000000000000000e+00 5.743491774985087783e-01 7.299999999999999822e-01 1.025844174096895767e+00 2.484911474829229125e-02
5.000000000000000000e+00 6.155722066724486075e-01 7.299999999999999822e-01 1.040969579607164963e+00 4.127008952151827587e-02
5.000000000000000000e+00 6.597539553864367745e-01 7.299999999999999822e-01 1.057348683523102517e+00 5.601149563007054577e-02
5.000000000000000000e+00 7.071067811865362485e-01 7.299999999999999822e-01 1.073038849274105200e+00 6.296092994195048864e-02
5.000000000000000000e+00 7.578582832551866710e-01 7.299999999999999822e-01 1.087901063620680508e+00 6.729662382876773485e-02
5.000000000000000000e+00 8.122523963562221505e-01 7.299999999999999822e-01 1.106565228451162675e+00 8.019848484043846926e-02
5.000000000000000000e+00 8.705505632961095808e-01 7.299999999999999822e-01 1.126654616069394654e+00 9.452628771689323972e-02
5.000000000000000000e+00 9.330329915367915339e-01 7.299999999999999822e-01 1.142838366686634632e+00 1.108828924694949258e-01
5.000000000000000000e+00 9.999999999999827915e-01 7.299999999999999822e-01 1.155833952031112499e+00 1.237366468509384643e-01
5.000000000000000000e+00 1.071773462536274479e+00 7.299999999999999822e-01 1.170567277062766864e+00 1.385899355064056371e-01
5.000000000000000000e+00 1.148698354997014670e+00 7.299999999999999822e-01 1.179725217521094160e+00 1.475679600864314989e-01
5.000000000000000000e+00 1.231144413344894106e+00 7.299999999999999822e-01 1.176350339742123996e+00 1.377874924781605226e-01
5.000000000000000000e+00 1.319507910772870218e+00 7.299999999999999822e-01 1.163915023727176479e+00 1.155906221726103189e-01
5.000000000000000000e+00 1.414213562373068944e+00 7.299999999999999822e-01 1.154540770195055188e+00 9.538625140989959172e-02
5.000000000000000000e+00 1.515716566510369789e+00 7.299999999999999822e-01 1.150134953089831047e+00 8.511796934930056235e-02
5.000000000000000000e+00 1.624504792712440304e+00 7.299999999999999822e-01 1.151405909603532729e+00 9.966161398821436757e-02
5.000000000000000000e+00 1.741101126592214943e+00 7.299999999999999822e-01 1.154119162205232252e+00 1.119948896436973179e-01
5.000000000000000000e+00 1.866065983073578627e+00 7.299999999999999822e-01 1.169348216686281194e+00 1.345646414337234864e-01
5.000000000000000000e+00 1.999999999999960698e+00 7.299999999999999822e-01 1.165977385680827760e+00 1.247974740079933476e-01
5.000000000000000000e+00 2.143546925072543630e+00 7.299999999999999822e-01 1.159168768331428678e+00 1.047375399388328909e-01
5.000000000000000000e+00 2.297396709994023567e+00 7.299999999999999822e-01 1.176014589690300038e+00 1.241087236634897811e-01
5.000000000000000000e+00 2.462288826689782439e+00 7.299999999999999822e-01 1.183238509047036091e+00 1.512870483797273680e-01
5.000000000000000000e+00 2.639015821545733775e+00 7.299999999999999822e-01 1.185088458930537936e+00 1.502025931740845477e-01
5.000000000000000000e+00 2.828427124746130783e+00 7.299999999999999822e-01 1.179303536334880054e+00 1.377810459984911418e-01
5.000000000000000000e+00 3.031433133020732029e+00 7.299999999999999822e-01 1.169141734154569345e+00 1.239172970402494661e-01
5.000000000000000000e+00 3.249009585424872615e+00 7.299999999999999822e-01 1.199681379106072310e+00 2.060913492677421410e-01
5.000000000000000000e+00 3.482202253184421004e+00 7.299999999999999822e-01 1.188529999882555810e+00 1.839057784221987957e-01
5.000000000000000000e+00 3.732131966147147928e+00 7.299999999999999822e-01 1.147524152118118979e+00 8.989576838013195459e-02
5.000000000000000000e+00 3.999999999999911182e+00 7.299999999999999822e-01 1.121314383764798750e+00 4.390578765856351789e-02
5.000000000000000000e+00 4.287093850145076601e+00 7.299999999999999822e-01 1.146762386970265002e+00 1.217642246904278719e-01
5.000000000000000000e+00 4.594793419988035588e+00 7.299999999999999822e-01 1.135366838148190949e+00 5.799642561162027948e-02
5.000000000000000000e+00 4.924577653379552444e+00 7.299999999999999822e-01 1.155272872535439754e+00 6.227428516634218175e-02
5.000000000000000000e+00 5.278031643091455116e+00 7.299999999999999822e-01 1.141981917496535548e+00 1.118959594543156022e-01
5.000000000000000000e+00 5.656854249492248243e+00 7.299999999999999822e-01 1.124893709624479099e+00 7.308680300250165740e-02
5.000000000000000000e+00 6.062866266041448959e+00 7.299999999999999822e-01 1.156494749909425135e+00 7.096173659180890492e-02
5.000000000000000000e+00 6.498019170849729242e+00 7.299999999999999822e-01 1.141848000099679572e+00 6.180168833690340147e-02
5.000000000000000000e+00 6.964404506368825132e+00 7.299999999999999822e-01 1.132225339819884935e+00 5.408991537079105294e-02
5.000000000000000000e+00 7.464263932294277204e+00 7.299999999999999822e-01 1.155416284756677126e+00 5.496418711160837300e-02
5.000000000000000000e+00 7.999999999999802824e+00 7.299999999999999822e-01 1.134323381821287224e+00 5.813399537583739674e-02
5.000000000000000000e+00 8.574187700290131886e+00 7.299999999999999822e-01 1.155624163591652875e+00 9.547081443047662763e-02
5.000000000000000000e+00 9.189586839976049859e+00 7.299999999999999822e-01 1.143352178632515814e+00 7.541204273091603461e-02
5.000000000000000000e+00 9.849155306759080020e+00 7.299999999999999822e-01 1.185185463042359499e+00 1.030192818885253409e-01
5.000000000000000000e+00 1.055606328618288359e+01 7.299999999999999822e-01 1.214524320561519932e+00 1.235637018100274459e-01
5.000000000000000000e+00 1.131370849898446806e+01 7.299999999999999822e-01 1.172488832307124973e+00 9.871185745136405731e-02
5.000000000000000000e+00 1.212573253208286772e+01 7.299999999999999822e-01 1.157554889856434510e+00 5.948426628963017493e-02
5.000000000000000000e+00 1.299603834169942651e+01 7.299999999999999822e-01 1.188049885252482341e+00 9.895193853406164530e-02
5.000000000000000000e+00 1.392880901273761651e+01 7.299999999999999822e-01 1.161355074810170418e+00 1.045192425402398234e-01
5.000000000000000000e+00 1.492852786458851710e+01 7.299999999999999822e-01 1.143512066592988541e+00 8.064798247905652362e-02
5.000000000000000000e+00 1.599999999999956657e+01 7.299999999999999822e-01 1.172352353141115966e+00 1.498549900277116598e-01
5.000000000000000000e+00 1.714837540058022114e+01 7.299999999999999822e-01 1.153829866269028726e+00 8.639621590303561693e-02
5.000000000000000000e+00 1.837917367995205353e+01 7.299999999999999822e-01 1.180462788994437462e+00 8.378316754098846797e-02
5.000000000000000000e+00 1.969831061351811385e+01 7.299999999999999822e-01 1.151415108145757982e+00 1.129349566391001369e-01
5.000000000000000000e+00 2.111212657236571388e+01 7.299999999999999822e-01 1.150164474743163190e+00 7.452664113846564631e-02
5.000000000000000000e+00 2.262741699796887929e+01 7.299999999999999822e-01 1.128179888525400631e+00 5.190596496832658446e-02
5.000000000000000000e+00 2.425146506416567505e+01 7.299999999999999822e-01 1.133747815385321100e+00 4.668201706385994437e-02
5.000000000000000000e+00 2.599207668339878907e+01 7.299999999999999822e-01 1.193791456035190546e+00 1.455750046855529833e-01
5.000000000000000000e+00 2.785761802547516197e+01 7.299999999999999822e-01 1.163797325462329502e+00 1.154742930026385200e-01
5.000000000000000000e+00 2.985705572917696315e+01 7.299999999999999822e-01 1.152103952670614939e+00 6.456389178146305918e-02
5.000000000000000000e+00 3.199999999999905498e+01 7.299999999999999822e-01 1.152268922219782832e+00 8.641343505248021140e-02
