5.000000000000000000e+00 7.812500000000000000e-03 7.700000000000000178e-01 5.166866319208272884e+00 1.249681739644653566e+00
5.000000000000000000e+00 8.373230176064788352e-03 7.700000000000000178e-01 5.373883071046570592e+00 1.046747169920900999e+00
5.000000000000000000e+00 8.974205898414331500e-03 7.700000000000000178e-01 4.955684754967210282e+00 1.152016007974993039e+00
5.000000000000000000e+00 9.618315729257151739e-03 7.700000000000000178e-01 4.831581650245476922e+00 1.046960912979038483e+00
5.000000000000000000e+00 1.030865555291322552e-02 7.700000000000000178e-01 4.297144494479310239e+00 1.433463491995372818e+00
5.000000000000000000e+00 1.104854345603979195e-02 7.700000000000000178e-01 4.087758593586724665e+00 1.158009961473349003e+00
5.000000000000000000e+00 1.184153567586246694e-02 7.700000000000000178e-01 3.767597256985790288e+00 1.266527138407715913e+00
5.000000000000000000e+00 1.269144369306615845e-02 7.700000000000000178e-01 3.321897787787544409e+00 1.213275643243609370e+00
5.000000000000000000e+00 1.360235255150191343e-02 7.700000000000000178e-01 3.074563278315913806e+00 1.105185657769651719e+00
5.000000000000000000e+00 1.457864049276258282e-02 7.700000000000000178e-01 2.818075024165140441e+00 1.049828950640925296e+00
5.000000000000000000e+00 1.562499999999996184e-02 7.700000000000000178e-01 2.558356726933017633e+00 9.688922220536722030e-01
5.000000000000000000e+00 1.674646035212953507e-02 7.700000000000000178e-01 2.386902733272484145e+00 9.570710733424168115e-01
5.000000000000000000e+00 1.794841179682861790e-02 7.700000000000000178e-01 2.151962459890796264e+00 8.686103164226773865e-01
5.000000000000000000e+00 1.923663145851425491e-02 7.700000000000000178e-01 2.022139201618757376e+00 8.798345637598435909e-01
5.000000000000000000e+00 2.061731110582640247e-02 7.700000000000000178e-01 1.874419103790097241e+00 8.015444299251912597e-01
5.000000000000000000e+00 2.209708691207952838e-02 7.700000000000000178e-01 1.792062742746417969e+00 8.839975588048565314e-01
5.000000000000000000e+00 2.368307135172487837e-02 7.700000000000000178e-01 1.679637704054088188e+00 8.297556483966546104e-01
5.000000000000000000e+00 2.538288738613225445e-02 7.700000000000000178e-01 1.573830982361454245e+00 7.758658870892640724e-01
5.000000000000000000e+00 2.720470510300375747e-02 7.700000000000000178e-01 1.494422798958717991e+00 7.389632835501512842e-01
5.000000000000000000e+00 2.915728098552509626e-02 7.700000000000000178e-01 1.422749826275699903e+00 7.062308498179934446e-01
5.000000000000000000e+00 3.124999999999984734e-02 7.700000000000000178e-01 1.342659332206616707e+00 6.250242953735331009e-01
5.000000000000000000e+00 3.349292070425898687e-02 7.700000000000000178e-01 1.303226637826440992e+00 6.271344738082343939e-01
5.000000000000000000e+00 3.589682359365715253e-02 7.700000000000000178e-01 1.235506520304854305e+00 5.123369095902255976e-01
5.000000000000000000e+00 3.847326291702841267e-02 7.700000000000000178e-01 1.186365897454835894e+00 4.314568379674055265e-01
5.000000000000000000e+00 4.123462221165270086e-02 7.700000000000000178e-01 1.146690982879479126e+00 3.575728443574013315e-01
5.000000000000000000e+00 4.419417382415894574e-02 7.700000000000000178e-01 1.115382950538665208e+00 2.941436359495851471e-01
5.000000000000000000e+00 4.736614270344963878e-02 7.700000000000000178e-01 1.091340032892076595e+00 2.410994918268800358e-01
5.000000000000000000e+00 5.076577477226438401e-02 7.700000000000000178e-01 1.074390449103489686e+00 2.018131170308904987e-01
5.000000000000000000e+00 5.440941020600738309e-02 7.700000000000000178e-01 1.062187792145828036e+00 1.716733045818069903e-01
5.000000000000000000e+00 5.831456197105004680e-02 7.700000000000000178e-01 1.052012626663099581e+00 1.447390351545512210e-01
5.000000000000000000e+00 6.249999999999953509e-02 7.700000000000000178e-01 1.044861323295201760e+00 1.251880879955512837e-01
5.000000000000000000e+00 6.698584140851780722e-02 7.700000000000000178e-01 1.038624150095089460e+00 1.074933828957233412e-01
5.000000000000000000e+00 7.179364718731412465e-02 7.700000000000000178e-01 1.034191336384205240e+00 9.476362219951077470e-02
5.000000000000000000e+00 7.694652583405664492e-02 7.700000000000000178e-01 1.029517063194890891e+00 8.110457840456158918e-02
5.000000000000000000e+00 8.246924442330520744e-02 7.700000000000000178e-01 1.025339610287559378e+00 6.883648162833318207e-02
5.000000000000000000e+00 8.838834764831768331e-02 7.700000000000000178e-01 1.021372405168096575e+00 5.715067755126280319e-02
5.000000000000000000e+00 9.473228540689904165e-02 7.700000000000000178e-01 1.018030131209256339e+00 4.730791218125517117e-02
5.000000000000000000e+00 1.015315495445285182e-01 7.700000000000000178e-01 1.014921691987368924e+00 3.814447507256011477e-02
5.000000000000000000e+00 1.088188204120145025e-01 7.700000000000000178e-01 1.012418275738893536e+00 3.078003336211627278e-02
5.000000000000000000e+00 1.166291239420998022e-01 7.700000000000000178e-01 1.010382899143621449e+00 2.481080338469153143e-02
5.000000000000000000e+00 1.249999999999987649e-01 7.700000000000000178e-01 1.008791154651014210e+00 2.017020716163467689e-02
5.000000000000000000e+00 1.339716828170352814e-01 7.700000000000000178e-01 1.007594208183405948e+00 1.671769689059452238e-02
5.000000000000000000e+00 1.435872943746278885e-01 7.700000000000000178e-01 1.006646551240616638e+00 1.402185921806729622e-02
5.000000000000000000e+00 1.538930516681129013e-01 7.700000000000000178e-01 1.005931730044528294e+00 1.203626865378218391e-02
5.000000000000000000e+00 1.649384888466099985e-01 7.700000000000000178e-01 1.005196744001383813e+00 1.000645022185996796e-02
5.000000000000000000e+00 1.767766952966349225e-01 7.700000000000000178e-01 1.004402673659898326e+00 7.818839659727813349e-03
5.000000000000000000e+00 1.894645708137976114e-01 7.700000000000000178e-01 1.003611255118033840e+00 5.661695466989261939e-03
5.000000000000000000e+00 2.030630990890565368e-01 7.700000000000000178e-01 1.002979945890651647e+00 4.005917663022422019e-03
5.000000000000000000e+00 2.176376408240284499e-01 7.700000000000000178e-01 1.002572171493787412e+00 3.031328376643431955e-03
5.000000000000000000e+00 2.332582478841990492e-01 7.700000000000000178e-01 1.002267449741390370e+00 2.372019088538998566e-03
5.000000000000000000e+00 2.499999999999969191e-01 7.700000000000000178e-01 1.001979609880887745e+00 1.770169497215447023e-03
5.000000000000000000e+00 2.679433656340699521e-01 7.700000000000000178e-01 1.001734048399483878e+00 1.286328816419967649e-03
5.000000000000000000e+00 2.871745887492550553e-01 7.700000000000000178e-01 1.001596947259736137e+00 1.062172227726619145e-03
5.000000000000000000e+00 3.077861033362250809e-01 7.700000000000000178e-01 1.001555842991174838e+00 1.014473589443735469e-03
5.000000000000000000e+00 3.298769776932191644e-01 7.700000000000000178e-01 1.001574580839841966e+00 9.994470671481729684e-04
5.000000000000000000e+00 3.535533905932689569e-01 7.700000000000000178e-01 1.001693687008447187e+00 1.032642508726800768e-03
5.000000000000000000e+00 3.789291416275942792e-01 7.700000000000000178e-01 1.001967839120622594e+00 1.108263354917214715e-03
5.000000000000000000e+00 4.061261981781120745e-01 7.700000000000000178e-01 1.002491720766272021e+00 1.241925119174438390e-03
5.000000000000000000e+00 4.352752816480558451e-01 7.700000000000000178e-01 1.003470943012393146e+00 1.705244214059866478e-03
5.000000000000000000e+00 4.665164957683969327e-01 7.700000000000000178e-01 1.005299958958481010e+00 3.095348176369862661e-03
5.000000000000000000e+00 4.999999999999926170e-01 7.700000000000000178e-01 1.008717246552806035e+00 6.293856762756231023e-03
5.000000000000000000e+00 5.358867312681385719e-01 7.700000000000000178e-01 1.015062980396377101e+00 1.285675127618493389e-02
5.000000000000000000e+00 5.743491774985087783e-01 7.700000000000000178e-01 1.025859093124249277e+00 2.472024258263647370e-02
5.000000000000000000e+00 6.155722066724486075e-01 7.700000000000000178e-01 1.040940747863984939e+00 4.113832779584754989e-02
5.000000000000000000e+00 6.597539553864367745e-01 7.700000000000000178e-01 1.057284298726578031e+00 5.587833823789443988e-02
5.000000000000000000e+00 7.071067811865362485e-01 7.700000000000000178e-01 1.072944648780996824e+00 6.281403861914633402e-02
5.000000000000000000e+00 7.578582832551866710e-01 7.700000000000000178e-01 1.087780727282399607e+00 6.711597384181705594e-02
5.000000000000000000e+00 8.122523963562221505e-01 7.700000000000000178e-01 1.106405579696453145e+00 7.995325415689162607e-02
5.000000000000000000e+00 8.705505632961095808e-01 7.700000000000000178e-01 1.126432295051195354e+00 9.416567722497401483e-02
5.000000000000000000e+00 9.330329915367915339e-01 7.700000000000000178e-01 1.142540036762661915e+00 1.104000144215557394e-01
5.000000000000000000e+00 9.999999999999827915e-01 7.700000000000000178e-01 1.155448699823313996e+00 1.231386410706047790e-01
5.000000000000000000e+00 1.071773462536274479e+00 7.700000000000000178e-01 1.170121712403781933e+00 1.379474030853495015e-01
5.000000000000000000e+00 1.148698354997014670e+00 7.700000000000000178e-01 1.179237531945741990e+00 1.469383413040155628e-01
5.000000000000000000e+00 1.231144413344894106e+00 7.700000000000000178e-01 1.175848434370452056e+00 1.372937628504742880e-01
5.000000000000000000e+00 1.319507910772870218e+00 7.700000000000000178e-01 1.163389627009370209e+00 1.152883287506650811e-01
5.000000000000000000e+00 1.414213562373068944e+00 7.700000000000000178e-01 1.153923524943638590e+00 9.519040616285903700e-02
5.000000000000000000e+00 1.515716566510369789e+00 7.700000000000000178e-01 1.149457405427570134e+00 8.489652934141499185e-02
5.000000000000000000e+00 1.624504792712440304e+00 7.700000000000000178e-01 1.150757357412820481e+00 9.935239627344708002e-02
5.000000000000000000e+00 1.741101126592214943e+00 7.700000000000000178e-01 1.153475653885780883e+00 1.115706131813018892e-01
5.000000000000000000e+00 1.866065983073578627e+00 7.700000000000000178e-01 1.168615145150508905e+00 1.339680239480668111e-01
5.000000000000000000e+00 1.999999999999960698e+00 7.700000000000000178e-01 1.165314975516686058e+00 1.242892982617804093e-01
5.000000000000000000e+00 2.143546925072543630e+00 7.700000000000000178e-01 1.158632796365327788e+00 1.042643375963789587e-01
5.000000000000000000e+00 2.297396709994023567e+00 7.700000000000000178e-01 1.175487938362910212e+00 1.236416125431044621e-01
5.000000000000000000e+00 2.462288826689782439e+00 7.700000000000000178e-01 1.182699264642694592e+00 1.507444096314719539e-01
5.000000000000000000e+00 2.639015821545733775e+00 7.700000000000000178e-01 1.184464863235720866e+00 1.494651921797026106e-01
5.000000000000000000e+00 2.828427124746130783e+00 7.700000000000000178e-01 1.178498070583759993e+00 1.370734214877805390e-01
5.000000000000000000e+00 3.031433133020732029e+00 7.700000000000000178e-01 1.168305459326097751e+00 1.232368056486584790e-01
5.000000000000000000e+00 3.249009585424872615e+00 7.700000000000000178e-01 1.198920267754054692e+00 2.054113139028747870e-01
5.000000000000000000e+00 3.482202253184421004e+00 7.700000000000000178e-01 1.187796713602526699e+00 1.833479757411045907e-01
5.000000000000000000e+00 3.732131966147147928e+00 7.700000000000000178e-01 1.147060927156677179e+00 8.971625860697879373e-02
5.000000000000000000e+00 3.999999999999911182e+00 7.700000000000000178e-01 1.120804596046536039e+00 4.376783644436409854e-02
5.000000000000000000e+00 4.287093850145076601e+00 7.700000000000000178e-01 1.146039035195253852e+00 1.211518830033052052e-01
5.000000000000000000e+00 4.594793419988035588e+00 7.700000000000000178e-01 1.134799522610787204e+00 5.775236914267213584e-02
5.000000000000000000e+00 4.924577653379552444e+00 7.700000000000000178e-01 1.154588401572649969e+00 6.185100870522940164e-02
5.000000000000000000e+00 5.278031643091455116e+00 7.700000000000000178e-01 1.141434128144268589e+00 1.114221660632171845e-01
5.000000000000000000e+00 5.656854249492248243e+00 7.700000000000000178e-01 1.124211600612790019e+00 7.257282675999887633e-02
5.000000000000000000e+00 6.062866266041448959e+00 7.700000000000000178e-01 1.155670819713029207e+00 7.062088970674350319e-02
5.000000000000000000e+00 6.498019170849729242e+00 7.700000000000000178e-01 1.141210303178785468e+00 6.153207093158907792e-02
5.000000000000000000e+00 6.964404506368825132e+00 7.700000000000000178e-01 1.131676573626065885e+00 5.380524101216321159e-02
5.000000000000000000e+00 7.464263932294277204e+00 7.700000000000000178e-01 1.154834635324000658e+00 5.467818782507771758e-02
5.000000000000000000e+00 7.999999999999802824e+00 7.700000000000000178e-01 1.133702102465748540e+00 5.785027707999860352e-02
5.000000000000000000e+00 8.574187700290131886e+00 7.700000000000000178e-01 1.154892329823852037e+00 9.480290029104887495e-02
5.000000000000000000e+00 9.189586839976049859e+00 7.700000000000000178e-01 1.142709686496941490e+00 7.509668878214573184e-02
5.000000000000000000e+00 9.849155306759080020e+00 7.700000000000000178e-01 1.184376893545747489e+00 1.025446143572805308e-01
5.000000000000000000e+00 1.055606328618288359e+01 7.700000000000000178e-01 1.213730209582327246e+00 1.232032279440483657e-01
5.000000000000000000e+00 1.131370849898446806e+01 7.700000000000000178e-01 1.171854879494569346e+00 9.840347243785706188e-02
5.000000000000000000e+00 1.212573253208286772e+01 7.700000000000000178e-01 1.157031142210438457e+00 5.926194508523347643e-02
5.000000000000000000e+00 1.299603834169942651e+01 7.700000000000000178e-01 1.187177338286539152e+00 9.843654515479034750e-02
5.000000000000000000e+00 1.392880901273761651e+01 7.700000000000000178e-01 1.160690085823991469e+00 1.041508578475216218e-01
5.000000000000000000e+00 1.492852786458851710e+01 7.700000000000000178e-01 1.142877014678552960e+00 8.046022201130259566e-02
5.000000000000000000e+00 1.599999999999956657e+01 7.700000000000000178e-01 1.171620150733411636e+00 1.492231961438525434e-01
5.000000000000000000e+00 1.714837540058022114e+01 7.700000000000000178e-01 1.153230159128322274e+00 8.609225121654322244e-02
5.000000000000000000e+00 1.837917367995205353e+01 7.700000000000000178e-01 1.179864920120343719e+00 8.349523965215607801e-02
5.000000000000000000e+00 1.969831061351811385e+01 7.700000000000000178e-01 1.150807059278114775e+00 1.126098912524472334e-01
5.000000000000000000e+00 2.111212657236571388e+01 7.700000000000000178e-01 1.149553815290685455e+00 7.431358394853206095e-02
5.000000000000000000e+00 2.262741699796887929e+01 7.700000000000000178e-01 1.127634344755028994e+00 5.181304246180996192e-02
5.000000000000000000e+00 2.425146506416567505e+01 7.700000000000000178e-01 1.133280820490712770e+00 4.661442620954125982e-02
5.000000000000000000e+00 2.599207668339878907e+01 7.700000000000000178e-01 1.193251751018400642e+00 1.451038444079197076e-01
5.000000000000000000e+00 2.785761802547516197e+01 7.700000000000000178e-01 1.163281685747161731e+00 1.151901972820078973e-01
5.000000000000000000e+00 2.985705572917696315e+01 7.700000000000000178e-01 1.151578412050129119e+00 6.421372285312178241e-02
5.000000000000000000e+00 3.199999999999905498e+01 7.700000000000000178e-01 1.151654819733290092e+00 8.622040809264562566e-02
