5.000000000000000000e+00 7.812500000000000000e-03 1.799999999999999933e-01 1.858449975943599286e+00 4.287417486035541847e-01
5.000000000000000000e+00 8.373230176064788352e-03 1.799999999999999933e-01 1.722400030062450238e+00 3.797587447213662815e-01
5.000000000000000000e+00 8.974205898414331500e-03 1.799999999999999933e-01 1.642045215686691151e+00 3.344901420665878922e-01
5.000000000000000000e+00 9.618315729257151739e-03 1.799999999999999933e-01 1.553961514134426292e+00 3.267926232599081549e-01
5.000000000000000000e+00 1.030865555291322552e-02 1.799999999999999933e-01 1.473170715321690860e+00 2.662391902145841427e-01
5.000000000000000000e+00 1.104854345603979195e-02 1.799999999999999933e-01 1.421343122676799187e+00 2.695775427272034119e-01
5.000000000000000000e+00 1.184153567586246694e-02 1.799999999999999933e-01 1.348213555067248048e+00 2.430461210272262529e-01
5.000000000000000000e+00 1.269144369306615845e-02 1.799999999999999933e-01 1.278555340506592808e+00 2.069517820358520444e-01
5.000000000000000000e+00 1.360235255150191343e-02 1.799999999999999933e-01 1.250306090539953230e+00 1.950518993271393442e-01
5.000000000000000000e+00 1.457864049276258282e-02 1.799999999999999933e-01 1.211784836563514212e+00 1.830574674957967385e-01
5.000000000000000000e+00 1.562499999999996184e-02 1.799999999999999933e-01 1.184722025715464255e+00 1.771460601546826774e-01
5.000000000000000000e+00 1.674646035212953507e-02 1.799999999999999933e-01 1.162482985716930539e+00 1.793539598154077208e-01
5.000000000000000000e+00 1.794841179682861790e-02 1.799999999999999933e-01 1.132796847664944595e+00 1.515286379132078920e-01
5.000000000000000000e+00 1.923663145851425491e-02 1.799999999999999933e-01 1.105846709745185841e+00 1.209366733026941698e-01
5.000000000000000000e+00 2.061731110582640247e-02 1.799999999999999933e-01 1.096709759682279239e+00 1.253060637390083498e-01
5.000000000000000000e+00 2.209708691207952838e-02 1.799999999999999933e-01 1.084961919339584302e+00 1.241931381956730557e-01
5.000000000000000000e+00 2.368307135172487837e-02 1.799999999999999933e-01 1.067071210689542138e+00 9.856195062675414398e-02
5.000000000000000000e+00 2.538288738613225445e-02 1.799999999999999933e-01 1.053282543385860581e+00 8.222407078495262700e-02
5.000000000000000000e+00 2.720470510300375747e-02 1.799999999999999933e-01 1.045866395817692585e+00 7.746693776729447756e-02
5.000000000000000000e+00 2.915728098552509626e-02 1.799999999999999933e-01 1.037520902792743449e+00 6.812126565611612006e-02
5.000000000000000000e+00 3.124999999999984734e-02 1.799999999999999933e-01 1.028259872748418235e+00 5.326616620263546070e-02
5.000000000000000000e+00 3.349292070425898687e-02 1.799999999999999933e-01 1.024599467195119740e+00 5.194402324360854195e-02
5.000000000000000000e+00 3.589682359365715253e-02 1.799999999999999933e-01 1.018476409431338991e+00 4.047269990950447260e-02
5.000000000000000000e+00 3.847326291702841267e-02 1.799999999999999933e-01 1.014372646803890943e+00 3.329418348489611434e-02
5.000000000000000000e+00 4.123462221165270086e-02 1.799999999999999933e-01 1.011165869798947181e+00 2.719023534308180959e-02
5.000000000000000000e+00 4.419417382415894574e-02 1.799999999999999933e-01 1.008728188382979507e+00 2.226674224129636045e-02
5.000000000000000000e+00 4.736614270344963878e-02 1.799999999999999933e-01 1.006936249688270335e+00 1.837487404866117516e-02
5.000000000000000000e+00 5.076577477226438401e-02 1.799999999999999933e-01 1.005655944342096486e+00 1.544147580663338820e-02
5.000000000000000000e+00 5.440941020600738309e-02 1.799999999999999933e-01 1.004744348817132593e+00 1.321601341139483181e-02
5.000000000000000000e+00 5.831456197105004680e-02 1.799999999999999933e-01 1.003970417130061410e+00 1.117610880471705571e-02
5.000000000000000000e+00 6.249999999999953509e-02 1.799999999999999933e-01 1.003431588562861299e+00 9.709152127959865333e-03
5.000000000000000000e+00 6.698584140851780722e-02 1.799999999999999933e-01 1.002951966808119710e+00 8.349903959396897529e-03
5.000000000000000000e+00 7.179364718731412465e-02 1.799999999999999933e-01 1.002605303490650579e+00 7.354246347988622340e-03
5.000000000000000000e+00 7.694652583405664492e-02 1.799999999999999933e-01 1.002244762024067759e+00 6.300498592524982067e-03
5.000000000000000000e+00 8.246924442330520744e-02 1.799999999999999933e-01 1.001920125860674693e+00 5.346447283486430342e-03
5.000000000000000000e+00 8.838834764831768331e-02 1.799999999999999933e-01 1.001618539980770439e+00 4.457486580180323142e-03
5.000000000000000000e+00 9.473228540689904165e-02 1.799999999999999933e-01 1.001358329453598595e+00 3.689896953887178248e-03
5.000000000000000000e+00 1.015315495445285182e-01 1.799999999999999933e-01 1.001121634979668995e+00 2.990767488878093468e-03
5.000000000000000000e+00 1.088188204120145025e-01 1.799999999999999933e-01 1.000928571318677296e+00 2.420871752270650074e-03
5.000000000000000000e+00 1.166291239420998022e-01 1.799999999999999933e-01 1.000769878907302957e+00 1.952904103916491612e-03
5.000000000000000000e+00 1.249999999999987649e-01 1.799999999999999933e-01 1.000647266783529110e+00 1.592403198287165381e-03
5.000000000000000000e+00 1.339716828170352814e-01 1.799999999999999933e-01 1.000554362935887509e+00 1.320552481715292015e-03
5.000000000000000000e+00 1.435872943746278885e-01 1.799999999999999933e-01 1.000482138105629026e+00 1.110390701574224658e-03
5.000000000000000000e+00 1.538930516681129013e-01 1.799999999999999933e-01 1.000427315743392276e+00 9.519367371827753416e-04
5.000000000000000000e+00 1.649384888466099985e-01 1.799999999999999933e-01 1.000371960597544518e+00 7.910767334417923664e-04
5.000000000000000000e+00 1.767766952966349225e-01 1.799999999999999933e-01 1.000313145851444263e+00 6.182841268845808364e-04
5.000000000000000000e+00 1.894645708137976114e-01 1.799999999999999933e-01 1.000255979962302755e+00 4.475154866989790791e-04
5.000000000000000000e+00 2.030630990890565368e-01 1.799999999999999933e-01 1.000213310187314075e+00 3.151584369870028511e-04
5.000000000000000000e+00 2.176376408240284499e-01 1.799999999999999933e-01 1.000191453333405533e+00 2.362676360397970225e-04
5.000000000000000000e+00 2.332582478841990492e-01 1.799999999999999933e-01 1.000182487337668125e+00 1.814066498410251522e-04
5.000000000000000000e+00 2.499999999999969191e-01 1.799999999999999933e-01 1.000182271718635274e+00 1.298110271320795906e-04
5.000000000000000000e+00 2.679433656340699521e-01 1.799999999999999933e-01 1.000197189893449856e+00 8.832439810930637508e-05
5.000000000000000000e+00 2.871745887492550553e-01 1.799999999999999933e-01 1.000239199596973272e+00 7.886177597580046393e-05
5.000000000000000000e+00 3.077861033362250809e-01 1.799999999999999933e-01 1.000319406421442014e+00 1.081496078052964063e-04
5.000000000000000000e+00 3.298769776932191644e-01 1.799999999999999933e-01 1.000454609460073030e+00 1.794474158280802531e-04
5.000000000000000000e+00 3.535533905932689569e-01 1.799999999999999933e-01 1.000684164712167590e+00 3.147108162872636408e-04
5.000000000000000000e+00 3.789291416275942792e-01 1.799999999999999933e-01 1.001074002553418385e+00 5.641981299617102518e-04
5.000000000000000000e+00 4.061261981781120745e-01 1.799999999999999933e-01 1.001746778120742087e+00 1.030663743558057378e-03
5.000000000000000000e+00 4.352752816480558451e-01 1.799999999999999933e-01 1.002931992262517946e+00 1.926496801495579522e-03
5.000000000000000000e+00 4.665164957683969327e-01 1.799999999999999933e-01 1.005055293081784207e+00 3.682263239411422834e-03
5.000000000000000000e+00 4.999999999999926170e-01 1.799999999999999933e-01 1.008890154343955015e+00 7.169480472289378389e-03
5.000000000000000000e+00 5.358867312681385719e-01 1.799999999999999933e-01 1.015813678948234822e+00 1.404682982885372029e-02
5.000000000000000000e+00 5.743491774985087783e-01 1.799999999999999933e-01 1.027368532292903147e+00 2.628671398449753879e-02
5.000000000000000000e+00 6.155722066724486075e-01 1.799999999999999933e-01 1.043349633141483990e+00 4.303802833146459783e-02
5.000000000000000000e+00 6.597539553864367745e-01 1.799999999999999933e-01 1.060563419873062019e+00 5.798249935118093140e-02
5.000000000000000000e+00 7.071067811865362485e-01 1.799999999999999933e-01 1.077077626903486962e+00 6.532942207402289703e-02
5.000000000000000000e+00 7.578582832551866710e-01 1.799999999999999933e-01 1.092911829387646971e+00 7.088422821038603550e-02
5.000000000000000000e+00 8.122523963562221505e-01 1.799999999999999933e-01 1.112966330105816359e+00 8.607235550585320971e-02
5.000000000000000000e+00 8.705505632961095808e-01 1.799999999999999933e-01 1.134999996135949596e+00 1.038397988076080886e-01
5.000000000000000000e+00 9.330329915367915339e-01 1.799999999999999933e-01 1.153635722572127653e+00 1.243157522182795627e-01
5.000000000000000000e+00 9.999999999999827915e-01 1.799999999999999933e-01 1.169518466845450799e+00 1.414560707321036448e-01
5.000000000000000000e+00 1.071773462536274479e+00 1.799999999999999933e-01 1.185912402731947424e+00 1.580783225788224833e-01
5.000000000000000000e+00 1.148698354997014670e+00 1.799999999999999933e-01 1.195574269085961872e+00 1.666843668592741523e-01
5.000000000000000000e+00 1.231144413344894106e+00 1.799999999999999933e-01 1.191617410431296431e+00 1.532521485311631182e-01
5.000000000000000000e+00 1.319507910772870218e+00 1.799999999999999933e-01 1.178752094466649636e+00 1.259450757097506646e-01
5.000000000000000000e+00 1.414213562373068944e+00 1.799999999999999933e-01 1.170650468315465043e+00 1.028445734614622104e-01
5.000000000000000000e+00 1.515716566510369789e+00 1.799999999999999933e-01 1.167812255243241726e+00 9.321727051136592668e-02
5.000000000000000000e+00 1.624504792712440304e+00 1.799999999999999933e-01 1.169342073004239868e+00 1.103827814097155108e-01
5.000000000000000000e+00 1.741101126592214943e+00 1.799999999999999933e-01 1.172767328026976141e+00 1.257485148854955437e-01
5.000000000000000000e+00 1.866065983073578627e+00 1.799999999999999933e-01 1.190111096039728311e+00 1.523044687071142544e-01
5.000000000000000000e+00 1.999999999999960698e+00 1.799999999999999933e-01 1.184515141747277234e+00 1.394621893495734677e-01
5.000000000000000000e+00 2.143546925072543630e+00 1.799999999999999933e-01 1.174576862516888420e+00 1.172000947160121431e-01
5.000000000000000000e+00 2.297396709994023567e+00 1.799999999999999933e-01 1.191634046803368374e+00 1.355881782663657387e-01
5.000000000000000000e+00 2.462288826689782439e+00 1.799999999999999933e-01 1.200453812628301753e+00 1.661321395641470189e-01
5.000000000000000000e+00 2.639015821545733775e+00 1.799999999999999933e-01 1.205538771859458347e+00 1.717754051956280059e-01
5.000000000000000000e+00 2.828427124746130783e+00 1.799999999999999933e-01 1.204379013768045903e+00 1.592041807931498520e-01
5.000000000000000000e+00 3.031433133020732029e+00 1.799999999999999933e-01 1.195116284826027275e+00 1.453553962062704707e-01
5.000000000000000000e+00 3.249009585424872615e+00 1.799999999999999933e-01 1.224115304830461604e+00 2.306023506052322369e-01
5.000000000000000000e+00 3.482202253184421004e+00 1.799999999999999933e-01 1.210559292165511724e+00 2.014756759909350214e-01
5.000000000000000000e+00 3.732131966147147928e+00 1.799999999999999933e-01 1.161977713280694102e+00 9.565206079631241587e-02
5.000000000000000000e+00 3.999999999999911182e+00 1.799999999999999933e-01 1.136105805635072352e+00 4.832232127689015805e-02
5.000000000000000000e+00 4.287093850145076601e+00 1.799999999999999933e-01 1.168313839591431869e+00 1.421152763743009639e-01
5.000000000000000000e+00 4.594793419988035588e+00 1.799999999999999933e-01 1.152313065453992369e+00 6.605301512122470353e-02
5.000000000000000000e+00 4.924577653379552444e+00 1.799999999999999933e-01 1.176577573083522177e+00 7.490095985778248699e-02
5.000000000000000000e+00 5.278031643091455116e+00 1.799999999999999933e-01 1.159190355823010110e+00 1.259084333327097349e-01
5.000000000000000000e+00 5.656854249492248243e+00 1.799999999999999933e-01 1.143484881472590420e+00 8.737928854663314093e-02
5.000000000000000000e+00 6.062866266041448959e+00 1.799999999999999933e-01 1.180471902004313289e+00 8.185719296458077165e-02
5.000000000000000000e+00 6.498019170849729242e+00 1.799999999999999933e-01 1.161399447373199889e+00 6.833108564999471057e-02
5.000000000000000000e+00 6.964404506368825132e+00 1.799999999999999933e-01 1.149430650629748696e+00 6.403857100592667828e-02
5.000000000000000000e+00 7.464263932294277204e+00 1.799999999999999933e-01 1.172740765224662640e+00 6.483107611328310649e-02
5.000000000000000000e+00 7.999999999999802824e+00 1.799999999999999933e-01 1.151043719052915471e+00 6.600442744676816853e-02
5.000000000000000000e+00 8.574187700290131886e+00 1.799999999999999933e-01 1.176716020590211631e+00 1.162616717079862361e-01
5.000000000000000000e+00 9.189586839976049859e+00 1.799999999999999933e-01 1.162054058523914302e+00 8.377262272260387055e-02
5.000000000000000000e+00 9.849155306759080020e+00 1.799999999999999933e-01 1.209087581877717588e+00 1.163349172619176086e-01
5.000000000000000000e+00 1.055606328618288359e+01 1.799999999999999933e-01 1.239359576244627004e+00 1.346161245008369867e-01
5.000000000000000000e+00 1.131370849898446806e+01 1.799999999999999933e-01 1.191753503730245356e+00 1.103210945320811515e-01
5.000000000000000000e+00 1.212573253208286772e+01 1.799999999999999933e-01 1.174025907188459339e+00 6.636848458906967341e-02
5.000000000000000000e+00 1.299603834169942651e+01 1.799999999999999933e-01 1.212076001010855775e+00 1.126575365737820522e-01
5.000000000000000000e+00 1.392880901273761651e+01 1.799999999999999933e-01 1.179646525895072351e+00 1.150995982408914153e-01
5.000000000000000000e+00 1.492852786458851710e+01 1.799999999999999933e-01 1.162209965468548045e+00 8.803957888765691353e-02
5.000000000000000000e+00 1.599999999999956657e+01 1.799999999999999933e-01 1.194889079819444921e+00 1.692362360117003472e-01
5.000000000000000000e+00 1.714837540058022114e+01 1.799999999999999933e-01 1.172072617464671840e+00 9.607808669156830961e-02
5.000000000000000000e+00 1.837917367995205353e+01 1.799999999999999933e-01 1.198822754894491860e+00 9.322035035421182003e-02
5.000000000000000000e+00 1.969831061351811385e+01 1.799999999999999933e-01 1.169718831632747369e+00 1.249821779580116005e-01
5.000000000000000000e+00 2.111212657236571388e+01 1.799999999999999933e-01 1.169790144976996960e+00 8.421656951458600382e-02
5.000000000000000000e+00 2.262741699796887929e+01 1.799999999999999933e-01 1.145091526999044929e+00 5.710268950261156162e-02
5.000000000000000000e+00 2.425146506416567505e+01 1.799999999999999933e-01 1.148725468964744589e+00 5.203782780722134710e-02
5.000000000000000000e+00 2.599207668339878907e+01 1.799999999999999933e-01 1.212569967304609309e+00 1.641173433662457271e-01
5.000000000000000000e+00 2.785761802547516197e+01 1.799999999999999933e-01 1.179766913300666742e+00 1.258837131409867305e-01
5.000000000000000000e+00 2.985705572917696315e+01 1.799999999999999933e-01 1.168928277449506892e+00 7.601026959702919528e-02
5.000000000000000000e+00 3.199999999999905498e+01 1.799999999999999933e-01 1.170114039461878752e+00 9.520808735056827954e-02
