1.000000000000000000e+00 6.250000000000000000e-02 1.000000000000000056e-01 1.000300550835594660e+00 4.442189958556733913e-04
1.000000000000000000e+00 7.179364718731469364e-02 1.000000000000000056e-01 1.000130233509387567e+00 2.331162494398649040e-04
1.000000000000000000e+00 8.246924442330591520e-02 1.000000000000000056e-01 1.000104711235538790e+00 2.326565911051849307e-04
1.000000000000000000e+00 9.473228540689991595e-02 1.000000000000000056e-01 1.000090331825870482e+00 1.948688933168752572e-04
1.000000000000000000e+00 1.088188204120155711e-01 1.000000000000000056e-01 1.000068896321114176e+00 1.387323605516745074e-04
1.000000000000000000e+00 1.250000000000000833e-01 1.000000000000000056e-01 1.000045504647622874e+00 9.242315493753839109e-05
1.000000000000000000e+00 1.435872943746294705e-01 1.000000000000000056e-01 1.000026666780842177e+00 6.146539039981342419e-05
1.000000000000000000e+00 1.649384888466119137e-01 1.000000000000000056e-01 1.000014647907527143e+00 3.460344710729967735e-05
1.000000000000000000e+00 1.894645708137999429e-01 1.000000000000000056e-01 1.000009599484858125e+00 1.431297541311698083e-05
1.000000000000000000e+00 2.176376408240312810e-01 1.000000000000000056e-01 1.000012827849950048e+00 1.463759652223439533e-05
1.000000000000000000e+00 2.500000000000003331e-01 1.000000000000000056e-01 1.000029595976263730e+00 3.689556205296593477e-05
1.000000000000000000e+00 2.871745887492591631e-01 1.000000000000000056e-01 1.000079410433164062e+00 9.656208036498639560e-05
1.000000000000000000e+00 3.298769776932240494e-01 1.000000000000000056e-01 1.000240740590126798e+00 2.884075971188783416e-04
1.000000000000000000e+00 3.789291416276001079e-01 1.000000000000000056e-01 1.000965376505010163e+00 1.236110229263433875e-03
1.000000000000000000e+00 4.352752816480628395e-01 1.000000000000000056e-01 1.011430588010394649e+00 2.250552281798291407e-02
1.000000000000000000e+00 5.000000000000008882e-01 1.000000000000000056e-01 1.050104663721710407e+00 9.213082037407947789e-02
1.000000000000000000e+00 5.743491774985186593e-01 1.000000000000000056e-01 1.080943646290818627e+00 1.438087473787445225e-01
1.000000000000000000e+00 6.597539553864485429e-01 1.000000000000000056e-01 1.060155220420147426e+00 7.502582569943409829e-02
1.000000000000000000e+00 7.578582832552007709e-01 1.000000000000000056e-01 1.083276616296612982e+00 1.119837453005340933e-01
1.000000000000000000e+00 8.705505632961261231e-01 1.000000000000000056e-01 1.121444462235327011e+00 1.463400199348932618e-01
1.000000000000000000e+00 1.000000000000002442e+00 1.000000000000000056e-01 1.204560868672062801e+00 2.150266590485495066e-01
1.000000000000000000e+00 1.148698354997037985e+00 1.000000000000000056e-01 1.234380262484084501e+00 3.191989119714157552e-01
1.000000000000000000e+00 1.319507910772897752e+00 1.000000000000000056e-01 1.229879855294193636e+00 3.068722254732972332e-01
1.000000000000000000e+00 1.515716566510402430e+00 1.000000000000000056e-01 1.156992346659310833e+00 2.102091923120412986e-01
1.000000000000000000e+00 1.741101126592253356e+00 1.000000000000000056e-01 1.148229126502319675e+00 1.664564186253926770e-01
1.000000000000000000e+00 2.000000000000006217e+00 1.000000000000000056e-01 1.157436195323881867e+00 2.035019032502561054e-01
1.000000000000000000e+00 2.297396709994077302e+00 1.000000000000000056e-01 1.221773669509663929e+00 2.562163818832341455e-01
1.000000000000000000e+00 2.639015821545797280e+00 1.000000000000000056e-01 1.291529377834454095e+00 4.121924516049226828e-01
1.000000000000000000e+00 3.031433133020806636e+00 1.000000000000000056e-01 1.125994423595345628e+00 1.207492540030527389e-01
1.000000000000000000e+00 3.482202253184508933e+00 1.000000000000000056e-01 1.127199953577009417e+00 1.490030131723220630e-01
1.000000000000000000e+00 4.000000000000015099e+00 1.000000000000000056e-01 1.291012755252172406e+00 3.535183338838104872e-01
1.000000000000000000e+00 4.594793419988157268e+00 1.000000000000000056e-01 1.305959585342517659e+00 4.543453572424421827e-01
1.000000000000000000e+00 5.278031643091598113e+00 1.000000000000000056e-01 1.301853816169698641e+00 2.858328544895698542e-01
1.000000000000000000e+00 6.062866266041616825e+00 1.000000000000000056e-01 1.363055181763708212e+00 3.681008494713685075e-01
1.000000000000000000e+00 6.964404506369022307e+00 1.000000000000000056e-01 1.363902486399799052e+00 4.434460946005761017e-01
1.000000000000000000e+00 8.000000000000033751e+00 1.000000000000000056e-01 1.195251069935717059e+00 1.400894313594846508e-01
1.000000000000000000e+00 9.189586839976321642e+00 1.000000000000000056e-01 1.174647846600924694e+00 1.991229170167020390e-01
1.000000000000000000e+00 1.055606328618320155e+01 1.000000000000000056e-01 1.220527516053549366e+00 2.267946417865810971e-01
1.000000000000000000e+00 1.212573253208324076e+01 1.000000000000000056e-01 1.094193793652570079e+00 6.631694498706114382e-02
1.000000000000000000e+00 1.392880901273805350e+01 1.000000000000000056e-01 1.290658592069699129e+00 3.562138339050801017e-01
1.000000000000000000e+00 1.600000000000007816e+01 1.000000000000000056e-01 1.300625627196911438e+00 3.319510214382950242e-01
3.000000000000000000e+00 6.250000000000000000e-02 1.000000000000000056e-01 1.000881653770723245e+00 1.812292624877530432e-03
3.000000000000000000e+00 7.179364718731469364e-02 1.000000000000000056e-01 1.000467238854169549e+00 8.751486666832073011e-04
3.000000000000000000e+00 8.246924442330591520e-02 1.000000000000000056e-01 1.000246638615674311e+00 3.730196104581912542e-04
3.000000000000000000e+00 9.473228540689991595e-02 1.000000000000000056e-01 1.000147751501021087e+00 1.468663697877333114e-04
3.000000000000000000e+00 1.088188204120155711e-01 1.000000000000000056e-01 1.000112358695550263e+00 8.636305701553745968e-05
3.000000000000000000e+00 1.250000000000000833e-01 1.000000000000000056e-01 1.000101308222207219e+00 8.545126963437697895e-05
3.000000000000000000e+00 1.435872943746294705e-01 1.000000000000000056e-01 1.000096679748646356e+00 8.644143330030930989e-05
3.000000000000000000e+00 1.649384888466119137e-01 1.000000000000000056e-01 1.000091949117972501e+00 8.065017884509506011e-05
3.000000000000000000e+00 1.894645708137999429e-01 1.000000000000000056e-01 1.000086571782870193e+00 6.837518507059301451e-05
3.000000000000000000e+00 2.176376408240312810e-01 1.000000000000000056e-01 1.000084080633289574e+00 5.356689325980382047e-05
3.000000000000000000e+00 2.500000000000003331e-01 1.000000000000000056e-01 1.000093252436123015e+00 4.772985664071753223e-05
3.000000000000000000e+00 2.871745887492591631e-01 1.000000000000000056e-01 1.000133757397916323e+00 7.850692344461020461e-05
3.000000000000000000e+00 3.298769776932240494e-01 1.000000000000000056e-01 1.000252842110101126e+00 1.838817778290219459e-04
3.000000000000000000e+00 3.789291416276001079e-01 1.000000000000000056e-01 1.000581898351481147e+00 4.697455507661719098e-04
3.000000000000000000e+00 4.352752816480628395e-01 1.000000000000000056e-01 1.001552798745668937e+00 1.299142734690816089e-03
3.000000000000000000e+00 5.000000000000008882e-01 1.000000000000000056e-01 1.005194889692429427e+00 4.395828094132394649e-03
3.000000000000000000e+00 5.743491774985186593e-01 1.000000000000000056e-01 1.018321921244893513e+00 1.693348868382549277e-02
3.000000000000000000e+00 6.597539553864485429e-01 1.000000000000000056e-01 1.039403509610686394e+00 4.521752627248531997e-02
3.000000000000000000e+00 7.578582832552007709e-01 1.000000000000000056e-01 1.071199667368998520e+00 8.364620907942343919e-02
3.000000000000000000e+00 8.705505632961261231e-01 1.000000000000000056e-01 1.133275820745587525e+00 1.532321273869167444e-01
3.000000000000000000e+00 1.000000000000002442e+00 1.000000000000000056e-01 1.223616678411412861e+00 2.528354945242015095e-01
3.000000000000000000e+00 1.148698354997037985e+00 1.000000000000000056e-01 1.229795641896588965e+00 2.250512297982676657e-01
3.000000000000000000e+00 1.319507910772897752e+00 1.000000000000000056e-01 1.187126780676099003e+00 1.618612332518145069e-01
3.000000000000000000e+00 1.515716566510402430e+00 1.000000000000000056e-01 1.161916989780314102e+00 1.346165552211300576e-01
3.000000000000000000e+00 1.741101126592253356e+00 1.000000000000000056e-01 1.189381123929333040e+00 1.561020134385443514e-01
3.000000000000000000e+00 2.000000000000006217e+00 1.000000000000000056e-01 1.312132252955106271e+00 2.588537537645466124e-01
3.000000000000000000e+00 2.297396709994077302e+00 1.000000000000000056e-01 1.361305748015688932e+00 4.017698395518140564e-01
3.000000000000000000e+00 2.639015821545797280e+00 1.000000000000000056e-01 1.282415834558590761e+00 2.902957377408539319e-01
3.000000000000000000e+00 3.031433133020806636e+00 1.000000000000000056e-01 1.216615785846896003e+00 1.910619522720632402e-01
3.000000000000000000e+00 3.482202253184508933e+00 1.000000000000000056e-01 1.219030676013884484e+00 1.030644865895799372e-01
3.000000000000000000e+00 4.000000000000015099e+00 1.000000000000000056e-01 1.184224202445131935e+00 1.252263871506061610e-01
3.000000000000000000e+00 4.594793419988157268e+00 1.000000000000000056e-01 1.288378592854105609e+00 3.582458914660846538e-01
3.000000000000000000e+00 5.278031643091598113e+00 1.000000000000000056e-01 1.300231672984435427e+00 2.093091211972551158e-01
3.000000000000000000e+00 6.062866266041616825e+00 1.000000000000000056e-01 1.256052080131464521e+00 2.446308081485356611e-01
3.000000000000000000e+00 6.964404506369022307e+00 1.000000000000000056e-01 1.225033842645032234e+00 1.224750578877618068e-01
3.000000000000000000e+00 8.000000000000033751e+00 1.000000000000000056e-01 1.209357839930681022e+00 1.196635223106841117e-01
3.000000000000000000e+00 9.189586839976321642e+00 1.000000000000000056e-01 1.267489571870150877e+00 2.841308677369220881e-01
3.000000000000000000e+00 1.055606328618320155e+01 1.000000000000000056e-01 1.193717062100678072e+00 1.552697821269939937e-01
3.000000000000000000e+00 1.212573253208324076e+01 1.000000000000000056e-01 1.199531341875559320e+00 9.882931027680778857e-02
3.000000000000000000e+00 1.392880901273805350e+01 1.000000000000000056e-01 1.250025798006243027e+00 2.004213101181963608e-01
3.000000000000000000e+00 1.600000000000007816e+01 1.000000000000000056e-01 1.208637943058338937e+00 8.690518208133339584e-02
5.000000000000000000e+00 6.250000000000000000e-02 1.000000000000000056e-01 1.002777328783167388e+00 8.045459834290167797e-03
5.000000000000000000e+00 7.179364718731469364e-02 1.000000000000000056e-01 1.002094113546938559e+00 6.096487923693560268e-03
5.000000000000000000e+00 8.246924442330591520e-02 1.000000000000000056e-01 1.001527675210549528e+00 4.433875669431481051e-03
5.000000000000000000e+00 9.473228540689991595e-02 1.000000000000000056e-01 1.001063654860037788e+00 3.061928098709907654e-03
5.000000000000000000e+00 1.088188204120155711e-01 1.000000000000000056e-01 1.000709461376025455e+00 2.011138436386398359e-03
5.000000000000000000e+00 1.250000000000000833e-01 1.000000000000000056e-01 1.000478677904094837e+00 1.325036871563359166e-03
5.000000000000000000e+00 1.435872943746294705e-01 1.000000000000000056e-01 1.000344806519536611e+00 9.259252796208428333e-04
5.000000000000000000e+00 1.649384888466119137e-01 1.000000000000000056e-01 1.000257380530580109e+00 6.615011965932877588e-04
5.000000000000000000e+00 1.894645708137999429e-01 1.000000000000000056e-01 1.000166634419256129e+00 3.767450968501927407e-04
5.000000000000000000e+00 2.176376408240312810e-01 1.000000000000000056e-01 1.000120962564825744e+00 2.014380996195760888e-04
5.000000000000000000e+00 2.500000000000003331e-01 1.000000000000000056e-01 1.000125909705234850e+00 1.146308947240582755e-04
5.000000000000000000e+00 2.871745887492591631e-01 1.000000000000000056e-01 1.000196278211454182e+00 8.590957292351908555e-05
5.000000000000000000e+00 3.298769776932240494e-01 1.000000000000000056e-01 1.000424741056551214e+00 1.961343973003357676e-04
5.000000000000000000e+00 3.789291416276001079e-01 1.000000000000000056e-01 1.001063257309320553e+00 5.869258778846649961e-04
5.000000000000000000e+00 4.352752816480628395e-01 1.000000000000000056e-01 1.002961174153353729e+00 1.967553492122017540e-03
5.000000000000000000e+00 5.000000000000008882e-01 1.000000000000000056e-01 1.009022133954005307e+00 7.273086838999261346e-03
5.000000000000000000e+00 5.743491774985186593e-01 1.000000000000000056e-01 1.027749167961405474e+00 2.654474683106458621e-02
5.000000000000000000e+00 6.597539553864485429e-01 1.000000000000000056e-01 1.061335059084032029e+00 5.836614742737229744e-02
5.000000000000000000e+00 7.578582832552007709e-01 1.000000000000000056e-01 1.094155068964859367e+00 7.164896245675093922e-02
5.000000000000000000e+00 8.705505632961261231e-01 1.000000000000000056e-01 1.137085319897255475e+00 1.059571183663668703e-01
5.000000000000000000e+00 1.000000000000002442e+00 1.000000000000000056e-01 1.172901363844700118e+00 1.455898176030049063e-01
5.000000000000000000e+00 1.148698354997037985e+00 1.000000000000000056e-01 1.199479879055474152e+00 1.712547681182668702e-01
5.000000000000000000e+00 1.319507910772897752e+00 1.000000000000000056e-01 1.182251239176891122e+00 1.285218298498641276e-01
5.000000000000000000e+00 1.515716566510402430e+00 1.000000000000000056e-01 1.171849264002496005e+00 9.531712383862837867e-02
5.000000000000000000e+00 1.741101126592253356e+00 1.000000000000000056e-01 1.177242947662429540e+00 1.291835920925182568e-01
5.000000000000000000e+00 2.000000000000006217e+00 1.000000000000000056e-01 1.188893791385174481e+00 1.429401830104092275e-01
5.000000000000000000e+00 2.297396709994077302e+00 1.000000000000000056e-01 1.195419101905260018e+00 1.381614305543272248e-01
5.000000000000000000e+00 2.639015821545797280e+00 1.000000000000000056e-01 1.210615376970387569e+00 1.769167700328969361e-01
5.000000000000000000e+00 3.031433133020806636e+00 1.000000000000000056e-01 1.201495152110549913e+00 1.506807609531387593e-01
5.000000000000000000e+00 3.482202253184508933e+00 1.000000000000000056e-01 1.215867562542699565e+00 2.057732182197458404e-01
5.000000000000000000e+00 4.000000000000015099e+00 1.000000000000000056e-01 1.139654726832279419e+00 4.948151335622595626e-02
5.000000000000000000e+00 4.594793419988157268e+00 1.000000000000000056e-01 1.156404101051235145e+00 6.812783252369077058e-02
5.000000000000000000e+00 5.278031643091598113e+00 1.000000000000000056e-01 1.163447512088414681e+00 1.293453689143485019e-01
5.000000000000000000e+00 6.062866266041616825e+00 1.000000000000000056e-01 1.186220117465749180e+00 8.461091430058073626e-02
5.000000000000000000e+00 6.964404506369022307e+00 1.000000000000000056e-01 1.153675046600222576e+00 6.663793322804367758e-02
5.000000000000000000e+00 8.000000000000033751e+00 1.000000000000000056e-01 1.154941733531002601e+00 6.788794877660324356e-02
5.000000000000000000e+00 9.189586839976321642e+00 1.000000000000000056e-01 1.166562277965967009e+00 8.577081407354671116e-02
5.000000000000000000e+00 1.055606328618320155e+01 1.000000000000000056e-01 1.245444177982703460e+00 1.373623510332909470e-01
5.000000000000000000e+00 1.212573253208324076e+01 1.000000000000000056e-01 1.178057169066735188e+00 6.808296164754952529e-02
5.000000000000000000e+00 1.392880901273805350e+01 1.000000000000000056e-01 1.183934282192962817e+00 1.176080742881280977e-01
5.000000000000000000e+00 1.600000000000007816e+01 1.000000000000000056e-01 1.200405193050974928e+00 1.740117780861677177e-01
