1.000000000000000000e+00 6.250000000000000000e-02 0.000000000000000000e+00 1.021793514779820722e+00 0.000000000000000000e+00
1.000000000000000000e+00 1.250000000000000000e-01 0.000000000000000000e+00 1.003110606085338974e+00 0.000000000000000000e+00
1.000000000000000000e+00 2.500000000000000000e-01 0.000000000000000000e+00 1.000065978043566561e+00 0.000000000000000000e+00
1.000000000000000000e+00 5.000000000000000000e-01 0.000000000000000000e+00 1.000585590741337016e+00 0.000000000000000000e+00
1.000000000000000000e+00 1.000000000000000000e+00 0.000000000000000000e+00 1.409201362911050248e+00 0.000000000000000000e+00
1.000000000000000000e+00 2.000000000000000000e+00 0.000000000000000000e+00 1.007253365690288227e+00 0.000000000000000000e+00
1.000000000000000000e+00 4.000000000000000000e+00 0.000000000000000000e+00 1.540393037142617105e+00 0.000000000000000000e+00
1.000000000000000000e+00 8.000000000000000000e+00 0.000000000000000000e+00 1.034901425151060428e+00 0.000000000000000000e+00
1.000000000000000000e+00 1.600000000000000000e+01 0.000000000000000000e+00 1.034918719889394323e+00 0.000000000000000000e+00
1.000000000000000000e+00 3.200000000000000000e+01 0.000000000000000000e+00 1.029433849126589084e+00 0.000000000000000000e+00
1.000000000000000000e+00 6.400000000000000000e+01 0.000000000000000000e+00 1.059674622725485182e+00 0.000000000000000000e+00
1.000000000000000000e+00 1.280000000000000000e+02 0.000000000000000000e+00 1.066425075852419413e+00 0.000000000000000000e+00
2.000000000000000000e+00 6.250000000000000000e-02 0.000000000000000000e+00 1.000036943169155146e+00 0.000000000000000000e+00
2.000000000000000000e+00 1.250000000000000000e-01 0.000000000000000000e+00 1.000000016921531065e+00 0.000000000000000000e+00
2.000000000000000000e+00 2.500000000000000000e-01 0.000000000000000000e+00 1.000001276651935944e+00 0.000000000000000000e+00
2.000000000000000000e+00 5.000000000000000000e-01 0.000000000000000000e+00 1.000186358208602799e+00 0.000000000000000000e+00
2.000000000000000000e+00 1.000000000000000000e+00 0.000000000000000000e+00 1.519733977825389548e+00 0.000000000000000000e+00
2.000000000000000000e+00 2.000000000000000000e+00 0.000000000000000000e+00 1.250231471830466123e+00 0.000000000000000000e+00
2.000000000000000000e+00 4.000000000000000000e+00 0.000000000000000000e+00 1.192281511810711070e+00 0.000000000000000000e+00
2.000000000000000000e+00 8.000000000000000000e+00 0.000000000000000000e+00 2.214178974090960761e+00 0.000000000000000000e+00
2.000000000000000000e+00 1.600000000000000000e+01 0.000000000000000000e+00 1.699245645937033089e+00 0.000000000000000000e+00
2.000000000000000000e+00 3.200000000000000000e+01 0.000000000000000000e+00 2.509708136447017068e+00 0.000000000000000000e+00
2.000000000000000000e+00 6.400000000000000000e+01 0.000000000000000000e+00 1.510502385970268424e+00 0.000000000000000000e+00
2.000000000000000000e+00 1.280000000000000000e+02 0.000000000000000000e+00 2.229169267642383545e+00 0.000000000000000000e+00
3.000000000000000000e+00 6.250000000000000000e-02 0.000000000000000000e+00 1.035013503617474795e+00 0.000000000000000000e+00
3.000000000000000000e+00 1.250000000000000000e-01 0.000000000000000000e+00 1.000555396117894569e+00 0.000000000000000000e+00
3.000000000000000000e+00 2.500000000000000000e-01 0.000000000000000000e+00 1.000028247022064942e+00 0.000000000000000000e+00
3.000000000000000000e+00 5.000000000000000000e-01 0.000000000000000000e+00 1.001695048474319227e+00 0.000000000000000000e+00
3.000000000000000000e+00 1.000000000000000000e+00 0.000000000000000000e+00 1.051347720813945674e+00 0.000000000000000000e+00
3.000000000000000000e+00 2.000000000000000000e+00 0.000000000000000000e+00 1.345176539466809373e+00 0.000000000000000000e+00
3.000000000000000000e+00 4.000000000000000000e+00 0.000000000000000000e+00 1.254008586044834894e+00 0.000000000000000000e+00
3.000000000000000000e+00 8.000000000000000000e+00 0.000000000000000000e+00 1.299419131308986453e+00 0.000000000000000000e+00
3.000000000000000000e+00 1.600000000000000000e+01 0.000000000000000000e+00 1.123506614490505928e+00 0.000000000000000000e+00
3.000000000000000000e+00 3.200000000000000000e+01 0.000000000000000000e+00 1.147412607151903075e+00 0.000000000000000000e+00
3.000000000000000000e+00 6.400000000000000000e+01 0.000000000000000000e+00 1.205649994198122021e+00 0.000000000000000000e+00
3.000000000000000000e+00 1.280000000000000000e+02 0.000000000000000000e+00 1.201429854557855670e+00 0.000000000000000000e+00
4.000000000000000000e+00 6.250000000000000000e-02 0.000000000000000000e+00 1.025796936862821251e+00 0.000000000000000000e+00
4.000000000000000000e+00 1.250000000000000000e-01 0.000000000000000000e+00 1.000384980351211928e+00 0.000000000000000000e+00
4.000000000000000000e+00 2.500000000000000000e-01 0.000000000000000000e+00 1.000023870249964864e+00 0.000000000000000000e+00
4.000000000000000000e+00 5.000000000000000000e-01 0.000000000000000000e+00 1.001596370188127860e+00 0.000000000000000000e+00
4.000000000000000000e+00 1.000000000000000000e+00 0.000000000000000000e+00 1.120014810344165390e+00 0.000000000000000000e+00
4.000000000000000000e+00 2.000000000000000000e+00 0.000000000000000000e+00 1.441530165949603814e+00 0.000000000000000000e+00
4.000000000000000000e+00 4.000000000000000000e+00 0.000000000000000000e+00 1.258930549880561856e+00 0.000000000000000000e+00
4.000000000000000000e+00 8.000000000000000000e+00 0.000000000000000000e+00 1.173749727222944239e+00 0.000000000000000000e+00
4.000000000000000000e+00 1.600000000000000000e+01 0.000000000000000000e+00 1.108501899534088952e+00 0.000000000000000000e+00
4.000000000000000000e+00 3.200000000000000000e+01 0.000000000000000000e+00 1.114661651077477167e+00 0.000000000000000000e+00
4.000000000000000000e+00 6.400000000000000000e+01 0.000000000000000000e+00 1.132834356624208061e+00 0.000000000000000000e+00
4.000000000000000000e+00 1.280000000000000000e+02 0.000000000000000000e+00 1.161205050822433194e+00 0.000000000000000000e+00
5.000000000000000000e+00 6.250000000000000000e-02 0.000000000000000000e+00 1.001056642841066324e+00 0.000000000000000000e+00
5.000000000000000000e+00 1.250000000000000000e-01 0.000000000000000000e+00 1.000002269901540508e+00 0.000000000000000000e+00
5.000000000000000000e+00 2.500000000000000000e-01 0.000000000000000000e+00 1.000042150817328723e+00 0.000000000000000000e+00
5.000000000000000000e+00 5.000000000000000000e-01 0.000000000000000000e+00 1.003636998629119592e+00 0.000000000000000000e+00
5.000000000000000000e+00 1.000000000000000000e+00 0.000000000000000000e+00 1.178979140469112119e+00 0.000000000000000000e+00
5.000000000000000000e+00 2.000000000000000000e+00 0.000000000000000000e+00 1.242430741769066538e+00 0.000000000000000000e+00
5.000000000000000000e+00 4.000000000000000000e+00 0.000000000000000000e+00 1.274108105202931052e+00 0.000000000000000000e+00
5.000000000000000000e+00 8.000000000000000000e+00 0.000000000000000000e+00 1.140650763243195254e+00 0.000000000000000000e+00
5.000000000000000000e+00 1.600000000000000000e+01 0.000000000000000000e+00 1.213049605843334655e+00 0.000000000000000000e+00
5.000000000000000000e+00 3.200000000000000000e+01 0.000000000000000000e+00 1.171657022418848726e+00 0.000000000000000000e+00
5.000000000000000000e+00 6.400000000000000000e+01 0.000000000000000000e+00 1.228945031306293290e+00 0.000000000000000000e+00
5.000000000000000000e+00 1.280000000000000000e+02 0.000000000000000000e+00 1.157542357149686341e+00 0.000000000000000000e+00
