5.000000000000000000e+00 7.812500000000000000e-03 5.999999999999999778e-02 1.642671031981529861e+00 3.177844189020943566e-01
5.000000000000000000e+00 8.373230176064788352e-03 5.999999999999999778e-02 1.539650037029647311e+00 2.812975749535513992e-01
5.000000000000000000e+00 8.974205898414331500e-03 5.999999999999999778e-02 1.480328604826701255e+00 2.474942471190706983e-01
5.000000000000000000e+00 9.618315729257151739e-03 5.999999999999999778e-02 1.414651104823796191e+00 2.429200440462657429e-01
5.000000000000000000e+00 1.030865555291322552e-02 5.999999999999999778e-02 1.355615772040757339e+00 1.988820277183750429e-01
5.000000000000000000e+00 1.104854345603979195e-02 5.999999999999999778e-02 1.316590331774526668e+00 2.020035985769085829e-01
5.000000000000000000e+00 1.184153567586246694e-02 5.999999999999999778e-02 1.261765336381947655e+00 1.820166255327336224e-01
5.000000000000000000e+00 1.269144369306615845e-02 5.999999999999999778e-02 1.210049544234474084e+00 1.558864302057604012e-01
5.000000000000000000e+00 1.360235255150191343e-02 5.999999999999999778e-02 1.188822940521542915e+00 1.468072407162986648e-01
5.000000000000000000e+00 1.457864049276258282e-02 5.999999999999999778e-02 1.159669061365731224e+00 1.375822093713097993e-01
5.000000000000000000e+00 1.562499999999996184e-02 5.999999999999999778e-02 1.139548369767455105e+00 1.337129488957908008e-01
5.000000000000000000e+00 1.674646035212953507e-02 5.999999999999999778e-02 1.122574662552378699e+00 1.348248993734128820e-01
5.000000000000000000e+00 1.794841179682861790e-02 5.999999999999999778e-02 1.100284765231070994e+00 1.141688261667488657e-01
5.000000000000000000e+00 1.923663145851425491e-02 5.999999999999999778e-02 1.079905522096193060e+00 9.099463476859613598e-02
5.000000000000000000e+00 2.061731110582640247e-02 5.999999999999999778e-02 1.073051155086353514e+00 9.444503799739635552e-02
5.000000000000000000e+00 2.209708691207952838e-02 5.999999999999999778e-02 1.064075250179080445e+00 9.340161969101508366e-02
5.000000000000000000e+00 2.368307135172487837e-02 5.999999999999999778e-02 1.050604565065234697e+00 7.420494108170802572e-02
5.000000000000000000e+00 2.538288738613225445e-02 5.999999999999999778e-02 1.040203099566283207e+00 6.196656002723162360e-02
5.000000000000000000e+00 2.720470510300375747e-02 5.999999999999999778e-02 1.034578515628360451e+00 5.835434361115508090e-02
5.000000000000000000e+00 2.915728098552509626e-02 5.999999999999999778e-02 1.028279099139723263e+00 5.135172453592115605e-02
5.000000000000000000e+00 3.124999999999984734e-02 5.999999999999999778e-02 1.021294007501917234e+00 4.019862145523150909e-02
5.000000000000000000e+00 3.349292070425898687e-02 5.999999999999999778e-02 1.018513322517331066e+00 3.919319861077253525e-02
5.000000000000000000e+00 3.589682359365715253e-02 5.999999999999999778e-02 1.013894471149396903e+00 3.057330331924072025e-02
5.000000000000000000e+00 3.847326291702841267e-02 5.999999999999999778e-02 1.010796189326498506e+00 2.517569643831746654e-02
5.000000000000000000e+00 4.123462221165270086e-02 5.999999999999999778e-02 1.008371710495133744e+00 2.057357065589459841e-02
5.000000000000000000e+00 4.419417382415894574e-02 5.999999999999999778e-02 1.006527750961754730e+00 1.685795505190883226e-02
5.000000000000000000e+00 4.736614270344963878e-02 5.999999999999999778e-02 1.005173090821888326e+00 1.392081260900401851e-02
5.000000000000000000e+00 5.076577477226438401e-02 5.999999999999999778e-02 1.004204124920216046e+00 1.170316779673667359e-02
5.000000000000000000e+00 5.440941020600738309e-02 5.999999999999999778e-02 1.003514537135665519e+00 1.002093587739725546e-02
5.000000000000000000e+00 5.831456197105004680e-02 5.999999999999999778e-02 1.002928783342013075e+00 8.476973171901327000e-03
5.000000000000000000e+00 6.249999999999953509e-02 5.999999999999999778e-02 1.002521212073588242e+00 7.366869754369071398e-03
5.000000000000000000e+00 6.698584140851780722e-02 5.999999999999999778e-02 1.002158537218216239e+00 6.338117113000685948e-03
5.000000000000000000e+00 7.179364718731412465e-02 5.999999999999999778e-02 1.001896144747447925e+00 5.583213327875188002e-03
5.000000000000000000e+00 7.694652583405664492e-02 5.999999999999999778e-02 1.001623493881257376e+00 4.784775583402549153e-03
5.000000000000000000e+00 8.246924442330520744e-02 5.999999999999999778e-02 1.001377917763256686e+00 4.061217004954161859e-03
5.000000000000000000e+00 8.838834764831768331e-02 5.999999999999999778e-02 1.001150143970026551e+00 3.387693910631816262e-03
5.000000000000000000e+00 9.473228540689904165e-02 5.999999999999999778e-02 1.000953533446330201e+00 2.805247913109942554e-03
5.000000000000000000e+00 1.015315495445285182e-01 5.999999999999999778e-02 1.000775184004176754e+00 2.275622581386103037e-03
5.000000000000000000e+00 1.088188204120145025e-01 5.999999999999999778e-02 1.000629865903415849e+00 1.843407701596321002e-03
5.000000000000000000e+00 1.166291239420998022e-01 5.999999999999999778e-02 1.000510761575715168e+00 1.488443298007861761e-03
5.000000000000000000e+00 1.249999999999987649e-01 5.999999999999999778e-02 1.000419326898355887e+00 1.215345086218164823e-03
5.000000000000000000e+00 1.339716828170352814e-01 5.999999999999999778e-02 1.000350544066995528e+00 1.009202378482515570e-03
5.000000000000000000e+00 1.435872943746278885e-01 5.999999999999999778e-02 1.000297760738557695e+00 8.500371945450006534e-04
5.000000000000000000e+00 1.538930516681129013e-01 5.999999999999999778e-02 1.000258423647129469e+00 7.299288090069117226e-04
5.000000000000000000e+00 1.649384888466099985e-01 5.999999999999999778e-02 1.000219065185246725e+00 6.079851852900692178e-04
5.000000000000000000e+00 1.767766952966349225e-01 5.999999999999999778e-02 1.000177563279798676e+00 4.769399947565545355e-04
5.000000000000000000e+00 1.894645708137976114e-01 5.999999999999999778e-02 1.000137946709731107e+00 3.473372990467700114e-04
5.000000000000000000e+00 2.030630990890565368e-01 5.999999999999999778e-02 1.000110107159867923e+00 2.467279923367333722e-04
5.000000000000000000e+00 2.176376408240284499e-01 5.999999999999999778e-02 1.000099185514149003e+00 1.869550498669256809e-04
5.000000000000000000e+00 2.332582478841990492e-01 5.999999999999999778e-02 1.000099623180484842e+00 1.458327463446413988e-04
5.000000000000000000e+00 2.499999999999969191e-01 5.999999999999999778e-02 1.000109037153837921e+00 1.084659054045048409e-04
5.000000000000000000e+00 2.679433656340699521e-01 5.999999999999999778e-02 1.000133512079598885e+00 8.308955864028868122e-05
5.000000000000000000e+00 2.871745887492550553e-01 5.999999999999999778e-02 1.000184039770310118e+00 8.824879363884932703e-05
5.000000000000000000e+00 3.077861033362250809e-01 5.999999999999999778e-02 1.000272497118064097e+00 1.257552330771779376e-04
5.000000000000000000e+00 3.298769776932191644e-01 5.999999999999999778e-02 1.000417223991165061e+00 2.018054529300986695e-04
5.000000000000000000e+00 3.535533905932689569e-01 5.999999999999999778e-02 1.000658417569170178e+00 3.408650014681812996e-04
5.000000000000000000e+00 3.789291416275942792e-01 5.999999999999999778e-02 1.001063770390732355e+00 5.960404600136104750e-04
5.000000000000000000e+00 4.061261981781120745e-01 5.999999999999999778e-02 1.001759483046997801e+00 1.072558538078474720e-03
5.000000000000000000e+00 4.352752816480558451e-01 5.999999999999999778e-02 1.002980792739009308e+00 1.986776567836528659e-03
5.000000000000000000e+00 4.665164957683969327e-01 5.999999999999999778e-02 1.005163087232502139e+00 3.776906879741448540e-03
5.000000000000000000e+00 4.999999999999926170e-01 5.999999999999999778e-02 1.009094483700319067e+00 7.326290032593342147e-03
5.000000000000000000e+00 5.358867312681385719e-01 5.999999999999999778e-02 1.016171772878535551e+00 1.430563245200094404e-02
5.000000000000000000e+00 5.743491774985087783e-01 5.999999999999999778e-02 1.027953282179140615e+00 2.668149100311460048e-02
5.000000000000000000e+00 6.155722066724486075e-01 5.999999999999999778e-02 1.044226946513895360e+00 4.355689783411150623e-02
5.000000000000000000e+00 6.597539553864367745e-01 5.999999999999999778e-02 1.061750042975764696e+00 5.857036588552126666e-02
5.000000000000000000e+00 7.071067811865362485e-01 5.999999999999999778e-02 1.078588456455162881e+00 6.604408182775556302e-02
5.000000000000000000e+00 7.578582832551866710e-01 5.999999999999999778e-02 1.094829072111124457e+00 7.205876183043979921e-02
5.000000000000000000e+00 8.122523963562221505e-01 5.999999999999999778e-02 1.115445150897011795e+00 8.811004680274821255e-02
5.000000000000000000e+00 8.705505632961095808e-01 5.999999999999999778e-02 1.138220033176691626e+00 1.070962507011653658e-01
5.000000000000000000e+00 9.330329915367915339e-01 5.999999999999999778e-02 1.157771755517730039e+00 1.290626920378379339e-01
5.000000000000000000e+00 9.999999999999827915e-01 5.999999999999999778e-02 1.174738922614194436e+00 1.478133978763409295e-01
5.000000000000000000e+00 1.071773462536274479e+00 5.999999999999999778e-02 1.191789683266384348e+00 1.652082915445313716e-01
5.000000000000000000e+00 1.148698354997014670e+00 5.999999999999999778e-02 1.201610366992801104e+00 1.737318431030702715e-01
5.000000000000000000e+00 1.231144413344894106e+00 5.999999999999999778e-02 1.197298898005664247e+00 1.589698735407862329e-01
5.000000000000000000e+00 1.319507910772870218e+00 5.999999999999999778e-02 1.184150864867438591e+00 1.299269091790800912e-01
5.000000000000000000e+00 1.414213562373068944e+00 5.999999999999999778e-02 1.176334503066279735e+00 1.058328560034858951e-01
5.000000000000000000e+00 1.515716566510369789e+00 5.999999999999999778e-02 1.174030914454510466e+00 9.647346516479153589e-02
5.000000000000000000e+00 1.624504792712440304e+00 5.999999999999999778e-02 1.175833245238372182e+00 1.146122808570796681e-01
5.000000000000000000e+00 1.741101126592214943e+00 5.999999999999999778e-02 1.179682349479368009e+00 1.310664180444917337e-01
5.000000000000000000e+00 1.866065983073578627e+00 5.999999999999999778e-02 1.197675339486193424e+00 1.588422574099766227e-01
5.000000000000000000e+00 1.999999999999960698e+00 5.999999999999999778e-02 1.191274285645159914e+00 1.448289989427742064e-01
5.000000000000000000e+00 2.143546925072543630e+00 5.999999999999999778e-02 1.180285748905337551e+00 1.215788252430571870e-01
5.000000000000000000e+00 2.297396709994023567e+00 5.999999999999999778e-02 1.197485835179447289e+00 1.395505032595626693e-01
5.000000000000000000e+00 2.462288826689782439e+00 5.999999999999999778e-02 1.206990658385244330e+00 1.713907126914500922e-01
5.000000000000000000e+00 2.639015821545733775e+00 5.999999999999999778e-02 1.213390926705699924e+00 1.797092718838093905e-01
5.000000000000000000e+00 2.828427124746130783e+00 5.999999999999999778e-02 1.213842294889500906e+00 1.672325955161581279e-01
5.000000000000000000e+00 3.031433133020732029e+00 5.999999999999999778e-02 1.204982294868863324e+00 1.535986880172919566e-01
5.000000000000000000e+00 3.249009585424872615e+00 5.999999999999999778e-02 1.233463865904938173e+00 2.401974334820052015e-01
5.000000000000000000e+00 3.482202253184421004e+00 5.999999999999999778e-02 1.218758160754671582e+00 2.081164539531678015e-01
5.000000000000000000e+00 3.732131966147147928e+00 5.999999999999999778e-02 1.167500220017572810e+00 9.791628249891459745e-02
5.000000000000000000e+00 3.999999999999911182e+00 5.999999999999999778e-02 1.141588845038533195e+00 5.012733573492518524e-02
5.000000000000000000e+00 4.287093850145076601e+00 5.999999999999999778e-02 1.176348350230264961e+00 1.500451962101222447e-01
5.000000000000000000e+00 4.594793419988035588e+00 5.999999999999999778e-02 1.158634295537392722e+00 6.927249281525964253e-02
5.000000000000000000e+00 4.924577653379552444e+00 5.999999999999999778e-02 1.184608498169505975e+00 7.961466489899755861e-02
5.000000000000000000e+00 5.278031643091455116e+00 5.999999999999999778e-02 1.165780200707139613e+00 1.312287436791141904e-01
5.000000000000000000e+00 5.656854249492248243e+00 5.999999999999999778e-02 1.150201009907899419e+00 9.265478711484288754e-02
5.000000000000000000e+00 6.062866266041448959e+00 5.999999999999999778e-02 1.189352905773177094e+00 8.612534646403889604e-02
5.000000000000000000e+00 6.498019170849729242e+00 5.999999999999999778e-02 1.168830082486757460e+00 7.077561693221724737e-02
5.000000000000000000e+00 6.964404506368825132e+00 5.999999999999999778e-02 1.155998260290023838e+00 6.807625558925328724e-02
5.000000000000000000e+00 7.464263932294277204e+00 5.999999999999999778e-02 1.179231775346193167e+00 6.874477783852828150e-02
5.000000000000000000e+00 7.999999999999802824e+00 5.999999999999999778e-02 1.157058911546639646e+00 6.891694061238289037e-02
5.000000000000000000e+00 8.574187700290131886e+00 5.999999999999999778e-02 1.184507891975414617e+00 1.241077512442640418e-01
5.000000000000000000e+00 9.189586839976049859e+00 5.999999999999999778e-02 1.169022911189963487e+00 8.686634412211199918e-02
5.000000000000000000e+00 9.849155306759080020e+00 5.999999999999999778e-02 1.217967100863681651e+00 1.213022535978138805e-01
5.000000000000000000e+00 1.055606328618288359e+01 5.999999999999999778e-02 1.248768087034277219e+00 1.388709404864201247e-01
5.000000000000000000e+00 1.131370849898446806e+01 5.999999999999999778e-02 1.198970686134176677e+00 1.150480445513926697e-01
5.000000000000000000e+00 1.212573253208286772e+01 5.999999999999999778e-02 1.180257640527791141e+00 6.902396705487713613e-02
5.000000000000000000e+00 1.299603834169942651e+01 5.999999999999999778e-02 1.220762253932113239e+00 1.177352664101412594e-01
5.000000000000000000e+00 1.392880901273761651e+01 5.999999999999999778e-02 1.186263451920195777e+00 1.189710545368465600e-01
5.000000000000000000e+00 1.492852786458851710e+01 5.999999999999999778e-02 1.169145692260114888e+00 9.107358165946349837e-02
5.000000000000000000e+00 1.599999999999956657e+01 5.999999999999999778e-02 1.203419471946367558e+00 1.766274414412053462e-01
5.000000000000000000e+00 1.714837540058022114e+01 5.999999999999999778e-02 1.178909926269175124e+00 9.984847980854068272e-02
5.000000000000000000e+00 1.837917367995205353e+01 5.999999999999999778e-02 1.205752356694674843e+00 9.687281517726535618e-02
5.000000000000000000e+00 1.969831061351811385e+01 5.999999999999999778e-02 1.176573565091539209e+00 1.297664563780231706e-01
5.000000000000000000e+00 2.111212657236571388e+01 5.999999999999999778e-02 1.177308294414212364e+00 8.841382047570175984e-02
5.000000000000000000e+00 2.262741699796887929e+01 5.999999999999999778e-02 1.151528821123615431e+00 5.967573412551444023e-02
5.000000000000000000e+00 2.425146506416567505e+01 5.999999999999999778e-02 1.154457459315941792e+00 5.450851222502284266e-02
5.000000000000000000e+00 2.599207668339878907e+01 5.999999999999999778e-02 1.219910423587225567e+00 1.716385501966215532e-01
5.000000000000000000e+00 2.785761802547516197e+01 5.999999999999999778e-02 1.185865089903681113e+00 1.301748527232724495e-01
5.000000000000000000e+00 2.985705572917696315e+01 5.999999999999999778e-02 1.175402158576393186e+00 8.058635344405652712e-02
5.000000000000000000e+00 3.199999999999905498e+01 5.999999999999999778e-02 1.176776872418531905e+00 9.902551526942879323e-02
