5.000000000000000000e+00 7.812500000000000000e-03 2.500000000000000000e-01 2.034283613943924873e+00 5.176425537806262911e-01
5.000000000000000000e+00 8.373230176064788352e-03 2.500000000000000000e-01 1.872909138379225569e+00 4.601066372560970175e-01
5.000000000000000000e+00 8.974205898414331500e-03 2.500000000000000000e-01 1.775295062292537862e+00 4.061475861602334425e-01
5.000000000000000000e+00 9.618315729257151739e-03 2.500000000000000000e-01 1.668801657208134559e+00 3.956257275838341303e-01
5.000000000000000000e+00 1.030865555291322552e-02 2.500000000000000000e-01 1.569704006058712187e+00 3.214920852767355619e-01
5.000000000000000000e+00 1.104854345603979195e-02 2.500000000000000000e-01 1.507413248625191438e+00 3.245195063237218402e-01
5.000000000000000000e+00 1.184153567586246694e-02 2.500000000000000000e-01 1.419343707653387243e+00 2.929340689184037894e-01
5.000000000000000000e+00 1.269144369306615845e-02 2.500000000000000000e-01 1.334711289671924206e+00 2.484105429233670059e-01
5.000000000000000000e+00 1.360235255150191343e-02 2.500000000000000000e-01 1.300700696393307432e+00 2.342744057468822416e-01
5.000000000000000000e+00 1.457864049276258282e-02 2.500000000000000000e-01 1.254580460823176757e+00 2.202624736961995289e-01
5.000000000000000000e+00 1.562499999999996184e-02 2.500000000000000000e-01 1.221659745464260594e+00 2.123469449206210891e-01
5.000000000000000000e+00 1.674646035212953507e-02 2.500000000000000000e-01 1.195187213358731793e+00 2.156923255296437081e-01
5.000000000000000000e+00 1.794841179682861790e-02 2.500000000000000000e-01 1.159423319764153915e+00 1.820062383079687762e-01
5.000000000000000000e+00 1.923663145851425491e-02 2.500000000000000000e-01 1.127154728515701532e+00 1.455426344831527441e-01
5.000000000000000000e+00 2.061731110582640247e-02 2.500000000000000000e-01 1.116097247889787925e+00 1.505430197941986792e-01
5.000000000000000000e+00 2.209708691207952838e-02 2.500000000000000000e-01 1.102122713809092547e+00 1.494946729489018966e-01
5.000000000000000000e+00 2.368307135172487837e-02 2.500000000000000000e-01 1.080607249816649684e+00 1.185914302337871956e-01
5.000000000000000000e+00 2.538288738613225445e-02 2.500000000000000000e-01 1.064038960621049634e+00 9.888179703986924030e-02
5.000000000000000000e+00 2.720470510300375747e-02 2.500000000000000000e-01 1.055155279636827093e+00 9.318745520718137165e-02
5.000000000000000000e+00 2.915728098552509626e-02 2.500000000000000000e-01 1.045130266024863364e+00 8.191141154030057159e-02
5.000000000000000000e+00 3.124999999999984734e-02 2.500000000000000000e-01 1.033998498944726174e+00 6.400488633319918741e-02
5.000000000000000000e+00 3.349292070425898687e-02 2.500000000000000000e-01 1.029620065963212650e+00 6.242672796023295001e-02
5.000000000000000000e+00 3.589682359365715253e-02 2.500000000000000000e-01 1.022258627384600160e+00 4.859882253210801029e-02
5.000000000000000000e+00 3.847326291702841267e-02 2.500000000000000000e-01 1.017327722348952967e+00 3.994925638561320352e-02
5.000000000000000000e+00 4.123462221165270086e-02 2.500000000000000000e-01 1.013478907929813655e+00 3.260959784920421795e-02
5.000000000000000000e+00 4.419417382415894574e-02 2.500000000000000000e-01 1.010553998630857597e+00 2.669246182826335786e-02
5.000000000000000000e+00 4.736614270344963878e-02 2.500000000000000000e-01 1.008403125337018924e+00 2.201568439227263169e-02
5.000000000000000000e+00 5.076577477226438401e-02 2.500000000000000000e-01 1.006867645599854422e+00 1.849513157924382797e-02
5.000000000000000000e+00 5.440941020600738309e-02 2.500000000000000000e-01 1.005774125776136119e+00 1.582429675308057518e-02
5.000000000000000000e+00 5.831456197105004680e-02 2.500000000000000000e-01 1.004846102933773855e+00 1.337843770897373906e-02
5.000000000000000000e+00 6.249999999999953509e-02 2.500000000000000000e-01 1.004199825113391231e+00 1.161959655319737793e-02
5.000000000000000000e+00 6.698584140851780722e-02 2.500000000000000000e-01 1.003624477390330449e+00 9.990192414302446686e-03
5.000000000000000000e+00 7.179364718731412465e-02 2.500000000000000000e-01 1.003208880119521806e+00 8.798038606580699944e-03
5.000000000000000000e+00 7.694652583405664492e-02 2.500000000000000000e-01 1.002776378884993269e+00 7.535789852533214365e-03
5.000000000000000000e+00 8.246924442330520744e-02 2.500000000000000000e-01 1.002387007271547059e+00 6.393625201590982625e-03
5.000000000000000000e+00 8.838834764831768331e-02 2.500000000000000000e-01 1.002024939832642181e+00 5.328851466750727378e-03
5.000000000000000000e+00 9.473228540689904165e-02 2.500000000000000000e-01 1.001712567445729896e+00 4.410236022757696439e-03
5.000000000000000000e+00 1.015315495445285182e-01 2.500000000000000000e-01 1.001427960143006723e+00 3.572860317390151672e-03
5.000000000000000000e+00 1.088188204120145025e-01 2.500000000000000000e-01 1.001195590388292533e+00 2.890699129976745992e-03
5.000000000000000000e+00 1.166291239420998022e-01 2.500000000000000000e-01 1.001004220278367995e+00 2.330677795063144410e-03
5.000000000000000000e+00 1.249999999999987649e-01 2.500000000000000000e-01 1.000855731679277882e+00 1.898988588951917508e-03
5.000000000000000000e+00 1.339716828170352814e-01 2.500000000000000000e-01 1.000742665038016233e+00 1.573679370193266803e-03
5.000000000000000000e+00 1.435872943746278885e-01 2.500000000000000000e-01 1.000654036117388568e+00 1.322054342826707585e-03
5.000000000000000000e+00 1.538930516681129013e-01 2.500000000000000000e-01 1.000585970416578263e+00 1.132415822471509849e-03
5.000000000000000000e+00 1.649384888466099985e-01 2.500000000000000000e-01 1.000516892984302242e+00 9.399917609293862797e-04
5.000000000000000000e+00 1.767766952966349225e-01 2.500000000000000000e-01 1.000443215608522340e+00 7.335153126494573352e-04
5.000000000000000000e+00 1.894645708137976114e-01 2.500000000000000000e-01 1.000370919822298088e+00 5.298624056648826297e-04
5.000000000000000000e+00 2.030630990890565368e-01 2.500000000000000000e-01 1.000315272940793587e+00 3.726545963053692185e-04
5.000000000000000000e+00 2.176376408240284499e-01 2.500000000000000000e-01 1.000283559382496801e+00 2.791768972189446053e-04
5.000000000000000000e+00 2.332582478841990492e-01 2.500000000000000000e-01 1.000265951675340492e+00 2.142087237601502205e-04
5.000000000000000000e+00 2.499999999999969191e-01 2.500000000000000000e-01 1.000256898627078339e+00 1.530160111386979149e-04
5.000000000000000000e+00 2.679433656340699521e-01 2.500000000000000000e-01 1.000263071076778143e+00 1.015083457970579575e-04
5.000000000000000000e+00 2.871745887492550553e-01 2.500000000000000000e-01 1.000297286018963838e+00 7.905101443392326696e-05
5.000000000000000000e+00 3.077861033362250809e-01 2.500000000000000000e-01 1.000370137622183631e+00 9.596911166288391113e-05
5.000000000000000000e+00 3.298769776932191644e-01 2.500000000000000000e-01 1.000497340134999247e+00 1.607091973952248223e-04
5.000000000000000000e+00 3.535533905932689569e-01 2.500000000000000000e-01 1.000717863527107898e+00 2.930483977316774170e-04
5.000000000000000000e+00 3.789291416275942792e-01 2.500000000000000000e-01 1.001096702534634675e+00 5.395140212756371206e-04
5.000000000000000000e+00 4.061261981781120745e-01 2.500000000000000000e-01 1.001754545795180640e+00 1.000879687865510520e-03
5.000000000000000000e+00 4.352752816480558451e-01 2.500000000000000000e-01 1.002917869429591269e+00 1.887382874746154800e-03
5.000000000000000000e+00 4.665164957683969327e-01 2.500000000000000000e-01 1.005007274277347484e+00 3.625682081900679678e-03
5.000000000000000000e+00 4.999999999999926170e-01 2.500000000000000000e-01 1.008788839184585395e+00 7.081180955925073760e-03
5.000000000000000000e+00 5.358867312681385719e-01 2.500000000000000000e-01 1.015629928409547578e+00 1.390633653032934819e-02
5.000000000000000000e+00 5.743491774985087783e-01 2.500000000000000000e-01 1.027065588344576286e+00 2.607648403374325866e-02
5.000000000000000000e+00 6.155722066724486075e-01 2.500000000000000000e-01 1.042894933765057708e+00 4.276415499498041617e-02
5.000000000000000000e+00 6.597539553864367745e-01 2.500000000000000000e-01 1.059951228434324211e+00 5.767213457193815646e-02
5.000000000000000000e+00 7.071067811865362485e-01 2.500000000000000000e-01 1.076302920230711280e+00 6.495161217557447741e-02
5.000000000000000000e+00 7.578582832551866710e-01 2.500000000000000000e-01 1.091935669198213388e+00 7.027239435053726779e-02
5.000000000000000000e+00 8.122523963562221505e-01 2.500000000000000000e-01 1.111710216443661636e+00 8.502131699777600027e-02
5.000000000000000000e+00 8.705505632961095808e-01 2.500000000000000000e-01 1.133369540901179251e+00 1.021579584179367894e-01
5.000000000000000000e+00 9.330329915367915339e-01 2.500000000000000000e-01 1.151537646599877229e+00 1.218619934724087389e-01
5.000000000000000000e+00 9.999999999999827915e-01 2.500000000000000000e-01 1.166867426949279807e+00 1.381761304249676525e-01
5.000000000000000000e+00 1.071773462536274479e+00 2.500000000000000000e-01 1.182939275640311205e+00 1.544277068142363429e-01
5.000000000000000000e+00 1.148698354997014670e+00 2.500000000000000000e-01 1.192525919647406951e+00 1.630890477350941670e-01
5.000000000000000000e+00 1.231144413344894106e+00 2.500000000000000000e-01 1.188733129322679716e+00 1.503322898599474544e-01
5.000000000000000000e+00 1.319507910772870218e+00 2.500000000000000000e-01 1.176001131145444578e+00 1.239344404846508818e-01
5.000000000000000000e+00 1.414213562373068944e+00 2.500000000000000000e-01 1.167735480562119621e+00 1.013531774298452592e-01
5.000000000000000000e+00 1.515716566510369789e+00 2.500000000000000000e-01 1.164618343426114810e+00 9.159844454009685721e-02
5.000000000000000000e+00 1.624504792712440304e+00 2.500000000000000000e-01 1.166032830633103368e+00 1.082708305366372886e-01
5.000000000000000000e+00 1.741101126592214943e+00 2.500000000000000000e-01 1.169265980389369686e+00 1.230821729321185110e-01
5.000000000000000000e+00 1.866065983073578627e+00 2.500000000000000000e-01 1.186257518839700875e+00 1.489759548387576960e-01
5.000000000000000000e+00 1.999999999999960698e+00 2.500000000000000000e-01 1.181077628671361790e+00 1.367296381041211983e-01
5.000000000000000000e+00 2.143546925072543630e+00 2.500000000000000000e-01 1.171687834717658472e+00 1.149475347467627806e-01
5.000000000000000000e+00 2.297396709994023567e+00 2.500000000000000000e-01 1.188679612565083366e+00 1.335480474093667658e-01
5.000000000000000000e+00 2.462288826689782439e+00 2.500000000000000000e-01 1.197153946621138276e+00 1.634281824807145012e-01
5.000000000000000000e+00 2.639015821545733775e+00 2.500000000000000000e-01 1.201586443302312457e+00 1.677381547203306844e-01
5.000000000000000000e+00 2.828427124746130783e+00 2.500000000000000000e-01 1.199597326490799976e+00 1.551407186641451108e-01
5.000000000000000000e+00 3.031433133020732029e+00 2.500000000000000000e-01 1.190146845903264028e+00 1.412196192290524621e-01
5.000000000000000000e+00 3.249009585424872615e+00 2.500000000000000000e-01 1.219409962388047219e+00 2.257827749290621244e-01
5.000000000000000000e+00 3.482202253184421004e+00 2.500000000000000000e-01 1.206403223723838458e+00 1.981184931601492616e-01
5.000000000000000000e+00 3.732131966147147928e+00 2.500000000000000000e-01 1.159202215661716551e+00 9.452702488057557195e-02
5.000000000000000000e+00 3.999999999999911182e+00 2.500000000000000000e-01 1.133328974519923538e+00 4.744007508277604118e-02
5.000000000000000000e+00 4.287093850145076601e+00 2.500000000000000000e-01 1.164246405568353016e+00 1.381453098837585880e-01
5.000000000000000000e+00 4.594793419988035588e+00 2.500000000000000000e-01 1.149113805685566536e+00 6.445685209756289724e-02
5.000000000000000000e+00 4.924577653379552444e+00 2.500000000000000000e-01 1.172518077159973027e+00 7.251331960978893432e-02
5.000000000000000000e+00 5.278031643091455116e+00 2.500000000000000000e-01 1.155882605671382235e+00 1.232373383449964638e-01
5.000000000000000000e+00 5.656854249492248243e+00 2.500000000000000000e-01 1.140065194374897839e+00 8.470796010642180074e-02
5.000000000000000000e+00 6.062866266041448959e+00 2.500000000000000000e-01 1.175973825143409091e+00 7.972860059024802770e-02
5.000000000000000000e+00 6.498019170849729242e+00 2.500000000000000000e-01 1.157661357033607619e+00 6.711811858224515925e-02
5.000000000000000000e+00 6.964404506368825132e+00 2.500000000000000000e-01 1.146128634591359274e+00 6.204558921780078951e-02
5.000000000000000000e+00 7.464263932294277204e+00 2.500000000000000000e-01 1.169463019566870265e+00 6.288173078575025332e-02
5.000000000000000000e+00 7.999999999999802824e+00 2.500000000000000000e-01 1.147978127635426393e+00 6.453419639020629983e-02
5.000000000000000000e+00 8.574187700290131886e+00 2.500000000000000000e-01 1.172767084881679134e+00 1.122956518974764922e-01
5.000000000000000000e+00 9.189586839976049859e+00 2.500000000000000000e-01 1.158532695224661291e+00 8.221826251731183255e-02
5.000000000000000000e+00 9.849155306759080020e+00 2.500000000000000000e-01 1.204589793712294021e+00 1.138349242424721436e-01
5.000000000000000000e+00 1.055606328618288359e+01 2.500000000000000000e-01 1.234614736867847062e+00 1.324884709266814231e-01
5.000000000000000000e+00 1.131370849898446806e+01 2.500000000000000000e-01 1.188105159845629144e+00 1.079779697696567897e-01
5.000000000000000000e+00 1.212573253208286772e+01 2.500000000000000000e-01 1.170879735615735218e+00 6.503937239500547085e-02
5.000000000000000000e+00 1.299603834169942651e+01 2.500000000000000000e-01 1.207647505621785466e+00 1.101060348945843842e-01
5.000000000000000000e+00 1.392880901273761651e+01 2.500000000000000000e-01 1.176275878378525430e+00 1.131296608136537346e-01
5.000000000000000000e+00 1.492852786458851710e+01 2.500000000000000000e-01 1.158695436846815863e+00 8.653752186548507863e-02
5.000000000000000000e+00 1.599999999999956657e+01 2.500000000000000000e-01 1.190589080992925597e+00 1.655237128456913120e-01
5.000000000000000000e+00 1.714837540058022114e+01 2.500000000000000000e-01 1.168615111513647165e+00 9.419641307598754232e-02
5.000000000000000000e+00 1.837917367995205353e+01 2.500000000000000000e-01 1.195327763891368189e+00 9.138945049208146987e-02
5.000000000000000000e+00 1.969831061351811385e+01 2.500000000000000000e-01 1.166253552880141875e+00 1.225888028620039510e-01
5.000000000000000000e+00 2.111212657236571388e+01 2.500000000000000000e-01 1.166008953862835096e+00 8.217282700932380946e-02
5.000000000000000000e+00 2.262741699796887929e+01 2.500000000000000000e-01 1.141853363543364974e+00 5.590508904039453303e-02
5.000000000000000000e+00 2.425146506416567505e+01 2.500000000000000000e-01 1.145842103710770887e+00 5.084306453106039042e-02
5.000000000000000000e+00 2.599207668339878907e+01 2.500000000000000000e-01 1.208891240337477191e+00 1.603785760980463992e-01
5.000000000000000000e+00 2.785761802547516197e+01 2.500000000000000000e-01 1.176704277962681289e+00 1.237751293961066312e-01
5.000000000000000000e+00 2.985705572917696315e+01 2.500000000000000000e-01 1.165680162963655508e+00 7.374791218638522550e-02
5.000000000000000000e+00 3.199999999999905498e+01 2.500000000000000000e-01 1.166751271932657374e+00 9.335099873450498909e-02
