5.000000000000000000e+00 7.812500000000000000e-03 7.900000000000000355e-01 5.172284247183283057e+00 1.259664709824187767e+00
5.000000000000000000e+00 8.373230176064788352e-03 7.900000000000000355e-01 5.457493914518375178e+00 1.012194721853378887e+00
5.000000000000000000e+00 8.974205898414331500e-03 7.900000000000000355e-01 5.036855139148229910e+00 1.121576744989077001e+00
5.000000000000000000e+00 9.618315729257151739e-03 7.900000000000000355e-01 5.004459948225401078e+00 9.916129502534720697e-01
5.000000000000000000e+00 1.030865555291322552e-02 7.900000000000000355e-01 4.429656269474901542e+00 1.422902395668284026e+00
5.000000000000000000e+00 1.104854345603979195e-02 7.900000000000000355e-01 4.251523990163927458e+00 1.098163379154958097e+00
5.000000000000000000e+00 1.184153567586246694e-02 7.900000000000000355e-01 3.947999444119869139e+00 1.255573062539862006e+00
5.000000000000000000e+00 1.269144369306615845e-02 7.900000000000000355e-01 3.510313376372837801e+00 1.232061768311149663e+00
5.000000000000000000e+00 1.360235255150191343e-02 7.900000000000000355e-01 3.236930498816481983e+00 1.143945918031995745e+00
5.000000000000000000e+00 1.457864049276258282e-02 7.900000000000000355e-01 2.973776984551272928e+00 1.071908650179498323e+00
5.000000000000000000e+00 1.562499999999996184e-02 7.900000000000000355e-01 2.706701884111133882e+00 1.008711735355464878e+00
5.000000000000000000e+00 1.674646035212953507e-02 7.900000000000000355e-01 2.521453892366934291e+00 9.789395792236975646e-01
5.000000000000000000e+00 1.794841179682861790e-02 7.900000000000000355e-01 2.264723404701325382e+00 8.850778685901981024e-01
5.000000000000000000e+00 1.923663145851425491e-02 7.900000000000000355e-01 2.127479977016649038e+00 8.997719177734909701e-01
5.000000000000000000e+00 2.061731110582640247e-02 7.900000000000000355e-01 1.963014565735668127e+00 8.182539519716391929e-01
5.000000000000000000e+00 2.209708691207952838e-02 7.900000000000000355e-01 1.869813034497505910e+00 9.039249604468886368e-01
5.000000000000000000e+00 2.368307135172487837e-02 7.900000000000000355e-01 1.752546699975973565e+00 8.656609412701053996e-01
5.000000000000000000e+00 2.538288738613225445e-02 7.900000000000000355e-01 1.641293621047794193e+00 8.247818708398028109e-01
5.000000000000000000e+00 2.720470510300375747e-02 7.900000000000000355e-01 1.551960998693378668e+00 7.857127996368601375e-01
5.000000000000000000e+00 2.915728098552509626e-02 7.900000000000000355e-01 1.475452154682783457e+00 7.637618109227964913e-01
5.000000000000000000e+00 3.124999999999984734e-02 7.900000000000000355e-01 1.392386451076729870e+00 6.989423600960920080e-01
5.000000000000000000e+00 3.349292070425898687e-02 7.900000000000000355e-01 1.347571055538196116e+00 7.060673014627856237e-01
5.000000000000000000e+00 3.589682359365715253e-02 7.900000000000000355e-01 1.273736246862609223e+00 5.895523279950404261e-01
5.000000000000000000e+00 3.847326291702841267e-02 7.900000000000000355e-01 1.218732348684921529e+00 5.041482103318837282e-01
5.000000000000000000e+00 4.123462221165270086e-02 7.900000000000000355e-01 1.173411093911106873e+00 4.222766529930143120e-01
5.000000000000000000e+00 4.419417382415894574e-02 7.900000000000000355e-01 1.137083910397220565e+00 3.498683582650769508e-01
5.000000000000000000e+00 4.736614270344963878e-02 7.900000000000000355e-01 1.108691563148914483e+00 2.876115313311476962e-01
5.000000000000000000e+00 5.076577477226438401e-02 7.900000000000000355e-01 1.088616061079954456e+00 2.412562336826916121e-01
5.000000000000000000e+00 5.440941020600738309e-02 7.900000000000000355e-01 1.074072927922065102e+00 2.053831844159513531e-01
5.000000000000000000e+00 5.831456197105004680e-02 7.900000000000000355e-01 1.061973477793958232e+00 1.733881024452238739e-01
5.000000000000000000e+00 6.249999999999953509e-02 7.900000000000000355e-01 1.053427448614904893e+00 1.500280147296822741e-01
5.000000000000000000e+00 6.698584140851780722e-02 7.900000000000000355e-01 1.045999804988301696e+00 1.289591365820492996e-01
5.000000000000000000e+00 7.179364718731412465e-02 7.900000000000000355e-01 1.040718681846603877e+00 1.137916639258692020e-01
5.000000000000000000e+00 7.694652583405664492e-02 7.900000000000000355e-01 1.035129337595543930e+00 9.745282816884069665e-02
5.000000000000000000e+00 8.246924442330520744e-02 7.900000000000000355e-01 1.030127741032493827e+00 8.275693407353512665e-02
5.000000000000000000e+00 8.838834764831768331e-02 7.900000000000000355e-01 1.025354623251063302e+00 6.868723000751368601e-02
5.000000000000000000e+00 9.473228540689904165e-02 7.900000000000000355e-01 1.021344009532452635e+00 5.686571856702258426e-02
5.000000000000000000e+00 1.015315495445285182e-01 7.900000000000000355e-01 1.017601275547419304e+00 4.581977476018680301e-02
5.000000000000000000e+00 1.088188204120145025e-01 7.900000000000000355e-01 1.014593457108711405e+00 3.695770823062263094e-02
5.000000000000000000e+00 1.166291239420998022e-01 7.900000000000000355e-01 1.012154505492515622e+00 2.978976821722354243e-02
5.000000000000000000e+00 1.249999999999987649e-01 7.900000000000000355e-01 1.010247495941815066e+00 2.421302340684577253e-02
5.000000000000000000e+00 1.339716828170352814e-01 7.900000000000000355e-01 1.008817833850149892e+00 2.007075683741952471e-02
5.000000000000000000e+00 1.435872943746278885e-01 7.900000000000000355e-01 1.007686544971869269e+00 1.683201439907912669e-02
5.000000000000000000e+00 1.538930516681129013e-01 7.900000000000000355e-01 1.006838707611404704e+00 1.445557631037498042e-02
5.000000000000000000e+00 1.649384888466099985e-01 7.900000000000000355e-01 1.005966390427617929e+00 1.202241422347065727e-02
5.000000000000000000e+00 1.767766952966349225e-01 7.900000000000000355e-01 1.005023657812359250e+00 9.397972695208813357e-03
5.000000000000000000e+00 1.894645708137976114e-01 7.900000000000000355e-01 1.004085142561323307e+00 6.809118508936438420e-03
5.000000000000000000e+00 2.030630990890565368e-01 7.900000000000000355e-01 1.003339520152860542e+00 4.820541865750020520e-03
5.000000000000000000e+00 2.176376408240284499e-01 7.900000000000000355e-01 1.002862305700090495e+00 3.649102872196810857e-03
5.000000000000000000e+00 2.332582478841990492e-01 7.900000000000000355e-01 1.002508601477675620e+00 2.855739707530099546e-03
5.000000000000000000e+00 2.499999999999969191e-01 7.900000000000000355e-01 1.002174700556801135e+00 2.129239316645401090e-03
5.000000000000000000e+00 2.679433656340699521e-01 7.900000000000000355e-01 1.001890059847997616e+00 1.542548660000308668e-03
5.000000000000000000e+00 2.871745887492550553e-01 7.900000000000000355e-01 1.001732528684320389e+00 1.275350901821488544e-03
5.000000000000000000e+00 3.077861033362250809e-01 7.900000000000000355e-01 1.001684561636335236e+00 1.229878169218798917e-03
5.000000000000000000e+00 3.298769776932191644e-01 7.900000000000000355e-01 1.001698657447219976e+00 1.225507224927868677e-03
5.000000000000000000e+00 3.535533905932689569e-01 7.900000000000000355e-01 1.001815948919336119e+00 1.277211086502175966e-03
5.000000000000000000e+00 3.789291416275942792e-01 7.900000000000000355e-01 1.002089537697293586e+00 1.367358427623233856e-03
5.000000000000000000e+00 4.061261981781120745e-01 7.900000000000000355e-01 1.002610056089193513e+00 1.478355759554457081e-03
5.000000000000000000e+00 4.352752816480558451e-01 7.900000000000000355e-01 1.003581210463052598e+00 1.843658474813139733e-03
5.000000000000000000e+00 4.665164957683969327e-01 7.900000000000000355e-01 1.005396322414533028e+00 3.111587482040123389e-03
5.000000000000000000e+00 4.999999999999926170e-01 7.900000000000000355e-01 1.008794042873872199e+00 6.244473340160995242e-03
5.000000000000000000e+00 5.358867312681385719e-01 7.900000000000000355e-01 1.015116188622738225e+00 1.278518166350081295e-02
5.000000000000000000e+00 5.743491774985087783e-01 7.900000000000000355e-01 1.025887155290079011e+00 2.464427368719158615e-02
5.000000000000000000e+00 6.155722066724486075e-01 7.900000000000000355e-01 1.040944723645729209e+00 4.106335843540186853e-02
5.000000000000000000e+00 6.597539553864367745e-01 7.900000000000000355e-01 1.057269048847441884e+00 5.580483989971603276e-02
5.000000000000000000e+00 7.071067811865362485e-01 7.900000000000000355e-01 1.072913760262262262e+00 6.273538383712398692e-02
5.000000000000000000e+00 7.578582832551866710e-01 7.900000000000000355e-01 1.087737177275973188e+00 6.702403178660468197e-02
5.000000000000000000e+00 8.122523963562221505e-01 7.900000000000000355e-01 1.106343971183249897e+00 7.983518006376096043e-02
5.000000000000000000e+00 8.705505632961095808e-01 7.900000000000000355e-01 1.126342050185618726e+00 9.399767220547564084e-02
5.000000000000000000e+00 9.330329915367915339e-01 7.900000000000000355e-01 1.142416049150818846e+00 1.101808597975784676e-01
5.000000000000000000e+00 9.999999999999827915e-01 7.900000000000000355e-01 1.155286710068655243e+00 1.228724739599634519e-01
5.000000000000000000e+00 1.071773462536274479e+00 7.900000000000000355e-01 1.169931552309160905e+00 1.376629761332909263e-01
5.000000000000000000e+00 1.148698354997014670e+00 7.900000000000000355e-01 1.179025241901052956e+00 1.466595419784410825e-01
5.000000000000000000e+00 1.231144413344894106e+00 7.900000000000000355e-01 1.175626327319069908e+00 1.370772707117812739e-01
5.000000000000000000e+00 1.319507910772870218e+00 7.900000000000000355e-01 1.163152954580449761e+00 1.151585452517646657e-01
5.000000000000000000e+00 1.414213562373068944e+00 7.900000000000000355e-01 1.153640934666360529e+00 9.510868522212902187e-02
5.000000000000000000e+00 1.515716566510369789e+00 7.900000000000000355e-01 1.149147279813308664e+00 8.480258713008632931e-02
5.000000000000000000e+00 1.624504792712440304e+00 7.900000000000000355e-01 1.150463748906192629e+00 9.921948504943742253e-02
5.000000000000000000e+00 1.741101126592214943e+00 7.900000000000000355e-01 1.153186837644814222e+00 1.113850188604033897e-01
5.000000000000000000e+00 1.866065983073578627e+00 7.900000000000000355e-01 1.168285044140076501e+00 1.337025177385184893e-01
5.000000000000000000e+00 1.999999999999960698e+00 7.900000000000000355e-01 1.165015679196407028e+00 1.240615682568402961e-01
5.000000000000000000e+00 2.143546925072543630e+00 7.900000000000000355e-01 1.158391757237590358e+00 1.040483633899866867e-01
5.000000000000000000e+00 2.297396709994023567e+00 7.900000000000000355e-01 1.175252770096450128e+00 1.234251572980829825e-01
5.000000000000000000e+00 2.462288826689782439e+00 7.900000000000000355e-01 1.182463297817180736e+00 1.504991063924502603e-01
5.000000000000000000e+00 2.639015821545733775e+00 7.900000000000000355e-01 1.184193585305011620e+00 1.491355316280086329e-01
5.000000000000000000e+00 2.828427124746130783e+00 7.900000000000000355e-01 1.178143098448909187e+00 1.367589475373527930e-01
5.000000000000000000e+00 3.031433133020732029e+00 7.900000000000000355e-01 1.167936149382238664e+00 1.229366200117144453e-01
5.000000000000000000e+00 3.249009585424872615e+00 7.900000000000000355e-01 1.198587165219259676e+00 2.051238467923658937e-01
5.000000000000000000e+00 3.482202253184421004e+00 7.900000000000000355e-01 1.187471043962715855e+00 1.831028888340543725e-01
5.000000000000000000e+00 3.732131966147147928e+00 7.900000000000000355e-01 1.146856347971797030e+00 8.963718685499334760e-02
5.000000000000000000e+00 3.999999999999911182e+00 7.900000000000000355e-01 1.120575900352970944e+00 4.370646887137137615e-02
5.000000000000000000e+00 4.287093850145076601e+00 7.900000000000000355e-01 1.145716757774656980e+00 1.208856559264387537e-01
5.000000000000000000e+00 4.594793419988035588e+00 7.900000000000000355e-01 1.134547071714704369e+00 5.764495149101177274e-02
5.000000000000000000e+00 4.924577653379552444e+00 7.900000000000000355e-01 1.154287028997156295e+00 6.166186725109464722e-02
5.000000000000000000e+00 5.278031643091455116e+00 7.900000000000000355e-01 1.141193546828962457e+00 1.112089252689776736e-01
5.000000000000000000e+00 5.656854249492248243e+00 7.900000000000000355e-01 1.123902731153200829e+00 7.233811145663018860e-02
5.000000000000000000e+00 6.062866266041448959e+00 7.900000000000000355e-01 1.155302555378047380e+00 7.046901429621781066e-02
5.000000000000000000e+00 6.498019170849729242e+00 7.900000000000000355e-01 1.140927588151513516e+00 6.140476110000812893e-02
5.000000000000000000e+00 6.964404506368825132e+00 7.900000000000000355e-01 1.131434792558245972e+00 5.368223979259505868e-02
5.000000000000000000e+00 7.464263932294277204e+00 7.900000000000000355e-01 1.154575294440498556e+00 5.455481558111067997e-02
5.000000000000000000e+00 7.999999999999802824e+00 7.900000000000000355e-01 1.133419183964433419e+00 5.772142777400515734e-02
5.000000000000000000e+00 8.574187700290131886e+00 7.900000000000000355e-01 1.154563741400375765e+00 9.450843419520636723e-02
5.000000000000000000e+00 9.189586839976049859e+00 7.900000000000000355e-01 1.142421513481531425e+00 7.495181246680636400e-02
5.000000000000000000e+00 9.849155306759080020e+00 7.900000000000000355e-01 1.184016286063492407e+00 1.023294423430782668e-01
5.000000000000000000e+00 1.055606328618288359e+01 7.900000000000000355e-01 1.213380989964810919e+00 1.230427301802640011e-01
5.000000000000000000e+00 1.131370849898446806e+01 7.900000000000000355e-01 1.171574980955610412e+00 9.827231305122914595e-02
5.000000000000000000e+00 1.212573253208286772e+01 7.900000000000000355e-01 1.156801325725482110e+00 5.916285030403751338e-02
5.000000000000000000e+00 1.299603834169942651e+01 7.900000000000000355e-01 1.186781949792246049e+00 9.819983090592855624e-02
5.000000000000000000e+00 1.392880901273761651e+01 7.900000000000000355e-01 1.160388814929572465e+00 1.039856488881313601e-01
5.000000000000000000e+00 1.492852786458851710e+01 7.900000000000000355e-01 1.142593641876763488e+00 8.038205356499010523e-02
5.000000000000000000e+00 1.599999999999956657e+01 7.900000000000000355e-01 1.171296197963363817e+00 1.489427737349080239e-01
5.000000000000000000e+00 1.714837540058022114e+01 7.900000000000000355e-01 1.152964756742301367e+00 8.595809998569342580e-02
5.000000000000000000e+00 1.837917367995205353e+01 7.900000000000000355e-01 1.179600649481747254e+00 8.336974081356957056e-02
5.000000000000000000e+00 1.969831061351811385e+01 7.900000000000000355e-01 1.150536897398309666e+00 1.124731192347642461e-01
5.000000000000000000e+00 2.111212657236571388e+01 7.900000000000000355e-01 1.149286757366022815e+00 7.422878140696355376e-02
5.000000000000000000e+00 2.262741699796887929e+01 7.900000000000000355e-01 1.127393293416260267e+00 5.177703840355216830e-02
5.000000000000000000e+00 2.425146506416567505e+01 7.900000000000000355e-01 1.133076520246757202e+00 4.659542402372164605e-02
5.000000000000000000e+00 2.599207668339878907e+01 7.900000000000000355e-01 1.193021088063412449e+00 1.449091178466865026e-01
5.000000000000000000e+00 2.785761802547516197e+01 7.900000000000000355e-01 1.163053594531845647e+00 1.150689975739053322e-01
5.000000000000000000e+00 2.985705572917696315e+01 7.900000000000000355e-01 1.151348319298852951e+00 6.405908700686886725e-02
5.000000000000000000e+00 3.199999999999905498e+01 7.900000000000000355e-01 1.151379299216551910e+00 8.614357640250575043e-02
