5.000000000000000000e+00 7.812500000000000000e-03 9.899999999999999911e-01 4.335413102650505834e+00 1.242005590125095704e+00
5.000000000000000000e+00 8.373230176064788352e-03 9.899999999999999911e-01 4.645031723173952187e+00 9.803831988371054518e-01
5.000000000000000000e+00 8.974205898414331500e-03 9.899999999999999911e-01 4.256595042092052417e+00 1.075461106423029500e+00
5.000000000000000000e+00 9.618315729257151739e-03 9.899999999999999911e-01 4.458848304640613769e+00 9.014811287570637655e-01
5.000000000000000000e+00 1.030865555291322552e-02 9.899999999999999911e-01 3.892424397718393436e+00 1.339832544948799553e+00
5.000000000000000000e+00 1.104854345603979195e-02 9.899999999999999911e-01 3.984871051112505391e+00 9.266165029968147504e-01
5.000000000000000000e+00 1.184153567586246694e-02 9.899999999999999911e-01 3.824641685691926085e+00 1.130002887820468427e+00
5.000000000000000000e+00 1.269144369306615845e-02 9.899999999999999911e-01 3.747244912234568570e+00 1.070706895436735140e+00
5.000000000000000000e+00 1.360235255150191343e-02 9.899999999999999911e-01 3.263263212120354861e+00 1.091920523263846032e+00
5.000000000000000000e+00 1.457864049276258282e-02 9.899999999999999911e-01 3.040004946544783149e+00 9.647517248975127080e-01
5.000000000000000000e+00 1.562499999999996184e-02 9.899999999999999911e-01 3.057563579053301783e+00 9.931948128743681714e-01
5.000000000000000000e+00 1.674646035212953507e-02 9.899999999999999911e-01 2.971747586147629683e+00 9.469821521943639908e-01
5.000000000000000000e+00 1.794841179682861790e-02 9.899999999999999911e-01 2.721302272636165753e+00 8.141909344118176683e-01
5.000000000000000000e+00 1.923663145851425491e-02 9.899999999999999911e-01 2.668068995454979664e+00 9.484451063992769271e-01
5.000000000000000000e+00 2.061731110582640247e-02 9.899999999999999911e-01 2.543572083590086130e+00 9.529650057703670241e-01
5.000000000000000000e+00 2.209708691207952838e-02 9.899999999999999911e-01 2.531111435689770595e+00 1.011179267572413387e+00
5.000000000000000000e+00 2.368307135172487837e-02 9.899999999999999911e-01 2.393224919924398897e+00 9.594088241504334924e-01
5.000000000000000000e+00 2.538288738613225445e-02 9.899999999999999911e-01 2.229686491518256375e+00 7.304158420820108244e-01
5.000000000000000000e+00 2.720470510300375747e-02 9.899999999999999911e-01 2.088950042107225791e+00 5.955675238353046463e-01
5.000000000000000000e+00 2.915728098552509626e-02 9.899999999999999911e-01 1.995071539074578792e+00 5.626172657386688813e-01
5.000000000000000000e+00 3.124999999999984734e-02 9.899999999999999911e-01 1.998891612513727267e+00 5.866713408035183486e-01
5.000000000000000000e+00 3.349292070425898687e-02 9.899999999999999911e-01 1.993070425363346443e+00 5.727949823081371905e-01
5.000000000000000000e+00 3.589682359365715253e-02 9.899999999999999911e-01 1.978686903860520374e+00 5.150128347769252768e-01
5.000000000000000000e+00 3.847326291702841267e-02 9.899999999999999911e-01 2.074972150120677927e+00 5.503704310754442552e-01
5.000000000000000000e+00 4.123462221165270086e-02 9.899999999999999911e-01 2.171908255329247694e+00 6.182863040809007948e-01
5.000000000000000000e+00 4.419417382415894574e-02 9.899999999999999911e-01 2.177389198949129856e+00 7.823626350850241273e-01
5.000000000000000000e+00 4.736614270344963878e-02 9.899999999999999911e-01 2.027307675851782953e+00 8.625020835441343792e-01
5.000000000000000000e+00 5.076577477226438401e-02 9.899999999999999911e-01 1.809199029796429103e+00 7.674927882765272269e-01
5.000000000000000000e+00 5.440941020600738309e-02 9.899999999999999911e-01 1.635117883463074406e+00 6.200346774696174901e-01
5.000000000000000000e+00 5.831456197105004680e-02 9.899999999999999911e-01 1.517503592112614319e+00 5.050619908863152041e-01
5.000000000000000000e+00 6.249999999999953509e-02 9.899999999999999911e-01 1.425539781629360903e+00 4.343643379662111559e-01
5.000000000000000000e+00 6.698584140851780722e-02 9.899999999999999911e-01 1.330894406097431926e+00 3.479494882106218823e-01
5.000000000000000000e+00 7.179364718731412465e-02 9.899999999999999911e-01 1.259603880255502073e+00 3.092849107582362200e-01
5.000000000000000000e+00 7.694652583405664492e-02 9.899999999999999911e-01 1.217246337608815177e+00 3.087650248958889732e-01
5.000000000000000000e+00 8.246924442330520744e-02 9.899999999999999911e-01 1.189670199377645954e+00 3.164858689845509443e-01
5.000000000000000000e+00 8.838834764831768331e-02 9.899999999999999911e-01 1.167106591477620636e+00 3.186865842532303761e-01
5.000000000000000000e+00 9.473228540689904165e-02 9.899999999999999911e-01 1.142236572605941580e+00 2.987995386175819612e-01
5.000000000000000000e+00 1.015315495445285182e-01 9.899999999999999911e-01 1.115615478626906354e+00 2.603010813993041905e-01
5.000000000000000000e+00 1.088188204120145025e-01 9.899999999999999911e-01 1.089556105812682141e+00 2.114286478437641670e-01
5.000000000000000000e+00 1.166291239420998022e-01 9.899999999999999911e-01 1.069281599163505181e+00 1.700780419083947059e-01
5.000000000000000000e+00 1.249999999999987649e-01 9.899999999999999911e-01 1.054535542973677575e+00 1.379473468423410565e-01
5.000000000000000000e+00 1.339716828170352814e-01 9.899999999999999911e-01 1.044046156118307200e+00 1.136364083049620777e-01
5.000000000000000000e+00 1.435872943746278885e-01 9.899999999999999911e-01 1.036486465095172393e+00 9.507666756261884400e-02
5.000000000000000000e+00 1.538930516681129013e-01 9.899999999999999911e-01 1.031916916518060612e+00 8.377703644855712117e-02
5.000000000000000000e+00 1.649384888466099985e-01 9.899999999999999911e-01 1.031236495830504030e+00 8.321454418319894353e-02
5.000000000000000000e+00 1.767766952966349225e-01 9.899999999999999911e-01 1.034594527615054549e+00 9.425770204795415330e-02
5.000000000000000000e+00 1.894645708137976114e-01 9.899999999999999911e-01 1.042951308454461046e+00 1.200151481577989565e-01
5.000000000000000000e+00 2.030630990890565368e-01 9.899999999999999911e-01 1.055197483518343082e+00 1.572921458732775279e-01
5.000000000000000000e+00 2.176376408240284499e-01 9.899999999999999911e-01 1.067111922459337059e+00 1.935053601007825919e-01
5.000000000000000000e+00 2.332582478841990492e-01 9.899999999999999911e-01 1.078566374264887218e+00 2.283146091710618053e-01
5.000000000000000000e+00 2.499999999999969191e-01 9.899999999999999911e-01 1.091433621110873498e+00 2.673568003487043487e-01
5.000000000000000000e+00 2.679433656340699521e-01 9.899999999999999911e-01 1.101306338031584398e+00 2.974095353880196191e-01
5.000000000000000000e+00 2.871745887492550553e-01 9.899999999999999911e-01 1.103025576958206910e+00 3.029778853672817629e-01
5.000000000000000000e+00 3.077861033362250809e-01 9.899999999999999911e-01 1.102360138884896035e+00 3.013294610907972237e-01
5.000000000000000000e+00 3.298769776932191644e-01 9.899999999999999911e-01 1.101174434919915956e+00 2.979910693713902492e-01
5.000000000000000000e+00 3.535533905932689569e-01 9.899999999999999911e-01 1.100298841111629233e+00 2.953331306428995107e-01
5.000000000000000000e+00 3.789291416275942792e-01 9.899999999999999911e-01 1.099065468983917881e+00 2.911450919240828328e-01
5.000000000000000000e+00 4.061261981781120745e-01 9.899999999999999911e-01 1.098622628088609332e+00 2.884908524498434601e-01
5.000000000000000000e+00 4.352752816480558451e-01 9.899999999999999911e-01 1.099555765105754368e+00 2.884213768955889989e-01
5.000000000000000000e+00 4.665164957683969327e-01 9.899999999999999911e-01 1.102425930213555505e+00 2.913040193967384450e-01
5.000000000000000000e+00 4.999999999999926170e-01 9.899999999999999911e-01 1.107273249562219508e+00 2.948438412666586905e-01
5.000000000000000000e+00 5.358867312681385719e-01 9.899999999999999911e-01 1.113599214063843323e+00 2.932302799505028812e-01
5.000000000000000000e+00 5.743491774985087783e-01 9.899999999999999911e-01 1.120593068270649084e+00 2.794258950244050688e-01
5.000000000000000000e+00 6.155722066724486075e-01 9.899999999999999911e-01 1.126833786666408210e+00 2.505050658807238539e-01
5.000000000000000000e+00 6.597539553864367745e-01 9.899999999999999911e-01 1.130321325192132464e+00 2.106923270340524401e-01
5.000000000000000000e+00 7.071067811865362485e-01 9.899999999999999911e-01 1.131649916960759228e+00 1.669129983354910862e-01
5.000000000000000000e+00 7.578582832551866710e-01 9.899999999999999911e-01 1.132943177885331831e+00 1.271286143235931809e-01
5.000000000000000000e+00 8.122523963562221505e-01 9.899999999999999911e-01 1.139837380248784005e+00 1.016455793396935092e-01
5.000000000000000000e+00 8.705505632961095808e-01 9.899999999999999911e-01 1.149934587878285841e+00 9.270670395874579250e-02
5.000000000000000000e+00 9.330329915367915339e-01 9.899999999999999911e-01 1.158108263828398155e+00 1.013200832698607640e-01
5.000000000000000000e+00 9.999999999999827915e-01 9.899999999999999911e-01 1.164783798852047303e+00 1.139546166445633002e-01
5.000000000000000000e+00 1.071773462536274479e+00 9.899999999999999911e-01 1.174875922820408203e+00 1.311198410157279060e-01
5.000000000000000000e+00 1.148698354997014670e+00 9.899999999999999911e-01 1.180907747461264146e+00 1.424144390688771855e-01
5.000000000000000000e+00 1.231144413344894106e+00 9.899999999999999911e-01 1.175743160213622129e+00 1.346340775313499549e-01
5.000000000000000000e+00 1.319507910772870218e+00 9.899999999999999911e-01 1.162285304871733427e+00 1.139743257597823772e-01
5.000000000000000000e+00 1.414213562373068944e+00 9.899999999999999911e-01 1.151986191817931937e+00 9.462282322168961979e-02
5.000000000000000000e+00 1.515716566510369789e+00 9.899999999999999911e-01 1.147176115178855094e+00 8.437106052618681407e-02
5.000000000000000000e+00 1.624504792712440304e+00 9.899999999999999911e-01 1.148676341575076254e+00 9.862777289384806745e-02
5.000000000000000000e+00 1.741101126592214943e+00 9.899999999999999911e-01 1.151509887329509763e+00 1.104545492114989980e-01
5.000000000000000000e+00 1.866065983073578627e+00 9.899999999999999911e-01 1.166313039241565042e+00 1.322177206832954866e-01
5.000000000000000000e+00 1.999999999999960698e+00 9.899999999999999911e-01 1.163180058050276022e+00 1.227295605898819919e-01
5.000000000000000000e+00 2.143546925072543630e+00 9.899999999999999911e-01 1.156955745397123314e+00 1.026318977967172058e-01
5.000000000000000000e+00 2.297396709994023567e+00 9.899999999999999911e-01 1.173921359476735260e+00 1.218720528492449329e-01
5.000000000000000000e+00 2.462288826689782439e+00 9.899999999999999911e-01 1.181331218709400055e+00 1.489895334987037523e-01
5.000000000000000000e+00 2.639015821545733775e+00 9.899999999999999911e-01 1.182957831164486162e+00 1.472319968855111683e-01
5.000000000000000000e+00 2.828427124746130783e+00 9.899999999999999911e-01 1.176331590021331142e+00 1.350104231378921049e-01
5.000000000000000000e+00 3.031433133020732029e+00 9.899999999999999911e-01 1.166014585606296006e+00 1.213616940874724104e-01
5.000000000000000000e+00 3.249009585424872615e+00 9.899999999999999911e-01 1.196985459557029063e+00 2.041508134803269037e-01
5.000000000000000000e+00 3.482202253184421004e+00 9.899999999999999911e-01 1.185711451280835771e+00 1.818639808108052647e-01
5.000000000000000000e+00 3.732131966147147928e+00 9.899999999999999911e-01 1.145796695581210001e+00 8.921227187240916845e-02
5.000000000000000000e+00 3.999999999999911182e+00 9.899999999999999911e-01 1.119253426291135778e+00 4.332458227620307467e-02
5.000000000000000000e+00 4.287093850145076601e+00 9.899999999999999911e-01 1.143974574586196891e+00 1.196077283368067179e-01
5.000000000000000000e+00 4.594793419988035588e+00 9.899999999999999911e-01 1.133294053103284682e+00 5.682815074417306433e-02
5.000000000000000000e+00 4.924577653379552444e+00 9.899999999999999911e-01 1.153552504272885360e+00 5.916271484254762014e-02
5.000000000000000000e+00 5.278031643091455116e+00 9.899999999999999911e-01 1.144324041690250038e+00 1.059532753840964348e-01
5.000000000000000000e+00 5.656854249492248243e+00 9.899999999999999911e-01 1.127496499837931321e+00 6.580282567493365986e-02
5.000000000000000000e+00 6.062866266041448959e+00 9.899999999999999911e-01 1.157906180606208535e+00 6.232799682055968626e-02
5.000000000000000000e+00 6.498019170849729242e+00 9.899999999999999911e-01 1.139806154306237884e+00 5.976238395231165540e-02
5.000000000000000000e+00 6.964404506368825132e+00 9.899999999999999911e-01 1.130223995778832258e+00 5.309393607880887045e-02
5.000000000000000000e+00 7.464263932294277204e+00 9.899999999999999911e-01 1.153128553157591885e+00 5.401132202849295849e-02
5.000000000000000000e+00 7.999999999999802824e+00 9.899999999999999911e-01 1.131609704271060668e+00 5.686999418472409723e-02
5.000000000000000000e+00 8.574187700290131886e+00 9.899999999999999911e-01 1.152671889455650689e+00 9.293947285237581790e-02
5.000000000000000000e+00 9.189586839976049859e+00 9.899999999999999911e-01 1.140794618532971594e+00 7.387290977275226544e-02
5.000000000000000000e+00 9.849155306759080020e+00 9.899999999999999911e-01 1.182077270280206038e+00 1.008453087158005246e-01
5.000000000000000000e+00 1.055606328618288359e+01 9.899999999999999911e-01 1.212289068577638851e+00 1.211876125192555415e-01
5.000000000000000000e+00 1.131370849898446806e+01 9.899999999999999911e-01 1.173735642183621364e+00 9.345744459935835524e-02
5.000000000000000000e+00 1.212573253208286772e+01 9.899999999999999911e-01 1.156221505413958406e+00 5.748690726023308190e-02
5.000000000000000000e+00 1.299603834169942651e+01 9.899999999999999911e-01 1.184334366416701423e+00 9.654713264850320331e-02
5.000000000000000000e+00 1.392880901273761651e+01 9.899999999999999911e-01 1.158551534382564308e+00 1.029859688330312800e-01
5.000000000000000000e+00 1.492852786458851710e+01 9.899999999999999911e-01 1.141422338228984756e+00 7.964506532510662318e-02
5.000000000000000000e+00 1.599999999999956657e+01 9.899999999999999911e-01 1.169721510843899193e+00 1.472936938109693783e-01
5.000000000000000000e+00 1.714837540058022114e+01 9.899999999999999911e-01 1.152200933566024155e+00 8.436632062515861397e-02
5.000000000000000000e+00 1.837917367995205353e+01 9.899999999999999911e-01 1.178381051368772026e+00 8.254204314123170239e-02
5.000000000000000000e+00 1.969831061351811385e+01 9.899999999999999911e-01 1.149143349033337813e+00 1.119457859408223566e-01
5.000000000000000000e+00 2.111212657236571388e+01 9.899999999999999911e-01 1.148183070533249417e+00 7.392183110772664045e-02
5.000000000000000000e+00 2.262741699796887929e+01 9.899999999999999911e-01 1.126260012190084758e+00 5.162770783772891586e-02
5.000000000000000000e+00 2.425146506416567505e+01 9.899999999999999911e-01 1.132219070117828075e+00 4.678436414990340408e-02
5.000000000000000000e+00 2.599207668339878907e+01 9.899999999999999911e-01 1.192655264437817886e+00 1.439238304497146015e-01
5.000000000000000000e+00 2.785761802547516197e+01 9.899999999999999911e-01 1.161854056425899895e+00 1.145908822188259069e-01
5.000000000000000000e+00 2.985705572917696315e+01 9.899999999999999911e-01 1.151367871912341911e+00 6.125562964603964433e-02
5.000000000000000000e+00 3.199999999999905498e+01 9.899999999999999911e-01 1.150021643312953756e+00 8.579788824480857889e-02
