5.000000000000000000e+00 7.812500000000000000e-03 8.299999999999999600e-01 5.067652316611573227e+00 1.273453751749150653e+00
5.000000000000000000e+00 8.373230176064788352e-03 8.299999999999999600e-01 5.467509406745396205e+00 9.728549023823878095e-01
5.000000000000000000e+00 8.974205898414331500e-03 8.299999999999999600e-01 5.058441891348652852e+00 1.085257964689507970e+00
5.000000000000000000e+00 9.618315729257151739e-03 8.299999999999999600e-01 5.224865638248785693e+00 9.338274588257899911e-01
5.000000000000000000e+00 1.030865555291322552e-02 8.299999999999999600e-01 4.595944882407678733e+00 1.398424160966783125e+00
5.000000000000000000e+00 1.104854345603979195e-02 8.299999999999999600e-01 4.521486111020780463e+00 9.590097867896686390e-01
5.000000000000000000e+00 1.184153567586246694e-02 8.299999999999999600e-01 4.269398160538659504e+00 1.205054885388382457e+00
5.000000000000000000e+00 1.269144369306615845e-02 8.299999999999999600e-01 3.888427470241722084e+00 1.204495770491660567e+00
5.000000000000000000e+00 1.360235255150191343e-02 8.299999999999999600e-01 3.545059517151012862e+00 1.187571778196301997e+00
5.000000000000000000e+00 1.457864049276258282e-02 8.299999999999999600e-01 3.295353028434242937e+00 1.102025763521857549e+00
5.000000000000000000e+00 1.562499999999996184e-02 8.299999999999999600e-01 3.033994593193324096e+00 1.086330442692754472e+00
5.000000000000000000e+00 1.674646035212953507e-02 8.299999999999999600e-01 2.827946217481218216e+00 1.037216916145301093e+00
5.000000000000000000e+00 1.794841179682861790e-02 8.299999999999999600e-01 2.529211637667768908e+00 9.196207045474573682e-01
5.000000000000000000e+00 1.923663145851425491e-02 8.299999999999999600e-01 2.372126273220193315e+00 9.142832209458171544e-01
5.000000000000000000e+00 2.061731110582640247e-02 8.299999999999999600e-01 2.174612590842379678e+00 8.319494568925802636e-01
5.000000000000000000e+00 2.209708691207952838e-02 8.299999999999999600e-01 2.051631405340225811e+00 9.057882838191341213e-01
5.000000000000000000e+00 2.368307135172487837e-02 8.299999999999999600e-01 1.919442885865391135e+00 8.956274811948632397e-01
5.000000000000000000e+00 2.538288738613225445e-02 8.299999999999999600e-01 1.796205202167399095e+00 8.831510621189764265e-01
5.000000000000000000e+00 2.720470510300375747e-02 8.299999999999999600e-01 1.684529054167124951e+00 8.436659604045656513e-01
5.000000000000000000e+00 2.915728098552509626e-02 8.299999999999999600e-01 1.596564633528993582e+00 8.465442512819665311e-01
5.000000000000000000e+00 3.124999999999984734e-02 8.299999999999999600e-01 1.509490096600423659e+00 8.312422270369623778e-01
5.000000000000000000e+00 3.349292070425898687e-02 8.299999999999999600e-01 1.450375996689456715e+00 8.519523965737468840e-01
5.000000000000000000e+00 3.589682359365715253e-02 8.299999999999999600e-01 1.367428693581865584e+00 7.555383351658936375e-01
5.000000000000000000e+00 3.847326291702841267e-02 8.299999999999999600e-01 1.302390877821685278e+00 6.792768981270559392e-01
5.000000000000000000e+00 4.123462221165270086e-02 8.299999999999999600e-01 1.245758051270530631e+00 5.910725869015014400e-01
5.000000000000000000e+00 4.419417382415894574e-02 8.299999999999999600e-01 1.198290892511697514e+00 5.042463114895131548e-01
5.000000000000000000e+00 4.736614270344963878e-02 8.299999999999999600e-01 1.158831522216348775e+00 4.209069617807705832e-01
5.000000000000000000e+00 5.076577477226438401e-02 8.299999999999999600e-01 1.130513713273457288e+00 3.571169426611204289e-01
5.000000000000000000e+00 5.440941020600738309e-02 8.299999999999999600e-01 1.109478891412301493e+00 3.058390562213608166e-01
5.000000000000000000e+00 5.831456197105004680e-02 8.299999999999999600e-01 1.092085978879773656e+00 2.602121209122703616e-01
5.000000000000000000e+00 6.249999999999953509e-02 8.299999999999999600e-01 1.079536184378490971e+00 2.260247411235364323e-01
5.000000000000000000e+00 6.698584140851780722e-02 8.299999999999999600e-01 1.068726341870321450e+00 1.954307623671104333e-01
5.000000000000000000e+00 7.179364718731412465e-02 8.299999999999999600e-01 1.060984607601936247e+00 1.732182589912010795e-01
5.000000000000000000e+00 7.694652583405664492e-02 8.299999999999999600e-01 1.052665702380317869e+00 1.488950900835790125e-01
5.000000000000000000e+00 8.246924442330520744e-02 8.299999999999999600e-01 1.045152381577792777e+00 1.268023768927160067e-01
5.000000000000000000e+00 8.838834764831768331e-02 8.299999999999999600e-01 1.037851687955332558e+00 1.052538047579257147e-01
5.000000000000000000e+00 9.473228540689904165e-02 8.299999999999999600e-01 1.031741680285867435e+00 8.721366670914419694e-02
5.000000000000000000e+00 1.015315495445285182e-01 8.299999999999999600e-01 1.025974654350873427e+00 7.015532246012332052e-02
5.000000000000000000e+00 1.088188204120145025e-01 8.299999999999999600e-01 1.021360793190814409e+00 5.651992948794645061e-02
5.000000000000000000e+00 1.166291239420998022e-01 8.299999999999999600e-01 1.017644584183506229e+00 4.555317597085197651e-02
5.000000000000000000e+00 1.249999999999987649e-01 8.299999999999999600e-01 1.014738109677123745e+00 3.700284261060418634e-02
5.000000000000000000e+00 1.339716828170352814e-01 8.299999999999999600e-01 1.012574447831247060e+00 3.067865992135261968e-02
5.000000000000000000e+00 1.435872943746278885e-01 8.299999999999999600e-01 1.010862419507539745e+00 2.571566774983765485e-02
5.000000000000000000e+00 1.538930516681129013e-01 8.299999999999999600e-01 1.009599495125240720e+00 2.211166701390748432e-02
5.000000000000000000e+00 1.649384888466099985e-01 8.299999999999999600e-01 1.008297067423917115e+00 1.840636806147868260e-02
5.000000000000000000e+00 1.767766952966349225e-01 8.299999999999999600e-01 1.006888364445919448e+00 1.440295085728577305e-02
5.000000000000000000e+00 1.894645708137976114e-01 8.299999999999999600e-01 1.005489474134295680e+00 1.045251750479155202e-02
5.000000000000000000e+00 2.030630990890565368e-01 8.299999999999999600e-01 1.004387644452825246e+00 7.415844309794379814e-03
5.000000000000000000e+00 2.176376408240284499e-01 8.299999999999999600e-01 1.003696212723164338e+00 5.625072620472255230e-03
5.000000000000000000e+00 2.332582478841990492e-01 8.299999999999999600e-01 1.003193065190598476e+00 4.409693523233100196e-03
5.000000000000000000e+00 2.499999999999969191e-01 8.299999999999999600e-01 1.002719384873911324e+00 3.291308014666355971e-03
5.000000000000000000e+00 2.679433656340699521e-01 8.299999999999999600e-01 1.002317396067958111e+00 2.381540106292405999e-03
5.000000000000000000e+00 2.871745887492550553e-01 8.299999999999999600e-01 1.002101772020421500e+00 1.977811804057468502e-03
5.000000000000000000e+00 3.077861033362250809e-01 8.299999999999999600e-01 1.002038867040606185e+00 1.935653746017514543e-03
5.000000000000000000e+00 3.298769776932191644e-01 8.299999999999999600e-01 1.002045284174017281e+00 1.959886207514243295e-03
5.000000000000000000e+00 3.535533905932689569e-01 8.299999999999999600e-01 1.002164034275230486e+00 2.066953470069337034e-03
5.000000000000000000e+00 3.789291416275942792e-01 8.299999999999999600e-01 1.002443301795391539e+00 2.213230033353605960e-03
5.000000000000000000e+00 4.061261981781120745e-01 8.299999999999999600e-01 1.002961196170803593e+00 2.307603560995091178e-03
5.000000000000000000e+00 4.352752816480558451e-01 8.299999999999999600e-01 1.003915673149488486e+00 2.466782687967900792e-03
5.000000000000000000e+00 4.665164957683969327e-01 8.299999999999999600e-01 1.005697064019014153e+00 3.330154829501621137e-03
5.000000000000000000e+00 4.999999999999926170e-01 8.299999999999999600e-01 1.009045041302011114e+00 6.173351076845254651e-03
5.000000000000000000e+00 5.358867312681385719e-01 8.299999999999999600e-01 1.015306877721368295e+00 1.261008062519296431e-02
5.000000000000000000e+00 5.743491774985087783e-01 8.299999999999999600e-01 1.026014535848069897e+00 2.445138489384478947e-02
5.000000000000000000e+00 6.155722066724486075e-01 8.299999999999999600e-01 1.041012907374387009e+00 4.087812841187198759e-02
5.000000000000000000e+00 6.597539553864367745e-01 8.299999999999999600e-01 1.057290243551583853e+00 5.562929021048956812e-02
5.000000000000000000e+00 7.071067811865362485e-01 8.299999999999999600e-01 1.072897679232210022e+00 6.255468785100469498e-02
5.000000000000000000e+00 7.578582832551866710e-01 8.299999999999999600e-01 1.087693025287623794e+00 6.682591195862983002e-02
5.000000000000000000e+00 8.122523963562221505e-01 8.299999999999999600e-01 1.106264141816450719e+00 7.959980251000427220e-02
5.000000000000000000e+00 8.705505632961095808e-01 8.299999999999999600e-01 1.126208156257207493e+00 9.368025865083169645e-02
5.000000000000000000e+00 9.330329915367915339e-01 8.299999999999999600e-01 1.142221533953182711e+00 1.097831590392333440e-01
5.000000000000000000e+00 9.999999999999827915e-01 8.299999999999999600e-01 1.155025822208094022e+00 1.224032770559947692e-01
5.000000000000000000e+00 1.071773462536274479e+00 8.299999999999999600e-01 1.169617278097482060e+00 1.371661835680109409e-01
5.000000000000000000e+00 1.148698354997014670e+00 8.299999999999999600e-01 1.178663898032292545e+00 1.461728903440985827e-01
5.000000000000000000e+00 1.231144413344894106e+00 8.299999999999999600e-01 1.175239678473860128e+00 1.367044398290153118e-01
5.000000000000000000e+00 1.319507910772870218e+00 8.299999999999999600e-01 1.162731393562697724e+00 1.149412934955325455e-01
5.000000000000000000e+00 1.414213562373068944e+00 8.299999999999999600e-01 1.153127493580736518e+00 9.497735456495760842e-02
5.000000000000000000e+00 1.515716566510369789e+00 8.299999999999999600e-01 1.148583947754196588e+00 8.464790233184053825e-02
5.000000000000000000e+00 1.624504792712440304e+00 8.299999999999999600e-01 1.149937410596504561e+00 9.899667797576038042e-02
5.000000000000000000e+00 1.741101126592214943e+00 8.299999999999999600e-01 1.152674507559358075e+00 1.110664592346242013e-01
5.000000000000000000e+00 1.866065983073578627e+00 8.299999999999999600e-01 1.167697168806201447e+00 1.332366729841874819e-01
5.000000000000000000e+00 1.999999999999960698e+00 8.299999999999999600e-01 1.164480376184403809e+00 1.236584785691547395e-01
5.000000000000000000e+00 2.143546925072543630e+00 8.299999999999999600e-01 1.157963079866214162e+00 1.036574572842904468e-01
5.000000000000000000e+00 2.297396709994023567e+00 8.299999999999999600e-01 1.174838287103838752e+00 1.230261815516268536e-01
5.000000000000000000e+00 2.462288826689782439e+00 8.299999999999999600e-01 1.182058304140658933e+00 1.500603914088536051e-01
5.000000000000000000e+00 2.639015821545733775e+00 8.299999999999999600e-01 1.183731517845961090e+00 1.485536709012061640e-01
5.000000000000000000e+00 2.828427124746130783e+00 8.299999999999999600e-01 1.177528015109707393e+00 1.362078831040639537e-01
5.000000000000000000e+00 3.031433133020732029e+00 8.299999999999999600e-01 1.167294412628593347e+00 1.224155524482383045e-01
5.000000000000000000e+00 3.249009585424872615e+00 8.299999999999999600e-01 1.198015209622540045e+00 2.046535333236615406e-01
5.000000000000000000e+00 3.482202253184421004e+00 8.299999999999999600e-01 1.186901170715936926e+00 1.826798520450780561e-01
5.000000000000000000e+00 3.732131966147147928e+00 8.299999999999999600e-01 1.146500775183095566e+00 8.950015743027657511e-02
5.000000000000000000e+00 3.999999999999911182e+00 8.299999999999999600e-01 1.120170463042279740e+00 4.359865056124313104e-02
5.000000000000000000e+00 4.287093850145076601e+00 8.299999999999999600e-01 1.145150441172632982e+00 1.204323551609059184e-01
5.000000000000000000e+00 4.594793419988035588e+00 8.299999999999999600e-01 1.134104283492639809e+00 5.745860397772604988e-02
5.000000000000000000e+00 4.924577653379552444e+00 8.299999999999999600e-01 1.153765889926867239e+00 6.132736761425484906e-02
5.000000000000000000e+00 5.278031643091455116e+00 8.299999999999999600e-01 1.140780182901914852e+00 1.108273799270786397e-01
5.000000000000000000e+00 5.656854249492248243e+00 8.299999999999999600e-01 1.123351022714189185e+00 7.190994676450281065e-02
5.000000000000000000e+00 6.062866266041448959e+00 8.299999999999999600e-01 1.154654601485746612e+00 7.019859150603609266e-02
5.000000000000000000e+00 6.498019170849729242e+00 8.299999999999999600e-01 1.140434027139715312e+00 6.116421459698592744e-02
5.000000000000000000e+00 6.964404506368825132e+00 8.299999999999999600e-01 1.131015967885490747e+00 5.347439900811420260e-02
5.000000000000000000e+00 7.464263932294277204e+00 8.299999999999999600e-01 1.154119112634290234e+00 5.434691155751920910e-02
5.000000000000000000e+00 7.999999999999802824e+00 8.299999999999999600e-01 1.132908414451571311e+00 5.748945196481267811e-02
5.000000000000000000e+00 8.574187700290131886e+00 8.299999999999999600e-01 1.153980696753871049e+00 9.399788835348879545e-02
5.000000000000000000e+00 9.189586839976049859e+00 8.299999999999999600e-01 1.141910784209224650e+00 7.468728779287600594e-02
5.000000000000000000e+00 9.849155306759080020e+00 8.299999999999999600e-01 1.183381964484075066e+00 1.019428517366717524e-01
5.000000000000000000e+00 1.055606328618288359e+01 8.299999999999999600e-01 1.212778190206619255e+00 1.227601409486631517e-01
5.000000000000000000e+00 1.131370849898446806e+01 8.299999999999999600e-01 1.171090830252387693e+00 9.805300327724189580e-02
5.000000000000000000e+00 1.212573253208286772e+01 8.299999999999999600e-01 1.156405905875102169e+00 5.898762807666934477e-02
5.000000000000000000e+00 1.299603834169942651e+01 8.299999999999999600e-01 1.186072360792278291e+00 9.776779555282753831e-02
5.000000000000000000e+00 1.392880901273761651e+01 8.299999999999999600e-01 1.159848376000584436e+00 1.036929857615708772e-01
5.000000000000000000e+00 1.492852786458851710e+01 8.299999999999999600e-01 1.142095109386553231e+00 8.025638670527432406e-02
5.000000000000000000e+00 1.599999999999956657e+01 8.299999999999999600e-01 1.170732049096100402e+00 1.484520581559010954e-01
5.000000000000000000e+00 1.714837540058022114e+01 8.299999999999999600e-01 1.152502936664835165e+00 8.572448509673205597e-02
5.000000000000000000e+00 1.837917367995205353e+01 8.299999999999999600e-01 1.179141199445331356e+00 8.315520617233938816e-02
5.000000000000000000e+00 1.969831061351811385e+01 8.299999999999999600e-01 1.150063942652485904e+00 1.122506049980209752e-01
5.000000000000000000e+00 2.111212657236571388e+01 8.299999999999999600e-01 1.148828850350178898e+00 7.410188725134753129e-02
5.000000000000000000e+00 2.262741699796887929e+01 8.299999999999999600e-01 1.126974268125404244e+00 5.172507404512061147e-02
5.000000000000000000e+00 2.425146506416567505e+01 8.299999999999999600e-01 1.132726066069793536e+00 4.658663518019594968e-02
5.000000000000000000e+00 2.599207668339878907e+01 8.299999999999999600e-01 1.192638130261407969e+00 1.446004522248159063e-01
5.000000000000000000e+00 2.785761802547516197e+01 8.299999999999999600e-01 1.162656387242927192e+00 1.148677319918449818e-01
5.000000000000000000e+00 2.985705572917696315e+01 8.299999999999999600e-01 1.150953737395419729e+00 6.378878706147526889e-02
5.000000000000000000e+00 3.199999999999905498e+01 8.299999999999999600e-01 1.150891016273768219e+00 8.602855525964701877e-02
