5.000000000000000000e+00 7.812500000000000000e-03 5.600000000000000533e-01 3.690044577077748578e+00 1.145162396887560829e+00
5.000000000000000000e+00 8.373230176064788352e-03 5.600000000000000533e-01 3.419537757307669956e+00 1.120564668691241161e+00
5.000000000000000000e+00 8.974205898414331500e-03 5.600000000000000533e-01 3.165386473127743017e+00 1.055722785635055949e+00
5.000000000000000000e+00 9.618315729257151739e-03 5.600000000000000533e-01 2.888086282994646758e+00 1.025767555880378712e+00
5.000000000000000000e+00 1.030865555291322552e-02 5.600000000000000533e-01 2.603742672582555429e+00 8.876105066457733450e-01
5.000000000000000000e+00 1.104854345603979195e-02 5.600000000000000533e-01 2.434749870806359517e+00 8.441740576958428610e-01
5.000000000000000000e+00 1.184153567586246694e-02 5.600000000000000533e-01 2.202590368792752606e+00 7.877783149973870414e-01
5.000000000000000000e+00 1.269144369306615845e-02 5.600000000000000533e-01 1.950655519137862726e+00 6.572340116013555278e-01
5.000000000000000000e+00 1.360235255150191343e-02 5.600000000000000533e-01 1.854411527682180649e+00 6.189834213571872024e-01
5.000000000000000000e+00 1.457864049276258282e-02 5.600000000000000533e-01 1.731819050126210069e+00 6.035511785517169159e-01
5.000000000000000000e+00 1.562499999999996184e-02 5.600000000000000533e-01 1.624080436659140814e+00 5.547548427360564638e-01
5.000000000000000000e+00 1.674646035212953507e-02 5.600000000000000533e-01 1.554654585332997385e+00 5.802437601914441911e-01
5.000000000000000000e+00 1.794841179682861790e-02 5.600000000000000533e-01 1.454072301675596313e+00 4.960121561917725796e-01
5.000000000000000000e+00 1.923663145851425491e-02 5.600000000000000533e-01 1.371345953418224406e+00 4.206355218082645786e-01
5.000000000000000000e+00 2.061731110582640247e-02 5.600000000000000533e-01 1.333379738619037358e+00 4.207926531125917857e-01
5.000000000000000000e+00 2.209708691207952838e-02 5.600000000000000533e-01 1.297402969849306809e+00 4.307262704692791377e-01
5.000000000000000000e+00 2.368307135172487837e-02 5.600000000000000533e-01 1.237061632635682917e+00 3.483853079925551266e-01
5.000000000000000000e+00 2.538288738613225445e-02 5.600000000000000533e-01 1.189332694663945311e+00 2.929923718975357416e-01
5.000000000000000000e+00 2.720470510300375747e-02 5.600000000000000533e-01 1.163413807822770485e+00 2.768662300613048965e-01
5.000000000000000000e+00 2.915728098552509626e-02 5.600000000000000533e-01 1.134201666745314085e+00 2.444436522835048142e-01
5.000000000000000000e+00 3.124999999999984734e-02 5.600000000000000533e-01 1.101423687768913862e+00 1.917427910812812275e-01
5.000000000000000000e+00 3.349292070425898687e-02 5.600000000000000533e-01 1.088792300095997145e+00 1.876190527976411282e-01
5.000000000000000000e+00 3.589682359365715253e-02 5.600000000000000533e-01 1.066669062836727910e+00 1.454425529058930300e-01
5.000000000000000000e+00 3.847326291702841267e-02 5.600000000000000533e-01 1.051853041165949687e+00 1.189890035725964940e-01
5.000000000000000000e+00 4.123462221165270086e-02 5.600000000000000533e-01 1.040377406893058687e+00 9.682962963014213331e-02
5.000000000000000000e+00 4.419417382415894574e-02 5.600000000000000533e-01 1.031654875879724376e+00 7.897083700641177595e-02
5.000000000000000000e+00 4.736614270344963878e-02 5.600000000000000533e-01 1.025221501359506959e+00 6.485091968886286251e-02
5.000000000000000000e+00 5.076577477226438401e-02 5.600000000000000533e-01 1.020662174165215097e+00 5.433261026341978939e-02
5.000000000000000000e+00 5.440941020600738309e-02 5.600000000000000533e-01 1.017414903341323562e+00 4.636450290833029481e-02
5.000000000000000000e+00 5.831456197105004680e-02 5.600000000000000533e-01 1.014671973489467360e+00 3.912494103403408446e-02
5.000000000000000000e+00 6.249999999999953509e-02 5.600000000000000533e-01 1.012761217458538754e+00 3.392150524847249715e-02
5.000000000000000000e+00 6.698584140851780722e-02 5.600000000000000533e-01 1.011065941308370908e+00 2.912390774676641703e-02
5.000000000000000000e+00 7.179364718731412465e-02 5.600000000000000533e-01 1.009849465304678118e+00 2.564149326906796367e-02
5.000000000000000000e+00 7.694652583405664492e-02 5.600000000000000533e-01 1.008579105491189676e+00 2.194302088650525520e-02
5.000000000000000000e+00 8.246924442330520744e-02 5.600000000000000533e-01 1.007439122002814269e+00 1.861023829088593803e-02
5.000000000000000000e+00 8.838834764831768331e-02 5.600000000000000533e-01 1.006373506827659581e+00 1.548939987123847638e-02
5.000000000000000000e+00 9.473228540689904165e-02 5.600000000000000533e-01 1.005459212458224671e+00 1.281613514380771333e-02
5.000000000000000000e+00 1.015315495445285182e-01 5.600000000000000533e-01 1.004620178114888907e+00 1.036534889207148605e-02
5.000000000000000000e+00 1.088188204120145025e-01 5.600000000000000533e-01 1.003935787940069213e+00 8.377029867805725963e-03
5.000000000000000000e+00 1.166291239420998022e-01 5.600000000000000533e-01 1.003371543204523597e+00 6.750018911922092517e-03
5.000000000000000000e+00 1.249999999999987649e-01 5.600000000000000533e-01 1.002929248354092362e+00 5.491650052918640654e-03
5.000000000000000000e+00 1.339716828170352814e-01 5.600000000000000533e-01 1.002590334289769514e+00 4.547853760406706490e-03
5.000000000000000000e+00 1.435872943746278885e-01 5.600000000000000533e-01 1.002320078904489709e+00 3.816006249437917195e-03
5.000000000000000000e+00 1.538930516681129013e-01 5.600000000000000533e-01 1.002108747602637795e+00 3.267433195651565838e-03
5.000000000000000000e+00 1.649384888466099985e-01 5.600000000000000533e-01 1.001891812753173294e+00 2.711258603482196317e-03
5.000000000000000000e+00 1.767766952966349225e-01 5.600000000000000533e-01 1.001658120620155801e+00 2.116171813971368196e-03
5.000000000000000000e+00 1.894645708137976114e-01 5.600000000000000533e-01 1.001424059683111878e+00 1.533664327161750720e-03
5.000000000000000000e+00 2.030630990890565368e-01 5.600000000000000533e-01 1.001233111480528626e+00 1.091973157613335566e-03
5.000000000000000000e+00 2.176376408240284499e-01 5.600000000000000533e-01 1.001103868203387259e+00 8.350024341405836706e-04
5.000000000000000000e+00 2.332582478841990492e-01 5.600000000000000533e-01 1.001004607502282928e+00 6.623102375305569027e-04
5.000000000000000000e+00 2.499999999999969191e-01 5.600000000000000533e-01 1.000913630352578743e+00 5.091725395292820465e-04
5.000000000000000000e+00 2.679433656340699521e-01 5.600000000000000533e-01 1.000841348376348527e+00 3.891962569934659692e-04
5.000000000000000000e+00 2.871745887492550553e-01 5.600000000000000533e-01 1.000811197803150865e+00 3.179725023327069767e-04
5.000000000000000000e+00 3.077861033362250809e-01 5.600000000000000533e-01 1.000829084559994753e+00 2.689931948950895733e-04
5.000000000000000000e+00 3.298769776932191644e-01 5.600000000000000533e-01 1.000900122689543537e+00 2.269722842075197228e-04
5.000000000000000000e+00 3.535533905932689569e-01 5.600000000000000533e-01 1.001062709209219914e+00 2.454915749483918184e-04
5.000000000000000000e+00 3.789291416275942792e-01 5.600000000000000533e-01 1.001377911856200509e+00 4.170443422777144588e-04
5.000000000000000000e+00 4.061261981781120745e-01 5.600000000000000533e-01 1.001957113416656053e+00 8.278397081638469261e-04
5.000000000000000000e+00 4.352752816480558451e-01 5.600000000000000533e-01 1.003015614126996802e+00 1.665237619817323302e-03
5.000000000000000000e+00 4.665164957683969327e-01 5.600000000000000533e-01 1.004956822825614049e+00 3.337070878401886525e-03
5.000000000000000000e+00 4.999999999999926170e-01 5.600000000000000533e-01 1.008524211510053892e+00 6.685063481555595516e-03
5.000000000000000000e+00 5.358867312681385719e-01 5.600000000000000533e-01 1.015057836329350538e+00 1.333730026862758530e-02
5.000000000000000000e+00 5.743491774985087783e-01 5.600000000000000533e-01 1.026073553897143276e+00 2.527693575858111844e-02
5.000000000000000000e+00 6.155722066724486075e-01 5.600000000000000533e-01 1.041389638717344690e+00 4.175494996056135916e-02
5.000000000000000000e+00 6.597539553864367745e-01 5.600000000000000533e-01 1.057937218879775543e+00 5.653454153760580775e-02
5.000000000000000000e+00 7.071067811865362485e-01 5.600000000000000533e-01 1.073781508697357889e+00 6.357235603904873300e-02
5.000000000000000000e+00 7.578582832551866710e-01 5.600000000000000533e-01 1.088806124941484654e+00 6.813785068199179618e-02
5.000000000000000000e+00 8.122523963562221505e-01 5.600000000000000533e-01 1.107715976321997697e+00 8.147062779782567044e-02
5.000000000000000000e+00 8.705505632961095808e-01 5.600000000000000533e-01 1.128177245925846339e+00 9.649621825542131770e-02
5.000000000000000000e+00 9.330329915367915339e-01 5.600000000000000533e-01 1.144829496286216441e+00 1.136476644362535982e-01
5.000000000000000000e+00 9.999999999999827915e-01 5.600000000000000533e-01 1.158371828411079552e+00 1.272902666210576350e-01
5.000000000000000000e+00 1.071773462536274479e+00 5.600000000000000533e-01 1.173435516834434811e+00 1.424464394104709153e-01
5.000000000000000000e+00 1.148698354997014670e+00 5.600000000000000533e-01 1.182751018544639043e+00 1.513416390555604174e-01
5.000000000000000000e+00 1.231144413344894106e+00 5.600000000000000533e-01 1.179356689152607940e+00 1.408055219547078296e-01
5.000000000000000000e+00 1.319507910772870218e+00 5.600000000000000533e-01 1.166938571612707864e+00 1.175244661333536139e-01
5.000000000000000000e+00 1.414213562373068944e+00 5.600000000000000533e-01 1.157955310673359772e+00 9.671212859065066170e-02
5.000000000000000000e+00 1.515716566510369789e+00 5.600000000000000533e-01 1.153884855214048155e+00 8.657379440648711733e-02
5.000000000000000000e+00 1.624504792712440304e+00 5.600000000000000533e-01 1.155095948833740227e+00 1.016387658111602282e-01
5.000000000000000000e+00 1.741101126592214943e+00 5.600000000000000533e-01 1.157860434155524088e+00 1.146091584965022170e-01
5.000000000000000000e+00 1.866065983073578627e+00 5.600000000000000533e-01 1.173572481505210430e+00 1.380960524983767257e-01
5.000000000000000000e+00 1.999999999999960698e+00 5.600000000000000533e-01 1.169765761942879845e+00 1.277572935061707660e-01
5.000000000000000000e+00 2.143546925072543630e+00 5.600000000000000533e-01 1.162270640337095262e+00 1.073728495585939552e-01
5.000000000000000000e+00 2.297396709994023567e+00 5.600000000000000533e-01 1.179112515839929376e+00 1.266152104874576079e-01
5.000000000000000000e+00 2.462288826689782439e+00 5.600000000000000533e-01 1.186550630356074443e+00 1.543757611513337791e-01
5.000000000000000000e+00 2.639015821545733775e+00 5.600000000000000533e-01 1.188970518194291781e+00 1.545249767672563779e-01
5.000000000000000000e+00 2.828427124746130783e+00 5.600000000000000533e-01 1.184178954181524190e+00 1.419923177184808094e-01
5.000000000000000000e+00 3.031433133020732029e+00 5.600000000000000533e-01 1.174185192863836491e+00 1.280384731375408258e-01
5.000000000000000000e+00 3.249009585424872615e+00 5.600000000000000533e-01 1.204359964561803498e+00 2.105700831407383566e-01
5.000000000000000000e+00 3.482202253184421004e+00 5.600000000000000533e-01 1.192889506287852841e+00 1.873048144472702070e-01
5.000000000000000000e+00 3.732131966147147928e+00 5.600000000000000533e-01 1.150319772084315240e+00 9.098799222650541529e-02
5.000000000000000000e+00 3.999999999999911182e+00 5.600000000000000533e-01 1.124281035569881571e+00 4.473182123356656686e-02
5.000000000000000000e+00 4.287093850145076601e+00 5.600000000000000533e-01 1.151036230509090430e+00 1.255881144470688826e-01
5.000000000000000000e+00 4.594793419988035588e+00 5.600000000000000533e-01 1.138725205982729971e+00 5.949395494695292053e-02
5.000000000000000000e+00 4.924577653379552444e+00 5.600000000000000533e-01 1.159418481638418541e+00 6.477075674514456982e-02
5.000000000000000000e+00 5.278031643091455116e+00 5.600000000000000533e-01 1.145306737418950060e+00 1.146597229403586299e-01
5.000000000000000000e+00 5.656854249492248243e+00 5.600000000000000533e-01 1.128748517649851069e+00 7.599141930448288784e-02
5.000000000000000000e+00 6.062866266041448959e+00 5.600000000000000533e-01 1.161306537659495763e+00 7.302252198614525569e-02
5.000000000000000000e+00 6.498019170849729242e+00 5.600000000000000533e-01 1.145660874465067591e+00 6.319830867205132596e-02
5.000000000000000000e+00 6.964404506368825132e+00 5.600000000000000533e-01 1.135551044698836165e+00 5.589853673505598697e-02
5.000000000000000000e+00 7.464263932294277204e+00 5.600000000000000533e-01 1.158847863402525880e+00 5.678223263874811189e-02
5.000000000000000000e+00 7.999999999999802824e+00 5.600000000000000533e-01 1.137807450786028074e+00 5.974005919268746828e-02
5.000000000000000000e+00 8.574187700290131886e+00 5.600000000000000533e-01 1.159871455983306987e+00 9.951144559170596593e-02
5.000000000000000000e+00 9.189586839976049859e+00 5.600000000000000533e-01 1.147093306711723271e+00 7.714914366557112935e-02
5.000000000000000000e+00 9.849155306759080020e+00 5.600000000000000533e-01 1.189947428974111876e+00 1.057193405131491293e-01
5.000000000000000000e+00 1.055606328618288359e+01 5.600000000000000533e-01 1.219344405283395272e+00 1.257093661774212889e-01
5.000000000000000000e+00 1.131370849898446806e+01 5.600000000000000533e-01 1.176284675385032896e+00 1.007615095240482206e-01
5.000000000000000000e+00 1.212573253208286772e+01 5.600000000000000533e-01 1.160746859412806531e+00 6.081186728703798922e-02
5.000000000000000000e+00 1.299603834169942651e+01 5.600000000000000533e-01 1.193002727422977971e+00 1.017936332407193695e-01
5.000000000000000000e+00 1.392880901273761651e+01 5.600000000000000533e-01 1.165129170394326508e+00 1.066597843987028976e-01
5.000000000000000000e+00 1.492852786458851710e+01 5.600000000000000533e-01 1.147244663739548365e+00 8.193348715603493426e-02
5.000000000000000000e+00 1.599999999999956657e+01 5.600000000000000533e-01 1.176748155736382362e+00 1.536289166257320538e-01
5.000000000000000000e+00 1.714837540058022114e+01 5.600000000000000533e-01 1.157418007129990878e+00 8.824249636162430355e-02
5.000000000000000000e+00 1.837917367995205353e+01 5.600000000000000533e-01 1.184053912213097082e+00 8.557102463969216977e-02
5.000000000000000000e+00 1.969831061351811385e+01 5.600000000000000533e-01 1.155027778267539773e+00 1.151019238484727591e-01
5.000000000000000000e+00 2.111212657236571388e+01 5.600000000000000533e-01 1.153921287061963064e+00 7.610581435044319609e-02
5.000000000000000000e+00 2.262741699796887929e+01 5.600000000000000533e-01 1.131464654130059477e+00 5.264652995121202328e-02
5.000000000000000000e+00 2.425146506416567505e+01 5.600000000000000533e-01 1.136618286155468116e+00 4.742225164389094610e-02
5.000000000000000000e+00 2.599207668339878907e+01 5.600000000000000533e-01 1.197267644170657341e+00 1.488239646503174973e-01
5.000000000000000000e+00 2.785761802547516197e+01 5.600000000000000533e-01 1.166896896438048170e+00 1.173274524890983161e-01
5.000000000000000000e+00 2.985705572917696315e+01 5.600000000000000533e-01 1.155325093397773006e+00 6.670335725026141360e-02
5.000000000000000000e+00 3.199999999999905498e+01 5.600000000000000533e-01 1.155839891993467150e+00 8.784481506724532707e-02
