1.000000000000000000e+00 6.250000000000000000e-02 0.000000000000000000e+00 2.899999999999999911e+00 1.374772708486752038e+00
1.000000000000000000e+00 8.838834764831844659e-02 0.000000000000000000e+00 2.299999999999999822e+00 1.486606874731850603e+00
1.000000000000000000e+00 1.250000000000000000e-01 0.000000000000000000e+00 1.800000000000000044e+00 7.483314773547882215e-01
1.000000000000000000e+00 1.767766952966368932e-01 0.000000000000000000e+00 1.300000000000000044e+00 4.582575694955839385e-01
1.000000000000000000e+00 2.500000000000000000e-01 0.000000000000000000e+00 1.300000000000000044e+00 4.582575694955839385e-01
1.000000000000000000e+00 3.535533905932737864e-01 0.000000000000000000e+00 1.399999999999999911e+00 6.633249580710800508e-01
1.000000000000000000e+00 5.000000000000000000e-01 0.000000000000000000e+00 1.899999999999999911e+00 8.306623862918074419e-01
1.000000000000000000e+00 7.071067811865475727e-01 0.000000000000000000e+00 2.399999999999999911e+00 9.165151389911680990e-01
1.000000000000000000e+00 1.000000000000000000e+00 0.000000000000000000e+00 3.299999999999999822e+00 1.417744687875782672e+00
1.000000000000000000e+00 1.414213562373095145e+00 0.000000000000000000e+00 4.099999999999999645e+00 1.220655561573370296e+00
1.000000000000000000e+00 2.000000000000000000e+00 0.000000000000000000e+00 4.200000000000000178e+00 9.797958971132711969e-01
1.000000000000000000e+00 2.828427124746190291e+00 0.000000000000000000e+00 4.400000000000000355e+00 8.000000000000000444e-01
1.000000000000000000e+00 4.000000000000000000e+00 0.000000000000000000e+00 4.200000000000000178e+00 1.248999599679679662e+00
1.000000000000000000e+00 5.656854249492380582e+00 0.000000000000000000e+00 4.200000000000000178e+00 1.248999599679679662e+00
1.000000000000000000e+00 8.000000000000000000e+00 0.000000000000000000e+00 4.299999999999999822e+00 1.268857754044952157e+00
1.000000000000000000e+00 1.131370849898476116e+01 0.000000000000000000e+00 4.400000000000000355e+00 1.019803902718556810e+00
1.000000000000000000e+00 1.600000000000000000e+01 0.000000000000000000e+00 4.500000000000000000e+00 9.219544457292887518e-01
1.000000000000000000e+00 2.262741699796952233e+01 0.000000000000000000e+00 4.599999999999999645e+00 6.633249580710799398e-01
1.000000000000000000e+00 3.200000000000000000e+01 0.000000000000000000e+00 4.599999999999999645e+00 6.633249580710799398e-01
1.000000000000000000e+00 4.525483399593904466e+01 0.000000000000000000e+00 4.700000000000000178e+00 4.582575694955840495e-01
1.000000000000000000e+00 6.400000000000000000e+01 0.000000000000000000e+00 4.700000000000000178e+00 4.582575694955840495e-01
1.000000000000000000e+00 9.050966799187808931e+01 0.000000000000000000e+00 4.700000000000000178e+00 4.582575694955840495e-01
1.000000000000000000e+00 1.280000000000000000e+02 0.000000000000000000e+00 4.700000000000000178e+00 4.582575694955840495e-01
2.000000000000000000e+00 6.250000000000000000e-02 0.000000000000000000e+00 4.099999999999999645e+00 2.467792535850612978e+00
2.000000000000000000e+00 8.838834764831844659e-02 0.000000000000000000e+00 2.799999999999999822e+00 2.181742422927142933e+00
2.000000000000000000e+00 1.250000000000000000e-01 0.000000000000000000e+00 2.100000000000000089e+00 1.757839583124694682e+00
2.000000000000000000e+00 1.767766952966368932e-01 0.000000000000000000e+00 1.500000000000000000e+00 1.204159457879229622e+00
2.000000000000000000e+00 2.500000000000000000e-01 0.000000000000000000e+00 1.300000000000000044e+00 4.582575694955840495e-01
2.000000000000000000e+00 3.535533905932737864e-01 0.000000000000000000e+00 2.200000000000000178e+00 7.483314773547882215e-01
2.000000000000000000e+00 5.000000000000000000e-01 0.000000000000000000e+00 2.600000000000000089e+00 1.199999999999999956e+00
2.000000000000000000e+00 7.071067811865475727e-01 0.000000000000000000e+00 4.400000000000000355e+00 1.907878402833891318e+00
2.000000000000000000e+00 1.000000000000000000e+00 0.000000000000000000e+00 6.000000000000000000e+00 2.097617696340303262e+00
2.000000000000000000e+00 1.414213562373095145e+00 0.000000000000000000e+00 7.200000000000000178e+00 2.181742422927142933e+00
2.000000000000000000e+00 2.000000000000000000e+00 0.000000000000000000e+00 7.599999999999999645e+00 1.624807680927192077e+00
2.000000000000000000e+00 2.828427124746190291e+00 0.000000000000000000e+00 7.700000000000000178e+00 1.791647286716891774e+00
2.000000000000000000e+00 4.000000000000000000e+00 0.000000000000000000e+00 8.199999999999999289e+00 1.536229149573721475e+00
2.000000000000000000e+00 5.656854249492380582e+00 0.000000000000000000e+00 8.300000000000000711e+00 1.417744687875782450e+00
2.000000000000000000e+00 8.000000000000000000e+00 0.000000000000000000e+00 8.599999999999999645e+00 1.199999999999999956e+00
2.000000000000000000e+00 1.131370849898476116e+01 0.000000000000000000e+00 8.800000000000000711e+00 1.166190378969060193e+00
2.000000000000000000e+00 1.600000000000000000e+01 0.000000000000000000e+00 8.599999999999999645e+00 1.428285685708569952e+00
2.000000000000000000e+00 2.262741699796952233e+01 0.000000000000000000e+00 8.900000000000000355e+00 1.374772708486752038e+00
2.000000000000000000e+00 3.200000000000000000e+01 0.000000000000000000e+00 9.199999999999999289e+00 9.797958971132711969e-01
2.000000000000000000e+00 4.525483399593904466e+01 0.000000000000000000e+00 9.199999999999999289e+00 1.077032961426900970e+00
2.000000000000000000e+00 6.400000000000000000e+01 0.000000000000000000e+00 9.199999999999999289e+00 1.077032961426900970e+00
2.000000000000000000e+00 9.050966799187808931e+01 0.000000000000000000e+00 9.300000000000000711e+00 1.004987562112089172e+00
2.000000000000000000e+00 1.280000000000000000e+02 0.000000000000000000e+00 9.300000000000000711e+00 1.004987562112089172e+00
3.000000000000000000e+00 6.250000000000000000e-02 0.000000000000000000e+00 4.099999999999999645e+00 1.699999999999999956e+00
3.000000000000000000e+00 8.838834764831844659e-02 0.000000000000000000e+00 2.700000000000000178e+00 1.486606874731850603e+00
3.000000000000000000e+00 1.250000000000000000e-01 0.000000000000000000e+00 1.899999999999999911e+00 6.999999999999999556e-01
3.000000000000000000e+00 1.767766952966368932e-01 0.000000000000000000e+00 1.300000000000000044e+00 6.403124237432848975e-01
3.000000000000000000e+00 2.500000000000000000e-01 0.000000000000000000e+00 1.600000000000000089e+00 6.633249580710800508e-01
3.000000000000000000e+00 3.535533905932737864e-01 0.000000000000000000e+00 2.299999999999999822e+00 7.810249675906654199e-01
3.000000000000000000e+00 5.000000000000000000e-01 0.000000000000000000e+00 3.399999999999999911e+00 1.356465996625053849e+00
3.000000000000000000e+00 7.071067811865475727e-01 0.000000000000000000e+00 5.599999999999999645e+00 1.199999999999999956e+00
3.000000000000000000e+00 1.000000000000000000e+00 0.000000000000000000e+00 7.200000000000000178e+00 1.886796226411320720e+00
3.000000000000000000e+00 1.414213562373095145e+00 0.000000000000000000e+00 8.900000000000000355e+00 2.662705391138869615e+00
3.000000000000000000e+00 2.000000000000000000e+00 0.000000000000000000e+00 1.000000000000000000e+01 2.449489742783177881e+00
3.000000000000000000e+00 2.828427124746190291e+00 0.000000000000000000e+00 1.050000000000000000e+01 2.109502310972898531e+00
3.000000000000000000e+00 4.000000000000000000e+00 0.000000000000000000e+00 1.069999999999999929e+01 2.100000000000000089e+00
3.000000000000000000e+00 5.656854249492380582e+00 0.000000000000000000e+00 1.069999999999999929e+01 2.325940669922601511e+00
3.000000000000000000e+00 8.000000000000000000e+00 0.000000000000000000e+00 1.130000000000000071e+01 1.951922129594313438e+00
3.000000000000000000e+00 1.131370849898476116e+01 0.000000000000000000e+00 1.130000000000000071e+01 1.900000000000000133e+00
3.000000000000000000e+00 1.600000000000000000e+01 0.000000000000000000e+00 1.150000000000000000e+01 1.627882059609970566e+00
3.000000000000000000e+00 2.262741699796952233e+01 0.000000000000000000e+00 1.169999999999999929e+01 1.676305461424020926e+00
3.000000000000000000e+00 3.200000000000000000e+01 0.000000000000000000e+00 1.209999999999999964e+01 1.972308292331601987e+00
3.000000000000000000e+00 4.525483399593904466e+01 0.000000000000000000e+00 1.230000000000000071e+01 1.846618531261938756e+00
3.000000000000000000e+00 6.400000000000000000e+01 0.000000000000000000e+00 1.240000000000000036e+01 1.496662954709576443e+00
3.000000000000000000e+00 9.050966799187808931e+01 0.000000000000000000e+00 1.209999999999999964e+01 1.640121946685672460e+00
3.000000000000000000e+00 1.280000000000000000e+02 0.000000000000000000e+00 1.259999999999999964e+01 1.428285685708569952e+00
4.000000000000000000e+00 6.250000000000000000e-02 0.000000000000000000e+00 5.799999999999999822e+00 3.059411708155671317e+00
4.000000000000000000e+00 8.838834764831844659e-02 0.000000000000000000e+00 3.799999999999999822e+00 2.315167380558044830e+00
4.000000000000000000e+00 1.250000000000000000e-01 0.000000000000000000e+00 2.700000000000000178e+00 1.486606874731850603e+00
4.000000000000000000e+00 1.767766952966368932e-01 0.000000000000000000e+00 1.699999999999999956e+00 6.403124237432848975e-01
4.000000000000000000e+00 2.500000000000000000e-01 0.000000000000000000e+00 1.800000000000000044e+00 6.000000000000000888e-01
4.000000000000000000e+00 3.535533905932737864e-01 0.000000000000000000e+00 2.200000000000000178e+00 5.999999999999999778e-01
4.000000000000000000e+00 5.000000000000000000e-01 0.000000000000000000e+00 3.799999999999999822e+00 9.797958971132713080e-01
4.000000000000000000e+00 7.071067811865475727e-01 0.000000000000000000e+00 6.599999999999999645e+00 1.685229954635271588e+00
4.000000000000000000e+00 1.000000000000000000e+00 0.000000000000000000e+00 9.300000000000000711e+00 2.051828452868319275e+00
4.000000000000000000e+00 1.414213562373095145e+00 0.000000000000000000e+00 1.200000000000000000e+01 2.236067977499789805e+00
4.000000000000000000e+00 2.000000000000000000e+00 0.000000000000000000e+00 1.309999999999999964e+01 1.972308292331601987e+00
4.000000000000000000e+00 2.828427124746190291e+00 0.000000000000000000e+00 1.390000000000000036e+01 2.385372088375312671e+00
4.000000000000000000e+00 4.000000000000000000e+00 0.000000000000000000e+00 1.440000000000000036e+01 2.835489375751565344e+00
4.000000000000000000e+00 5.656854249492380582e+00 0.000000000000000000e+00 1.469999999999999929e+01 1.951922129594313438e+00
4.000000000000000000e+00 8.000000000000000000e+00 0.000000000000000000e+00 1.500000000000000000e+01 1.732050807568877193e+00
4.000000000000000000e+00 1.131370849898476116e+01 0.000000000000000000e+00 1.469999999999999929e+01 1.734935157289747121e+00
4.000000000000000000e+00 1.600000000000000000e+01 0.000000000000000000e+00 1.509999999999999964e+01 1.445683229480096088e+00
4.000000000000000000e+00 2.262741699796952233e+01 0.000000000000000000e+00 1.540000000000000036e+01 1.496662954709576443e+00
4.000000000000000000e+00 3.200000000000000000e+01 0.000000000000000000e+00 1.540000000000000036e+01 1.800000000000000044e+00
4.000000000000000000e+00 4.525483399593904466e+01 0.000000000000000000e+00 1.580000000000000071e+01 1.469693845669906906e+00
4.000000000000000000e+00 6.400000000000000000e+01 0.000000000000000000e+00 1.559999999999999964e+01 1.199999999999999956e+00
4.000000000000000000e+00 9.050966799187808931e+01 0.000000000000000000e+00 1.540000000000000036e+01 1.199999999999999956e+00
4.000000000000000000e+00 1.280000000000000000e+02 0.000000000000000000e+00 1.559999999999999964e+01 9.165151389911680990e-01
5.000000000000000000e+00 6.250000000000000000e-02 0.000000000000000000e+00 6.200000000000000178e+00 2.638181191654583646e+00
5.000000000000000000e+00 8.838834764831844659e-02 0.000000000000000000e+00 3.899999999999999911e+00 1.300000000000000044e+00
5.000000000000000000e+00 1.250000000000000000e-01 0.000000000000000000e+00 2.299999999999999822e+00 1.486606874731850603e+00
5.000000000000000000e+00 1.767766952966368932e-01 0.000000000000000000e+00 1.899999999999999911e+00 1.135781669160054630e+00
5.000000000000000000e+00 2.500000000000000000e-01 0.000000000000000000e+00 2.399999999999999911e+00 6.633249580710800508e-01
5.000000000000000000e+00 3.535533905932737864e-01 0.000000000000000000e+00 3.000000000000000000e+00 7.745966692414834043e-01
5.000000000000000000e+00 5.000000000000000000e-01 0.000000000000000000e+00 5.099999999999999645e+00 1.044030650891054846e+00
5.000000000000000000e+00 7.071067811865475727e-01 0.000000000000000000e+00 8.199999999999999289e+00 2.088061301782109691e+00
5.000000000000000000e+00 1.000000000000000000e+00 0.000000000000000000e+00 1.219999999999999929e+01 2.181742422927142933e+00
5.000000000000000000e+00 1.414213562373095145e+00 0.000000000000000000e+00 1.480000000000000071e+01 2.675817632051930239e+00
5.000000000000000000e+00 2.000000000000000000e+00 0.000000000000000000e+00 1.559999999999999964e+01 3.006659275674581799e+00
5.000000000000000000e+00 2.828427124746190291e+00 0.000000000000000000e+00 1.630000000000000071e+01 3.067572330035593708e+00
5.000000000000000000e+00 4.000000000000000000e+00 0.000000000000000000e+00 1.669999999999999929e+01 3.034798181098703473e+00
5.000000000000000000e+00 5.656854249492380582e+00 0.000000000000000000e+00 1.680000000000000071e+01 2.675817632051930239e+00
5.000000000000000000e+00 8.000000000000000000e+00 0.000000000000000000e+00 1.650000000000000000e+01 2.539685019840058899e+00
5.000000000000000000e+00 1.131370849898476116e+01 0.000000000000000000e+00 1.769999999999999929e+01 3.100000000000000089e+00
5.000000000000000000e+00 1.600000000000000000e+01 0.000000000000000000e+00 1.710000000000000142e+01 2.299999999999999822e+00
5.000000000000000000e+00 2.262741699796952233e+01 0.000000000000000000e+00 1.719999999999999929e+01 2.227105745132008874e+00
5.000000000000000000e+00 3.200000000000000000e+01 0.000000000000000000e+00 1.760000000000000142e+01 1.854723699099140921e+00
5.000000000000000000e+00 4.525483399593904466e+01 0.000000000000000000e+00 1.800000000000000000e+01 1.549193338482966809e+00
5.000000000000000000e+00 6.400000000000000000e+01 0.000000000000000000e+00 1.789999999999999858e+01 1.513274595042155557e+00
5.000000000000000000e+00 9.050966799187808931e+01 0.000000000000000000e+00 1.780000000000000071e+01 1.536229149573721697e+00
5.000000000000000000e+00 1.280000000000000000e+02 0.000000000000000000e+00 1.780000000000000071e+01 1.400000000000000133e+00
