5.000000000000000000e+00 7.812500000000000000e-03 8.599999999999999867e-01 4.912387394666440699e+00 1.272002078136482917e+00
5.000000000000000000e+00 8.373230176064788352e-03 8.599999999999999867e-01 5.342578973555506927e+00 9.605810410443016423e-01
5.000000000000000000e+00 8.974205898414331500e-03 8.599999999999999867e-01 4.947428500250465433e+00 1.073297961563677738e+00
5.000000000000000000e+00 9.618315729257151739e-03 8.599999999999999867e-01 5.222084728143443044e+00 9.276014015254736567e-01
5.000000000000000000e+00 1.030865555291322552e-02 8.599999999999999867e-01 4.596758451338837759e+00 1.398145873982049592e+00
5.000000000000000000e+00 1.104854345603979195e-02 8.599999999999999867e-01 4.633741803327291464e+00 9.332924724169548991e-01
5.000000000000000000e+00 1.184153567586246694e-02 8.599999999999999867e-01 4.431316328228481538e+00 1.179955214992929768e+00
5.000000000000000000e+00 1.269144369306615845e-02 8.599999999999999867e-01 4.143356447991094704e+00 1.155978343061395686e+00
5.000000000000000000e+00 1.360235255150191343e-02 8.599999999999999867e-01 3.729609334909281593e+00 1.174745363982731439e+00
5.000000000000000000e+00 1.457864049276258282e-02 8.599999999999999867e-01 3.508706396527130345e+00 1.097581785672767873e+00
5.000000000000000000e+00 1.562499999999996184e-02 8.599999999999999867e-01 3.280575703781666963e+00 1.120407847161383863e+00
5.000000000000000000e+00 1.674646035212953507e-02 8.599999999999999867e-01 3.067512050364793907e+00 1.087780582999265055e+00
5.000000000000000000e+00 1.794841179682861790e-02 8.599999999999999867e-01 2.755553938305707273e+00 9.619138223696381829e-01
5.000000000000000000e+00 1.923663145851425491e-02 8.599999999999999867e-01 2.589183602125957329e+00 9.327172245035268983e-01
5.000000000000000000e+00 2.061731110582640247e-02 8.599999999999999867e-01 2.371957406404961333e+00 8.478456918907432138e-01
5.000000000000000000e+00 2.209708691207952838e-02 8.599999999999999867e-01 2.222949828201189248e+00 8.830329463514294819e-01
5.000000000000000000e+00 2.368307135172487837e-02 8.599999999999999867e-01 2.071628881413844603e+00 8.775082024896939670e-01
5.000000000000000000e+00 2.538288738613225445e-02 8.599999999999999867e-01 1.936678529843901320e+00 8.776618027229343699e-01
5.000000000000000000e+00 2.720470510300375747e-02 8.599999999999999867e-01 1.806680674916707030e+00 8.448628293301972958e-01
5.000000000000000000e+00 2.915728098552509626e-02 8.599999999999999867e-01 1.706020546048763409e+00 8.673841151849296383e-01
5.000000000000000000e+00 3.124999999999984734e-02 8.599999999999999867e-01 1.612003615772779508e+00 8.859826181309947701e-01
5.000000000000000000e+00 3.349292070425898687e-02 8.599999999999999867e-01 1.537145302528167168e+00 9.145656002615127900e-01
5.000000000000000000e+00 3.589682359365715253e-02 8.599999999999999867e-01 1.447875365507799383e+00 8.500683640769133298e-01
5.000000000000000000e+00 3.847326291702841267e-02 8.599999999999999867e-01 1.377530331619563508e+00 8.046429237752749097e-01
5.000000000000000000e+00 4.123462221165270086e-02 8.599999999999999867e-01 1.314756176288498946e+00 7.332825124401035621e-01
5.000000000000000000e+00 4.419417382415894574e-02 8.599999999999999867e-01 1.260957927369638742e+00 6.526721816479379434e-01
5.000000000000000000e+00 4.736614270344963878e-02 8.599999999999999867e-01 1.212859455760405991e+00 5.599345629123604340e-01
5.000000000000000000e+00 5.076577477226438401e-02 8.599999999999999867e-01 1.177693547648401173e+00 4.855814089413366674e-01
5.000000000000000000e+00 5.440941020600738309e-02 8.599999999999999867e-01 1.150574072552568605e+00 4.216374881647952377e-01
5.000000000000000000e+00 5.831456197105004680e-02 8.599999999999999867e-01 1.128443768965686100e+00 3.648871205764046000e-01
5.000000000000000000e+00 6.249999999999953509e-02 8.599999999999999867e-01 1.111853341415623975e+00 3.202050990977741152e-01
5.000000000000000000e+00 6.698584140851780722e-02 8.599999999999999867e-01 1.097734011991360559e+00 2.805356131638946926e-01
5.000000000000000000e+00 7.179364718731412465e-02 8.599999999999999867e-01 1.087408384622087443e+00 2.510325846464788735e-01
5.000000000000000000e+00 7.694652583405664492e-02 8.599999999999999867e-01 1.075986453526071474e+00 2.176788389208997865e-01
5.000000000000000000e+00 8.246924442330520744e-02 8.599999999999999867e-01 1.065419297861035508e+00 1.866119974216667032e-01
5.000000000000000000e+00 8.838834764831768331e-02 8.599999999999999867e-01 1.054816591820001204e+00 1.552968866608548382e-01
5.000000000000000000e+00 9.473228540689904165e-02 8.599999999999999867e-01 1.045915428810234804e+00 1.289889071535766651e-01
5.000000000000000000e+00 1.015315495445285182e-01 8.599999999999999867e-01 1.037360487376001839e+00 1.036457084471671397e-01
5.000000000000000000e+00 1.088188204120145025e-01 8.599999999999999867e-01 1.030529774013281052e+00 8.341651651909141874e-02
5.000000000000000000e+00 1.166291239420998022e-01 8.599999999999999867e-01 1.025062711213519551e+00 6.723703952241656678e-02
5.000000000000000000e+00 1.249999999999987649e-01 8.599999999999999867e-01 1.020779223660256196e+00 5.458354878395791504e-02
5.000000000000000000e+00 1.339716828170352814e-01 8.599999999999999867e-01 1.017610113324863841e+00 4.526355321431019957e-02
5.000000000000000000e+00 1.435872943746278885e-01 8.599999999999999867e-01 1.015097695378578191e+00 3.791605424337622654e-02
5.000000000000000000e+00 1.538930516681129013e-01 8.599999999999999867e-01 1.013273336178979189e+00 3.264296775357284491e-02
5.000000000000000000e+00 1.649384888466099985e-01 8.599999999999999867e-01 1.011385349351686891e+00 2.719589433003906723e-02
5.000000000000000000e+00 1.767766952966349225e-01 8.599999999999999867e-01 1.009341155582410110e+00 2.130106073595550847e-02
5.000000000000000000e+00 1.894645708137976114e-01 8.599999999999999867e-01 1.007314939941716281e+00 1.548390574433137525e-02
5.000000000000000000e+00 2.030630990890565368e-01 8.599999999999999867e-01 1.005729454616502760e+00 1.101213490098684918e-02
5.000000000000000000e+00 2.176376408240284499e-01 8.599999999999999867e-01 1.004749489340463375e+00 8.373807630208486563e-03
5.000000000000000000e+00 2.332582478841990492e-01 8.599999999999999867e-01 1.004046782232844492e+00 6.580150358651881519e-03
5.000000000000000000e+00 2.499999999999969191e-01 8.599999999999999867e-01 1.003387337901143095e+00 4.925736994229913679e-03
5.000000000000000000e+00 2.679433656340699521e-01 8.599999999999999867e-01 1.002830845720107611e+00 3.574871709700637532e-03
5.000000000000000000e+00 2.871745887492550553e-01 8.599999999999999867e-01 1.002542596171906997e+00 2.982732048634330595e-03
5.000000000000000000e+00 3.077861033362250809e-01 8.599999999999999867e-01 1.002466753205607297e+00 2.939388970362002799e-03
5.000000000000000000e+00 3.298769776932191644e-01 8.599999999999999867e-01 1.002470486767564894e+00 2.995749745653536120e-03
5.000000000000000000e+00 3.535533905932689569e-01 8.599999999999999867e-01 1.002599323286819999e+00 3.173259262295295181e-03
5.000000000000000000e+00 3.789291416275942792e-01 8.599999999999999867e-01 1.002894736199412051e+00 3.401905703238123756e-03
5.000000000000000000e+00 4.061261981781120745e-01 8.599999999999999867e-01 1.003417907014790611e+00 3.519614626749639937e-03
5.000000000000000000e+00 4.352752816480558451e-01 8.599999999999999867e-01 1.004359074408507801e+00 3.541760649721710594e-03
5.000000000000000000e+00 4.665164957683969327e-01 8.599999999999999867e-01 1.006105026233184985e+00 3.947557411041054468e-03
5.000000000000000000e+00 4.999999999999926170e-01 8.599999999999999867e-01 1.009397187510039595e+00 6.257417948733494037e-03
5.000000000000000000e+00 5.358867312681385719e-01 8.599999999999999867e-01 1.015590369846597785e+00 1.245494848270945441e-02
5.000000000000000000e+00 5.743491774985087783e-01 8.599999999999999867e-01 1.026226461148785907e+00 2.424532418311999352e-02
5.000000000000000000e+00 6.155722066724486075e-01 8.599999999999999867e-01 1.041158920251236797e+00 4.067993532223128372e-02
5.000000000000000000e+00 6.597539553864367745e-01 8.599999999999999867e-01 1.057383415049319986e+00 5.544720274860579640e-02
5.000000000000000000e+00 7.071067811865362485e-01 8.599999999999999867e-01 1.072949512257673765e+00 6.237590568717635980e-02
5.000000000000000000e+00 7.578582832551866710e-01 8.599999999999999867e-01 1.087715043557919925e+00 6.664542791633810970e-02
5.000000000000000000e+00 8.122523963562221505e-01 8.599999999999999867e-01 1.106254889214533854e+00 7.940931034242224018e-02
5.000000000000000000e+00 8.705505632961095808e-01 8.599999999999999867e-01 1.126157286053282913e+00 9.344797686973761730e-02
5.000000000000000000e+00 9.330329915367915339e-01 8.599999999999999867e-01 1.142128251004446371e+00 1.095135756987926229e-01
5.000000000000000000e+00 9.999999999999827915e-01 8.599999999999999867e-01 1.154888913140625251e+00 1.221023651020024386e-01
5.000000000000000000e+00 1.071773462536274479e+00 8.599999999999999867e-01 1.169441220487059008e+00 1.368541541765957437e-01
5.000000000000000000e+00 1.148698354997014670e+00 8.599999999999999867e-01 1.178448979726365975e+00 1.458685545241259207e-01
5.000000000000000000e+00 1.231144413344894106e+00 8.599999999999999867e-01 1.175000284894832436e+00 1.364767110629670210e-01
5.000000000000000000e+00 1.319507910772870218e+00 8.599999999999999867e-01 1.162460491640753490e+00 1.148149399434630485e-01
5.000000000000000000e+00 1.414213562373068944e+00 8.599999999999999867e-01 1.152787529074165818e+00 9.490669546918423238e-02
5.000000000000000000e+00 1.515716566510369789e+00 8.599999999999999867e-01 1.148211028616421769e+00 8.456067693846133770e-02
5.000000000000000000e+00 1.624504792712440304e+00 8.599999999999999867e-01 1.149595636174537638e+00 9.886695028909095462e-02
5.000000000000000000e+00 1.741101126592214943e+00 8.599999999999999867e-01 1.152347027641952959e+00 1.108732818016889693e-01
5.000000000000000000e+00 1.866065983073578627e+00 8.599999999999999867e-01 1.167319191531065004e+00 1.329440153167161243e-01
5.000000000000000000e+00 1.999999999999960698e+00 8.599999999999999867e-01 1.164133925770663769e+00 1.234017535577105473e-01
5.000000000000000000e+00 2.143546925072543630e+00 8.599999999999999867e-01 1.157687969613300449e+00 1.034000564772077496e-01
5.000000000000000000e+00 2.297396709994023567e+00 8.599999999999999867e-01 1.174576002171672684e+00 1.227564677659971626e-01
5.000000000000000000e+00 2.462288826689782439e+00 8.599999999999999867e-01 1.181812911132130051e+00 1.497766860990485671e-01
5.000000000000000000e+00 2.639015821545733775e+00 8.599999999999999867e-01 1.183455045009404349e+00 1.481846214972651343e-01
5.000000000000000000e+00 2.828427124746130783e+00 8.599999999999999867e-01 1.177149284383052663e+00 1.358621707822179059e-01
5.000000000000000000e+00 3.031433133020732029e+00 8.599999999999999867e-01 1.166897390048949434e+00 1.220935957760815455e-01
5.000000000000000000e+00 3.249009585424872615e+00 8.599999999999999867e-01 1.197668304435152598e+00 2.043920517239098122e-01
5.000000000000000000e+00 3.482202253184421004e+00 8.599999999999999867e-01 1.186544757929692828e+00 1.824209871209643841e-01
5.000000000000000000e+00 3.732131966147147928e+00 8.599999999999999867e-01 1.146280678497951566e+00 8.941568251192787142e-02
5.000000000000000000e+00 3.999999999999911182e+00 8.599999999999999867e-01 1.119911567444222822e+00 4.353061715487027000e-02
5.000000000000000000e+00 4.287093850145076601e+00 8.599999999999999867e-01 1.144793840615343949e+00 1.201611200838064303e-01
5.000000000000000000e+00 4.594793419988035588e+00 8.599999999999999867e-01 1.133826459769544215e+00 5.734308843889943108e-02
5.000000000000000000e+00 4.924577653379552444e+00 8.599999999999999867e-01 1.153446784574980066e+00 6.111324588800148144e-02
5.000000000000000000e+00 5.278031643091455116e+00 8.599999999999999867e-01 1.140531955903114403e+00 1.105771549164832335e-01
5.000000000000000000e+00 5.656854249492248243e+00 8.599999999999999867e-01 1.122998272470383085e+00 7.162010936927457050e-02
5.000000000000000000e+00 6.062866266041448959e+00 8.599999999999999867e-01 1.154248756623131866e+00 7.001918724454163356e-02
5.000000000000000000e+00 6.498019170849729242e+00 8.599999999999999867e-01 1.140126735760474741e+00 6.099510608301422082e-02
5.000000000000000000e+00 6.964404506368825132e+00 8.599999999999999867e-01 1.130758224216527719e+00 5.335154713314935876e-02
5.000000000000000000e+00 7.464263932294277204e+00 8.599999999999999867e-01 1.153831375197681863e+00 5.422468189482131801e-02
5.000000000000000000e+00 7.999999999999802824e+00 8.599999999999999867e-01 1.132573301501077045e+00 5.733775920429758088e-02
5.000000000000000000e+00 8.574187700290131886e+00 8.599999999999999867e-01 1.153607983637113366e+00 9.368314266433976079e-02
5.000000000000000000e+00 9.189586839976049859e+00 8.599999999999999867e-01 1.141584861779514126e+00 7.451066075855147797e-02
5.000000000000000000e+00 9.849155306759080020e+00 8.599999999999999867e-01 1.182982049484342602e+00 1.016907154440654243e-01
5.000000000000000000e+00 1.055606328618288359e+01 8.599999999999999867e-01 1.212410255838861861e+00 1.225804351395615027e-01
5.000000000000000000e+00 1.131370849898446806e+01 8.599999999999999867e-01 1.170796726339558447e+00 9.792171228360982416e-02
5.000000000000000000e+00 1.212573253208286772e+01 8.599999999999999867e-01 1.156166011305858943e+00 5.887473370515074883e-02
5.000000000000000000e+00 1.299603834169942651e+01 8.599999999999999867e-01 1.185610857289525644e+00 9.747959798496719230e-02
5.000000000000000000e+00 1.392880901273761651e+01 8.599999999999999867e-01 1.159497218947861175e+00 1.035063651440084609e-01
5.000000000000000000e+00 1.492852786458851710e+01 8.599999999999999867e-01 1.141781172701979763e+00 8.018807726176495343e-02
5.000000000000000000e+00 1.599999999999956657e+01 8.599999999999999867e-01 1.170382001145818363e+00 1.481447309552821889e-01
5.000000000000000000e+00 1.714837540058022114e+01 8.599999999999999867e-01 1.152217447732809985e+00 8.557838138250162263e-02
5.000000000000000000e+00 1.837917367995205353e+01 8.599999999999999867e-01 1.178857085352885914e+00 8.302569827982976547e-02
5.000000000000000000e+00 1.969831061351811385e+01 8.599999999999999867e-01 1.149768035725080795e+00 1.121279567267254168e-01
5.000000000000000000e+00 2.111212657236571388e+01 8.599999999999999867e-01 1.148552054166350311e+00 7.404340454710953146e-02
5.000000000000000000e+00 2.262741699796887929e+01 8.599999999999999867e-01 1.126715087584869490e+00 5.170292486117494812e-02
5.000000000000000000e+00 2.425146506416567505e+01 8.599999999999999867e-01 1.132514068655201100e+00 4.660523279380382466e-02
5.000000000000000000e+00 2.599207668339878907e+01 8.599999999999999867e-01 1.192419858704630631e+00 1.444386945302001957e-01
5.000000000000000000e+00 2.785761802547516197e+01 8.599999999999999867e-01 1.162409787780037451e+00 1.147523929763661493e-01
5.000000000000000000e+00 2.985705572917696315e+01 8.599999999999999867e-01 1.150716084339570733e+00 6.361763185791564912e-02
5.000000000000000000e+00 3.199999999999905498e+01 8.599999999999999867e-01 1.150579739548569735e+00 8.597540453556826168e-02
