5.000000000000000000e+00 7.812500000000000000e-03 7.399999999999999911e-01 5.085377611048761182e+00 1.239043897257760651e+00
5.000000000000000000e+00 8.373230176064788352e-03 7.399999999999999911e-01 5.169716643629621800e+00 1.113449413586465875e+00
5.000000000000000000e+00 8.974205898414331500e-03 7.399999999999999911e-01 4.766002331015455340e+00 1.204477330397976997e+00
5.000000000000000000e+00 9.618315729257151739e-03 7.399999999999999911e-01 4.536723448862575836e+00 1.137149244064966203e+00
5.000000000000000000e+00 1.030865555291322552e-02 7.399999999999999911e-01 4.060014517419330282e+00 1.424634136834952436e+00
5.000000000000000000e+00 1.104854345603979195e-02 7.399999999999999911e-01 3.824286377912747614e+00 1.204229105526060106e+00
5.000000000000000000e+00 1.184153567586246694e-02 7.399999999999999911e-01 3.492082869460214845e+00 1.252047656945023846e+00
5.000000000000000000e+00 1.269144369306615845e-02 7.399999999999999911e-01 3.051942268394661539e+00 1.152353258036724615e+00
5.000000000000000000e+00 1.360235255150191343e-02 7.399999999999999911e-01 2.837618451737164094e+00 1.038680802208507670e+00
5.000000000000000000e+00 1.457864049276258282e-02 7.399999999999999911e-01 2.600541111443807729e+00 1.007867393837761361e+00
5.000000000000000000e+00 1.562499999999996184e-02 7.399999999999999911e-01 2.359309650216594001e+00 9.108252928897810907e-01
5.000000000000000000e+00 1.674646035212953507e-02 7.399999999999999911e-01 2.209174442310518849e+00 9.230283441009341505e-01
5.000000000000000000e+00 1.794841179682861790e-02 7.399999999999999911e-01 2.003371143689558931e+00 8.351533390766863185e-01
5.000000000000000000e+00 1.923663145851425491e-02 7.399999999999999911e-01 1.881221312818242009e+00 8.298437300707197650e-01
5.000000000000000000e+00 2.061731110582640247e-02 7.399999999999999911e-01 1.757845767358003242e+00 7.628681006434682166e-01
5.000000000000000000e+00 2.209708691207952838e-02 7.399999999999999911e-01 1.687657387708016987e+00 8.346654331330731758e-01
5.000000000000000000e+00 2.368307135172487837e-02 7.399999999999999911e-01 1.581573238780069612e+00 7.589309045055792069e-01
5.000000000000000000e+00 2.538288738613225445e-02 7.399999999999999911e-01 1.484274339189863845e+00 6.905453737576815465e-01
5.000000000000000000e+00 2.720470510300375747e-02 7.399999999999999911e-01 1.417792195158652069e+00 6.571619151414379578e-01
5.000000000000000000e+00 2.915728098552509626e-02 7.399999999999999911e-01 1.353311504493696082e+00 6.135400508016182197e-01
5.000000000000000000e+00 3.124999999999984734e-02 7.399999999999999911e-01 1.279818659345728138e+00 5.211973254671663502e-01
5.000000000000000000e+00 3.349292070425898687e-02 7.399999999999999911e-01 1.247076099504383917e+00 5.187247682981996899e-01
5.000000000000000000e+00 3.589682359365715253e-02 7.399999999999999911e-01 1.189068969700655121e+00 4.142856544367650162e-01
5.000000000000000000e+00 3.847326291702841267e-02 7.399999999999999911e-01 1.148241714428201110e+00 3.438911424386559279e-01
5.000000000000000000e+00 4.123462221165270086e-02 7.399999999999999911e-01 1.115938139468307000e+00 2.822995662853859944e-01
5.000000000000000000e+00 4.419417382415894574e-02 7.399999999999999911e-01 1.090842478476649280e+00 2.308666811265503438e-01
5.000000000000000000e+00 4.736614270344963878e-02 7.399999999999999911e-01 1.071888358971821331e+00 1.889144864885131392e-01
5.000000000000000000e+00 5.076577477226438401e-02 7.399999999999999911e-01 1.058546240859246090e+00 1.579348218471484377e-01
5.000000000000000000e+00 5.440941020600738309e-02 7.399999999999999911e-01 1.048992039404374355e+00 1.343363974060644561e-01
5.000000000000000000e+00 5.831456197105004680e-02 7.399999999999999911e-01 1.041001796247400080e+00 1.131802976025200330e-01
5.000000000000000000e+00 6.249999999999953509e-02 7.399999999999999911e-01 1.035409846437118642e+00 9.789817029235449442e-02
5.000000000000000000e+00 6.698584140851780722e-02 7.399999999999999911e-01 1.030511444338483740e+00 8.400415038164968373e-02
5.000000000000000000e+00 7.179364718731412465e-02 7.399999999999999911e-01 1.027027355561206390e+00 7.400298978714675568e-02
5.000000000000000000e+00 7.694652583405664492e-02 7.399999999999999911e-01 1.023366022371142714e+00 6.331062819300596611e-02
5.000000000000000000e+00 8.246924442330520744e-02 7.399999999999999911e-01 1.020094983871295380e+00 5.371219077393900310e-02
5.000000000000000000e+00 8.838834764831768331e-02 7.399999999999999911e-01 1.017003912160511891e+00 4.461684086910967101e-02
5.000000000000000000e+00 9.473228540689904165e-02 7.399999999999999911e-01 1.014389746461451747e+00 3.692856196175581945e-02
5.000000000000000000e+00 1.015315495445285182e-01 7.399999999999999911e-01 1.011967454753931239e+00 2.979999663305658159e-02
5.000000000000000000e+00 1.088188204120145025e-01 7.399999999999999911e-01 1.010011049265500338e+00 2.405806428573315295e-02
5.000000000000000000e+00 1.166291239420998022e-01 7.399999999999999911e-01 1.008415077103979707e+00 1.939221294817495417e-02
5.000000000000000000e+00 1.249999999999987649e-01 7.399999999999999911e-01 1.007166437175849527e+00 1.576844782465757280e-02
5.000000000000000000e+00 1.339716828170352814e-01 7.399999999999999911e-01 1.006223670648341173e+00 1.306710932286302661e-02
5.000000000000000000e+00 1.435872943746278885e-01 7.399999999999999911e-01 1.005476410952270916e+00 1.096124376982781159e-02
5.000000000000000000e+00 1.538930516681129013e-01 7.399999999999999911e-01 1.004908007437641526e+00 9.403148727567253035e-03
5.000000000000000000e+00 1.649384888466099985e-01 7.399999999999999911e-01 1.004323916183384124e+00 7.813441250705991520e-03
5.000000000000000000e+00 1.767766952966349225e-01 7.399999999999999911e-01 1.003693129999411848e+00 6.102229213155933689e-03
5.000000000000000000e+00 1.894645708137976114e-01 7.399999999999999911e-01 1.003063497264948367e+00 4.416207278850787198e-03
5.000000000000000000e+00 2.030630990890565368e-01 7.399999999999999911e-01 1.002558425467044989e+00 3.123957976441374493e-03
5.000000000000000000e+00 2.176376408240284499e-01 7.399999999999999911e-01 1.002228073873514980e+00 2.364549201874518482e-03
5.000000000000000000e+00 2.332582478841990492e-01 7.399999999999999911e-01 1.001978552093137909e+00 1.851711998422949377e-03
5.000000000000000000e+00 2.499999999999969191e-01 7.399999999999999911e-01 1.001742868912130380e+00 1.386080577195119862e-03
5.000000000000000000e+00 2.679433656340699521e-01 7.399999999999999911e-01 1.001541977822248963e+00 1.014494042787493716e-03
5.000000000000000000e+00 2.871745887492550553e-01 7.399999999999999911e-01 1.001429326224373417e+00 8.370380826291705595e-04
5.000000000000000000e+00 3.077861033362250809e-01 7.399999999999999911e-01 1.001397977170583653e+00 7.862905517095319366e-04
5.000000000000000000e+00 3.298769776932191644e-01 7.399999999999999911e-01 1.001424133442860631e+00 7.586402625506784509e-04
5.000000000000000000e+00 3.535533905932689569e-01 7.399999999999999911e-01 1.001547653228832990e+00 7.716157130650849695e-04
5.000000000000000000e+00 3.789291416275942792e-01 7.399999999999999911e-01 1.001824959352833000e+00 8.373937688895320914e-04
5.000000000000000000e+00 4.061261981781120745e-01 7.399999999999999911e-01 1.002355254052674782e+00 1.017216908653581671e-03
5.000000000000000000e+00 4.352752816480558451e-01 7.399999999999999911e-01 1.003346345121361338e+00 1.604990030990563346e-03
5.000000000000000000e+00 4.665164957683969327e-01 7.399999999999999911e-01 1.005194149767755007e+00 3.111227797140841446e-03
5.000000000000000000e+00 4.999999999999926170e-01 7.399999999999999911e-01 1.008637179064294731e+00 6.366092169262466301e-03
5.000000000000000000e+00 5.358867312681385719e-01 7.399999999999999911e-01 1.015013994060356195e+00 1.294920138651969345e-02
5.000000000000000000e+00 5.743491774985087783e-01 7.399999999999999911e-01 1.025843847163894651e+00 2.481905898538153132e-02
5.000000000000000000e+00 6.155722066724486075e-01 7.399999999999999911e-01 1.040958627244196855e+00 4.123877203893711735e-02
5.000000000000000000e+00 6.597539553864367745e-01 7.399999999999999911e-01 1.057328999509827394e+00 5.597938889161502979e-02
5.000000000000000000e+00 7.071067811865362485e-01 7.399999999999999911e-01 1.073011728105609519e+00 6.292503075202189600e-02
5.000000000000000000e+00 7.578582832551866710e-01 7.399999999999999911e-01 1.087867175959969179e+00 6.725145942962905410e-02
5.000000000000000000e+00 8.122523963562221505e-01 7.399999999999999911e-01 1.106521011269826271e+00 8.013573237943477645e-02
5.000000000000000000e+00 8.705505632961095808e-01 7.399999999999999911e-01 1.126593974292327216e+00 9.443283379714813297e-02
5.000000000000000000e+00 9.330329915367915339e-01 7.399999999999999911e-01 1.142757595940798288e+00 1.107564501994030837e-01
5.000000000000000000e+00 9.999999999999827915e-01 7.399999999999999911e-01 1.155730038005068350e+00 1.235788360080869036e-01
5.000000000000000000e+00 1.071773462536274479e+00 7.399999999999999911e-01 1.170447747509586689e+00 1.384200217250118603e-01
5.000000000000000000e+00 1.148698354997014670e+00 7.399999999999999911e-01 1.179595397639600085e+00 1.474014993939440354e-01
5.000000000000000000e+00 1.231144413344894106e+00 7.399999999999999911e-01 1.176217634387174638e+00 1.376564360486940697e-01
5.000000000000000000e+00 1.319507910772870218e+00 7.399999999999999911e-01 1.163777145568536397e+00 1.155096844189526795e-01
5.000000000000000000e+00 1.414213562373068944e+00 7.399999999999999911e-01 1.154379926463437345e+00 9.533322123230124345e-02
5.000000000000000000e+00 1.515716566510369789e+00 7.399999999999999911e-01 1.149958377199119086e+00 8.505839090899626476e-02
5.000000000000000000e+00 1.624504792712440304e+00 7.399999999999999911e-01 1.151236072588573967e+00 9.957885890377722593e-02
5.000000000000000000e+00 1.741101126592214943e+00 7.399999999999999911e-01 1.153950010629601675e+00 1.118821526083188106e-01
5.000000000000000000e+00 1.866065983073578627e+00 7.399999999999999911e-01 1.169155802419289625e+00 1.344072562066239429e-01
5.000000000000000000e+00 1.999999999999960698e+00 7.399999999999999911e-01 1.165803769489045738e+00 1.246638166483260146e-01
5.000000000000000000e+00 2.143546925072543630e+00 7.399999999999999911e-01 1.159028004559349734e+00 1.046140674436654427e-01
5.000000000000000000e+00 2.297396709994023567e+00 7.399999999999999911e-01 1.175875854951129229e+00 1.239876521757511535e-01
5.000000000000000000e+00 2.462288826689782439e+00 7.399999999999999911e-01 1.183095257058055960e+00 1.511448737037057732e-01
5.000000000000000000e+00 2.639015821545733775e+00 7.399999999999999911e-01 1.184922391056071778e+00 1.500084408661628288e-01
5.000000000000000000e+00 2.828427124746130783e+00 7.399999999999999911e-01 1.179090183157566640e+00 1.375942519995188018e-01
5.000000000000000000e+00 3.031433133020732029e+00 7.399999999999999911e-01 1.168920404143604763e+00 1.237371026206570274e-01
5.000000000000000000e+00 3.249009585424872615e+00 7.399999999999999911e-01 1.199479191059918515e+00 2.059081676353136381e-01
5.000000000000000000e+00 3.482202253184421004e+00 7.399999999999999911e-01 1.188336400227514522e+00 1.837578401620851565e-01
5.000000000000000000e+00 3.732131966147147928e+00 7.399999999999999911e-01 1.147401553649767925e+00 8.984820286645354981e-02
5.000000000000000000e+00 3.999999999999911182e+00 7.399999999999999911e-01 1.121180356159668268e+00 4.386937761185649709e-02
5.000000000000000000e+00 4.287093850145076601e+00 7.399999999999999911e-01 1.146571658999479215e+00 1.216011031388286312e-01
5.000000000000000000e+00 4.594793419988035588e+00 7.399999999999999911e-01 1.135217182558287075e+00 5.793171458633161741e-02
5.000000000000000000e+00 4.924577653379552444e+00 7.399999999999999911e-01 1.155091517096346720e+00 6.216278205309387628e-02
5.000000000000000000e+00 5.278031643091455116e+00 7.399999999999999911e-01 1.141836669894800371e+00 1.117714887965429033e-01
5.000000000000000000e+00 5.656854249492248243e+00 7.399999999999999911e-01 1.124715184069693397e+00 7.295259634888189015e-02
5.000000000000000000e+00 6.062866266041448959e+00 7.399999999999999911e-01 1.156277866057194181e+00 7.087172790867764249e-02
5.000000000000000000e+00 6.498019170849729242e+00 7.399999999999999911e-01 1.141679506510730135e+00 6.173235807167860162e-02
5.000000000000000000e+00 6.964404506368825132e+00 7.399999999999999911e-01 1.132079963822214763e+00 5.401387770437419966e-02
5.000000000000000000e+00 7.464263932294277204e+00 7.399999999999999911e-01 1.155262967992170431e+00 5.488775203954848053e-02
5.000000000000000000e+00 7.999999999999802824e+00 7.399999999999999911e-01 1.134161104456627323e+00 5.805979326176990973e-02
5.000000000000000000e+00 8.574187700290131886e+00 7.399999999999999911e-01 1.155431834695829219e+00 9.529392235044203963e-02
5.000000000000000000e+00 9.189586839976049859e+00 7.399999999999999911e-01 1.143183248554880516e+00 7.532997966244939225e-02
5.000000000000000000e+00 9.849155306759080020e+00 7.399999999999999911e-01 1.184972365530492011e+00 1.028950378573132152e-01
5.000000000000000000e+00 1.055606328618288359e+01 7.399999999999999911e-01 1.214313814399267555e+00 1.234685950094795148e-01
5.000000000000000000e+00 1.131370849898446806e+01 7.399999999999999911e-01 1.172321119048920890e+00 9.862886792034412931e-02
5.000000000000000000e+00 1.212573253208286772e+01 7.399999999999999911e-01 1.157415931195379555e+00 5.942561492013594820e-02
5.000000000000000000e+00 1.299603834169942651e+01 7.399999999999999911e-01 1.187821485630842666e+00 9.881780471347970107e-02
5.000000000000000000e+00 1.392880901273761651e+01 7.399999999999999911e-01 1.161180995389858417e+00 1.044223859514961800e-01
5.000000000000000000e+00 1.492852786458851710e+01 7.399999999999999911e-01 1.143344747466092270e+00 8.059707497337581517e-02
5.000000000000000000e+00 1.599999999999956657e+01 7.399999999999999911e-01 1.172158723403609049e+00 1.496881196708466089e-01
5.000000000000000000e+00 1.714837540058022114e+01 7.399999999999999911e-01 1.153671316869622654e+00 8.631571826852538210e-02
5.000000000000000000e+00 1.837917367995205353e+01 7.399999999999999911e-01 1.180304633024864769e+00 8.370654315198694517e-02
5.000000000000000000e+00 1.969831061351811385e+01 7.399999999999999911e-01 1.151254601913939135e+00 1.128472189794360175e-01
5.000000000000000000e+00 2.111212657236571388e+01 7.399999999999999911e-01 1.150002212543933533e+00 7.446790000094558049e-02
5.000000000000000000e+00 2.262741699796887929e+01 7.399999999999999911e-01 1.128035542381456313e+00 5.188006418287389315e-02
5.000000000000000000e+00 2.425146506416567505e+01 7.399999999999999911e-01 1.133623745500812685e+00 4.666139925899513013e-02
5.000000000000000000e+00 2.599207668339878907e+01 7.399999999999999911e-01 1.193646718369854698e+00 1.454469478363429602e-01
5.000000000000000000e+00 2.785761802547516197e+01 7.399999999999999911e-01 1.163660948869093881e+00 1.153980182627036971e-01
5.000000000000000000e+00 2.985705572917696315e+01 7.399999999999999911e-01 1.151964391884446881e+00 6.447114423420204077e-02
5.000000000000000000e+00 3.199999999999905498e+01 7.399999999999999911e-01 1.152107485195403402e+00 8.636021475640001666e-02
