5.000000000000000000e+00 7.812500000000000000e-03 6.700000000000000400e-01 4.637375964693331021e+00 1.240718763406898351e+00
5.000000000000000000e+00 8.373230176064788352e-03 6.700000000000000400e-01 4.495533530995238891e+00 1.237851799831177102e+00
5.000000000000000000e+00 8.974205898414331500e-03 6.700000000000000400e-01 4.150598288616827780e+00 1.261226652693172801e+00
5.000000000000000000e+00 9.618315729257151739e-03 6.700000000000000400e-01 3.825527517123625820e+00 1.232642995469329872e+00
5.000000000000000000e+00 1.030865555291322552e-02 6.700000000000000400e-01 3.439306967691106998e+00 1.266807103303336568e+00
5.000000000000000000e+00 1.104854345603979195e-02 6.700000000000000400e-01 3.206041423089523335e+00 1.133693143323678765e+00
5.000000000000000000e+00 1.184153567586246694e-02 6.700000000000000400e-01 2.893370937199704507e+00 1.103576267364188457e+00
5.000000000000000000e+00 1.269144369306615845e-02 6.700000000000000400e-01 2.515785657315176227e+00 9.488943242366068009e-01
5.000000000000000000e+00 1.360235255150191343e-02 6.700000000000000400e-01 2.361241889542748496e+00 8.710535934458124574e-01
5.000000000000000000e+00 1.457864049276258282e-02 6.700000000000000400e-01 2.177328461757574996e+00 8.648085525031591336e-01
5.000000000000000000e+00 1.562499999999996184e-02 6.700000000000000400e-01 1.993667779985295541e+00 7.726213825603435170e-01
5.000000000000000000e+00 1.674646035212953507e-02 6.700000000000000400e-01 1.885060524509042379e+00 8.088656217178832319e-01
5.000000000000000000e+00 1.794841179682861790e-02 6.700000000000000400e-01 1.730802576674306037e+00 7.141339241786303083e-01
5.000000000000000000e+00 1.923663145851425491e-02 6.700000000000000400e-01 1.621559671713607376e+00 6.610406667465088537e-01
5.000000000000000000e+00 2.061731110582640247e-02 6.700000000000000400e-01 1.544874342840374171e+00 6.311399441219420758e-01
5.000000000000000000e+00 2.209708691207952838e-02 6.700000000000000400e-01 1.492101007588686912e+00 6.705102500850868008e-01
5.000000000000000000e+00 2.368307135172487837e-02 6.700000000000000400e-01 1.402937526816757874e+00 5.711563343138423843e-01
5.000000000000000000e+00 2.538288738613225445e-02 6.700000000000000400e-01 1.327209577081895020e+00 4.954607993666287902e-01
5.000000000000000000e+00 2.720470510300375747e-02 6.700000000000000400e-01 1.282556053846113375e+00 4.698959674965252353e-01
5.000000000000000000e+00 2.915728098552509626e-02 6.700000000000000400e-01 1.234577441869163295e+00 4.232022289144368732e-01
5.000000000000000000e+00 3.124999999999984734e-02 6.700000000000000400e-01 1.179959166999755338e+00 3.405708224190874267e-01
5.000000000000000000e+00 3.349292070425898687e-02 6.700000000000000400e-01 1.158173358025225808e+00 3.352978221661317426e-01
5.000000000000000000e+00 3.589682359365715253e-02 6.700000000000000400e-01 1.119199158305314912e+00 2.616063048963017668e-01
5.000000000000000000e+00 3.847326291702841267e-02 6.700000000000000400e-01 1.092734935983424416e+00 2.144096153580544728e-01
5.000000000000000000e+00 4.123462221165270086e-02 6.700000000000000400e-01 1.072183196178325471e+00 1.746276069014598975e-01
5.000000000000000000e+00 4.419417382415894574e-02 6.700000000000000400e-01 1.056471279956391340e+00 1.422792230948617398e-01
5.000000000000000000e+00 4.736614270344963878e-02 6.700000000000000400e-01 1.044802329367438443e+00 1.165026217171430678e-01
5.000000000000000000e+00 5.076577477226438401e-02 6.700000000000000400e-01 1.036572978658537370e+00 9.743001222690735041e-02
5.000000000000000000e+00 5.440941020600738309e-02 6.700000000000000400e-01 1.030706233290580531e+00 8.297742477906321079e-02
5.000000000000000000e+00 5.831456197105004680e-02 6.700000000000000400e-01 1.025774326834785422e+00 6.993455128408418431e-02
5.000000000000000000e+00 6.249999999999953509e-02 6.700000000000000400e-01 1.022335291285243253e+00 6.055084719542425803e-02
5.000000000000000000e+00 6.698584140851780722e-02 6.700000000000000400e-01 1.019301537744773167e+00 5.195423592790474054e-02
5.000000000000000000e+00 7.179364718731412465e-02 6.700000000000000400e-01 1.017135810984929778e+00 4.574524062533030094e-02
5.000000000000000000e+00 7.694652583405664492e-02 6.700000000000000400e-01 1.014868544282138796e+00 3.913379283752491111e-02
5.000000000000000000e+00 8.246924442330520744e-02 6.700000000000000400e-01 1.012839842427559089e+00 3.319150671145305181e-02
5.000000000000000000e+00 8.838834764831768331e-02 6.700000000000000400e-01 1.010934857617709515e+00 2.759900139279496817e-02
5.000000000000000000e+00 9.473228540689904165e-02 6.700000000000000400e-01 1.009311995928116046e+00 2.283980971966848711e-02
5.000000000000000000e+00 1.015315495445285182e-01 6.700000000000000400e-01 1.007816161139935884e+00 1.845378479313122128e-02
5.000000000000000000e+00 1.088188204120145025e-01 6.700000000000000400e-01 1.006601820942924164e+00 1.490748737161086239e-02
5.000000000000000000e+00 1.166291239420998022e-01 6.700000000000000400e-01 1.005605599350126500e+00 1.201466627204088485e-02
5.000000000000000000e+00 1.249999999999987649e-01 6.700000000000000400e-01 1.004825318455232708e+00 9.772186201291315627e-03
5.000000000000000000e+00 1.339716828170352814e-01 6.700000000000000400e-01 1.004231708573504633e+00 8.095201028348660011e-03
5.000000000000000000e+00 1.435872943746278885e-01 6.700000000000000400e-01 1.003759773117664178e+00 6.791445442925482870e-03
5.000000000000000000e+00 1.538930516681129013e-01 6.700000000000000400e-01 1.003395435058188401e+00 5.819951621130600369e-03
5.000000000000000000e+00 1.649384888466099985e-01 6.700000000000000400e-01 1.003021234073096624e+00 4.832043954884542372e-03
5.000000000000000000e+00 1.767766952966349225e-01 6.700000000000000400e-01 1.002617474337396120e+00 3.771546752655314996e-03
5.000000000000000000e+00 1.894645708137976114e-01 6.700000000000000400e-01 1.002213432473193722e+00 2.729429401374726220e-03
5.000000000000000000e+00 2.030630990890565368e-01 6.700000000000000400e-01 1.001885979703262652e+00 1.934373014945488722e-03
5.000000000000000000e+00 2.176376408240284499e-01 6.700000000000000400e-01 1.001666979835025506e+00 1.469336360821250605e-03
5.000000000000000000e+00 2.332582478841990492e-01 6.700000000000000400e-01 1.001498792385768555e+00 1.156499867740090354e-03
5.000000000000000000e+00 2.499999999999969191e-01 6.700000000000000400e-01 1.001340743042461234e+00 8.761862973300299983e-04
5.000000000000000000e+00 2.679433656340699521e-01 6.700000000000000400e-01 1.001207675479809156e+00 6.559052429258601215e-04
5.000000000000000000e+00 2.871745887492550553e-01 6.700000000000000400e-01 1.001135598258020121e+00 5.412576534312944906e-04
5.000000000000000000e+00 3.077861033362250809e-01 6.700000000000000400e-01 1.001125081881155898e+00 4.871401221136688418e-04
5.000000000000000000e+00 3.298769776932191644e-01 6.700000000000000400e-01 1.001169175781561282e+00 4.428497564130340846e-04
5.000000000000000000e+00 3.535533905932689569e-01 6.700000000000000400e-01 1.001306830178038565e+00 4.347831945494285972e-04
5.000000000000000000e+00 3.789291416275942792e-01 6.700000000000000400e-01 1.001596972424510401e+00 5.201917546450666313e-04
5.000000000000000000e+00 4.061261981781120745e-01 6.700000000000000400e-01 1.002145363805970524e+00 8.223068495652571981e-04
5.000000000000000000e+00 4.352752816480558451e-01 6.700000000000000400e-01 1.003163342967061666e+00 1.579149975677664273e-03
5.000000000000000000e+00 4.665164957683969327e-01 6.700000000000000400e-01 1.005049770572146395e+00 3.199839996991399923e-03
5.000000000000000000e+00 4.999999999999926170e-01 6.700000000000000400e-01 1.008544247191800247e+00 6.510109641515435426e-03
5.000000000000000000e+00 5.358867312681385719e-01 6.700000000000000400e-01 1.014984150711188970e+00 1.312133293889217699e-02
5.000000000000000000e+00 5.743491774985087783e-01 6.700000000000000400e-01 1.025885475503897304e+00 2.501149247898261721e-02
5.000000000000000000e+00 6.155722066724486075e-01 6.700000000000000400e-01 1.041074104497523800e+00 4.144596075066326463e-02
5.000000000000000000e+00 6.597539553864367745e-01 6.700000000000000400e-01 1.057506699892384328e+00 5.619647537599053999e-02
5.000000000000000000e+00 7.071067811865362485e-01 6.700000000000000400e-01 1.073243926788810310e+00 6.317253925513519053e-02
5.000000000000000000e+00 7.578582832551866710e-01 6.700000000000000400e-01 1.088152125219720823e+00 6.757424699233476051e-02
5.000000000000000000e+00 8.122523963562221505e-01 6.700000000000000400e-01 1.106886968305621499e+00 8.060035827801659281e-02
5.000000000000000000e+00 8.705505632961095808e-01 6.700000000000000400e-01 1.127086854832743290e+00 9.513707209505656293e-02
5.000000000000000000e+00 9.330329915367915339e-01 6.700000000000000400e-01 1.143408163055032123e+00 1.117243167168462115e-01
5.000000000000000000e+00 9.999999999999827915e-01 6.700000000000000400e-01 1.156563189045113793e+00 1.248017054830744266e-01
5.000000000000000000e+00 1.071773462536274479e+00 6.700000000000000400e-01 1.171398512960248217e+00 1.397408712858571322e-01
5.000000000000000000e+00 1.148698354997014670e+00 6.700000000000000400e-01 1.180615375692503299e+00 1.486948335728799919e-01
5.000000000000000000e+00 1.231144413344894106e+00 6.700000000000000400e-01 1.177248489072006965e+00 1.386813656789671612e-01
5.000000000000000000e+00 1.319507910772870218e+00 6.700000000000000400e-01 1.164834479015560920e+00 1.161520128242500838e-01
5.000000000000000000e+00 1.414213562373068944e+00 6.700000000000000400e-01 1.155598090737143702e+00 9.576195344164684098e-02
5.000000000000000000e+00 1.515716566510369789e+00 6.700000000000000400e-01 1.151295921777297115e+00 8.553524890284458504e-02
5.000000000000000000e+00 1.624504792712440304e+00 6.700000000000000400e-01 1.152533743362837981e+00 1.002352910742654313e-01
5.000000000000000000e+00 1.741101126592214943e+00 6.700000000000000400e-01 1.155251189024607106e+00 1.127656874922268460e-01
5.000000000000000000e+00 1.866065983073578627e+00 6.700000000000000400e-01 1.170631946939559409e+00 1.356251437981133012e-01
5.000000000000000000e+00 1.999999999999960698e+00 6.700000000000000400e-01 1.167132425249761685e+00 1.256927700985899510e-01
5.000000000000000000e+00 2.143546925072543630e+00 6.700000000000000400e-01 1.160109218906953732e+00 1.055512816362695061e-01
5.000000000000000000e+00 2.297396709994023567e+00 6.700000000000000400e-01 1.176947056382635193e+00 1.248958642265346058e-01
5.000000000000000000e+00 2.462288826689782439e+00 6.700000000000000400e-01 1.184217095155748023e+00 1.522316972348449760e-01
5.000000000000000000e+00 2.639015821545733775e+00 6.700000000000000400e-01 1.186228490366094457e+00 1.515060459049298869e-01
5.000000000000000000e+00 2.828427124746130783e+00 6.700000000000000400e-01 1.180752969538052088e+00 1.390418786900651238e-01
5.000000000000000000e+00 3.031433133020732029e+00 6.700000000000000400e-01 1.170643128412060641e+00 1.251412622876182656e-01
5.000000000000000000e+00 3.249009585424872615e+00 6.700000000000000400e-01 1.201062781894338904e+00 2.073760413493018484e-01
5.000000000000000000e+00 3.482202253184421004e+00 6.700000000000000400e-01 1.189836634550315964e+00 1.849133124049428534e-01
5.000000000000000000e+00 3.732131966147147928e+00 6.700000000000000400e-01 1.148355923254185562e+00 9.021934421285254802e-02
5.000000000000000000e+00 3.999999999999911182e+00 6.700000000000000400e-01 1.122211674245315871e+00 4.415180013235152356e-02
5.000000000000000000e+00 4.287093850145076601e+00 6.700000000000000400e-01 1.148046532794600116e+00 1.228850493570757541e-01
5.000000000000000000e+00 4.594793419988035588e+00 6.700000000000000400e-01 1.136375232552171655e+00 5.843771396107070443e-02
5.000000000000000000e+00 4.924577653379552444e+00 6.700000000000000400e-01 1.156505298365620771e+00 6.302431293776177001e-02
5.000000000000000000e+00 5.278031643091455116e+00 6.700000000000000400e-01 1.142969727709816752e+00 1.127294771261975609e-01
5.000000000000000000e+00 5.656854249492248243e+00 6.700000000000000400e-01 1.126076580388726267e+00 7.397502644440304143e-02
5.000000000000000000e+00 6.062866266041448959e+00 6.700000000000000400e-01 1.157948996871358993e+00 7.157212146650798745e-02
5.000000000000000000e+00 6.498019170849729242e+00 6.700000000000000400e-01 1.142987240890543044e+00 6.224600556739318807e-02
5.000000000000000000e+00 6.964404506368825132e+00 6.700000000000000400e-01 1.133213297775311768e+00 5.461543195439594323e-02
5.000000000000000000e+00 7.464263932294277204e+00 6.700000000000000400e-01 1.156447939500094835e+00 5.549278827685176496e-02
5.000000000000000000e+00 7.999999999999802824e+00 6.700000000000000400e-01 1.135395350606796638e+00 5.862565744646495991e-02
5.000000000000000000e+00 8.574187700290131886e+00 6.700000000000000400e-01 1.156910586459603874e+00 9.667225622928374285e-02
5.000000000000000000e+00 9.189586839976049859e+00 6.700000000000000400e-01 1.144483331735475007e+00 7.595032869593824898e-02
5.000000000000000000e+00 9.849155306759080020e+00 6.700000000000000400e-01 1.186618652079645564e+00 1.038439510570411117e-01
5.000000000000000000e+00 1.055606328618288359e+01 6.700000000000000400e-01 1.215956039305270409e+00 1.242054952185448896e-01
5.000000000000000000e+00 1.131370849898446806e+01 6.700000000000000400e-01 1.173624005594264386e+00 9.929510838914276660e-02
5.000000000000000000e+00 1.212573253208286772e+01 6.700000000000000400e-01 1.158501481275512557e+00 5.988039253168904452e-02
5.000000000000000000e+00 1.299603834169942651e+01 6.700000000000000400e-01 1.189565314219768410e+00 9.983202682599594258e-02
5.000000000000000000e+00 1.392880901273761651e+01 6.700000000000000400e-01 1.162510097397615016e+00 1.051675042102544755e-01
5.000000000000000000e+00 1.492852786458851710e+01 6.700000000000000400e-01 1.144636569871403164e+00 8.100997550372059097e-02
5.000000000000000000e+00 1.599999999999956657e+01 6.700000000000000400e-01 1.173663668094909962e+00 1.509827390099586775e-01
5.000000000000000000e+00 1.714837540058022114e+01 6.700000000000000400e-01 1.154902513982430268e+00 8.694348747710738123e-02
5.000000000000000000e+00 1.837917367995205353e+01 6.700000000000000400e-01 1.181534240573671957e+00 8.430862876500977432e-02
5.000000000000000000e+00 1.969831061351811385e+01 6.700000000000000400e-01 1.152498051582437455e+00 1.135529096109208214e-01
5.000000000000000000e+00 2.111212657236571388e+01 6.700000000000000400e-01 1.151273482001088144e+00 7.495709189313717880e-02
5.000000000000000000e+00 2.262741699796887929e+01 6.700000000000000400e-01 1.129158469400023623e+00 5.210043384314977377e-02
5.000000000000000000e+00 2.425146506416567505e+01 6.700000000000000400e-01 1.134595530383092798e+00 4.685842898567157966e-02
5.000000000000000000e+00 2.599207668339878907e+01 6.700000000000000400e-01 1.194797975588687722e+00 1.464885938455202097e-01
5.000000000000000000e+00 2.785761802547516197e+01 6.700000000000000400e-01 1.164721246200973948e+00 1.160066810560859002e-01
5.000000000000000000e+00 2.985705572917696315e+01 6.700000000000000400e-01 1.153056441955601752e+00 6.519543101618199832e-02
5.000000000000000000e+00 3.199999999999905498e+01 6.700000000000000400e-01 1.153349379049477985e+00 8.680348795466255596e-02
