5.000000000000000000e+00 7.812500000000000000e-03 7.600000000000000089e-01 5.149146215233578516e+00 1.245247249755593311e+00
5.000000000000000000e+00 8.373230176064788352e-03 7.600000000000000089e-01 5.315106102202807214e+00 1.067550404647156892e+00
5.000000000000000000e+00 8.974205898414331500e-03 7.600000000000000089e-01 4.900424417405751853e+00 1.169306171677210182e+00
5.000000000000000000e+00 9.618315729257151739e-03 7.600000000000000089e-01 4.736513207187202035e+00 1.077563459530495704e+00
5.000000000000000000e+00 1.030865555291322552e-02 7.600000000000000089e-01 4.222303429968441435e+00 1.434495031703900247e+00
5.000000000000000000e+00 1.104854345603979195e-02 7.600000000000000089e-01 4.001638891370566498e+00 1.179581444935457357e+00
5.000000000000000000e+00 1.184153567586246694e-02 7.600000000000000089e-01 3.675762876718616123e+00 1.265930286370968272e+00
5.000000000000000000e+00 1.269144369306615845e-02 7.600000000000000089e-01 3.229841087882021178e+00 1.196619303367913778e+00
5.000000000000000000e+00 1.360235255150191343e-02 7.600000000000000089e-01 2.994161365694768762e+00 1.083781035721172126e+00
5.000000000000000000e+00 1.457864049276258282e-02 7.600000000000000089e-01 2.743254979221062317e+00 1.037138268782405337e+00
5.000000000000000000e+00 1.562499999999996184e-02 7.600000000000000089e-01 2.488882502522833384e+00 9.493848958245185710e-01
5.000000000000000000e+00 1.674646035212953507e-02 7.600000000000000089e-01 2.324585846414203960e+00 9.463058411007007065e-01
5.000000000000000000e+00 1.794841179682861790e-02 7.600000000000000089e-01 2.099888720950382925e+00 8.588229503178915758e-01
5.000000000000000000e+00 1.923663145851425491e-02 7.600000000000000089e-01 1.973010873874460058e+00 8.656825490892073871e-01
5.000000000000000000e+00 2.061731110582640247e-02 7.600000000000000089e-01 1.833557373456469630e+00 7.903589843570123508e-01
5.000000000000000000e+00 2.209708691207952838e-02 7.600000000000000089e-01 1.755740068134559406e+00 8.698709872166928703e-01
5.000000000000000000e+00 2.368307135172487837e-02 7.600000000000000089e-01 1.645471044638313618e+00 8.079631716711760392e-01
5.000000000000000000e+00 2.538288738613225445e-02 7.600000000000000089e-01 1.542431088918646553e+00 7.484703957020464316e-01
5.000000000000000000e+00 2.720470510300375747e-02 7.600000000000000089e-01 1.467596484442092120e+00 7.127377904585390223e-01
5.000000000000000000e+00 2.915728098552509626e-02 7.600000000000000089e-01 1.398307765999734498e+00 6.755987592347941773e-01
5.000000000000000000e+00 3.124999999999984734e-02 7.600000000000000089e-01 1.320161952458899002e+00 5.890150498686503866e-01
5.000000000000000000e+00 3.349292070425898687e-02 7.600000000000000089e-01 1.283124048407890294e+00 5.892385636009952465e-01
5.000000000000000000e+00 3.589682359365715253e-02 7.600000000000000089e-01 1.218640139740923001e+00 4.771733227820575407e-01
5.000000000000000000e+00 3.847326291702841267e-02 7.600000000000000089e-01 1.172379936575930426e+00 3.995316751187749649e-01
5.000000000000000000e+00 4.123462221165270086e-02 7.600000000000000089e-01 1.135327140186258799e+00 3.298348202095068848e-01
5.000000000000000000e+00 4.419417382415894574e-02 7.600000000000000089e-01 1.106266747140817852e+00 2.706580223888239711e-01
5.000000000000000000e+00 4.736614270344963878e-02 7.600000000000000089e-01 1.084096742774022903e+00 2.216653201170690479e-01
5.000000000000000000e+00 5.076577477226438401e-02 7.600000000000000089e-01 1.068480060544066967e+00 1.854335780719732762e-01
5.000000000000000000e+00 5.440941020600738309e-02 7.600000000000000089e-01 1.057261677973618585e+00 1.577197820386236626e-01
5.000000000000000000e+00 5.831456197105004680e-02 7.600000000000000089e-01 1.047897560757772961e+00 1.329273426069706443e-01
5.000000000000000000e+00 6.249999999999953509e-02 7.600000000000000089e-01 1.041327710363302961e+00 1.149672739650141190e-01
5.000000000000000000e+00 6.698584140851780722e-02 7.600000000000000089e-01 1.035588722880107504e+00 9.868631771307723177e-02
5.000000000000000000e+00 7.179364718731412465e-02 7.600000000000000089e-01 1.031509430110209902e+00 8.697311268905842663e-02
5.000000000000000000e+00 7.694652583405664492e-02 7.600000000000000089e-01 1.027213752789049694e+00 7.442291558148056430e-02
5.000000000000000000e+00 8.246924442330520744e-02 7.600000000000000089e-01 1.023375664033959742e+00 6.315444869809355710e-02
5.000000000000000000e+00 8.838834764831768331e-02 7.600000000000000089e-01 1.019737656270448101e+00 5.244216040722105010e-02
5.000000000000000000e+00 9.473228540689904165e-02 7.600000000000000089e-01 1.016668694668254380e+00 4.340831892490793625e-02
5.000000000000000000e+00 1.015315495445285182e-01 7.600000000000000089e-01 1.013818395291469887e+00 3.501066413753962242e-02
5.000000000000000000e+00 1.088188204120145025e-01 7.600000000000000089e-01 1.011520576067162613e+00 2.825629765163321233e-02
5.000000000000000000e+00 1.166291239420998022e-01 7.600000000000000089e-01 1.009650122136626749e+00 2.277653414114899633e-02
5.000000000000000000e+00 1.249999999999987649e-01 7.600000000000000089e-01 1.008187168079138996e+00 1.851792506072547084e-02
5.000000000000000000e+00 1.339716828170352814e-01 7.600000000000000089e-01 1.007085507870959518e+00 1.534734599539410750e-02
5.000000000000000000e+00 1.435872943746278885e-01 7.600000000000000089e-01 1.006212990592392220e+00 1.287309870440950244e-02
5.000000000000000000e+00 1.538930516681129013e-01 7.600000000000000089e-01 1.005552900577532327e+00 1.104771755900905636e-02
5.000000000000000000e+00 1.649384888466099985e-01 7.600000000000000089e-01 1.004874351977601332e+00 9.182971329441246694e-03
5.000000000000000000e+00 1.767766952966349225e-01 7.600000000000000089e-01 1.004141360256352700e+00 7.174077881414462309e-03
5.000000000000000000e+00 1.894645708137976114e-01 7.600000000000000089e-01 1.003410427748201883e+00 5.193632048373502362e-03
5.000000000000000000e+00 2.030630990890565368e-01 7.600000000000000089e-01 1.002826239206977110e+00 3.674155589743179334e-03
5.000000000000000000e+00 2.176376408240284499e-01 7.600000000000000089e-01 1.002447254261140674e+00 2.780227120306560419e-03
5.000000000000000000e+00 2.332582478841990492e-01 7.600000000000000089e-01 1.002162971198885755e+00 2.175833822977693652e-03
5.000000000000000000e+00 2.499999999999969191e-01 7.600000000000000089e-01 1.001894407080182736e+00 1.625061524878579312e-03
5.000000000000000000e+00 2.679433656340699521e-01 7.600000000000000089e-01 1.001665293749357089e+00 1.183346014805872291e-03
5.000000000000000000e+00 2.871745887492550553e-01 7.600000000000000089e-01 1.001537037636914818e+00 9.767472518404617110e-04
5.000000000000000000e+00 3.077861033362250809e-01 7.600000000000000089e-01 1.001499250751983983e+00 9.279642529818778315e-04
5.000000000000000000e+00 3.298769776932191644e-01 7.600000000000000089e-01 1.001520416402868152e+00 9.083121722736560476e-04
5.000000000000000000e+00 3.535533905932689569e-01 7.600000000000000089e-01 1.001640810872001630e+00 9.338662028553032946e-04
5.000000000000000000e+00 3.789291416275942792e-01 7.600000000000000089e-01 1.001915762143496202e+00 1.004745147939822532e-03
5.000000000000000000e+00 4.061261981781120745e-01 7.600000000000000089e-01 1.002441633261747622e+00 1.152448340683079331e-03
5.000000000000000000e+00 4.352752816480558451e-01 7.600000000000000089e-01 1.003424839859872408e+00 1.660722772947894384e-03
5.000000000000000000e+00 4.665164957683969327e-01 7.600000000000000089e-01 1.005260347748353045e+00 3.097009418262845759e-03
5.000000000000000000e+00 4.999999999999926170e-01 7.600000000000000089e-01 1.008686610618570345e+00 6.318478128099916727e-03
5.000000000000000000e+00 5.358867312681385719e-01 7.600000000000000089e-01 1.015043166466717883e+00 1.288932559882989375e-02
5.000000000000000000e+00 5.743491774985087783e-01 7.600000000000000089e-01 1.025850937525369488e+00 2.475487256070917075e-02
5.000000000000000000e+00 6.155722066724486075e-01 7.600000000000000089e-01 1.040943923396348669e+00 4.117311271231212377e-02
5.000000000000000000e+00 6.597539553864367745e-01 7.600000000000000089e-01 1.057296588597603781e+00 5.591299603409478208e-02
5.000000000000000000e+00 7.071067811865362485e-01 7.600000000000000089e-01 1.072964465459817163e+00 6.285174730577076929e-02
5.000000000000000000e+00 7.578582832551866710e-01 7.600000000000000089e-01 1.087806889771959717e+00 6.716127221914530709e-02
5.000000000000000000e+00 8.122523963562221505e-01 7.600000000000000089e-01 1.106441103553454042e+00 8.001322246811397310e-02
5.000000000000000000e+00 8.705505632961095808e-01 7.600000000000000089e-01 1.126482758258554151e+00 9.425260606041636902e-02
5.000000000000000000e+00 9.330329915367915339e-01 7.600000000000000089e-01 1.142608396292163153e+00 1.105150635053837455e-01
5.000000000000000000e+00 9.999999999999827915e-01 7.600000000000000089e-01 1.155537393578746963e+00 1.232798682926248973e-01
5.000000000000000000e+00 1.071773462536274479e+00 7.600000000000000089e-01 1.170224961293818922e+00 1.380987813267182396e-01
5.000000000000000000e+00 1.148698354997014670e+00 7.600000000000000089e-01 1.179351560720901526e+00 1.470867103336000736e-01
5.000000000000000000e+00 1.231144413344894106e+00 7.600000000000000089e-01 1.175966689713233260e+00 1.374095831229370235e-01
5.000000000000000000e+00 1.319507910772870218e+00 7.600000000000000089e-01 1.163514456830106791e+00 1.153585470442249072e-01
5.000000000000000000e+00 1.414213562373068944e+00 7.600000000000000089e-01 1.154071314043473961e+00 9.523530608508135042e-02
5.000000000000000000e+00 1.515716566510369789e+00 7.600000000000000089e-01 1.149619614556160796e+00 8.494768076377366695e-02
5.000000000000000000e+00 1.624504792712440304e+00 7.600000000000000089e-01 1.150911809782460438e+00 9.942426089755780627e-02
5.000000000000000000e+00 1.741101126592214943e+00 7.600000000000000089e-01 1.153628273026646500e+00 1.116700276061913105e-01
5.000000000000000000e+00 1.866065983073578627e+00 7.600000000000000089e-01 1.168789282227490345e+00 1.341089599475558947e-01
5.000000000000000000e+00 1.999999999999960698e+00 7.600000000000000089e-01 1.165472579453105784e+00 1.244097386820608719e-01
5.000000000000000000e+00 2.143546925072543630e+00 7.600000000000000089e-01 1.158760032638815218e+00 1.043774726040677392e-01
5.000000000000000000e+00 2.297396709994023567e+00 7.600000000000000089e-01 1.175612542807604743e+00 1.237541043410543135e-01
5.000000000000000000e+00 2.462288826689782439e+00 7.600000000000000089e-01 1.182825646187732671e+00 1.508735590062537935e-01
5.000000000000000000e+00 2.639015821545733775e+00 7.600000000000000089e-01 1.184610609394316061e+00 1.496397576585234146e-01
5.000000000000000000e+00 2.828427124746130783e+00 7.600000000000000089e-01 1.178687469602451632e+00 1.372404615728335664e-01
5.000000000000000000e+00 3.031433133020732029e+00 7.600000000000000089e-01 1.168502289327825183e+00 1.233968802978341328e-01
5.000000000000000000e+00 3.249009585424872615e+00 7.600000000000000089e-01 1.199098654929921626e+00 2.055681647093487163e-01
5.000000000000000000e+00 3.482202253184421004e+00 7.600000000000000089e-01 1.187969771584942880e+00 1.834789528571644512e-01
5.000000000000000000e+00 3.732131966147147928e+00 7.600000000000000089e-01 1.147169955233402483e+00 8.975845511580801683e-02
5.000000000000000000e+00 3.999999999999911182e+00 7.600000000000000089e-01 1.120925475203628618e+00 4.380041033880616164e-02
5.000000000000000000e+00 4.287093850145076601e+00 7.600000000000000089e-01 1.146209999965124293e+00 1.212949529931261899e-01
5.000000000000000000e+00 4.594793419988035588e+00 7.600000000000000089e-01 1.134933535515417535e+00 5.780970403140662378e-02
5.000000000000000000e+00 4.924577653379552444e+00 7.600000000000000089e-01 1.154749291917864351e+00 6.195116639410036541e-02
5.000000000000000000e+00 5.278031643091455116e+00 7.600000000000000089e-01 1.141562768297354147e+00 1.115346319385075585e-01
5.000000000000000000e+00 5.656854249492248243e+00 7.600000000000000089e-01 1.124374115625379478e+00 7.269566059332506491e-02
5.000000000000000000e+00 6.062866266041448959e+00 7.600000000000000089e-01 1.155865896124171455e+00 7.070136170207390325e-02
5.000000000000000000e+00 6.498019170849729242e+00 7.600000000000000089e-01 1.141360673682576987e+00 6.159756937033425417e-02
5.000000000000000000e+00 6.964404506368825132e+00 7.600000000000000089e-01 1.131805594917073110e+00 5.387155503288822839e-02
5.000000000000000000e+00 7.464263932294277204e+00 7.600000000000000089e-01 1.154972157211857864e+00 5.474476410751836358e-02
5.000000000000000000e+00 7.999999999999802824e+00 7.600000000000000089e-01 1.133850476165272791e+00 5.791794238003833417e-02
5.000000000000000000e+00 8.574187700290131886e+00 7.600000000000000089e-01 1.155065933846775916e+00 9.495998212910589098e-02
5.000000000000000000e+00 9.189586839976049859e+00 7.600000000000000089e-01 1.142862018703861171e+00 7.517231268294193025e-02
5.000000000000000000e+00 9.849155306759080020e+00 7.600000000000000089e-01 1.184568095971599178e+00 1.026577190408060475e-01
5.000000000000000000e+00 1.055606328618288359e+01 7.600000000000000089e-01 1.213916768553306991e+00 1.232883783871381034e-01
5.000000000000000000e+00 1.131370849898446806e+01 7.600000000000000089e-01 1.172004129559484964e+00 9.847472437661621003e-02
5.000000000000000000e+00 1.212573253208286772e+01 7.600000000000000089e-01 1.157154061758180585e+00 5.931447454508397693e-02
5.000000000000000000e+00 1.299603834169942651e+01 7.600000000000000089e-01 1.187385229476052739e+00 9.856012455922814886e-02
5.000000000000000000e+00 1.392880901273761651e+01 7.600000000000000089e-01 1.160848512000386190e+00 1.042381996488521007e-01
5.000000000000000000e+00 1.492852786458851710e+01 7.600000000000000089e-01 1.143027229937907618e+00 8.050320989678780292e-02
5.000000000000000000e+00 1.599999999999956657e+01 7.600000000000000089e-01 1.171792639987551343e+00 1.493722444120914317e-01
5.000000000000000000e+00 1.714837540058022114e+01 7.600000000000000089e-01 1.153371468789412990e+00 8.616375439178326767e-02
5.000000000000000000e+00 1.837917367995205353e+01 7.600000000000000089e-01 1.180005708636333361e+00 8.356258947682686233e-02
5.000000000000000000e+00 1.969831061351811385e+01 7.600000000000000089e-01 1.150950589573366045e+00 1.126846988864627502e-01
5.000000000000000000e+00 2.111212657236571388e+01 7.600000000000000089e-01 1.149696895552287046e+00 7.436138960922109020e-02
5.000000000000000000e+00 2.262741699796887929e+01 7.600000000000000089e-01 1.127762783380913847e+00 5.183362560326364860e-02
5.000000000000000000e+00 2.425146506416567505e+01 7.600000000000000089e-01 1.133390257535308754e+00 4.662761249869777636e-02
5.000000000000000000e+00 2.599207668339878907e+01 7.600000000000000089e-01 1.193376872906933617e+00 1.452113888733186642e-01
5.000000000000000000e+00 2.785761802547516197e+01 7.600000000000000089e-01 1.163403143390555172e+00 1.152559864075518303e-01
5.000000000000000000e+00 2.985705572917696315e+01 7.600000000000000089e-01 1.151701626273594847e+00 6.429609467777405718e-02
5.000000000000000000e+00 3.199999999999905498e+01 7.600000000000000089e-01 1.151800446538236766e+00 8.626371848760337746e-02
