5.000000000000000000e+00 7.812500000000000000e-03 4.799999999999999822e-01 3.084138350248991856e+00 9.738728733991122155e-01
5.000000000000000000e+00 8.373230176064788352e-03 4.799999999999999822e-01 2.819509242496042845e+00 9.141603949311930544e-01
5.000000000000000000e+00 8.974205898414331500e-03 4.799999999999999822e-01 2.620644346132133151e+00 8.335199862543438698e-01
5.000000000000000000e+00 9.618315729257151739e-03 4.799999999999999822e-01 2.403201979180417336e+00 8.069874516632481454e-01
5.000000000000000000e+00 1.030865555291322552e-02 4.799999999999999822e-01 2.187207100870982579e+00 6.670578765121896181e-01
5.000000000000000000e+00 1.104854345603979195e-02 4.799999999999999822e-01 2.059597815480761263e+00 6.529661380763962519e-01
5.000000000000000000e+00 1.184153567586246694e-02 4.799999999999999822e-01 1.880970736762100914e+00 5.996842907546428014e-01
5.000000000000000000e+00 1.269144369306615845e-02 4.799999999999999822e-01 1.697025644060783822e+00 5.007131484082378847e-01
5.000000000000000000e+00 1.360235255150191343e-02 4.799999999999999822e-01 1.626205264072066115e+00 4.732388007446316491e-01
5.000000000000000000e+00 1.457864049276258282e-02 4.799999999999999822e-01 1.533461737279876003e+00 4.538818610831216738e-01
5.000000000000000000e+00 1.562499999999996184e-02 4.799999999999999822e-01 1.458735792162982214e+00 4.255951054513085752e-01
5.000000000000000000e+00 1.674646035212953507e-02 4.799999999999999822e-01 1.406432927753840545e+00 4.407123387163580652e-01
5.000000000000000000e+00 1.794841179682861790e-02 4.799999999999999822e-01 1.331835904980614549e+00 3.729593613021372489e-01
5.000000000000000000e+00 1.923663145851425491e-02 4.799999999999999822e-01 1.267656422319779486e+00 3.064985956999575212e-01
5.000000000000000000e+00 2.061731110582640247e-02 4.799999999999999822e-01 1.242387513155117196e+00 3.118044284832334201e-01
5.000000000000000000e+00 2.209708691207952838e-02 4.799999999999999822e-01 1.214935425434375160e+00 3.146006001181318457e-01
5.000000000000000000e+00 2.368307135172487837e-02 4.799999999999999822e-01 1.170180646702861038e+00 2.511420519763465364e-01
5.000000000000000000e+00 2.538288738613225445e-02 4.799999999999999822e-01 1.135431803032950437e+00 2.098168726974636855e-01
5.000000000000000000e+00 2.720470510300375747e-02 4.799999999999999822e-01 1.116832721562137865e+00 1.980276744424630253e-01
5.000000000000000000e+00 2.915728098552509626e-02 4.799999999999999822e-01 1.095736026498633331e+00 1.741811967670425787e-01
5.000000000000000000e+00 3.124999999999984734e-02 4.799999999999999822e-01 1.072187186238980239e+00 1.360675526956179882e-01
5.000000000000000000e+00 3.349292070425898687e-02 4.799999999999999822e-01 1.063094114081639896e+00 1.329208530059838023e-01
5.000000000000000000e+00 3.589682359365715253e-02 4.799999999999999822e-01 1.047398680281139693e+00 1.031036528889187343e-01
5.000000000000000000e+00 3.847326291702841267e-02 4.799999999999999822e-01 1.036901711007029103e+00 8.445743253711485155e-02
5.000000000000000000e+00 4.123462221165270086e-02 4.799999999999999822e-01 1.028754416242708913e+00 6.878775926407544594e-02
5.000000000000000000e+00 4.419417382415894574e-02 4.799999999999999822e-01 1.022565921551020773e+00 5.616977111215611107e-02
5.000000000000000000e+00 4.736614270344963878e-02 4.799999999999999822e-01 1.018008115014080506e+00 4.620141957762576024e-02
5.000000000000000000e+00 5.076577477226438401e-02 4.799999999999999822e-01 1.014769197720088112e+00 3.874712416255299968e-02
5.000000000000000000e+00 5.440941020600738309e-02 4.799999999999999822e-01 1.012462213346509099e+00 3.309696378166925718e-02
5.000000000000000000e+00 5.831456197105004680e-02 4.799999999999999822e-01 1.010509635381626525e+00 2.794786172613615907e-02
5.000000000000000000e+00 6.249999999999953509e-02 4.799999999999999822e-01 1.009149505257215029e+00 2.424671702339495707e-02
5.000000000000000000e+00 6.698584140851780722e-02 4.799999999999999822e-01 1.007940337304520595e+00 2.082619900119415945e-02
5.000000000000000000e+00 7.179364718731412465e-02 4.799999999999999822e-01 1.007070382333578706e+00 1.833662665817807624e-02
5.000000000000000000e+00 7.694652583405664492e-02 4.799999999999999822e-01 1.006162887582008114e+00 1.569548994496737515e-02
5.000000000000000000e+00 8.246924442330520744e-02 4.799999999999999822e-01 1.005347329941484125e+00 1.331202825396244661e-02
5.000000000000000000e+00 8.838834764831768331e-02 4.799999999999999822e-01 1.004586363276998018e+00 1.108442414233933027e-02
5.000000000000000000e+00 9.473228540689904165e-02 4.799999999999999822e-01 1.003931561833306896e+00 9.170836184284505976e-03
5.000000000000000000e+00 1.015315495445285182e-01 4.799999999999999822e-01 1.003331909904690233e+00 7.420431476527922059e-03
5.000000000000000000e+00 1.088188204120145025e-01 4.799999999999999822e-01 1.002841975409026309e+00 5.998229698796079049e-03
5.000000000000000000e+00 1.166291239420998022e-01 4.799999999999999822e-01 1.002437444875702521e+00 4.832967918436738633e-03
5.000000000000000000e+00 1.249999999999987649e-01 4.799999999999999822e-01 1.002120589870875600e+00 3.932807913628385589e-03
5.000000000000000000e+00 1.339716828170352814e-01 4.799999999999999822e-01 1.001877340997681332e+00 3.256677556857769020e-03
5.000000000000000000e+00 1.435872943746278885e-01 4.799999999999999822e-01 1.001683475641434118e+00 2.732945535227065004e-03
5.000000000000000000e+00 1.538930516681129013e-01 4.799999999999999822e-01 1.001531515433563113e+00 2.339449072385407086e-03
5.000000000000000000e+00 1.649384888466099985e-01 4.799999999999999822e-01 1.001375714304933329e+00 1.940812517106079403e-03
5.000000000000000000e+00 1.767766952966349225e-01 4.799999999999999822e-01 1.001208151597027030e+00 1.514641083079436073e-03
5.000000000000000000e+00 1.894645708137976114e-01 4.799999999999999822e-01 1.001040643422956844e+00 1.097727867139529833e-03
5.000000000000000000e+00 2.030630990890565368e-01 4.799999999999999822e-01 1.000904459209897901e+00 7.816248501572727828e-04
5.000000000000000000e+00 2.176376408240284499e-01 4.799999999999999822e-01 1.000813303161135259e+00 5.974965580573080330e-04
5.000000000000000000e+00 2.332582478841990492e-01 4.799999999999999822e-01 1.000744913816510318e+00 4.730906688138064868e-04
5.000000000000000000e+00 2.499999999999969191e-01 4.799999999999999822e-01 1.000684558000715096e+00 3.620734768595932360e-04
5.000000000000000000e+00 2.679433656340699521e-01 4.799999999999999822e-01 1.000641012068849811e+00 2.736995806820304781e-04
5.000000000000000000e+00 2.871745887492550553e-01 4.799999999999999822e-01 1.000633092589623407e+00 2.182323348638330672e-04
5.000000000000000000e+00 3.077861033362250809e-01 4.799999999999999822e-01 1.000668656852138350e+00 1.783015709416192448e-04
5.000000000000000000e+00 3.298769776932191644e-01 4.799999999999999822e-01 1.000757262832418837e+00 1.567234143806044795e-04
5.000000000000000000e+00 3.535533905932689569e-01 4.799999999999999822e-01 1.000937236358955262e+00 2.232711512305690941e-04
5.000000000000000000e+00 3.789291416275942792e-01 4.799999999999999822e-01 1.001270737193665550e+00 4.379557217719613348e-04
5.000000000000000000e+00 4.061261981781120745e-01 4.799999999999999822e-01 1.001871924596100305e+00 8.751880149671151634e-04
5.000000000000000000e+00 4.352752816480558451e-01 4.799999999999999822e-01 1.002958751710821161e+00 1.731543247466019349e-03
5.000000000000000000e+00 4.665164957683969327e-01 4.799999999999999822e-01 1.004938328413328197e+00 3.421504529439623344e-03
5.000000000000000000e+00 4.999999999999926170e-01 4.799999999999999822e-01 1.008558359983807495e+00 6.793227113233485728e-03
5.000000000000000000e+00 5.358867312681385719e-01 4.799999999999999822e-01 1.015163379480859218e+00 1.348138502427221642e-02
5.000000000000000000e+00 5.743491774985087783e-01 4.799999999999999822e-01 1.026271740432535884e+00 2.546838321717311351e-02
5.000000000000000000e+00 6.155722066724486075e-01 4.799999999999999822e-01 1.041696645445820302e+00 4.198920681062495719e-02
5.000000000000000000e+00 6.597539553864367745e-01 4.799999999999999822e-01 1.058347560259016440e+00 5.679635433863650107e-02
5.000000000000000000e+00 7.071067811865362485e-01 4.799999999999999822e-01 1.074291778784790541e+00 6.388748203884019039e-02
5.000000000000000000e+00 7.578582832551866710e-01 4.799999999999999822e-01 1.089431690725276791e+00 6.860577068262667388e-02
5.000000000000000000e+00 8.122523963562221505e-01 4.799999999999999822e-01 1.108509831963707226e+00 8.222470094254254180e-02
5.000000000000000000e+00 8.705505632961095808e-01 4.799999999999999822e-01 1.129212644144880207e+00 9.769068954142329231e-02
5.000000000000000000e+00 9.330329915367915339e-01 4.799999999999999822e-01 1.146172095251615231e+00 1.153653444856796023e-01
5.000000000000000000e+00 9.999999999999827915e-01 4.799999999999999822e-01 1.160075629105625783e+00 1.295444660600985898e-01
5.000000000000000000e+00 1.071773462536274479e+00 4.799999999999999822e-01 1.175343375844984495e+00 1.449097944988130549e-01
5.000000000000000000e+00 1.148698354997014670e+00 4.799999999999999822e-01 1.184726265890903019e+00 1.537518204080770834e-01
5.000000000000000000e+00 1.231144413344894106e+00 4.799999999999999822e-01 1.181276410030210666e+00 1.427533922470245187e-01
5.000000000000000000e+00 1.319507910772870218e+00 4.799999999999999822e-01 1.168820172818474834e+00 1.188095160292981650e-01
5.000000000000000000e+00 1.414213562373068944e+00 4.799999999999999822e-01 1.160021346752182492e+00 9.762295158993261612e-02
5.000000000000000000e+00 1.515716566510369789e+00 4.799999999999999822e-01 1.156153872604487320e+00 8.756143617336643870e-02
5.000000000000000000e+00 1.624504792712440304e+00 4.799999999999999822e-01 1.157375307958715904e+00 1.029569739746992590e-01
5.000000000000000000e+00 1.741101126592214943e+00 4.799999999999999822e-01 1.160209229805056586e+00 1.163139749553141339e-01
5.000000000000000000e+00 1.866065983073578627e+00 4.799999999999999822e-01 1.176204216314344464e+00 1.403340731950997178e-01
5.000000000000000000e+00 1.999999999999960698e+00 4.799999999999999822e-01 1.172115513966648814e+00 1.296132672699844557e-01
5.000000000000000000e+00 2.143546925072543630e+00 4.799999999999999822e-01 1.164212428726666415e+00 1.089729673647723135e-01
5.000000000000000000e+00 2.297396709994023567e+00 4.799999999999999822e-01 1.181072727009043755e+00 1.280985641127307673e-01
5.000000000000000000e+00 2.462288826689782439e+00 4.799999999999999822e-01 1.188699753979244322e+00 1.562768781859415201e-01
5.000000000000000000e+00 2.639015821545733775e+00 4.799999999999999822e-01 1.191512328224233030e+00 1.572489539797777280e-01
5.000000000000000000e+00 2.828427124746130783e+00 4.799999999999999822e-01 1.187316290125456586e+00 1.446778000885270976e-01
5.000000000000000000e+00 3.031433133020732029e+00 4.799999999999999822e-01 1.177427501920684572e+00 1.307007351416003271e-01
5.000000000000000000e+00 3.249009585424872615e+00 4.799999999999999822e-01 1.207401339391051431e+00 2.135931173705328256e-01
5.000000000000000000e+00 3.482202253184421004e+00 4.799999999999999822e-01 1.195660812726889954e+00 1.895011393875419003e-01
5.000000000000000000e+00 3.732131966147147928e+00 4.799999999999999822e-01 1.152119752586595158e+00 9.169726166895871000e-02
5.000000000000000000e+00 3.999999999999911182e+00 4.799999999999999822e-01 1.126144381387829574e+00 4.526745253162904603e-02
5.000000000000000000e+00 4.287093850145076601e+00 4.799999999999999822e-01 1.153745430868801103e+00 1.281026557573012314e-01
5.000000000000000000e+00 4.594793419988035588e+00 4.799999999999999822e-01 1.140855508788555017e+00 6.047744644820685772e-02
5.000000000000000000e+00 4.924577653379552444e+00 4.799999999999999822e-01 1.162085444196142348e+00 6.635558337685346086e-02
5.000000000000000000e+00 5.278031643091455116e+00 4.799999999999999822e-01 1.147449458828080138e+00 1.164087604624046562e-01
5.000000000000000000e+00 5.656854249492248243e+00 4.799999999999999822e-01 1.131114052535806325e+00 7.779236723869523140e-02
5.000000000000000000e+00 6.062866266041448959e+00 4.799999999999999822e-01 1.164329243095268085e+00 7.436462261581612554e-02
5.000000000000000000e+00 6.498019170849729242e+00 4.799999999999999822e-01 1.148100827394449741e+00 6.401765843398114775e-02
5.000000000000000000e+00 6.964404506368825132e+00 4.799999999999999822e-01 1.137695420514118094e+00 5.710724093465807671e-02
5.000000000000000000e+00 7.464263932294277204e+00 4.799999999999999822e-01 1.161022300126766549e+00 5.799249806219318459e-02
5.000000000000000000e+00 7.999999999999802824e+00 4.799999999999999822e-01 1.139938022220938318e+00 6.073239855018749273e-02
5.000000000000000000e+00 8.574187700290131886e+00 4.799999999999999822e-01 1.162532545358905711e+00 1.021117118540502827e-01
5.000000000000000000e+00 9.189586839976049859e+00 4.799999999999999822e-01 1.149445194411262694e+00 7.820411342535234234e-02
5.000000000000000000e+00 9.849155306759080020e+00 4.799999999999999822e-01 1.192957213088404966e+00 1.073939294938495853e-01
5.000000000000000000e+00 1.055606328618288359e+01 4.799999999999999822e-01 1.222449002086591685e+00 1.270825676199765497e-01
5.000000000000000000e+00 1.131370849898446806e+01 4.799999999999999822e-01 1.178703799063255175e+00 1.021687472166663835e-01
5.000000000000000000e+00 1.212573253208286772e+01 4.799999999999999822e-01 1.162806650714878653e+00 6.166561923319460042e-02
5.000000000000000000e+00 1.299603834169942651e+01 4.799999999999999822e-01 1.196057227792174160e+00 1.035215721211356077e-01
5.000000000000000000e+00 1.392880901273761651e+01 4.799999999999999822e-01 1.167455231235211333e+00 1.079993509959745607e-01
5.000000000000000000e+00 1.492852786458851710e+01 4.799999999999999822e-01 1.149600302459458545e+00 8.282655610253616962e-02
5.000000000000000000e+00 1.599999999999956657e+01 4.799999999999999822e-01 1.179565307247564032e+00 1.560447291736865305e-01
5.000000000000000000e+00 1.714837540058022114e+01 4.799999999999999822e-01 1.159707565841040289e+00 8.943967881017010624e-02
5.000000000000000000e+00 1.837917367995205353e+01 4.799999999999999822e-01 1.186352764333483911e+00 8.674113275497348508e-02
5.000000000000000000e+00 1.969831061351811385e+01 4.799999999999999822e-01 1.157325337304929036e+00 1.165783181136823693e-01
5.000000000000000000e+00 2.111212657236571388e+01 4.799999999999999822e-01 1.156363740879748692e+00 7.725026167361564999e-02
5.000000000000000000e+00 2.262741699796887929e+01 4.799999999999999822e-01 1.133574427540861462e+00 5.321884521250513228e-02
5.000000000000000000e+00 2.425146506416567505e+01 4.799999999999999822e-01 1.138483186246369794e+00 4.803566551007758950e-02
5.000000000000000000e+00 2.599207668339878907e+01 4.799999999999999822e-01 1.199586517463283153e+00 1.510781786412151440e-01
5.000000000000000000e+00 2.785761802547516197e+01 4.799999999999999822e-01 1.168887005162800197e+00 1.185848655939571172e-01
5.000000000000000000e+00 2.985705572917696315e+01 4.799999999999999822e-01 1.157415543865150331e+00 6.810368139803746335e-02
5.000000000000000000e+00 3.199999999999905498e+01 4.799999999999999822e-01 1.158082725586831341e+00 8.888269952883155745e-02
