5.000000000000000000e+00 7.812500000000000000e-03 1.900000000000000022e-01 1.880882280789045069e+00 4.401842328022078088e-01
5.000000000000000000e+00 8.373230176064788352e-03 1.900000000000000022e-01 1.741512754200912783e+00 3.900152860691213363e-01
5.000000000000000000e+00 8.974205898414331500e-03 1.900000000000000022e-01 1.658959700857072672e+00 3.435990918728818455e-01
5.000000000000000000e+00 9.618315729257151739e-03 1.900000000000000022e-01 1.568534650434670441e+00 3.355521549228275835e-01
5.000000000000000000e+00 1.030865555291322552e-02 1.900000000000000022e-01 1.485436150354836116e+00 2.732662667694701897e-01
5.000000000000000000e+00 1.104854345603979195e-02 1.900000000000000022e-01 1.432276425254274566e+00 2.765914013086662182e-01
5.000000000000000000e+00 1.184153567586246694e-02 1.900000000000000022e-01 1.357242647150079140e+00 2.493995005287081568e-01
5.000000000000000000e+00 1.269144369306615845e-02 1.900000000000000022e-01 1.285693331722587818e+00 2.122445804640932521e-01
5.000000000000000000e+00 1.360235255150191343e-02 1.900000000000000022e-01 1.256711731608290084e+00 2.000564801586129371e-01
5.000000000000000000e+00 1.457864049276258282e-02 1.900000000000000022e-01 1.217220312753374944e+00 1.877917222393690189e-01
5.000000000000000000e+00 1.562499999999996184e-02 1.900000000000000022e-01 1.189421558167595316e+00 1.816423939482634253e-01
5.000000000000000000e+00 1.674646035212953507e-02 1.900000000000000022e-01 1.166640396630123089e+00 1.839829725635614699e-01
5.000000000000000000e+00 1.794841179682861790e-02 1.900000000000000022e-01 1.136182229714994829e+00 1.554105313278146550e-01
5.000000000000000000e+00 1.923663145851425491e-02 1.900000000000000022e-01 1.108552380265107162e+00 1.240605272507635803e-01
5.000000000000000000e+00 2.061731110582640247e-02 1.900000000000000022e-01 1.099174092414989534e+00 1.285166123081878387e-01
5.000000000000000000e+00 2.209708691207952838e-02 1.900000000000000022e-01 1.087141022994074557e+00 1.274055060184265398e-01
5.000000000000000000e+00 2.368307135172487837e-02 1.900000000000000022e-01 1.068789646354455058e+00 1.011036402153289437e-01
5.000000000000000000e+00 2.538288738613225445e-02 1.900000000000000022e-01 1.054647936825538590e+00 8.433766540243388399e-02
5.000000000000000000e+00 2.720470510300375747e-02 1.900000000000000022e-01 1.047045328931191621e+00 7.946138168366699561e-02
5.000000000000000000e+00 2.915728098552509626e-02 1.900000000000000022e-01 1.038486564784498078e+00 6.987081818017146229e-02
5.000000000000000000e+00 3.124999999999984734e-02 1.900000000000000022e-01 1.028988120654891647e+00 5.462880501851563597e-02
5.000000000000000000e+00 3.349292070425898687e-02 1.900000000000000022e-01 1.025236361234933558e+00 5.327393428945826487e-02
5.000000000000000000e+00 3.589682359365715253e-02 1.900000000000000022e-01 1.018956265736784106e+00 4.150419931318006378e-02
5.000000000000000000e+00 3.847326291702841267e-02 1.900000000000000022e-01 1.014747585746111458e+00 3.413937466902012413e-02
5.000000000000000000e+00 4.123462221165270086e-02 1.900000000000000022e-01 1.011459299685704138e+00 2.787869988455321177e-02
5.000000000000000000e+00 4.419417382415894574e-02 1.900000000000000022e-01 1.008959761337886452e+00 2.282917282699374259e-02
5.000000000000000000e+00 4.736614270344963878e-02 1.900000000000000022e-01 1.007122257007927457e+00 1.883772549344772673e-02
5.000000000000000000e+00 5.076577477226438401e-02 1.900000000000000022e-01 1.005809538943467585e+00 1.582977440060330185e-02
5.000000000000000000e+00 5.440941020600738309e-02 1.900000000000000022e-01 1.004874832692397968e+00 1.354774922669772265e-02
5.000000000000000000e+00 5.831456197105004680e-02 1.900000000000000022e-01 1.004081319553649099e+00 1.145625716350823567e-02
5.000000000000000000e+00 6.249999999999953509e-02 1.900000000000000022e-01 1.003528834698192762e+00 9.952200413941689541e-03
5.000000000000000000e+00 6.698584140851780722e-02 1.900000000000000022e-01 1.003037044312758752e+00 8.558603147809965353e-03
5.000000000000000000e+00 7.179364718731412465e-02 1.900000000000000022e-01 1.002681614377052721e+00 7.537947456637578147e-03
5.000000000000000000e+00 7.694652583405664492e-02 1.900000000000000022e-01 1.002311924019767986e+00 6.457680179389308460e-03
5.000000000000000000e+00 8.246924442330520744e-02 1.900000000000000022e-01 1.001979056247269018e+00 5.479695909812739608e-03
5.000000000000000000e+00 8.838834764831768331e-02 1.900000000000000022e-01 1.001669781307198859e+00 4.568368800649764104e-03
5.000000000000000000e+00 9.473228540689904165e-02 1.900000000000000022e-01 1.001402938975692880e+00 3.781560205953336633e-03
5.000000000000000000e+00 1.015315495445285182e-01 1.900000000000000022e-01 1.001160154815129655e+00 3.064838867790804344e-03
5.000000000000000000e+00 1.088188204120145025e-01 1.900000000000000022e-01 1.000962096889212338e+00 2.480654635779128234e-03
5.000000000000000000e+00 1.166291239420998022e-01 1.900000000000000022e-01 1.000799253431959412e+00 2.000965860881803726e-03
5.000000000000000000e+00 1.249999999999987649e-01 1.900000000000000022e-01 1.000673357206221414e+00 1.631399824871865431e-03
5.000000000000000000e+00 1.339716828170352814e-01 1.900000000000000022e-01 1.000577896704165415e+00 1.352738047927593348e-03
5.000000000000000000e+00 1.435872943746278885e-01 1.900000000000000022e-01 1.000503594687250697e+00 1.137291831117784530e-03
5.000000000000000000e+00 1.538930516681129013e-01 1.900000000000000022e-01 1.000447098456371142e+00 9.748622894641132200e-04
5.000000000000000000e+00 1.649384888466099985e-01 1.900000000000000022e-01 1.000390009584184003e+00 8.099745214640136602e-04
5.000000000000000000e+00 1.767766952966349225e-01 1.900000000000000022e-01 1.000329317227530712e+00 6.328757228792270461e-04
5.000000000000000000e+00 1.894645708137976114e-01 1.900000000000000022e-01 1.000270241060157161e+00 4.578868865111776856e-04
5.000000000000000000e+00 2.030630990890565368e-01 1.900000000000000022e-01 1.000225935939996091e+00 3.223144097754792052e-04
5.000000000000000000e+00 2.176376408240284499e-01 1.900000000000000022e-01 1.000202841486872440e+00 2.415135483183020887e-04
5.000000000000000000e+00 2.332582478841990492e-01 1.900000000000000022e-01 1.000192792397087249e+00 1.853045030873187791e-04
5.000000000000000000e+00 2.499999999999969191e-01 1.900000000000000022e-01 1.000191467926393463e+00 1.323716761440746456e-04
5.000000000000000000e+00 2.679433656340699521e-01 1.900000000000000022e-01 1.000205286578160324e+00 8.939260778134627513e-05
5.000000000000000000e+00 2.871745887492550553e-01 1.900000000000000022e-01 1.000246313013327892e+00 7.820641441116109760e-05
5.000000000000000000e+00 3.077861033362250809e-01 1.900000000000000022e-01 1.000325583661043849e+00 1.062544621096800194e-04
5.000000000000000000e+00 3.298769776932191644e-01 1.900000000000000022e-01 1.000459753500990034e+00 1.769395325364861622e-04
5.000000000000000000e+00 3.535533905932689569e-01 1.900000000000000022e-01 1.000688118547830685e+00 3.118747677923071251e-04
5.000000000000000000e+00 3.789291416275942792e-01 1.900000000000000022e-01 1.001076471738223894e+00 5.609401622477624321e-04
5.000000000000000000e+00 4.061261981781120745e-01 1.900000000000000022e-01 1.001747183645843364e+00 1.026655384580366266e-03
5.000000000000000000e+00 4.352752816480558451e-01 1.900000000000000022e-01 1.002929308944514375e+00 1.921101321035792713e-03
5.000000000000000000e+00 4.665164957683969327e-01 1.900000000000000022e-01 1.005047746500165484e+00 3.674263306510388780e-03
5.000000000000000000e+00 4.999999999999926170e-01 1.900000000000000022e-01 1.008874862089129465e+00 7.156752116305678361e-03
5.000000000000000000e+00 5.358867312681385719e-01 1.900000000000000022e-01 1.015786288664547676e+00 1.402632686233158330e-02
5.000000000000000000e+00 5.743491774985087783e-01 1.900000000000000022e-01 1.027323533875945216e+00 2.625582954171799474e-02
5.000000000000000000e+00 6.155722066724486075e-01 1.900000000000000022e-01 1.043282111853338190e+00 4.299766903232896814e-02
5.000000000000000000e+00 6.597539553864367745e-01 1.900000000000000022e-01 1.060472383840265653e+00 5.793676134016222112e-02
5.000000000000000000e+00 7.071067811865362485e-01 1.900000000000000022e-01 1.076962207509687186e+00 6.527375802442031416e-02
5.000000000000000000e+00 7.578582832551866710e-01 1.900000000000000022e-01 1.092766070357395369e+00 7.079361957321363141e-02
5.000000000000000000e+00 8.122523963562221505e-01 1.900000000000000022e-01 1.112778501264359843e+00 8.591616105992892771e-02
5.000000000000000000e+00 8.705505632961095808e-01 1.900000000000000022e-01 1.134756157585210534e+00 1.035899132909910564e-01
5.000000000000000000e+00 9.330329915367915339e-01 1.900000000000000022e-01 1.153322128993788054e+00 1.239511901924657405e-01
5.000000000000000000e+00 9.999999999999827915e-01 1.900000000000000022e-01 1.169122357544970514e+00 1.409683970561806943e-01
5.000000000000000000e+00 1.071773462536274479e+00 1.900000000000000022e-01 1.185467720622409571e+00 1.575343464684535177e-01
5.000000000000000000e+00 1.148698354997014670e+00 1.900000000000000022e-01 1.195118197853206166e+00 1.661480863970194177e-01
5.000000000000000000e+00 1.231144413344894106e+00 1.900000000000000022e-01 1.191186629933161267e+00 1.528167125111562497e-01
5.000000000000000000e+00 1.319507910772870218e+00 1.900000000000000022e-01 1.178341780641800174e+00 1.256441849114773579e-01
5.000000000000000000e+00 1.414213562373068944e+00 1.900000000000000022e-01 1.170216639714860341e+00 1.026205807627881689e-01
5.000000000000000000e+00 1.515716566510369789e+00 1.900000000000000022e-01 1.167337105312486134e+00 9.297388363244814269e-02
5.000000000000000000e+00 1.624504792712440304e+00 1.900000000000000022e-01 1.168848604799836099e+00 1.100657230329828151e-01
5.000000000000000000e+00 1.741101126592214943e+00 1.900000000000000022e-01 1.172244093248471009e+00 1.253487806139655658e-01
5.000000000000000000e+00 1.866065983073578627e+00 1.900000000000000022e-01 1.189536276508681212e+00 1.518077589448670328e-01
5.000000000000000000e+00 1.999999999999960698e+00 1.900000000000000022e-01 1.184002178320370469e+00 1.390545008890514134e-01
5.000000000000000000e+00 2.143546925072543630e+00 1.900000000000000022e-01 1.174145093628494063e+00 1.168651166509933337e-01
5.000000000000000000e+00 2.297396709994023567e+00 1.900000000000000022e-01 1.191192151548361444e+00 1.352849682626288130e-01
5.000000000000000000e+00 2.462288826689782439e+00 1.900000000000000022e-01 1.199960109000949515e+00 1.657299418223340259e-01
5.000000000000000000e+00 2.639015821545733775e+00 1.900000000000000022e-01 1.204946906589347666e+00 1.711728910987898866e-01
5.000000000000000000e+00 2.828427124746130783e+00 1.900000000000000022e-01 1.203663852985865201e+00 1.585967242831286261e-01
5.000000000000000000e+00 3.031433133020732029e+00 1.900000000000000022e-01 1.194372377664570495e+00 1.447355089625710356e-01
5.000000000000000000e+00 3.249009585424872615e+00 1.900000000000000022e-01 1.223410710997694162e+00 2.298799832531024934e-01
5.000000000000000000e+00 3.482202253184421004e+00 1.900000000000000022e-01 1.209938362489613617e+00 2.009736020197441797e-01
5.000000000000000000e+00 3.732131966147147928e+00 1.900000000000000022e-01 1.161561955956281311e+00 9.548297516761562742e-02
5.000000000000000000e+00 3.999999999999911182e+00 1.900000000000000022e-01 1.135690869326593466e+00 4.818906976410475274e-02
5.000000000000000000e+00 4.287093850145076601e+00 1.900000000000000022e-01 1.167705931953244791e+00 1.415197932583217022e-01
5.000000000000000000e+00 4.594793419988035588e+00 1.900000000000000022e-01 1.151834884052877372e+00 6.581285758630364691e-02
5.000000000000000000e+00 4.924577653379552444e+00 1.900000000000000022e-01 1.175970499615494713e+00 7.454411866815321974e-02
5.000000000000000000e+00 5.278031643091455116e+00 1.900000000000000022e-01 1.158694712850395714e+00 1.255082563998690393e-01
5.000000000000000000e+00 5.656854249492248243e+00 1.900000000000000022e-01 1.142974820404810687e+00 8.698009261421574267e-02
5.000000000000000000e+00 6.062866266041448959e+00 1.900000000000000022e-01 1.179799803309520501e+00 8.153756479041458782e-02
5.000000000000000000e+00 6.498019170849729242e+00 1.900000000000000022e-01 1.160839683869658412e+00 6.814884916338195819e-02
5.000000000000000000e+00 6.964404506368825132e+00 1.900000000000000022e-01 1.148936100981543307e+00 6.373833372390629026e-02
5.000000000000000000e+00 7.464263932294277204e+00 1.900000000000000022e-01 1.172250540668705598e+00 6.453820798338057163e-02
5.000000000000000000e+00 7.999999999999802824e+00 1.900000000000000022e-01 1.150586622823163818e+00 6.578456117919301294e-02
5.000000000000000000e+00 8.574187700290131886e+00 1.900000000000000022e-01 1.176126093452370736e+00 1.156685311305404307e-01
5.000000000000000000e+00 9.189586839976049859e+00 1.900000000000000022e-01 1.161527532820663344e+00 8.353991214618299022e-02
5.000000000000000000e+00 9.849155306759080020e+00 1.900000000000000022e-01 1.208415515400713014e+00 1.159607400032967861e-01
5.000000000000000000e+00 1.055606328618288359e+01 1.900000000000000022e-01 1.238649569326183641e+00 1.342969764139706201e-01
5.000000000000000000e+00 1.131370849898446806e+01 1.900000000000000022e-01 1.191208008783132932e+00 1.099684744586340579e-01
5.000000000000000000e+00 1.212573253208286772e+01 1.900000000000000022e-01 1.173555253550586652e+00 6.616914588333329406e-02
5.000000000000000000e+00 1.299603834169942651e+01 1.900000000000000022e-01 1.211415651469561761e+00 1.122755277850232686e-01
5.000000000000000000e+00 1.392880901273761651e+01 1.900000000000000022e-01 1.179143831430407907e+00 1.148056484208371114e-01
5.000000000000000000e+00 1.492852786458851710e+01 1.900000000000000022e-01 1.161684877853040199e+00 8.781342268092341696e-02
5.000000000000000000e+00 1.599999999999956657e+01 1.900000000000000022e-01 1.194245556001538144e+00 1.686800620140822271e-01
5.000000000000000000e+00 1.714837540058022114e+01 1.900000000000000022e-01 1.171555686298836108e+00 9.579563341428989909e-02
5.000000000000000000e+00 1.837917367995205353e+01 1.900000000000000022e-01 1.198299830862454174e+00 9.294586555073180989e-02
5.000000000000000000e+00 1.969831061351811385e+01 1.900000000000000022e-01 1.169200701586379454e+00 1.246229846612316866e-01
5.000000000000000000e+00 2.111212657236571388e+01 1.900000000000000022e-01 1.169223832859929590e+00 8.390730181668590304e-02
5.000000000000000000e+00 2.262741699796887929e+01 1.900000000000000022e-01 1.144606617911138935e+00 5.691888740310164368e-02
5.000000000000000000e+00 2.425146506416567505e+01 1.900000000000000022e-01 1.148293659096892183e+00 5.185653338359961367e-02
5.000000000000000000e+00 2.599207668339878907e+01 1.900000000000000022e-01 1.212018323377910933e+00 1.635551756612585173e-01
5.000000000000000000e+00 2.785761802547516197e+01 1.900000000000000022e-01 1.179308085263152339e+00 1.255656471588456335e-01
5.000000000000000000e+00 2.985705572917696315e+01 1.900000000000000022e-01 1.168441472884513832e+00 7.566971659176148501e-02
5.000000000000000000e+00 3.199999999999905498e+01 1.900000000000000022e-01 1.169611061444573386e+00 9.492699139405330611e-02
