5.000000000000000000e+00 7.812500000000000000e-03 1.700000000000000122e-01 1.836813523754134980e+00 4.176828003959961455e-01
5.000000000000000000e+00 8.373230176064788352e-03 1.700000000000000122e-01 1.703987910221599789e+00 3.698670787342139277e-01
5.000000000000000000e+00 8.974205898414331500e-03 1.700000000000000122e-01 1.625751824411395985e+00 3.257147166948234918e-01
5.000000000000000000e+00 9.618315729257151739e-03 1.700000000000000122e-01 1.539924303513013015e+00 3.183505235443992443e-01
5.000000000000000000e+00 1.030865555291322552e-02 1.700000000000000122e-01 1.461351365202245178e+00 2.594666381439154068e-01
5.000000000000000000e+00 1.104854345603979195e-02 1.700000000000000122e-01 1.410808148681964580e+00 2.628109199811198282e-01
5.000000000000000000e+00 1.184153567586246694e-02 1.700000000000000122e-01 1.339514863950820089e+00 2.369205079598340757e-01
5.000000000000000000e+00 1.269144369306615845e-02 1.700000000000000122e-01 1.271675678531805742e+00 2.018448724114034476e-01
5.000000000000000000e+00 1.360235255150191343e-02 1.700000000000000122e-01 1.244132222107562802e+00 1.902238452240581357e-01
5.000000000000000000e+00 1.457864049276258282e-02 1.700000000000000122e-01 1.206547127978843115e+00 1.784935085480367500e-01
5.000000000000000000e+00 1.562499999999996184e-02 1.700000000000000122e-01 1.180191300408531152e+00 1.728068436095060167e-01
5.000000000000000000e+00 1.674646035212953507e-02 1.700000000000000122e-01 1.158475890588891444e+00 1.748901671145468850e-01
5.000000000000000000e+00 1.794841179682861790e-02 1.700000000000000122e-01 1.129533641960407619e+00 1.477852103575297282e-01
5.000000000000000000e+00 1.923663145851425491e-02 1.700000000000000122e-01 1.103239559693854677e+00 1.179267844288501010e-01
5.000000000000000000e+00 2.061731110582640247e-02 1.700000000000000122e-01 1.094334515093308813e+00 1.222109186232830519e-01
5.000000000000000000e+00 2.209708691207952838e-02 1.700000000000000122e-01 1.082862201145674108e+00 1.210979305259887728e-01
5.000000000000000000e+00 2.368307135172487837e-02 1.700000000000000122e-01 1.065415462941237568e+00 9.611319678046265080e-02
5.000000000000000000e+00 2.538288738613225445e-02 1.700000000000000122e-01 1.051967009329323854e+00 8.018776310243752592e-02
5.000000000000000000e+00 2.720470510300375747e-02 1.700000000000000122e-01 1.044730580063916836e+00 7.554548393311816268e-02
5.000000000000000000e+00 2.915728098552509626e-02 1.700000000000000122e-01 1.036590601422577640e+00 6.643570567479335776e-02
5.000000000000000000e+00 3.124999999999984734e-02 1.700000000000000122e-01 1.027558315078804352e+00 5.195327684632513460e-02
5.000000000000000000e+00 3.349292070425898687e-02 1.700000000000000122e-01 1.023985995638003299e+00 5.066272790877528187e-02
5.000000000000000000e+00 3.589682359365715253e-02 1.700000000000000122e-01 1.018014212050545542e+00 3.947874103779889371e-02
5.000000000000000000e+00 3.847326291702841267e-02 1.700000000000000122e-01 1.014011524916448526e+00 3.247962893827457953e-02
5.000000000000000000e+00 4.123462221165270086e-02 1.700000000000000122e-01 1.010883292819877877e+00 2.652666500209615100e-02
5.000000000000000000e+00 4.419417382415894574e-02 1.700000000000000122e-01 1.008505219438744493e+00 2.172459085321047298e-02
5.000000000000000000e+00 4.736614270344963878e-02 1.700000000000000122e-01 1.006757188692418259e+00 1.792866201631559964e-02
5.000000000000000000e+00 5.076577477226438401e-02 1.700000000000000122e-01 1.005508122206793420e+00 1.506710918949983984e-02
5.000000000000000000e+00 5.440941020600738309e-02 1.700000000000000122e-01 1.004618800989394156e+00 1.289615897512757028e-02
5.000000000000000000e+00 5.831456197105004680e-02 1.700000000000000122e-01 1.003863743712304357e+00 1.090598038723424902e-02
5.000000000000000000e+00 6.249999999999953509e-02 1.700000000000000122e-01 1.003338078844591585e+00 9.474787874546860417e-03
5.000000000000000000e+00 6.698584140851780722e-02 1.700000000000000122e-01 1.002870187110798117e+00 8.148654518006502243e-03
5.000000000000000000e+00 7.179364718731412465e-02 1.700000000000000122e-01 1.002531975238678097e+00 7.177100858712878208e-03
5.000000000000000000e+00 7.694652583405664492e-02 1.700000000000000122e-01 1.002180252927680870e+00 6.148922406132201028e-03
5.000000000000000000e+00 8.246924442330520744e-02 1.700000000000000122e-01 1.001863551795728169e+00 5.217948266966349231e-03
5.000000000000000000e+00 8.838834764831768331e-02 1.700000000000000122e-01 1.001569377427983021e+00 4.350554190544479033e-03
5.000000000000000000e+00 9.473228540689904165e-02 1.700000000000000122e-01 1.001315558974290365e+00 3.601497502390213143e-03
5.000000000000000000e+00 1.015315495445285182e-01 1.700000000000000122e-01 1.001084733360520840e+00 2.919332134304258430e-03
5.000000000000000000e+00 1.088188204120145025e-01 1.700000000000000122e-01 1.000896481902912916e+00 2.363215563870790879e-03
5.000000000000000000e+00 1.166291239420998022e-01 1.700000000000000122e-01 1.000741788408467059e+00 1.906552619435795785e-03
5.000000000000000000e+00 1.249999999999987649e-01 1.700000000000000122e-01 1.000622338565581249e+00 1.554795043369489082e-03
5.000000000000000000e+00 1.339716828170352814e-01 1.700000000000000122e-01 1.000531895145216010e+00 1.289514586569132310e-03
5.000000000000000000e+00 1.435872943746278885e-01 1.700000000000000122e-01 1.000461667795492726e+00 1.084450898253515446e-03
5.000000000000000000e+00 1.538930516681129013e-01 1.700000000000000122e-01 1.000408453333352599e+00 9.298324293110627305e-04
5.000000000000000000e+00 1.649384888466099985e-01 1.700000000000000122e-01 1.000354763192895735e+00 7.728595074316017095e-04
5.000000000000000000e+00 1.767766952966349225e-01 1.700000000000000122e-01 1.000297751526114221e+00 6.042252620221715475e-04
5.000000000000000000e+00 1.894645708137976114e-01 1.700000000000000122e-01 1.000242419468511113e+00 4.375369805239263553e-04
5.000000000000000000e+00 2.030630990890565368e-01 1.700000000000000122e-01 1.000201317776617360e+00 3.082967875149316881e-04
5.000000000000000000e+00 2.176376408240284499e-01 1.700000000000000122e-01 1.000180644936430330e+00 2.312639132606243762e-04
5.000000000000000000e+00 2.332582478841990492e-01 1.700000000000000122e-01 1.000172713715667516e+00 1.777208285198014304e-04
5.000000000000000000e+00 2.499999999999969191e-01 1.700000000000000122e-01 1.000173557732039864e+00 1.274478242362246162e-04
5.000000000000000000e+00 2.679433656340699521e-01 1.700000000000000122e-01 1.000189527099998754e+00 8.745492184564150856e-05
5.000000000000000000e+00 2.871745887492550553e-01 1.700000000000000122e-01 1.000232477310200263e+00 7.963902035134360399e-05
5.000000000000000000e+00 3.077861033362250809e-01 1.700000000000000122e-01 1.000313582086908015e+00 1.100298055418851353e-04
5.000000000000000000e+00 3.298769776932191644e-01 1.700000000000000122e-01 1.000449781605496913e+00 1.818748116022873298e-04
5.000000000000000000e+00 3.535533905932689569e-01 1.700000000000000122e-01 1.000680493434051410e+00 3.174523902849199649e-04
5.000000000000000000e+00 3.789291416275942792e-01 1.700000000000000122e-01 1.001071786736634994e+00 5.673644744869492948e-04
5.000000000000000000e+00 4.061261981781120745e-01 1.700000000000000122e-01 1.001746602648656337e+00 1.034590966586029477e-03
5.000000000000000000e+00 4.352752816480558451e-01 1.700000000000000122e-01 1.002934892981994341e+00 1.931831336943147385e-03
5.000000000000000000e+00 4.665164957683969327e-01 1.700000000000000122e-01 1.005063064565582698e+00 3.690240217860402475e-03
5.000000000000000000e+00 4.999999999999926170e-01 1.700000000000000122e-01 1.008905716374730144e+00 7.182253208295769076e-03
5.000000000000000000e+00 5.358867312681385719e-01 1.700000000000000122e-01 1.015841447484358895e+00 1.406748543969438443e-02
5.000000000000000000e+00 5.743491774985087783e-01 1.700000000000000122e-01 1.027414103948988355e+00 2.631789329116068429e-02
5.000000000000000000e+00 6.155722066724486075e-01 1.700000000000000122e-01 1.043418010780849503e+00 4.307881231490120338e-02
5.000000000000000000e+00 6.597539553864367745e-01 1.700000000000000122e-01 1.060655654669253378e+00 5.802871786585810099e-02
5.000000000000000000e+00 7.071067811865362485e-01 1.700000000000000122e-01 1.077194640607085807e+00 6.538566414005800298e-02
5.000000000000000000e+00 7.578582832551866710e-01 1.700000000000000122e-01 1.093059712025980179e+00 7.097592549564687991e-02
5.000000000000000000e+00 8.122523963562221505e-01 1.700000000000000122e-01 1.113156988750476639e+00 8.623059784464019717e-02
5.000000000000000000e+00 8.705505632961095808e-01 1.700000000000000122e-01 1.135247525136320990e+00 1.040929323113070765e-01
5.000000000000000000e+00 9.330329915367915339e-01 1.700000000000000122e-01 1.153954001636895210e+00 1.246850292319456044e-01
5.000000000000000000e+00 9.999999999999827915e-01 1.700000000000000122e-01 1.169920448832884263e+00 1.419501590228102184e-01
5.000000000000000000e+00 1.071773462536274479e+00 1.700000000000000122e-01 1.186363848553434908e+00 1.586298801501596356e-01
5.000000000000000000e+00 1.148698354997014670e+00 1.700000000000000122e-01 1.196037346337701646e+00 1.672283198481648858e-01
5.000000000000000000e+00 1.231144413344894106e+00 1.700000000000000122e-01 1.192054564183243848e+00 1.536937728448131146e-01
5.000000000000000000e+00 1.319507910772870218e+00 1.700000000000000122e-01 1.179168306878174199e+00 1.262506012152810608e-01
5.000000000000000000e+00 1.414213562373068944e+00 1.700000000000000122e-01 1.171090227447042054e+00 1.030722932952808785e-01
5.000000000000000000e+00 1.515716566510369789e+00 1.700000000000000122e-01 1.168293829877130596e+00 9.346480321547916137e-02
5.000000000000000000e+00 1.624504792712440304e+00 1.700000000000000122e-01 1.169842604452212553e+00 1.107050876604867007e-01
5.000000000000000000e+00 1.741101126592214943e+00 1.700000000000000122e-01 1.173298432536903801e+00 1.261546862655526235e-01
5.000000000000000000e+00 1.866065983073578627e+00 1.700000000000000122e-01 1.190694193408566637e+00 1.528083803942267005e-01
5.000000000000000000e+00 1.999999999999960698e+00 1.700000000000000122e-01 1.185035576428410398e+00 1.398757750807292921e-01
5.000000000000000000e+00 2.143546925072543630e+00 1.700000000000000122e-01 1.175015145594827226e+00 1.175395503390993107e-01
5.000000000000000000e+00 2.297396709994023567e+00 1.700000000000000122e-01 1.192082722700524622e+00 1.358954010455140915e-01
5.000000000000000000e+00 2.462288826689782439e+00 1.700000000000000122e-01 1.200955113751443593e+00 1.665397361886390704e-01
5.000000000000000000e+00 2.639015821545733775e+00 1.700000000000000122e-01 1.206139928933015693e+00 1.723866802536017095e-01
5.000000000000000000e+00 2.828427124746130783e+00 1.700000000000000122e-01 1.205105104311447572e+00 1.598208191427189784e-01
5.000000000000000000e+00 3.031433133020732029e+00 1.700000000000000122e-01 1.195871802887244373e+00 1.459852218245054900e-01
5.000000000000000000e+00 3.249009585424872615e+00 1.700000000000000122e-01 1.224830958139244697e+00 2.313362385039355873e-01
5.000000000000000000e+00 3.482202253184421004e+00 1.700000000000000122e-01 1.211189494746011563e+00 2.019854024488747513e-01
5.000000000000000000e+00 3.732131966147147928e+00 1.700000000000000122e-01 1.162400056243917401e+00 9.582402494444405838e-02
5.000000000000000000e+00 3.999999999999911182e+00 1.700000000000000122e-01 1.136526973361859705e+00 4.845807296586074342e-02
5.000000000000000000e+00 4.287093850145076601e+00 1.700000000000000122e-01 1.168930906908913103e+00 1.427204484028916642e-01
5.000000000000000000e+00 4.594793419988035588e+00 1.700000000000000122e-01 1.152798463617805691e+00 6.629733247899100013e-02
5.000000000000000000e+00 4.924577653379552444e+00 1.700000000000000122e-01 1.177193899170167368e+00 7.526316434660373922e-02
5.000000000000000000e+00 5.278031643091455116e+00 1.700000000000000122e-01 1.159693911003874867e+00 1.263149850064216040e-01
5.000000000000000000e+00 5.656854249492248243e+00 1.700000000000000122e-01 1.144002300938056660e+00 8.778448856378764931e-02
5.000000000000000000e+00 6.062866266041448959e+00 1.700000000000000122e-01 1.181154084779480584e+00 8.218214794786890542e-02
5.000000000000000000e+00 6.498019170849729242e+00 1.700000000000000122e-01 1.161968018298500605e+00 6.851643655789495246e-02
5.000000000000000000e+00 6.964404506368825132e+00 1.700000000000000122e-01 1.149933010412715451e+00 6.434414375104148542e-02
5.000000000000000000e+00 7.464263932294277204e+00 1.700000000000000122e-01 1.173238502214340340e+00 6.512886967562897533e-02
5.000000000000000000e+00 7.999999999999802824e+00 1.700000000000000122e-01 1.151507362057879513e+00 6.622766584307313020e-02
5.000000000000000000e+00 8.574187700290131886e+00 1.700000000000000122e-01 1.177314758999840727e+00 1.168638602593020936e-01
5.000000000000000000e+00 9.189586839976049859e+00 1.700000000000000122e-01 1.162588612987288883e+00 8.400900947715969624e-02
5.000000000000000000e+00 9.849155306759080020e+00 1.700000000000000122e-01 1.209769727949067342e+00 1.167149473421309619e-01
5.000000000000000000e+00 1.055606328618288359e+01 1.700000000000000122e-01 1.240080569965988033e+00 1.349404909121610374e-01
5.000000000000000000e+00 1.131370849898446806e+01 1.700000000000000122e-01 1.192307298708909613e+00 1.106798326342633837e-01
5.000000000000000000e+00 1.212573253208286772e+01 1.700000000000000122e-01 1.174503793004139096e+00 6.657106687126712607e-02
5.000000000000000000e+00 1.299603834169942651e+01 1.700000000000000122e-01 1.212745798199999392e+00 1.130455787355001962e-01
5.000000000000000000e+00 1.392880901273761651e+01 1.700000000000000122e-01 1.180156450343739616e+00 1.153978177379971631e-01
5.000000000000000000e+00 1.492852786458851710e+01 1.700000000000000122e-01 1.162742907770764500e+00 8.826969214297421262e-02
5.000000000000000000e+00 1.599999999999956657e+01 1.700000000000000122e-01 1.195542592786692282e+00 1.698012483484635238e-01
5.000000000000000000e+00 1.714837540058022114e+01 1.700000000000000122e-01 1.172597398583742123e+00 9.636522132574941446e-02
5.000000000000000000e+00 1.837917367995205353e+01 1.700000000000000122e-01 1.199353760012993320e+00 9.349925825049291983e-02
5.000000000000000000e+00 1.969831061351811385e+01 1.700000000000000122e-01 1.170244845218565199e+00 1.253472574385640637e-01
5.000000000000000000e+00 2.111212657236571388e+01 1.700000000000000122e-01 1.170365387298421878e+00 8.453178958022047884e-02
5.000000000000000000e+00 2.262741699796887929e+01 1.700000000000000122e-01 1.145584068026303637e+00 5.729092145891788446e-02
5.000000000000000000e+00 2.425146506416567505e+01 1.700000000000000122e-01 1.149164078179410797e+00 5.222275737105850496e-02
5.000000000000000000e+00 2.599207668339878907e+01 1.700000000000000122e-01 1.213130526113915142e+00 1.646890947173885733e-01
5.000000000000000000e+00 2.785761802547516197e+01 1.700000000000000122e-01 1.180233037951019748e+00 1.262075783170615584e-01
5.000000000000000000e+00 2.985705572917696315e+01 1.700000000000000122e-01 1.169422879457671982e+00 7.635680287525058174e-02
5.000000000000000000e+00 3.199999999999905498e+01 1.700000000000000122e-01 1.170624748206258836e+00 9.549462024247291903e-02
