5.000000000000000000e+00 7.812500000000000000e-03 6.600000000000000311e-01 4.555281185082452389e+00 1.240111171367969334e+00
5.000000000000000000e+00 8.373230176064788352e-03 6.600000000000000311e-01 4.391320290398707193e+00 1.243244491640136395e+00
5.000000000000000000e+00 8.974205898414331500e-03 6.600000000000000311e-01 4.055311308135526538e+00 1.255767017989970702e+00
5.000000000000000000e+00 9.618315729257151739e-03 6.600000000000000311e-01 3.728646736311164833e+00 1.228094045958521230e+00
5.000000000000000000e+00 1.030865555291322552e-02 6.600000000000000311e-01 3.352076805462340214e+00 1.233597782843946389e+00
5.000000000000000000e+00 1.104854345603979195e-02 6.600000000000000311e-01 3.123438175950005391e+00 1.110961247570418253e+00
5.000000000000000000e+00 1.184153567586246694e-02 6.600000000000000311e-01 2.816996583113784869e+00 1.075244666618309974e+00
5.000000000000000000e+00 1.269144369306615845e-02 6.600000000000000311e-01 2.451132204835500428e+00 9.191694687624816229e-01
5.000000000000000000e+00 1.360235255150191343e-02 6.600000000000000311e-01 2.303476361495619518e+00 8.468129251810693203e-01
5.000000000000000000e+00 1.457864049276258282e-02 6.600000000000000311e-01 2.126392235874222436e+00 8.407840696080934872e-01
5.000000000000000000e+00 1.562499999999996184e-02 6.600000000000000311e-01 1.951029012610670410e+00 7.522266314663939024e-01
5.000000000000000000e+00 1.674646035212953507e-02 6.600000000000000311e-01 1.847126005512505831e+00 7.888725158545433214e-01
5.000000000000000000e+00 1.794841179682861790e-02 6.600000000000000311e-01 1.698843109303042054e+00 6.938496019667891312e-01
5.000000000000000000e+00 1.923663145851425491e-02 6.600000000000000311e-01 1.591667264568082718e+00 6.357450781078082258e-01
5.000000000000000000e+00 2.061731110582640247e-02 6.600000000000000311e-01 1.520112340019042829e+00 6.103475718265264360e-01
5.000000000000000000e+00 2.209708691207952838e-02 6.600000000000000311e-01 1.469191627794597776e+00 6.456577222035519981e-01
5.000000000000000000e+00 2.368307135172487837e-02 6.600000000000000311e-01 1.382755900792507209e+00 5.460311038052430010e-01
5.000000000000000000e+00 2.538288738613225445e-02 6.600000000000000311e-01 1.310043992627473397e+00 4.714543161481603017e-01
5.000000000000000000e+00 2.720470510300375747e-02 6.600000000000000311e-01 1.267732133888752388e+00 4.469216799195400713e-01
5.000000000000000000e+00 2.915728098552509626e-02 6.600000000000000311e-01 1.221891723300888799e+00 4.012316793788587299e-01
5.000000000000000000e+00 3.124999999999984734e-02 6.600000000000000311e-01 1.169790139451423183e+00 3.214944494108579187e-01
5.000000000000000000e+00 3.349292070425898687e-02 6.600000000000000311e-01 1.149160440703430597e+00 3.162243919959268901e-01
5.000000000000000000e+00 3.589682359365715253e-02 6.600000000000000311e-01 1.112304452514829789e+00 2.463655216801177716e-01
5.000000000000000000e+00 3.847326291702841267e-02 6.600000000000000311e-01 1.087342728513262413e+00 2.017893788245774533e-01
5.000000000000000000e+00 4.123462221165270086e-02 6.600000000000000311e-01 1.067976459671230227e+00 1.642890596854429397e-01
5.000000000000000000e+00 4.419417382415894574e-02 6.600000000000000311e-01 1.053186770188158983e+00 1.338481175163795944e-01
5.000000000000000000e+00 4.736614270344963878e-02 6.600000000000000311e-01 1.042215655228895921e+00 1.096275741702417289e-01
5.000000000000000000e+00 5.076577477226438401e-02 6.600000000000000311e-01 1.034474890480949982e+00 9.169536277493317566e-02
5.000000000000000000e+00 5.440941020600738309e-02 6.600000000000000311e-01 1.028957758590431038e+00 7.810973099344753479e-02
5.000000000000000000e+00 5.831456197105004680e-02 6.600000000000000311e-01 1.024317077021842826e+00 6.583960575099019608e-02
5.000000000000000000e+00 6.249999999999953509e-02 6.600000000000000311e-01 1.021081794557809896e+00 5.701380795202253687e-02
5.000000000000000000e+00 6.698584140851780722e-02 6.600000000000000311e-01 1.018225683135389303e+00 4.892174771164086583e-02
5.000000000000000000e+00 7.179364718731412465e-02 6.600000000000000311e-01 1.016185673966625069e+00 4.307418069639389752e-02
5.000000000000000000e+00 7.694652583405664492e-02 6.600000000000000311e-01 1.014050711828839102e+00 3.684972731244560984e-02
5.000000000000000000e+00 8.246924442330520744e-02 6.600000000000000311e-01 1.012139844452192960e+00 3.125387141928613610e-02
5.000000000000000000e+00 8.838834764831768331e-02 6.600000000000000311e-01 1.010346567516182237e+00 2.599083186026161438e-02
5.000000000000000000e+00 9.473228540689904165e-02 6.600000000000000311e-01 1.008817579640658435e+00 2.150855499846687779e-02
5.000000000000000000e+00 1.015315495445285182e-01 6.600000000000000311e-01 1.007409023130858117e+00 1.738035245593258851e-02
5.000000000000000000e+00 1.088188204120145025e-01 6.600000000000000311e-01 1.006264873799545878e+00 1.404114000202614197e-02
5.000000000000000000e+00 1.166291239420998022e-01 6.600000000000000311e-01 1.005325654642270639e+00 1.131617147107662896e-02
5.000000000000000000e+00 1.249999999999987649e-01 6.600000000000000311e-01 1.004589918156436834e+00 9.204313702116861604e-03
5.000000000000000000e+00 1.339716828170352814e-01 6.600000000000000311e-01 1.004029701611941272e+00 7.624469691925109260e-03
5.000000000000000000e+00 1.435872943746278885e-01 6.600000000000000311e-01 1.003584135734483462e+00 6.396610707684835702e-03
5.000000000000000000e+00 1.538930516681129013e-01 6.600000000000000311e-01 1.003239583892038267e+00 5.480993369616989769e-03
5.000000000000000000e+00 1.649384888466099985e-01 6.600000000000000311e-01 1.002885716327055921e+00 4.550253848155515202e-03
5.000000000000000000e+00 1.767766952966349225e-01 6.600000000000000311e-01 1.002503945333926172e+00 3.551493623379507920e-03
5.000000000000000000e+00 1.894645708137976114e-01 6.600000000000000311e-01 1.002121815909556402e+00 2.570451988814615330e-03
5.000000000000000000e+00 2.030630990890565368e-01 6.600000000000000311e-01 1.001811779607667763e+00 1.822516720093976354e-03
5.000000000000000000e+00 2.176376408240284499e-01 6.600000000000000311e-01 1.001603951115894064e+00 1.385341042884467681e-03
5.000000000000000000e+00 2.332582478841990492e-01 6.600000000000000311e-01 1.001444125524531437e+00 1.091372089234916723e-03
5.000000000000000000e+00 2.499999999999969191e-01 6.600000000000000311e-01 1.001294135203410818e+00 8.284049820064404981e-04
5.000000000000000000e+00 2.679433656340699521e-01 6.600000000000000311e-01 1.001168240179301394e+00 6.220738198477876457e-04
5.000000000000000000e+00 2.871745887492550553e-01 6.600000000000000311e-01 1.001100788947077991e+00 5.132737840522954903e-04
5.000000000000000000e+00 3.077861033362250809e-01 6.600000000000000311e-01 1.001093060993246242e+00 4.591578675278474328e-04
5.000000000000000000e+00 3.298769776932191644e-01 6.600000000000000311e-01 1.001139702798736320e+00 4.137620925422694478e-04
5.000000000000000000e+00 3.535533905932689569e-01 6.600000000000000311e-01 1.001279581557622311e+00 4.052626930568795560e-04
5.000000000000000000e+00 3.789291416275942792e-01 6.600000000000000311e-01 1.001571879054366399e+00 4.971951673841575048e-04
5.000000000000000000e+00 4.061261981781120745e-01 6.600000000000000311e-01 1.002123027249616216e+00 8.144480490454734717e-04
5.000000000000000000e+00 4.352752816480558451e-01 6.600000000000000311e-01 1.003144771333593921e+00 1.584677128037030461e-03
5.000000000000000000e+00 4.665164957683969327e-01 6.600000000000000311e-01 1.005036374350806172e+00 3.213324375303717832e-03
5.000000000000000000e+00 4.999999999999926170e-01 6.600000000000000311e-01 1.008537687942799632e+00 6.528087250514169430e-03
5.000000000000000000e+00 5.358867312681385719e-01 6.600000000000000311e-01 1.014986136580465104e+00 1.314280957169634660e-02
5.000000000000000000e+00 5.743491774985087783e-01 6.600000000000000311e-01 1.025897491518726445e+00 2.503662020057469476e-02
5.000000000000000000e+00 6.155722066724486075e-01 6.600000000000000311e-01 1.041096883934087280e+00 4.147416310656151794e-02
5.000000000000000000e+00 6.597539553864367745e-01 6.600000000000000311e-01 1.057538848695836808e+00 5.622676802324638734e-02
5.000000000000000000e+00 7.071067811865362485e-01 6.600000000000000311e-01 1.073284546996968958e+00 6.320781892730410745e-02
5.000000000000000000e+00 7.578582832551866710e-01 6.600000000000000311e-01 1.088201486014658936e+00 6.762217793418433265e-02
5.000000000000000000e+00 8.122523963562221505e-01 6.600000000000000311e-01 1.106949703254591855e+00 8.067200639902905035e-02
5.000000000000000000e+00 8.705505632961095808e-01 6.600000000000000311e-01 1.127170116758676510e+00 9.524755622251519782e-02
5.000000000000000000e+00 9.330329915367915339e-01 6.600000000000000311e-01 1.143517235132437859e+00 1.118785953665061977e-01
5.000000000000000000e+00 9.999999999999827915e-01 6.600000000000000311e-01 1.156702335349842015e+00 1.249990996114109104e-01
5.000000000000000000e+00 1.071773462536274479e+00 6.600000000000000311e-01 1.171556124267646215e+00 1.399547790685731485e-01
5.000000000000000000e+00 1.148698354997014670e+00 6.600000000000000311e-01 1.180782394771979549e+00 1.489041679146580754e-01
5.000000000000000000e+00 1.231144413344894106e+00 6.600000000000000311e-01 1.177415282029313337e+00 1.388483727323835126e-01
5.000000000000000000e+00 1.319507910772870218e+00 6.600000000000000311e-01 1.165003205771701911e+00 1.162582975291498594e-01
5.000000000000000000e+00 1.414213562373068944e+00 6.600000000000000311e-01 1.155789808428343113e+00 9.583423804942496627e-02
5.000000000000000000e+00 1.515716566510369789e+00 6.600000000000000311e-01 1.151506464718436984e+00 8.561487411447268880e-02
5.000000000000000000e+00 1.624504792712440304e+00 6.600000000000000311e-01 1.152740003407963121e+00 1.003438864110341444e-01
5.000000000000000000e+00 1.741101126592214943e+00 6.600000000000000311e-01 1.155459568572560825e+00 1.129100362014294479e-01
5.000000000000000000e+00 1.866065983073578627e+00 6.600000000000000311e-01 1.170867619364768686e+00 1.358214013418421462e-01
5.000000000000000000e+00 1.999999999999960698e+00 6.600000000000000311e-01 1.167343991958058158e+00 1.258576584263072229e-01
5.000000000000000000e+00 2.143546925072543630e+00 6.600000000000000311e-01 1.160282097574879323e+00 1.056991324341541166e-01
5.000000000000000000e+00 2.297396709994023567e+00 6.600000000000000311e-01 1.177119301383419803e+00 1.250372626564670853e-01
5.000000000000000000e+00 2.462288826689782439e+00 6.600000000000000311e-01 1.184400176593805032e+00 1.524044681970905535e-01
5.000000000000000000e+00 2.639015821545733775e+00 6.600000000000000311e-01 1.186442621526193841e+00 1.517465691185157228e-01
5.000000000000000000e+00 2.828427124746130783e+00 6.600000000000000311e-01 1.181022984962482480e+00 1.392755990804704080e-01
5.000000000000000000e+00 3.031433133020732029e+00 6.600000000000000311e-01 1.170922525904984690e+00 1.253693223721992211e-01
5.000000000000000000e+00 3.249009585424872615e+00 6.600000000000000311e-01 1.201321292465627577e+00 2.076212731333608175e-01
5.000000000000000000e+00 3.482202253184421004e+00 6.600000000000000311e-01 1.190078753361590413e+00 1.851013784516702676e-01
5.000000000000000000e+00 3.732131966147147928e+00 6.600000000000000311e-01 1.148510744116520765e+00 9.027971917660990164e-02
5.000000000000000000e+00 3.999999999999911182e+00 6.600000000000000311e-01 1.122376891121281473e+00 4.419748966008250207e-02
5.000000000000000000e+00 4.287093850145076601e+00 6.600000000000000311e-01 1.148284051160728847e+00 1.230957718429637193e-01
5.000000000000000000e+00 4.594793419988035588e+00 6.600000000000000311e-01 1.136561847554096616e+00 5.852027504708836453e-02
5.000000000000000000e+00 4.924577653379552444e+00 6.600000000000000311e-01 1.156734914148405791e+00 6.316299743136408185e-02
5.000000000000000000e+00 5.278031643091455116e+00 6.600000000000000311e-01 1.143153840887949801e+00 1.128831234175698556e-01
5.000000000000000000e+00 5.656854249492248243e+00 6.600000000000000311e-01 1.126292396430937037e+00 7.413722631124240736e-02
5.000000000000000000e+00 6.062866266041448959e+00 6.600000000000000311e-01 1.158216987349814264e+00 7.168590975993582859e-02
5.000000000000000000e+00 6.498019170849729242e+00 6.600000000000000311e-01 1.143198699963590581e+00 6.232496569400564762e-02
5.000000000000000000e+00 6.964404506368825132e+00 6.600000000000000311e-01 1.133397410868547839e+00 5.471473459241481263e-02
5.000000000000000000e+00 7.464263932294277204e+00 6.600000000000000311e-01 1.156638672497459774e+00 5.559268622420053541e-02
5.000000000000000000e+00 7.999999999999802824e+00 6.600000000000000311e-01 1.135590532712341005e+00 5.871543672424880955e-02
5.000000000000000000e+00 8.574187700290131886e+00 6.600000000000000311e-01 1.157147256163878923e+00 9.689603845904781743e-02
5.000000000000000000e+00 9.189586839976049859e+00 6.600000000000000311e-01 1.144691644558998300e+00 7.604780782926140459e-02
5.000000000000000000e+00 9.849155306759080020e+00 6.600000000000000311e-01 1.186883475183111214e+00 1.039947615021041827e-01
5.000000000000000000e+00 1.055606328618288359e+01 6.600000000000000311e-01 1.216222947580895664e+00 1.243244883528718397e-01
5.000000000000000000e+00 1.131370849898446806e+01 6.600000000000000311e-01 1.173834730084964528e+00 9.940684524674289757e-02
5.000000000000000000e+00 1.212573253208286772e+01 6.600000000000000311e-01 1.158678155841105450e+00 5.995392714492853159e-02
5.000000000000000000e+00 1.299603834169942651e+01 6.600000000000000311e-01 1.189842259996833018e+00 9.999144966586320793e-02
5.000000000000000000e+00 1.392880901273761651e+01 6.600000000000000311e-01 1.162721163805413127e+00 1.052868077428529558e-01
5.000000000000000000e+00 1.492852786458851710e+01 6.600000000000000311e-01 1.144844222115864119e+00 8.107986322242799471e-02
5.000000000000000000e+00 1.599999999999956657e+01 6.600000000000000311e-01 1.173907362084891215e+00 1.511920197982317970e-01
5.000000000000000000e+00 1.714837540058022114e+01 6.600000000000000311e-01 1.155101632923857258e+00 8.704556674133667737e-02
5.000000000000000000e+00 1.837917367995205353e+01 6.600000000000000311e-01 1.181733377308187061e+00 8.440725816839603213e-02
5.000000000000000000e+00 1.969831061351811385e+01 6.600000000000000311e-01 1.152698680881375504e+00 1.136712891600118180e-01
5.000000000000000000e+00 2.111212657236571388e+01 6.600000000000000311e-01 1.151481059052856804e+00 7.504202355486067066e-02
5.000000000000000000e+00 2.262741699796887929e+01 6.600000000000000311e-01 1.129340482677982038e+00 5.213959789160765856e-02
5.000000000000000000e+00 2.425146506416567505e+01 6.600000000000000311e-01 1.134754159382818761e+00 4.689670342131873476e-02
5.000000000000000000e+00 2.599207668339878907e+01 6.600000000000000311e-01 1.194988876585100224e+00 1.466652793203969962e-01
5.000000000000000000e+00 2.785761802547516197e+01 6.600000000000000311e-01 1.164893013476828276e+00 1.161080507871474349e-01
5.000000000000000000e+00 2.985705572917696315e+01 6.600000000000000311e-01 1.153234510974916471e+00 6.531346333011822658e-02
5.000000000000000000e+00 3.199999999999905498e+01 6.600000000000000311e-01 1.153548266333593864e+00 8.688046048706364599e-02
