5.000000000000000000e+00 7.812500000000000000e-03 7.000000000000000666e-02 1.657481432933624266e+00 3.254296870692873211e-01
5.000000000000000000e+00 8.373230176064788352e-03 7.000000000000000666e-02 1.552137885764796499e+00 2.880344335675891210e-01
5.000000000000000000e+00 8.974205898414331500e-03 7.000000000000000666e-02 1.491381321176939112e+00 2.534248082483026576e-01
5.000000000000000000e+00 9.618315729257151739e-03 7.000000000000000666e-02 1.424172694384778781e+00 2.486526744421166946e-01
5.000000000000000000e+00 1.030865555291322552e-02 7.000000000000000666e-02 1.363670615615866222e+00 2.034943950223676024e-01
5.000000000000000000e+00 1.104854345603979195e-02 7.000000000000000666e-02 1.323766118643289413e+00 2.066492962792560728e-01
5.000000000000000000e+00 1.184153567586246694e-02 7.000000000000000666e-02 1.267684904367849530e+00 1.862036169834154764e-01
5.000000000000000000e+00 1.269144369306615845e-02 7.000000000000000666e-02 1.214750585256708870e+00 1.594038702244281180e-01
5.000000000000000000e+00 1.360235255150191343e-02 7.000000000000000666e-02 1.193042616907713960e+00 1.501281980269429661e-01
5.000000000000000000e+00 1.457864049276258282e-02 7.000000000000000666e-02 1.163242834224414768e+00 1.407040959842150163e-01
5.000000000000000000e+00 1.562499999999996184e-02 7.000000000000000666e-02 1.142652455896986163e+00 1.367083701315725264e-01
5.000000000000000000e+00 1.674646035212953507e-02 7.000000000000000666e-02 1.125313674412505183e+00 1.378852908580323056e-01
5.000000000000000000e+00 1.794841179682861790e-02 7.000000000000000666e-02 1.102517129379460226e+00 1.167383965998465972e-01
5.000000000000000000e+00 1.923663145851425491e-02 7.000000000000000666e-02 1.081684414892069679e+00 9.304790557369002624e-02
5.000000000000000000e+00 2.061731110582640247e-02 7.000000000000000666e-02 1.074675084308509998e+00 9.656613180273075636e-02
5.000000000000000000e+00 2.209708691207952838e-02 7.000000000000000666e-02 1.065506870148574592e+00 9.551317870073454397e-02
5.000000000000000000e+00 2.368307135172487837e-02 7.000000000000000666e-02 1.051732903658063600e+00 7.587536756461363274e-02
5.000000000000000000e+00 2.538288738613225445e-02 7.000000000000000666e-02 1.041098928207733865e+00 6.335622372664297119e-02
5.000000000000000000e+00 2.720470510300375747e-02 7.000000000000000666e-02 1.035351159073493843e+00 5.966531984789777421e-02
5.000000000000000000e+00 2.915728098552509626e-02 7.000000000000000666e-02 1.028911283002556853e+00 5.250232962374831724e-02
5.000000000000000000e+00 3.124999999999984734e-02 7.000000000000000666e-02 1.021770043374818915e+00 4.109572094561231292e-02
5.000000000000000000e+00 3.349292070425898687e-02 7.000000000000000666e-02 1.018928752752588984e+00 4.006842373594993872e-02
5.000000000000000000e+00 3.589682359365715253e-02 7.000000000000000666e-02 1.014206749125969198e+00 3.125341595376163878e-02
5.000000000000000000e+00 3.847326291702841267e-02 7.000000000000000666e-02 1.011039482983941973e+00 2.573390417041203013e-02
5.000000000000000000e+00 4.123462221165270086e-02 7.000000000000000666e-02 1.008561262366081568e+00 2.102875216344156362e-02
5.000000000000000000e+00 4.419417382415894574e-02 7.000000000000000666e-02 1.006676513078804458e+00 1.723026507478291058e-02
5.000000000000000000e+00 4.736614270344963878e-02 7.000000000000000666e-02 1.005291817061390924e+00 1.422759534322915777e-02
5.000000000000000000e+00 5.076577477226438401e-02 7.000000000000000666e-02 1.004301449592242879e+00 1.196076719403702839e-02
5.000000000000000000e+00 5.440941020600738309e-02 7.000000000000000666e-02 1.003596600999641097e+00 1.024119554267562821e-02
5.000000000000000000e+00 5.831456197105004680e-02 7.000000000000000666e-02 1.002997909019437639e+00 8.663113185828432566e-03
5.000000000000000000e+00 6.249999999999953509e-02 7.000000000000000666e-02 1.002581312758883181e+00 7.528445197363302713e-03
5.000000000000000000e+00 6.698584140851780722e-02 7.000000000000000666e-02 1.002210600066575807e+00 6.476939338073914483e-03
5.000000000000000000e+00 7.179364718731412465e-02 7.000000000000000666e-02 1.001942416810614134e+00 5.705446863939952866e-03
5.000000000000000000e+00 7.694652583405664492e-02 7.000000000000000666e-02 1.001663730546600295e+00 4.889423619602476477e-03
5.000000000000000000e+00 8.246924442330520744e-02 7.000000000000000666e-02 1.001412728651232653e+00 4.149985081270558124e-03
5.000000000000000000e+00 8.838834764831768331e-02 7.000000000000000666e-02 1.001179892317142439e+00 3.461614911742516131e-03
5.000000000000000000e+00 9.473228540689904165e-02 7.000000000000000666e-02 1.000978927239561944e+00 2.866412010917684765e-03
5.000000000000000000e+00 1.015315495445285182e-01 7.000000000000000666e-02 1.000796588065196557e+00 2.325103532509195832e-03
5.000000000000000000e+00 1.088188204120145025e-01 7.000000000000000666e-02 1.000648015857396489e+00 1.883401012611354928e-03
5.000000000000000000e+00 1.166291239420998022e-01 7.000000000000000666e-02 1.000526223825464189e+00 1.520647667693383409e-03
5.000000000000000000e+00 1.249999999999987649e-01 7.000000000000000666e-02 1.000432686634911139e+00 1.241525883756531114e-03
5.000000000000000000e+00 1.339716828170352814e-01 7.000000000000000666e-02 1.000362292930353281e+00 1.030854268888186341e-03
5.000000000000000000e+00 1.435872943746278885e-01 7.000000000000000666e-02 1.000308227294757213e+00 8.681744660766974042e-04
5.000000000000000000e+00 1.538930516681129013e-01 7.000000000000000666e-02 1.000267887789743515e+00 7.454270083478225454e-04
5.000000000000000000e+00 1.649384888466099985e-01 7.000000000000000666e-02 1.000227498375941604e+00 6.208016271557268003e-04
5.000000000000000000e+00 1.767766952966349225e-01 7.000000000000000666e-02 1.000184881931559300e+00 4.868724023332959751e-04
5.000000000000000000e+00 1.894645708137976114e-01 7.000000000000000666e-02 1.000144142485411169e+00 3.544153440747673358e-04
5.000000000000000000e+00 2.030630990890565368e-01 7.000000000000000666e-02 1.000115374842005300e+00 2.515905310016767604e-04
5.000000000000000000e+00 2.176376408240284499e-01 7.000000000000000666e-02 1.000103800391567876e+00 1.904794161173136379e-04
5.000000000000000000e+00 2.332582478841990492e-01 7.000000000000000666e-02 1.000103696038268764e+00 1.483938146005262210e-04
5.000000000000000000e+00 2.499999999999969191e-01 7.000000000000000666e-02 1.000112555907933798e+00 1.100176772324354418e-04
5.000000000000000000e+00 2.679433656340699521e-01 7.000000000000000666e-02 1.000136482049417630e+00 8.352675550534362887e-05
5.000000000000000000e+00 2.871745887492550553e-01 7.000000000000000666e-02 1.000186527606655718e+00 8.782326147473044702e-05
5.000000000000000000e+00 3.077861033362250809e-01 7.000000000000000666e-02 1.000274507877489949e+00 1.248693263163267700e-04
5.000000000000000000e+00 3.298769776932191644e-01 7.000000000000000666e-02 1.000418644431147364e+00 2.005688489012413833e-04
5.000000000000000000e+00 3.535533905932689569e-01 7.000000000000000666e-02 1.000659055933587727e+00 3.392688043971190011e-04
5.000000000000000000e+00 3.789291416275942792e-01 7.000000000000000666e-02 1.001063279592308453e+00 5.939026367354430106e-04
5.000000000000000000e+00 4.061261981781120745e-01 7.000000000000000666e-02 1.001757210049611935e+00 1.069495024043934112e-03
5.000000000000000000e+00 4.352752816480558451e-01 7.000000000000000666e-02 1.002975578908310350e+00 1.982047510663236325e-03
5.000000000000000000e+00 4.665164957683969327e-01 7.000000000000000666e-02 1.005152908849272775e+00 3.769084272628482526e-03
5.000000000000000000e+00 4.999999999999926170e-01 7.000000000000000666e-02 1.009076001370924569e+00 7.312890986473428827e-03
5.000000000000000000e+00 5.358867312681385719e-01 7.000000000000000666e-02 1.016139861794452814e+00 1.428310038011891721e-02
5.000000000000000000e+00 5.743491774985087783e-01 7.000000000000000666e-02 1.027901388867314303e+00 2.664679958727377701e-02
5.000000000000000000e+00 6.155722066724486075e-01 7.000000000000000666e-02 1.044149085251258047e+00 4.351111052141459767e-02
5.000000000000000000e+00 6.597539553864367745e-01 7.000000000000000666e-02 1.061644459073602276e+00 5.851850592550611463e-02
5.000000000000000000e+00 7.071067811865362485e-01 7.000000000000000666e-02 1.078453566556770937e+00 6.598110755327739330e-02
5.000000000000000000e+00 7.578582832551866710e-01 7.000000000000000666e-02 1.094657244765120385e+00 7.195455095469162343e-02
5.000000000000000000e+00 8.122523963562221505e-01 7.000000000000000666e-02 1.115222390202754266e+00 8.792843615945994395e-02
5.000000000000000000e+00 8.705505632961095808e-01 7.000000000000000666e-02 1.137930471762472084e+00 1.068063492022315042e-01
5.000000000000000000e+00 9.330329915367915339e-01 7.000000000000000666e-02 1.157400187061464303e+00 1.286405232230945495e-01
5.000000000000000000e+00 9.999999999999827915e-01 7.000000000000000666e-02 1.174270207473357974e+00 1.472476116598293860e-01
5.000000000000000000e+00 1.071773462536274479e+00 7.000000000000000666e-02 1.191260657378135690e+00 1.645707921139967500e-01
5.000000000000000000e+00 1.148698354997014670e+00 7.000000000000000666e-02 1.201066284310520649e+00 1.731002995757331686e-01
5.000000000000000000e+00 1.231144413344894106e+00 7.000000000000000666e-02 1.196788111906678109e+00 1.584578803070047226e-01
5.000000000000000000e+00 1.319507910772870218e+00 7.000000000000000666e-02 1.183666262697032012e+00 1.295681436570907119e-01
5.000000000000000000e+00 1.414213562373068944e+00 7.000000000000000666e-02 1.175825859446578248e+00 1.055618717396480111e-01
5.000000000000000000e+00 1.515716566510369789e+00 7.000000000000000666e-02 1.173474970343313828e+00 9.617747303659494873e-02
5.000000000000000000e+00 1.624504792712440304e+00 7.000000000000000666e-02 1.175250642200027729e+00 1.142286172754967549e-01
5.000000000000000000e+00 1.741101126592214943e+00 7.000000000000000666e-02 1.179059425456419063e+00 1.305849799556646484e-01
5.000000000000000000e+00 1.866065983073578627e+00 7.000000000000000666e-02 1.196996314275373230e+00 1.582554870107767964e-01
5.000000000000000000e+00 1.999999999999960698e+00 7.000000000000000666e-02 1.190666768850634938e+00 1.443471217800617046e-01
5.000000000000000000e+00 2.143546925072543630e+00 7.000000000000000666e-02 1.179771211173856305e+00 1.211878315514326176e-01
5.000000000000000000e+00 2.297396709994023567e+00 7.000000000000000666e-02 1.196957834881532401e+00 1.391966045488453596e-01
5.000000000000000000e+00 2.462288826689782439e+00 7.000000000000000666e-02 1.206401129469374611e+00 1.709211207581240455e-01
5.000000000000000000e+00 2.639015821545733775e+00 7.000000000000000666e-02 1.212681676609481896e+00 1.789968541223196652e-01
5.000000000000000000e+00 2.828427124746130783e+00 7.000000000000000666e-02 1.212989199092518788e+00 1.665096243234623075e-01
5.000000000000000000e+00 3.031433133020732029e+00 7.000000000000000666e-02 1.204091190254317656e+00 1.528526345737893644e-01
5.000000000000000000e+00 3.249009585424872615e+00 7.000000000000000666e-02 1.232619318807973263e+00 2.393302165936490866e-01
5.000000000000000000e+00 3.482202253184421004e+00 7.000000000000000666e-02 1.218020209490146000e+00 2.075180878132503737e-01
5.000000000000000000e+00 3.732131966147147928e+00 7.000000000000000666e-02 1.167000797136401369e+00 9.771014714627225539e-02
5.000000000000000000e+00 3.999999999999911182e+00 7.000000000000000666e-02 1.141094958803022807e+00 4.996151345652723175e-02
5.000000000000000000e+00 4.287093850145076601e+00 7.000000000000000666e-02 1.175624608696472118e+00 1.493267833000302969e-01
5.000000000000000000e+00 4.594793419988035588e+00 7.000000000000000666e-02 1.158064773618178611e+00 6.897935624505628638e-02
5.000000000000000000e+00 4.924577653379552444e+00 7.000000000000000666e-02 1.183884669294120728e+00 7.919035228348471345e-02
5.000000000000000000e+00 5.278031643091455116e+00 7.000000000000000666e-02 1.165183739242447336e+00 1.307471501958213655e-01
5.000000000000000000e+00 5.656854249492248243e+00 7.000000000000000666e-02 1.149597608052145059e+00 9.217960301261339529e-02
5.000000000000000000e+00 6.062866266041448959e+00 7.000000000000000666e-02 1.188552915898079210e+00 8.573777939046585417e-02
5.000000000000000000e+00 6.498019170849729242e+00 7.000000000000000666e-02 1.168158407784783304e+00 7.055256213624351569e-02
5.000000000000000000e+00 6.964404506368825132e+00 7.000000000000000666e-02 1.155404382995839585e+00 6.770762012900691240e-02
5.000000000000000000e+00 7.464263932294277204e+00 7.000000000000000666e-02 1.178646146422799301e+00 6.838926410979212500e-02
5.000000000000000000e+00 7.999999999999802824e+00 7.000000000000000666e-02 1.156518690540893513e+00 6.865400727752596355e-02
5.000000000000000000e+00 8.574187700290131886e+00 7.000000000000000666e-02 1.183806239780720526e+00 1.234007210627205697e-01
5.000000000000000000e+00 9.189586839976049859e+00 7.000000000000000666e-02 1.168394326953523077e+00 8.658613099840473115e-02
5.000000000000000000e+00 9.849155306759080020e+00 7.000000000000000666e-02 1.217167367159597502e+00 1.208529811276307375e-01
5.000000000000000000e+00 1.055606328618288359e+01 7.000000000000000666e-02 1.247918834627003148e+00 1.384849454330849272e-01
5.000000000000000000e+00 1.131370849898446806e+01 7.000000000000000666e-02 1.198319979887949582e+00 1.146177133840501766e-01
5.000000000000000000e+00 1.212573253208286772e+01 7.000000000000000666e-02 1.179695546522362859e+00 6.878326029128323249e-02
5.000000000000000000e+00 1.299603834169942651e+01 7.000000000000000666e-02 1.219982624898277468e+00 1.172754648507787212e-01
5.000000000000000000e+00 1.392880901273761651e+01 7.000000000000000666e-02 1.185669135077614733e+00 1.186232792768948940e-01
5.000000000000000000e+00 1.492852786458851710e+01 7.000000000000000666e-02 1.168521169035239282e+00 9.079725095424558134e-02
5.000000000000000000e+00 1.599999999999956657e+01 7.000000000000000666e-02 1.202649270661063197e+00 1.759586936889346864e-01
5.000000000000000000e+00 1.714837540058022114e+01 7.000000000000000666e-02 1.178293657737886857e+00 9.950613920458169226e-02
5.000000000000000000e+00 1.837917367995205353e+01 7.000000000000000666e-02 1.205126763092712938e+00 9.654204175769058593e-02
5.000000000000000000e+00 1.969831061351811385e+01 7.000000000000000666e-02 1.175955599211816915e+00 1.293331443748709786e-01
5.000000000000000000e+00 2.111212657236571388e+01 7.000000000000000666e-02 1.176628738536309227e+00 8.802801773626914295e-02
5.000000000000000000e+00 2.262741699796887929e+01 7.000000000000000666e-02 1.150946898339692659e+00 5.943366376944646950e-02
5.000000000000000000e+00 2.425146506416567505e+01 7.000000000000000666e-02 1.153939365396132288e+00 5.428086463178662807e-02
5.000000000000000000e+00 2.599207668339878907e+01 7.000000000000000666e-02 1.219245826699457469e+00 1.709548659264382431e-01
5.000000000000000000e+00 2.785761802547516197e+01 7.000000000000000666e-02 1.185313268709704548e+00 1.297820274467819390e-01
5.000000000000000000e+00 2.985705572917696315e+01 7.000000000000000666e-02 1.174816133677714314e+00 8.016863699526058373e-02
5.000000000000000000e+00 3.199999999999905498e+01 7.000000000000000666e-02 1.176175463494929962e+00 9.867443610113411923e-02
