5.000000000000000000e+00 7.812500000000000000e-03 4.699999999999999734e-01 3.017827990585220554e+00 9.503582657947554635e-01
5.000000000000000000e+00 8.373230176064788352e-03 4.699999999999999734e-01 2.756628469260173908e+00 8.880870100638325049e-01
5.000000000000000000e+00 8.974205898414331500e-03 4.699999999999999734e-01 2.563958865411855026e+00 8.073621481833445079e-01
5.000000000000000000e+00 9.618315729257151739e-03 4.699999999999999734e-01 2.353432315082743198e+00 7.815722340139243940e-01
5.000000000000000000e+00 1.030865555291322552e-02 4.699999999999999734e-01 2.145024862828324164e+00 6.440594844432842025e-01
5.000000000000000000e+00 1.104854345603979195e-02 4.699999999999999734e-01 2.021760982179260147e+00 6.321253849715058326e-01
5.000000000000000000e+00 1.184153567586246694e-02 4.699999999999999734e-01 1.848942219250933050e+00 5.796730980140571976e-01
5.000000000000000000e+00 1.269144369306615845e-02 4.699999999999999734e-01 1.671897609882161406e+00 4.842581405978128029e-01
5.000000000000000000e+00 1.360235255150191343e-02 4.699999999999999734e-01 1.603603912547926003e+00 4.577161628773948054e-01
5.000000000000000000e+00 1.457864049276258282e-02 4.699999999999999734e-01 1.513940779972306583e+00 4.382697360741233950e-01
5.000000000000000000e+00 1.562499999999996184e-02 4.699999999999999734e-01 1.442336924424560518e+00 4.117894880916756484e-01
5.000000000000000000e+00 1.674646035212953507e-02 4.699999999999999734e-01 1.391758374451168123e+00 4.259051957033790914e-01
5.000000000000000000e+00 1.794841179682861790e-02 4.699999999999999734e-01 1.319803937151502682e+00 3.601764724671701057e-01
5.000000000000000000e+00 1.923663145851425491e-02 4.699999999999999734e-01 1.257659754655092277e+00 2.952167017514155667e-01
5.000000000000000000e+00 2.061731110582640247e-02 4.699999999999999734e-01 1.233508081461249350e+00 3.007619003343712794e-01
5.000000000000000000e+00 2.209708691207952838e-02 4.699999999999999734e-01 1.206941805536179135e+00 3.030674639057621134e-01
5.000000000000000000e+00 2.368307135172487837e-02 4.699999999999999734e-01 1.163776379048549581e+00 2.417131711667601657e-01
5.000000000000000000e+00 2.538288738613225445e-02 4.699999999999999734e-01 1.130304766058856547e+00 2.018547012097372806e-01
5.000000000000000000e+00 2.720470510300375747e-02 4.699999999999999734e-01 1.112402610487632115e+00 1.904924646446212455e-01
5.000000000000000000e+00 2.915728098552509626e-02 4.699999999999999734e-01 1.092092276079882129e+00 1.675162008685588400e-01
5.000000000000000000e+00 3.124999999999984734e-02 4.699999999999999734e-01 1.069431299313086337e+00 1.308338222272048268e-01
5.000000000000000000e+00 3.349292070425898687e-02 4.699999999999999734e-01 1.060675117150954971e+00 1.277906548992817082e-01
5.000000000000000000e+00 3.589682359365715253e-02 4.699999999999999734e-01 1.045585206280087220e+00 9.913917873584400520e-02
5.000000000000000000e+00 3.847326291702841267e-02 4.699999999999999734e-01 1.035493364964797269e+00 8.122440945890378738e-02
5.000000000000000000e+00 4.123462221165270086e-02 4.699999999999999734e-01 1.027658215637980987e+00 6.616220357671238894e-02
5.000000000000000000e+00 4.419417382415894574e-02 4.699999999999999734e-01 1.021706944437034581e+00 5.403347998091590637e-02
5.000000000000000000e+00 4.736614270344963878e-02 4.699999999999999734e-01 1.017324341925855746e+00 4.445182531890351507e-02
5.000000000000000000e+00 5.076577477226438401e-02 4.699999999999999734e-01 1.014209035476807852e+00 3.728377354793054738e-02
5.000000000000000000e+00 5.440941020600738309e-02 4.699999999999999734e-01 1.011990071521965184e+00 3.185021732697222024e-02
5.000000000000000000e+00 5.831456197105004680e-02 4.699999999999999734e-01 1.010111627610947860e+00 2.689699048191198857e-02
5.000000000000000000e+00 6.249999999999953509e-02 4.699999999999999734e-01 1.008803136387472321e+00 2.333657279092684819e-02
5.000000000000000000e+00 6.698584140851780722e-02 4.699999999999999734e-01 1.007639677796124955e+00 2.004541566526594695e-02
5.000000000000000000e+00 7.179364718731412465e-02 4.699999999999999734e-01 1.006802380916914430e+00 1.764929007779632644e-02
5.000000000000000000e+00 7.694652583405664492e-02 4.699999999999999734e-01 1.005929058615054661e+00 1.510758018655189265e-02
5.000000000000000000e+00 8.246924442330520744e-02 4.699999999999999734e-01 1.005144097404202075e+00 1.281348483165066499e-02
5.000000000000000000e+00 8.838834764831768331e-02 4.699999999999999734e-01 1.004411815150617837e+00 1.066979221929815341e-02
5.000000000000000000e+00 9.473228540689904165e-02 4.699999999999999734e-01 1.003781530280784207e+00 8.827765213334575270e-03
5.000000000000000000e+00 1.015315495445285182e-01 4.699999999999999734e-01 1.003204464060000856e+00 7.143193238241524537e-03
5.000000000000000000e+00 1.088188204120145025e-01 4.699999999999999734e-01 1.002732926815864456e+00 5.774272351986807321e-03
5.000000000000000000e+00 1.166291239420998022e-01 4.699999999999999734e-01 1.002343554350833443e+00 4.652520171992307815e-03
5.000000000000000000e+00 1.249999999999987649e-01 4.699999999999999734e-01 1.002038630448027323e+00 3.786079988935438668e-03
5.000000000000000000e+00 1.339716828170352814e-01 4.699999999999999734e-01 1.001804531302271428e+00 3.135168479550445170e-03
5.000000000000000000e+00 1.435872943746278885e-01 4.699999999999999734e-01 1.001618006620264012e+00 2.631020310279233703e-03
5.000000000000000000e+00 1.538930516681129013e-01 4.699999999999999734e-01 1.001471812385443583e+00 2.252152364771800759e-03
5.000000000000000000e+00 1.649384888466099985e-01 4.699999999999999734e-01 1.001321956634850574e+00 1.868345118719619410e-03
5.000000000000000000e+00 1.767766952966349225e-01 4.699999999999999734e-01 1.001160826880549193e+00 1.458026129813226645e-03
5.000000000000000000e+00 1.894645708137976114e-01 4.699999999999999734e-01 1.000999813298947050e+00 1.056579994013212434e-03
5.000000000000000000e+00 2.030630990890565368e-01 4.699999999999999734e-01 1.000869033959417953e+00 7.521054187440372575e-04
5.000000000000000000e+00 2.176376408240284499e-01 4.699999999999999734e-01 1.000781731387397899e+00 5.746601386161589737e-04
5.000000000000000000e+00 2.332582478841990492e-01 4.699999999999999734e-01 1.000716536061533768e+00 4.546468046990044900e-04
5.000000000000000000e+00 2.499999999999969191e-01 4.699999999999999734e-01 1.000659372556126581e+00 3.473748656360173053e-04
5.000000000000000000e+00 2.679433656340699521e-01 4.699999999999999734e-01 1.000618862923903896e+00 2.617390139962271736e-04
5.000000000000000000e+00 2.871745887492550553e-01 4.699999999999999734e-01 1.000613387907360430e+00 2.078025228839037238e-04
5.000000000000000000e+00 3.077861033362250809e-01 4.699999999999999734e-01 1.000650990367224713e+00 1.693057914798325398e-04
5.000000000000000000e+00 3.298769776932191644e-01 4.699999999999999734e-01 1.000741651299729806e+00 1.514338036089887319e-04
5.000000000000000000e+00 3.535533905932689569e-01 4.699999999999999734e-01 1.000923700885563594e+00 2.239998196232106454e-04
5.000000000000000000e+00 3.789291416275942792e-01 4.699999999999999734e-01 1.001259424787250163e+00 4.421403419084502743e-04
5.000000000000000000e+00 4.061261981781120745e-01 4.699999999999999734e-01 1.001863294028531026e+00 8.813486277781656117e-04
5.000000000000000000e+00 4.352752816480558451e-01 4.699999999999999734e-01 1.002953597713571288e+00 1.739382337687965302e-03
5.000000000000000000e+00 4.665164957683969327e-01 4.699999999999999734e-01 1.004937940446517075e+00 3.431366214153384626e-03
5.000000000000000000e+00 4.999999999999926170e-01 4.699999999999999734e-01 1.008564636362966116e+00 6.806177011523494892e-03
5.000000000000000000e+00 5.358867312681385719e-01 4.699999999999999734e-01 1.015178910433286230e+00 1.349924048485468334e-02
5.000000000000000000e+00 5.743491774985087783e-01 4.699999999999999734e-01 1.026299558598313455e+00 2.549276796223953756e-02
5.000000000000000000e+00 6.155722066724486075e-01 4.699999999999999734e-01 1.041739160470785519e+00 4.201951669361050218e-02
5.000000000000000000e+00 6.597539553864367745e-01 4.699999999999999734e-01 1.058404289909088192e+00 5.683041073756299466e-02
5.000000000000000000e+00 7.071067811865362485e-01 4.699999999999999734e-01 1.074362432246918519e+00 6.392865876286030202e-02
5.000000000000000000e+00 7.578582832551866710e-01 4.699999999999999734e-01 1.089518693892499668e+00 6.866805386598019700e-02
5.000000000000000000e+00 8.122523963562221505e-01 4.699999999999999734e-01 1.108620429329761681e+00 8.232653169775219770e-02
5.000000000000000000e+00 8.705505632961095808e-01 4.699999999999999734e-01 1.129356607321606365e+00 9.785261097690459153e-02
5.000000000000000000e+00 9.330329915367915339e-01 4.699999999999999734e-01 1.146358479840220657e+00 1.155993111615058050e-01
5.000000000000000000e+00 9.999999999999827915e-01 4.699999999999999734e-01 1.160311958614183458e+00 1.298529373820919708e-01
5.000000000000000000e+00 1.071773462536274479e+00 4.699999999999999734e-01 1.175607673765858063e+00 1.452476627777070650e-01
5.000000000000000000e+00 1.148698354997014670e+00 4.699999999999999734e-01 1.184998893754170002e+00 1.540825287610671224e-01
5.000000000000000000e+00 1.231144413344894106e+00 4.699999999999999734e-01 1.181539905805556234e+00 1.430212052966358116e-01
5.000000000000000000e+00 1.319507910772870218e+00 4.699999999999999734e-01 1.169076816594455170e+00 1.189875772652763675e-01
5.000000000000000000e+00 1.414213562373068944e+00 4.699999999999999734e-01 1.160301068973626615e+00 9.775023528483775537e-02
5.000000000000000000e+00 1.515716566510369789e+00 4.699999999999999734e-01 1.156461037268294634e+00 8.769921220181552124e-02
5.000000000000000000e+00 1.624504792712440304e+00 4.699999999999999734e-01 1.157685650411601763e+00 1.031400290817870297e-01
5.000000000000000000e+00 1.741101126592214943e+00 4.699999999999999734e-01 1.160530518678948964e+00 1.165494569994018348e-01
5.000000000000000000e+00 1.866065983073578627e+00 4.699999999999999734e-01 1.176563288319690592e+00 1.406406659996145836e-01
5.000000000000000000e+00 1.999999999999960698e+00 4.699999999999999734e-01 1.172435836137964760e+00 1.298668592958723833e-01
5.000000000000000000e+00 2.143546925072543630e+00 4.699999999999999734e-01 1.164477868840328556e+00 1.091897109090417123e-01
5.000000000000000000e+00 2.297396709994023567e+00 4.699999999999999734e-01 1.181341413752942326e+00 1.282982531609105636e-01
5.000000000000000000e+00 2.462288826689782439e+00 4.699999999999999734e-01 1.188995948471436082e+00 1.565351654352111488e-01
5.000000000000000000e+00 2.639015821545733775e+00 4.699999999999999734e-01 1.191863494077356922e+00 1.576216803902983910e-01
5.000000000000000000e+00 2.828427124746130783e+00 4.699999999999999734e-01 1.187747887189200657e+00 1.450465624361493289e-01
5.000000000000000000e+00 3.031433133020732029e+00 4.699999999999999734e-01 1.177873645544571968e+00 1.310677567157743084e-01
5.000000000000000000e+00 3.249009585424872615e+00 4.699999999999999734e-01 1.207820874152223611e+00 2.140135329211429183e-01
5.000000000000000000e+00 3.482202253184421004e+00 4.699999999999999734e-01 1.196040823632908978e+00 1.898035689336373122e-01
5.000000000000000000e+00 3.732131966147147928e+00 4.699999999999999734e-01 1.152367610368733253e+00 9.179525777030357603e-02
5.000000000000000000e+00 3.999999999999911182e+00 4.699999999999999734e-01 1.126399279405153386e+00 4.534165772976059272e-02
5.000000000000000000e+00 4.287093850145076601e+00 4.699999999999999734e-01 1.154116800297495526e+00 1.284507033652731167e-01
5.000000000000000000e+00 4.594793419988035588e+00 4.699999999999999734e-01 1.141147543629698724e+00 6.061390457624610262e-02
5.000000000000000000e+00 4.924577653379552444e+00 4.699999999999999734e-01 1.162452268549605261e+00 6.657299393119098241e-02
5.000000000000000000e+00 5.278031643091455116e+00 4.699999999999999734e-01 1.147744510985652999e+00 1.166487896321082990e-01
5.000000000000000000e+00 5.656854249492248243e+00 4.699999999999999734e-01 1.131435600722859647e+00 7.803822295391452113e-02
5.000000000000000000e+00 6.062866266041448959e+00 4.699999999999999734e-01 1.164742637472758080e+00 7.455025670460378728e-02
5.000000000000000000e+00 6.498019170849729242e+00 4.699999999999999734e-01 1.148436306936687856e+00 6.412838796174973044e-02
5.000000000000000000e+00 6.964404506368825132e+00 4.699999999999999734e-01 1.137990710711976217e+00 5.727553850411746389e-02
5.000000000000000000e+00 7.464263932294277204e+00 4.699999999999999734e-01 1.161320413670986262e+00 5.816060124849116442e-02
5.000000000000000000e+00 7.999999999999802824e+00 4.699999999999999734e-01 1.140227388041129108e+00 6.086770675542590298e-02
5.000000000000000000e+00 8.574187700290131886e+00 4.699999999999999734e-01 1.162896283838530831e+00 1.024694718263304410e-01
5.000000000000000000e+00 9.189586839976049859e+00 4.699999999999999734e-01 1.149767067031253642e+00 7.834745426848875594e-02
5.000000000000000000e+00 9.849155306759080020e+00 4.699999999999999734e-01 1.193369406236458152e+00 1.076225204972386523e-01
5.000000000000000000e+00 1.055606328618288359e+01 4.699999999999999734e-01 1.222876179272973207e+00 1.272715217334765558e-01
5.000000000000000000e+00 1.131370849898446806e+01 4.699999999999999734e-01 1.179035717945171591e+00 1.023657210076286406e-01
5.000000000000000000e+00 1.212573253208286772e+01 4.699999999999999734e-01 1.163090143573027202e+00 6.178326998131061093e-02
5.000000000000000000e+00 1.299603834169942651e+01 4.699999999999999734e-01 1.196472949403819985e+00 1.037564604444388555e-01
5.000000000000000000e+00 1.392880901273761651e+01 4.699999999999999734e-01 1.167771730795961194e+00 1.081822880961923611e-01
5.000000000000000000e+00 1.492852786458851710e+01 4.699999999999999734e-01 1.149922791838858149e+00 8.295185528851342638e-02
5.000000000000000000e+00 1.599999999999956657e+01 4.699999999999999734e-01 1.179952628857292130e+00 1.563769839900372438e-01
5.000000000000000000e+00 1.714837540058022114e+01 4.699999999999999734e-01 1.160021844399900193e+00 8.960494957032597019e-02
5.000000000000000000e+00 1.837917367995205353e+01 4.699999999999999734e-01 1.186668629042942014e+00 8.690283409098714662e-02
5.000000000000000000e+00 1.969831061351811385e+01 4.699999999999999734e-01 1.157640531635321990e+00 1.167842327980019579e-01
5.000000000000000000e+00 2.111212657236571388e+01 4.699999999999999734e-01 1.156700657333117332e+00 7.741256248899588965e-02
5.000000000000000000e+00 2.262741699796887929e+01 4.699999999999999734e-01 1.133864706193947525e+00 5.330192330871062062e-02
5.000000000000000000e+00 2.425146506416567505e+01 4.699999999999999734e-01 1.138740376540297694e+00 4.812484172915656999e-02
5.000000000000000000e+00 2.599207668339878907e+01 4.699999999999999734e-01 1.199908256911160764e+00 1.513939476123403183e-01
5.000000000000000000e+00 2.785761802547516197e+01 4.699999999999999734e-01 1.169160852250511029e+00 1.187605658877458753e-01
5.000000000000000000e+00 2.985705572917696315e+01 4.699999999999999734e-01 1.157703889398543851e+00 6.829772186359726882e-02
5.000000000000000000e+00 3.199999999999905498e+01 4.699999999999999734e-01 1.158389638867852511e+00 8.902991815913056939e-02
