5.000000000000000000e+00 7.812500000000000000e-03 3.699999999999999956e-01 2.469143778741915263e+00 7.256565160751167198e-01
5.000000000000000000e+00 8.373230176064788352e-03 3.699999999999999956e-01 2.253564616062400550e+00 6.561254086529949570e-01
5.000000000000000000e+00 8.974205898414331500e-03 3.699999999999999956e-01 2.113353394906966720e+00 5.847873911477358133e-01
5.000000000000000000e+00 9.618315729257151739e-03 3.699999999999999956e-01 1.960879271254542644e+00 5.669571470015805081e-01
5.000000000000000000e+00 1.030865555291322552e-02 3.699999999999999956e-01 1.814599272810697439e+00 4.605651829847404177e-01
5.000000000000000000e+00 1.104854345603979195e-02 3.699999999999999956e-01 1.726023071114036300e+00 4.602923291779859039e-01
5.000000000000000000e+00 1.184153567586246694e-02 3.699999999999999956e-01 1.600782809963914755e+00 4.177058595599611457e-01
5.000000000000000000e+00 1.269144369306615845e-02 3.699999999999999956e-01 1.477349806551124356e+00 3.513203285139166465e-01
5.000000000000000000e+00 1.360235255150191343e-02 3.699999999999999956e-01 1.428750118161589810e+00 3.318067412792891080e-01
5.000000000000000000e+00 1.457864049276258282e-02 3.699999999999999956e-01 1.363731255484710303e+00 3.139924422811377624e-01
5.000000000000000000e+00 1.562499999999996184e-02 3.699999999999999956e-01 1.315192728672641254e+00 2.995829029322134573e-01
5.000000000000000000e+00 1.674646035212953507e-02 3.699999999999999956e-01 1.278271027910502067e+00 3.067418592303073344e-01
5.000000000000000000e+00 1.794841179682861790e-02 3.699999999999999956e-01 1.227081824446747182e+00 2.586075843269315944e-01
5.000000000000000000e+00 1.923663145851425491e-02 3.699999999999999956e-01 1.181671667543271909e+00 2.084326452391659368e-01
5.000000000000000000e+00 2.061731110582640247e-02 3.699999999999999956e-01 1.165453947776901922e+00 2.144269103306452040e-01
5.000000000000000000e+00 2.209708691207952838e-02 3.699999999999999956e-01 1.145992936120529437e+00 2.141202197328699874e-01
5.000000000000000000e+00 2.368307135172487837e-02 3.699999999999999956e-01 1.115275429638622473e+00 1.699701863387931278e-01
5.000000000000000000e+00 2.538288738613225445e-02 3.699999999999999956e-01 1.091609019329496943e+00 1.416815951154954678e-01
5.000000000000000000e+00 2.720470510300375747e-02 3.699999999999999956e-01 1.078970549606278029e+00 1.336019689726140880e-01
5.000000000000000000e+00 2.915728098552509626e-02 3.699999999999999956e-01 1.064647381153745354e+00 1.173891174495251266e-01
5.000000000000000000e+00 3.124999999999984734e-02 3.699999999999999956e-01 1.048714714686864280e+00 9.164061637618252376e-02
5.000000000000000000e+00 3.349292070425898687e-02 3.699999999999999956e-01 1.042507878996234982e+00 8.942716940202116715e-02
5.000000000000000000e+00 3.589682359365715253e-02 3.699999999999999956e-01 1.031953183309989752e+00 6.949308190339389957e-02
5.000000000000000000e+00 3.847326291702841267e-02 3.699999999999999956e-01 1.024890777246062701e+00 5.703204935266840969e-02
5.000000000000000000e+00 4.123462221165270086e-02 3.699999999999999956e-01 1.019392405466521989e+00 4.650609491155992259e-02
5.000000000000000000e+00 4.419417382415894574e-02 3.699999999999999956e-01 1.015215638181927726e+00 3.802710763512202885e-02
5.000000000000000000e+00 4.736614270344963878e-02 3.699999999999999956e-01 1.012142202667776214e+00 3.132770305194809701e-02
5.000000000000000000e+00 5.076577477226438401e-02 3.699999999999999956e-01 1.009952343159192134e+00 2.629888629298005043e-02
5.000000000000000000e+00 5.440941020600738309e-02 3.699999999999999956e-01 1.008392498335519694e+00 2.248492546398514133e-02
5.000000000000000000e+00 5.831456197105004680e-02 3.699999999999999956e-01 1.007070080158757541e+00 1.899946141955641959e-02
5.000000000000000000e+00 6.249999999999953509e-02 3.699999999999999956e-01 1.006148928550607335e+00 1.649353426567939235e-02
5.000000000000000000e+00 6.698584140851780722e-02 3.699999999999999956e-01 1.005329033448271847e+00 1.417375824141677183e-02
5.000000000000000000e+00 7.179364718731412465e-02 3.699999999999999956e-01 1.004737713862474013e+00 1.248053202663242621e-02
5.000000000000000000e+00 7.694652583405664492e-02 3.699999999999999956e-01 1.004121627898942881e+00 1.068616781823598406e-02
5.000000000000000000e+00 8.246924442330520744e-02 3.699999999999999956e-01 1.003567291530911731e+00 9.064451947096501330e-03
5.000000000000000000e+00 8.838834764831768331e-02 3.699999999999999956e-01 1.003050978504575141e+00 7.551104659658491348e-03
5.000000000000000000e+00 9.473228540689904165e-02 3.699999999999999956e-01 1.002605811876137398e+00 6.247817932710900829e-03
5.000000000000000000e+00 1.015315495445285182e-01 3.699999999999999956e-01 1.002199129248184883e+00 5.058019082278484777e-03
5.000000000000000000e+00 1.088188204120145025e-01 3.699999999999999956e-01 1.001866713244410567e+00 4.089922741814163223e-03
5.000000000000000000e+00 1.166291239420998022e-01 3.699999999999999956e-01 1.001592295246965802e+00 3.295788853112397148e-03
5.000000000000000000e+00 1.249999999999987649e-01 3.699999999999999956e-01 1.001378056854899112e+00 2.683030555940588147e-03
5.000000000000000000e+00 1.339716828170352814e-01 3.699999999999999956e-01 1.001213870648018034e+00 2.221983226415018969e-03
5.000000000000000000e+00 1.435872943746278885e-01 3.699999999999999956e-01 1.001083707372659060e+00 1.865136885164323443e-03
5.000000000000000000e+00 1.538930516681129013e-01 3.699999999999999956e-01 1.000982214224981348e+00 1.596506804402733149e-03
5.000000000000000000e+00 1.649384888466099985e-01 3.699999999999999956e-01 1.000878522588389830e+00 1.324259756224087847e-03
5.000000000000000000e+00 1.767766952966349225e-01 3.699999999999999956e-01 1.000767358959315789e+00 1.032876238495025875e-03
5.000000000000000000e+00 1.894645708137976114e-01 3.699999999999999956e-01 1.000656938198812185e+00 7.469685860614968392e-04
5.000000000000000000e+00 2.030630990890565368e-01 3.699999999999999956e-01 1.000568709348121255e+00 5.286652768243999857e-04
5.000000000000000000e+00 2.176376408240284499e-01 3.699999999999999956e-01 1.000512436013059281e+00 4.003472491380960659e-04
5.000000000000000000e+00 2.332582478841990492e-01 3.699999999999999956e-01 1.000473471097562905e+00 3.124085052801836549e-04
5.000000000000000000e+00 2.499999999999969191e-01 3.699999999999999956e-01 1.000442701231925025e+00 2.318840923732394196e-04
5.000000000000000000e+00 2.679433656340699521e-01 3.699999999999999956e-01 1.000427592544018474e+00 1.653218478103219856e-04
5.000000000000000000e+00 2.871745887492550553e-01 3.699999999999999956e-01 1.000443252406769679e+00 1.243765502256009652e-04
5.000000000000000000e+00 3.077861033362250809e-01 3.699999999999999956e-01 1.000499152987890605e+00 1.059921343480863508e-04
5.000000000000000000e+00 3.298769776932191644e-01 3.699999999999999956e-01 1.000608521761364722e+00 1.340377979382707059e-04
5.000000000000000000e+00 3.535533905932689569e-01 3.699999999999999956e-01 1.000809861434067471e+00 2.500725554284155550e-04
5.000000000000000000e+00 3.789291416275942792e-01 3.699999999999999956e-01 1.001166674566592807e+00 4.881914429137512094e-04
5.000000000000000000e+00 4.061261981781120745e-01 3.699999999999999956e-01 1.001796337964943273e+00 9.402945451839121683e-04
5.000000000000000000e+00 4.352752816480558451e-01 3.699999999999999956e-01 1.002920643802596601e+00 1.812050462413048119e-03
5.000000000000000000e+00 4.665164957683969327e-01 3.699999999999999956e-01 1.004952585312181679e+00 3.524010634013502018e-03
5.000000000000000000e+00 4.999999999999926170e-01 3.699999999999999956e-01 1.008647519842915452e+00 6.932210450155932777e-03
5.000000000000000000e+00 5.358867312681385719e-01 3.699999999999999956e-01 1.015359121477088511e+00 1.367950889574227891e-02
5.000000000000000000e+00 5.743491774985087783e-01 3.699999999999999956e-01 1.026612073603077047e+00 2.574549595299932894e-02
5.000000000000000000e+00 6.155722066724486075e-01 3.699999999999999956e-01 1.042212790730558059e+00 4.233816874532581737e-02
5.000000000000000000e+00 6.597539553864367745e-01 3.699999999999999956e-01 1.059036749399250521e+00 5.718982512121628670e-02
5.000000000000000000e+00 7.071067811865362485e-01 3.699999999999999956e-01 1.075152586362292162e+00 6.436466354271511148e-02
5.000000000000000000e+00 7.578582832551866710e-01 3.699999999999999956e-01 1.090497101465195851e+00 6.934015323330597336e-02
5.000000000000000000e+00 8.122523963562221505e-01 3.699999999999999956e-01 1.109867347199893217e+00 8.344125275323423241e-02
5.000000000000000000e+00 8.705505632961095808e-01 3.699999999999999956e-01 1.130977344754410252e+00 9.963045823993599281e-02
5.000000000000000000e+00 9.330329915367915339e-01 3.699999999999999956e-01 1.148453465298112652e+00 1.181786207782685449e-01
5.000000000000000000e+00 9.999999999999827915e-01 3.699999999999999956e-01 1.162965998513595167e+00 1.332685993193161722e-01
5.000000000000000000e+00 1.071773462536274479e+00 3.699999999999999956e-01 1.178574283357766372e+00 1.490003477418371802e-01
5.000000000000000000e+00 1.148698354997014670e+00 3.699999999999999956e-01 1.188049838478937303e+00 1.577589140849694760e-01
5.000000000000000000e+00 1.231144413344894106e+00 3.699999999999999956e-01 1.184471538187838791e+00 1.460030914597000573e-01
5.000000000000000000e+00 1.319507910772870218e+00 3.699999999999999956e-01 1.171914315035210485e+00 1.209873756575260972e-01
5.000000000000000000e+00 1.414213562373068944e+00 3.699999999999999956e-01 1.163369747556770806e+00 9.919310600304090397e-02
5.000000000000000000e+00 1.515716566510369789e+00 3.699999999999999956e-01 1.159829803717069341e+00 8.925984113868130898e-02
5.000000000000000000e+00 1.624504792712440304e+00 3.699999999999999956e-01 1.161110958021843276e+00 1.052033643329293305e-01
5.000000000000000000e+00 1.741101126592214943e+00 3.699999999999999956e-01 1.164095492950144584e+00 1.191894044943914432e-01
5.000000000000000000e+00 1.866065983073578627e+00 3.699999999999999956e-01 1.180534599357657477e+00 1.440447522111789891e-01
5.000000000000000000e+00 1.999999999999960698e+00 3.699999999999999956e-01 1.175976429086099229e+00 1.326752970647536167e-01
5.000000000000000000e+00 2.143546925072543630e+00 3.699999999999999956e-01 1.167421408058101129e+00 1.115676546197135327e-01
5.000000000000000000e+00 2.297396709994023567e+00 3.699999999999999956e-01 1.184329408427948760e+00 1.304762817180411816e-01
5.000000000000000000e+00 2.462288826689782439e+00 3.699999999999999956e-01 1.192306023453655328e+00 1.593764588425465312e-01
5.000000000000000000e+00 2.639015821545733775e+00 3.699999999999999956e-01 1.195798282233994758e+00 1.617558652062748847e-01
5.000000000000000000e+00 2.828427124746130783e+00 3.699999999999999956e-01 1.192562721599743636e+00 1.491536992584599486e-01
5.000000000000000000e+00 3.031433133020732029e+00 3.699999999999999956e-01 1.182854288011795818e+00 1.351754039020261755e-01
5.000000000000000000e+00 3.249009585424872615e+00 3.699999999999999956e-01 1.212515324544289008e+00 2.187533010208480289e-01
5.000000000000000000e+00 3.482202253184421004e+00 3.699999999999999956e-01 1.200265466193553898e+00 1.931803030297468415e-01
5.000000000000000000e+00 3.732131966147147928e+00 3.699999999999999956e-01 1.155137522818804552e+00 9.289560688285090906e-02
5.000000000000000000e+00 3.999999999999911182e+00 3.699999999999999956e-01 1.129227561136539659e+00 4.617955977060125838e-02
5.000000000000000000e+00 4.287093850145076601e+00 3.699999999999999956e-01 1.158245191677561792e+00 1.323609033224983911e-01
5.000000000000000000e+00 4.594793419988035588e+00 3.699999999999999956e-01 1.144394115085971775e+00 6.215398664362671577e-02
5.000000000000000000e+00 4.924577653379552444e+00 3.699999999999999956e-01 1.166543520759429686e+00 6.899209459266043842e-02
5.000000000000000000e+00 5.278031643091455116e+00 3.699999999999999956e-01 1.151041960720285529e+00 1.193236508878544877e-01
5.000000000000000000e+00 5.656854249492248243e+00 3.699999999999999956e-01 1.134979606452934942e+00 8.076225274695347789e-02
5.000000000000000000e+00 6.062866266041448959e+00 3.699999999999999956e-01 1.169328038383948165e+00 7.663626464550152284e-02
5.000000000000000000e+00 6.498019170849729242e+00 3.699999999999999956e-01 1.152179848631526671e+00 6.534813355551527536e-02
5.000000000000000000e+00 6.964404506368825132e+00 3.699999999999999956e-01 1.141290065189365155e+00 5.918130981416250269e-02
5.000000000000000000e+00 7.464263932294277204e+00 3.699999999999999956e-01 1.164636007059418166e+00 6.005679027097058503e-02
5.000000000000000000e+00 7.999999999999802824e+00 3.699999999999999956e-01 1.143413625273581369e+00 6.236546287539072170e-02
5.000000000000000000e+00 8.574187700290131886e+00 3.699999999999999956e-01 1.166928566048962557e+00 1.064614019573518755e-01
5.000000000000000000e+00 9.189586839976049859e+00 3.699999999999999956e-01 1.153341020496080116e+00 7.992998962459008094e-02
5.000000000000000000e+00 9.849155306759080020e+00 3.699999999999999956e-01 1.197946868864582015e+00 1.101562746439790352e-01
5.000000000000000000e+00 1.055606328618288359e+01 3.699999999999999956e-01 1.227643236135973925e+00 1.293832703421465558e-01
5.000000000000000000e+00 1.131370849898446806e+01 3.699999999999999956e-01 1.182728835533204625e+00 1.046047580352712919e-01
5.000000000000000000e+00 1.212573253208286772e+01 3.699999999999999956e-01 1.166254057889287044e+00 6.310001699905395944e-02
5.000000000000000000e+00 1.299603834169942651e+01 3.699999999999999956e-01 1.201059712566128646e+00 1.063511360072395134e-01
5.000000000000000000e+00 1.392880901273761651e+01 3.699999999999999956e-01 1.171262844916814760e+00 1.102073356368249712e-01
5.000000000000000000e+00 1.492852786458851710e+01 3.699999999999999956e-01 1.153502805925485930e+00 8.437945687864635558e-02
5.000000000000000000e+00 1.599999999999956657e+01 3.699999999999999956e-01 1.184272751085317044e+00 1.600862569590628115e-01
5.000000000000000000e+00 1.714837540058022114e+01 3.699999999999999956e-01 1.163520131410362257e+00 9.145811800951905712e-02
5.000000000000000000e+00 1.837917367995205353e+01 3.699999999999999956e-01 1.190188787573712492e+00 8.871600551682091995e-02
5.000000000000000000e+00 1.969831061351811385e+01 3.699999999999999956e-01 1.161147531013371870e+00 1.191135846617131094e-01
5.000000000000000000e+00 2.111212657236571388e+01 3.699999999999999956e-01 1.160470737574816891e+00 7.928409958916989020e-02
5.000000000000000000e+00 2.262741699796887929e+01 3.699999999999999956e-01 1.137105547519056348e+00 5.428964877949399304e-02
5.000000000000000000e+00 2.425146506416567505e+01 3.699999999999999956e-01 1.141617552022256898e+00 4.917594545966726127e-02
5.000000000000000000e+00 2.599207668339878907e+01 3.699999999999999956e-01 1.203528972847755618e+00 1.549826157297853058e-01
5.000000000000000000e+00 2.785761802547516197e+01 3.699999999999999956e-01 1.172219244359202106e+00 1.207572805123655335e-01
5.000000000000000000e+00 2.985705572917696315e+01 3.699999999999999956e-01 1.160931630437029849e+00 7.048436760358117725e-02
5.000000000000000000e+00 3.199999999999905498e+01 3.699999999999999956e-01 1.161797718398634327e+00 9.072805347167732515e-02
