5.000000000000000000e+00 7.812500000000000000e-03 2.300000000000000100e-01 1.979301560313832198e+00 4.900570640251633581e-01
5.000000000000000000e+00 8.373230176064788352e-03 2.300000000000000100e-01 1.825667484219067216e+00 4.350031716240322366e-01
5.000000000000000000e+00 8.974205898414331500e-03 2.300000000000000100e-01 1.733455584894105783e+00 3.836816335219310203e-01
5.000000000000000000e+00 9.618315729257151739e-03 2.300000000000000100e-01 1.632732563715567409e+00 3.740616880032906488e-01
5.000000000000000000e+00 1.030865555291322552e-02 2.300000000000000100e-01 1.539412174550886636e+00 3.041695508910974288e-01
5.000000000000000000e+00 1.104854345603979195e-02 2.300000000000000100e-01 1.480399327443004065e+00 3.073471096559442506e-01
5.000000000000000000e+00 1.184153567586246694e-02 2.300000000000000100e-01 1.397005277331055284e+00 2.773103987503883761e-01
5.000000000000000000e+00 1.269144369306615845e-02 2.300000000000000100e-01 1.317093610984492624e+00 2.354506575342356078e-01
5.000000000000000000e+00 1.360235255150191343e-02 2.300000000000000100e-01 1.284890261226238950e+00 2.220083484270486407e-01
5.000000000000000000e+00 1.457864049276258282e-02 2.300000000000000100e-01 1.241145536363361224e+00 2.086015055837170673e-01
5.000000000000000000e+00 1.562499999999996184e-02 2.300000000000000100e-01 1.210079595841767830e+00 2.013475952205263098e-01
5.000000000000000000e+00 1.674646035212953507e-02 2.300000000000000100e-01 1.184927546375254881e+00 2.043131018842408164e-01
5.000000000000000000e+00 1.794841179682861790e-02 2.300000000000000100e-01 1.151071207289937615e+00 1.724604366298802538e-01
5.000000000000000000e+00 1.923663145851425491e-02 2.300000000000000100e-01 1.120463759020176919e+00 1.378152190977272318e-01
5.000000000000000000e+00 2.061731110582640247e-02 2.300000000000000100e-01 1.110014433533630385e+00 1.426305530566288060e-01
5.000000000000000000e+00 2.209708691207952838e-02 2.300000000000000100e-01 1.096734265643727113e+00 1.415493049606829090e-01
5.000000000000000000e+00 2.368307135172487837e-02 2.300000000000000100e-01 1.076356108894111374e+00 1.122986218502569217e-01
5.000000000000000000e+00 2.538288738613225445e-02 2.300000000000000100e-01 1.060660477759656439e+00 9.364767005295175639e-02
5.000000000000000000e+00 2.720470510300375747e-02 2.300000000000000100e-01 1.052237446611535843e+00 8.824734476726042720e-02
5.000000000000000000e+00 2.915728098552509626e-02 2.300000000000000100e-01 1.042739826186600105e+00 7.757782794127854320e-02
5.000000000000000000e+00 3.124999999999984734e-02 2.300000000000000100e-01 1.032195774293918067e+00 6.063054163733935104e-02
5.000000000000000000e+00 3.349292070425898687e-02 2.300000000000000100e-01 1.028042491085909171e+00 5.913234155783729518e-02
5.000000000000000000e+00 3.589682359365715253e-02 2.300000000000000100e-01 1.021070366757924841e+00 4.604608607199914272e-02
5.000000000000000000e+00 3.847326291702841267e-02 2.300000000000000100e-01 1.016399441959761285e+00 3.785942889061262584e-02
5.000000000000000000e+00 4.123462221165270086e-02 2.300000000000000100e-01 1.012752292762310713e+00 3.090819946177549363e-02
5.000000000000000000e+00 4.419417382415894574e-02 2.300000000000000100e-01 1.009980420337529772e+00 2.530338578176132350e-02
5.000000000000000000e+00 4.736614270344963878e-02 2.300000000000000100e-01 1.007942294155972807e+00 2.087328314465689699e-02
5.000000000000000000e+00 5.076577477226438401e-02 2.300000000000000100e-01 1.006486931895562709e+00 1.753713695441790760e-02
5.000000000000000000e+00 5.440941020600738309e-02 2.300000000000000100e-01 1.005450526279946910e+00 1.500615562009177152e-02
5.000000000000000000e+00 5.831456197105004680e-02 2.300000000000000100e-01 1.004570866541491636e+00 1.268771336240864973e-02
5.000000000000000000e+00 6.249999999999953509e-02 2.300000000000000100e-01 1.003958308959802981e+00 1.102047135750666186e-02
5.000000000000000000e+00 6.698584140851780722e-02 2.300000000000000100e-01 1.003412996990007855e+00 9.475825245025163573e-03
5.000000000000000000e+00 7.179364718731412465e-02 2.300000000000000100e-01 1.003019021064097238e+00 8.345292048215156508e-03
5.000000000000000000e+00 7.694652583405664492e-02 2.300000000000000100e-01 1.002609094790165134e+00 7.148439599079964811e-03
5.000000000000000000e+00 8.246924442330520744e-02 2.300000000000000100e-01 1.002240028742538591e+00 6.065263793113182325e-03
5.000000000000000000e+00 8.838834764831768331e-02 2.300000000000000100e-01 1.001896935560547819e+00 5.055626305841096936e-03
5.000000000000000000e+00 9.473228540689904165e-02 2.300000000000000100e-01 1.001600925204984893e+00 4.184360970660671447e-03
5.000000000000000000e+00 1.015315495445285182e-01 2.300000000000000100e-01 1.001331350340995963e+00 3.390331538567928002e-03
5.000000000000000000e+00 1.088188204120145025e-01 2.300000000000000100e-01 1.001111314100838090e+00 2.743364879474909871e-03
5.000000000000000000e+00 1.166291239420998022e-01 2.300000000000000100e-01 1.000930198119405201e+00 2.212192114144074379e-03
5.000000000000000000e+00 1.249999999999987649e-01 2.300000000000000100e-01 1.000789833447099486e+00 1.802811272875620404e-03
5.000000000000000000e+00 1.339716828170352814e-01 2.300000000000000100e-01 1.000683099264178644e+00 1.494247430068312539e-03
5.000000000000000000e+00 1.435872943746278885e-01 2.300000000000000100e-01 1.000599625823685335e+00 1.255607338830936129e-03
5.000000000000000000e+00 1.538930516681129013e-01 2.300000000000000100e-01 1.000535725744620574e+00 1.075732066001584006e-03
5.000000000000000000e+00 1.649384888466099985e-01 2.300000000000000100e-01 1.000470965334594453e+00 8.931834371442659657e-04
5.000000000000000000e+00 1.767766952966349225e-01 2.300000000000000100e-01 1.000401963955268148e+00 6.972318157578152268e-04
5.000000000000000000e+00 1.894645708137976114e-01 2.300000000000000100e-01 1.000334429501855471e+00 5.038250487845141430e-04
5.000000000000000000e+00 2.030630990890565368e-01 2.300000000000000100e-01 1.000282869896094384e+00 3.543133408727834307e-04
5.000000000000000000e+00 2.176376408240284499e-01 2.300000000000000100e-01 1.000254265625438288e+00 2.653114759141101580e-04
5.000000000000000000e+00 2.332582478841990492e-01 2.300000000000000100e-01 1.000239385302299944e+00 2.033988463887897362e-04
5.000000000000000000e+00 2.499999999999969191e-01 2.300000000000000100e-01 1.000233118779211283e+00 1.450020831534975748e-04
5.000000000000000000e+00 2.679433656340699521e-01 2.300000000000000100e-01 1.000242044247577677e+00 9.621907826518310679e-05
5.000000000000000000e+00 2.871745887492550553e-01 2.300000000000000100e-01 1.000278705194630025e+00 7.758898505410979040e-05
5.000000000000000000e+00 3.077861033362250809e-01 2.300000000000000100e-01 1.000353849140995344e+00 9.899324238040584513e-05
5.000000000000000000e+00 3.298769776932191644e-01 2.300000000000000100e-01 1.000483520016959282e+00 1.662723968355238021e-04
5.000000000000000000e+00 3.535533905932689569e-01 2.300000000000000100e-01 1.000706789945042585e+00 2.996441725290933944e-04
5.000000000000000000e+00 3.789291416275942792e-01 2.300000000000000100e-01 1.001088914939081143e+00 5.470071561804940637e-04
5.000000000000000000e+00 4.061261981781120745e-01 2.300000000000000100e-01 1.001751140043837696e+00 1.009802700678132450e-03
5.000000000000000000e+00 4.352752816480558451e-01 2.300000000000000100e-01 1.002920782401804711e+00 1.898886916745930924e-03
5.000000000000000000e+00 4.665164957683969327e-01 2.300000000000000100e-01 1.005019838159623591e+00 3.641999162215605462e-03
5.000000000000000000e+00 4.999999999999926170e-01 2.300000000000000100e-01 1.008816413110531940e+00 7.106235688164374252e-03
5.000000000000000000e+00 5.358867312681385719e-01 2.300000000000000100e-01 1.015680522747917092e+00 1.394577835422389570e-02
5.000000000000000000e+00 5.743491774985087783e-01 2.300000000000000100e-01 1.027149274262105783e+00 2.613515814276869825e-02
5.000000000000000000e+00 6.155722066724486075e-01 2.300000000000000100e-01 1.043020577395338044e+00 4.284037983279122969e-02
5.000000000000000000e+00 6.597539553864367745e-01 2.300000000000000100e-01 1.060120186032861511e+00 5.775851070601958209e-02
5.000000000000000000e+00 7.071067811865362485e-01 2.300000000000000100e-01 1.076516382066864619e+00 6.505677442410304212e-02
5.000000000000000000e+00 7.578582832551866710e-01 2.300000000000000100e-01 1.092204110528461669e+00 7.044191552153890312e-02
5.000000000000000000e+00 8.122523963562221505e-01 2.300000000000000100e-01 1.112055217819199582e+00 8.531161727940378414e-02
5.000000000000000000e+00 8.705505632961095808e-01 2.300000000000000100e-01 1.133817316465173475e+00 1.026225466177963785e-01
5.000000000000000000e+00 9.330329915367915339e-01 2.300000000000000100e-01 1.152114134575871418e+00 1.225397911499691850e-01
5.000000000000000000e+00 9.999999999999827915e-01 2.300000000000000100e-01 1.167596069238144185e+00 1.390815147138451668e-01
5.000000000000000000e+00 1.071773462536274479e+00 2.300000000000000100e-01 1.183755766645020469e+00 1.554335394554094973e-01
5.000000000000000000e+00 1.148698354997014670e+00 2.300000000000000100e-01 1.193362899046446657e+00 1.640787974383783598e-01
5.000000000000000000e+00 1.231144413344894106e+00 2.300000000000000100e-01 1.189526282049521821e+00 1.511362168559168551e-01
5.000000000000000000e+00 1.319507910772870218e+00 2.300000000000000100e-01 1.176758559571915885e+00 1.244863457837038917e-01
5.000000000000000000e+00 1.414213562373068944e+00 2.300000000000000100e-01 1.168539645383950720e+00 1.017612619767777754e-01
5.000000000000000000e+00 1.515716566510369789e+00 2.300000000000000100e-01 1.165499748918935818e+00 9.204100851263277705e-02
5.000000000000000000e+00 1.624504792712440304e+00 2.300000000000000100e-01 1.166944175975983100e+00 1.088489770666341561e-01
5.000000000000000000e+00 1.741101126592214943e+00 2.300000000000000100e-01 1.170228419684323562e+00 1.238129949903721133e-01
5.000000000000000000e+00 1.866065983073578627e+00 2.300000000000000100e-01 1.187318450737247399e+00 1.498919351626097074e-01
5.000000000000000000e+00 1.999999999999960698e+00 2.300000000000000100e-01 1.182023713736103154e+00 1.374817904790215373e-01
5.000000000000000000e+00 2.143546925072543630e+00 2.300000000000000100e-01 1.172481916719750439e+00 1.155693518299195643e-01
5.000000000000000000e+00 2.297396709994023567e+00 2.300000000000000100e-01 1.189491091699970138e+00 1.341115603809552581e-01
5.000000000000000000e+00 2.462288826689782439e+00 2.300000000000000100e-01 1.198060010122447672e+00 1.641744356348937006e-01
5.000000000000000000e+00 2.639015821545733775e+00 2.300000000000000100e-01 1.202670774915725049e+00 1.688491347947937149e-01
5.000000000000000000e+00 2.828427124746130783e+00 2.300000000000000100e-01 1.200910671234363569e+00 1.562572445863233961e-01
5.000000000000000000e+00 3.031433133020732029e+00 2.300000000000000100e-01 1.191510722242242526e+00 1.423534433186042503e-01
5.000000000000000000e+00 3.249009585424872615e+00 2.300000000000000100e-01 1.220700968641304840e+00 2.271039368787415302e-01
5.000000000000000000e+00 3.482202253184421004e+00 2.300000000000000100e-01 1.207545822954214643e+00 1.990406160688145132e-01
5.000000000000000000e+00 3.732131966147147928e+00 2.300000000000000100e-01 1.159963521969089806e+00 9.483473732090970387e-02
5.000000000000000000e+00 3.999999999999911182e+00 2.300000000000000100e-01 1.134092306175278786e+00 4.768034909784633207e-02
5.000000000000000000e+00 4.287093850145076601e+00 2.300000000000000100e-01 1.165364297499756008e+00 1.392329277943547272e-01
5.000000000000000000e+00 4.594793419988035588e+00 2.300000000000000100e-01 1.149993047056339313e+00 6.489295712559181584e-02
5.000000000000000000e+00 4.924577653379552444e+00 2.300000000000000100e-01 1.173633184266893448e+00 7.316952886211362805e-02
5.000000000000000000e+00 5.278031643091455116e+00 2.300000000000000100e-01 1.156789672573329764e+00 1.239699520155368995e-01
5.000000000000000000e+00 5.656854249492248243e+00 2.300000000000000100e-01 1.141006793570387812e+00 8.544225410459044268e-02
5.000000000000000000e+00 6.062866266041448959e+00 2.300000000000000100e-01 1.177210389319391481e+00 8.031121760980451663e-02
5.000000000000000000e+00 6.498019170849729242e+00 2.300000000000000100e-01 1.158687007833245630e+00 6.745007137370369332e-02
5.000000000000000000e+00 6.964404506368825132e+00 2.300000000000000100e-01 1.147034493554287549e+00 6.258952692906251392e-02
5.000000000000000000e+00 7.464263932294277204e+00 2.300000000000000100e-01 1.170363346076606526e+00 6.341501555233346188e-02
5.000000000000000000e+00 7.999999999999802824e+00 2.300000000000000100e-01 1.148822477546608933e+00 6.493810284471289440e-02
5.000000000000000000e+00 8.574187700290131886e+00 2.300000000000000100e-01 1.173852879165951268e+00 1.133849907387449868e-01
5.000000000000000000e+00 9.189586839976049859e+00 2.300000000000000100e-01 1.159500169994785335e+00 8.264489934546970229e-02
5.000000000000000000e+00 9.849155306759080020e+00 2.300000000000000100e-01 1.205826241276257704e+00 1.145212378753602822e-01
5.000000000000000000e+00 1.055606328618288359e+01 2.300000000000000100e-01 1.235917417927049566e+00 1.330714122395459664e-01
5.000000000000000000e+00 1.131370849898446806e+01 2.300000000000000100e-01 1.189107519435342208e+00 1.086179978293632664e-01
5.000000000000000000e+00 1.212573253208286772e+01 2.300000000000000100e-01 1.171743706810786545e+00 6.540355736927912222e-02
5.000000000000000000e+00 1.299603834169942651e+01 2.300000000000000100e-01 1.208867124200122989e+00 1.108063342619853842e-01
5.000000000000000000e+00 1.392880901273761651e+01 2.300000000000000100e-01 1.177204047136113818e+00 1.136718414650836756e-01
5.000000000000000000e+00 1.492852786458851710e+01 2.300000000000000100e-01 1.159661678841944710e+00 8.694762546800548220e-02
5.000000000000000000e+00 1.599999999999956657e+01 2.300000000000000100e-01 1.191769509549686301e+00 1.665419774914272122e-01
5.000000000000000000e+00 1.714837540058022114e+01 2.300000000000000100e-01 1.169565075535329512e+00 9.471162046118374034e-02
5.000000000000000000e+00 1.837917367995205353e+01 2.300000000000000100e-01 1.196287418671656333e+00 9.189129341885932112e-02
5.000000000000000000e+00 1.969831061351811385e+01 2.300000000000000100e-01 1.167205600577493785e+00 1.232441237557990316e-01
5.000000000000000000e+00 2.111212657236571388e+01 2.300000000000000100e-01 1.167046246604078075e+00 8.272835933617254944e-02
5.000000000000000000e+00 2.262741699796887929e+01 2.300000000000000100e-01 1.142741831431957733e+00 5.622653441171889671e-02
5.000000000000000000e+00 2.425146506416567505e+01 2.300000000000000100e-01 1.146633154841522728e+00 5.116697028723992541e-02
5.000000000000000000e+00 2.599207668339878907e+01 2.300000000000000100e-01 1.209899295002792030e+00 1.614005894184217527e-01
5.000000000000000000e+00 2.785761802547516197e+01 2.300000000000000100e-01 1.177544270480581190e+00 1.243499662678044793e-01
5.000000000000000000e+00 2.985705572917696315e+01 2.300000000000000100e-01 1.166570702177815999e+00 7.436583795289591903e-02
5.000000000000000000e+00 3.199999999999905498e+01 2.300000000000000100e-01 1.167674916953023168e+00 9.385568101434822730e-02
