5.000000000000000000e+00 7.812500000000000000e-03 2.600000000000000089e-01 2.063369321839704007e+00 5.321431713693609566e-01
5.000000000000000000e+00 8.373230176064788352e-03 2.600000000000000089e-01 1.897971052399776370e+00 4.733717595136140432e-01
5.000000000000000000e+00 8.974205898414331500e-03 2.600000000000000089e-01 1.797498512096188161e+00 4.180505142623179848e-01
5.000000000000000000e+00 9.618315729257151739e-03 2.600000000000000089e-01 1.687947763133893719e+00 4.070463480162559988e-01
5.000000000000000000e+00 1.030865555291322552e-02 2.600000000000000089e-01 1.585775199208004249e+00 3.306747579236173906e-01
5.000000000000000000e+00 1.104854345603979195e-02 2.600000000000000089e-01 1.521747494626810582e+00 3.336018106883670287e-01
5.000000000000000000e+00 1.184153567586246694e-02 2.600000000000000089e-01 1.431202886197606716e+00 3.012096988751067905e-01
5.000000000000000000e+00 1.269144369306615845e-02 2.600000000000000089e-01 1.344058117917688477e+00 2.552671021851257160e-01
5.000000000000000000e+00 1.360235255150191343e-02 2.600000000000000089e-01 1.309088955935872267e+00 2.407657411642734335e-01
5.000000000000000000e+00 1.457864049276258282e-02 2.600000000000000089e-01 1.261711765272441665e+00 2.264437997499367528e-01
5.000000000000000000e+00 1.562499999999996184e-02 2.600000000000000089e-01 1.227800583495999964e+00 2.181649000383387438e-01
5.000000000000000000e+00 1.674646035212953507e-02 2.600000000000000089e-01 1.200630276226519300e+00 2.217202710759725304e-01
5.000000000000000000e+00 1.794841179682861790e-02 2.600000000000000089e-01 1.163854223755124373e+00 1.870642636552845572e-01
5.000000000000000000e+00 1.923663145851425491e-02 2.600000000000000089e-01 1.130707288591694226e+00 1.496455249693321998e-01
5.000000000000000000e+00 2.061731110582640247e-02 2.600000000000000089e-01 1.119324891475075967e+00 1.547390451727025662e-01
5.000000000000000000e+00 2.209708691207952838e-02 2.600000000000000089e-01 1.104983501594867690e+00 1.537130312510105179e-01
5.000000000000000000e+00 2.368307135172487837e-02 2.600000000000000089e-01 1.082864635071781878e+00 1.219338699797276604e-01
5.000000000000000000e+00 2.538288738613225445e-02 2.600000000000000089e-01 1.065833086479935687e+00 1.016623127859190151e-01
5.000000000000000000e+00 2.720470510300375747e-02 2.600000000000000089e-01 1.056704855420765865e+00 9.581196653245531436e-02
5.000000000000000000e+00 2.915728098552509626e-02 2.600000000000000089e-01 1.046399812575179444e+00 8.421381018114472428e-02
5.000000000000000000e+00 3.124999999999984734e-02 2.600000000000000089e-01 1.034955877612558917e+00 6.579761005215226111e-02
5.000000000000000000e+00 3.349292070425898687e-02 2.600000000000000089e-01 1.030458000119035544e+00 6.417716472837044217e-02
5.000000000000000000e+00 3.589682359365715253e-02 2.600000000000000089e-01 1.022889662878626371e+00 4.995483180318122107e-02
5.000000000000000000e+00 3.847326291702841267e-02 2.600000000000000089e-01 1.017820609256495201e+00 4.105909177904018548e-02
5.000000000000000000e+00 4.123462221165270086e-02 2.600000000000000089e-01 1.013864680968121323e+00 3.351301553207512718e-02
5.000000000000000000e+00 4.419417382415894574e-02 2.600000000000000089e-01 1.010858486994479666e+00 2.742991093037086200e-02
5.000000000000000000e+00 4.736614270344963878e-02 2.600000000000000089e-01 1.008647726181789439e+00 2.262206232332378622e-02
5.000000000000000000e+00 5.076577477226438401e-02 2.600000000000000089e-01 1.007069704190622028e+00 1.900356794885236719e-02
5.000000000000000000e+00 5.440941020600738309e-02 2.600000000000000089e-01 1.005945858712986363e+00 1.625846311226068069e-02
5.000000000000000000e+00 5.831456197105004680e-02 2.600000000000000089e-01 1.004992161817182206e+00 1.374495988135879948e-02
5.000000000000000000e+00 6.249999999999953509e-02 2.600000000000000089e-01 1.004327984655124739e+00 1.193749410979033296e-02
5.000000000000000000e+00 6.698584140851780722e-02 2.600000000000000089e-01 1.003736695978547200e+00 1.026310599223337686e-02
5.000000000000000000e+00 7.179364718731412465e-02 2.600000000000000089e-01 1.003309626832125767e+00 9.038257881454438147e-03
5.000000000000000000e+00 7.694652583405664492e-02 2.600000000000000089e-01 1.002865146280316644e+00 7.741307593330875973e-03
5.000000000000000000e+00 8.246924442330520744e-02 2.600000000000000089e-01 1.002465001095136143e+00 6.567846240342555333e-03
5.000000000000000000e+00 8.838834764831768331e-02 2.600000000000000089e-01 1.002092865395726395e+00 5.473817198558615475e-03
5.000000000000000000e+00 9.473228540689904165e-02 2.600000000000000089e-01 1.001771812476704993e+00 4.530083204417367435e-03
5.000000000000000000e+00 1.015315495445285182e-01 2.600000000000000089e-01 1.001479229077498978e+00 3.669710990106781791e-03
5.000000000000000000e+00 1.088188204120145025e-01 2.600000000000000089e-01 1.001240315648044943e+00 2.968880320022257088e-03
5.000000000000000000e+00 1.166291239420998022e-01 2.600000000000000089e-01 1.001043505794013466e+00 2.393559221140402829e-03
5.000000000000000000e+00 1.249999999999987649e-01 2.600000000000000089e-01 1.000890707084018727e+00 1.950039017558741553e-03
5.000000000000000000e+00 1.339716828170352814e-01 2.600000000000000089e-01 1.000774281159673817e+00 1.615851498100233765e-03
5.000000000000000000e+00 1.435872943746278885e-01 2.600000000000000089e-01 1.000682917226040525e+00 1.357342832991445666e-03
5.000000000000000000e+00 1.538930516681129013e-01 2.600000000000000089e-01 1.000612641802793412e+00 1.162529842244323800e-03
5.000000000000000000e+00 1.649384888466099985e-01 2.600000000000000089e-01 1.000541274383495605e+00 9.648737072546911082e-04
5.000000000000000000e+00 1.767766952966349225e-01 2.600000000000000089e-01 1.000465116603017846e+00 7.528250128604649068e-04
5.000000000000000000e+00 1.894645708137976114e-01 2.600000000000000089e-01 1.000390295197018276e+00 5.437558811055369888e-04
5.000000000000000000e+00 2.030630990890565368e-01 2.600000000000000089e-01 1.000332480525466972e+00 3.824938266612802531e-04
5.000000000000000000e+00 2.176376408240284499e-01 2.600000000000000089e-01 1.000299118404732512e+00 2.866713274466762260e-04
5.000000000000000000e+00 2.332582478841990492e-01 2.600000000000000089e-01 1.000280065521507833e+00 2.201171657813849104e-04
5.000000000000000000e+00 2.499999999999969191e-01 2.600000000000000089e-01 1.000269537061622804e+00 1.575066411296801813e-04
5.000000000000000000e+00 2.679433656340699521e-01 2.600000000000000089e-01 1.000274253729195539e+00 1.046890530326486529e-04
5.000000000000000000e+00 2.871745887492550553e-01 2.600000000000000089e-01 1.000307178768476968e+00 8.035554332211239728e-05
5.000000000000000000e+00 3.077861033362250809e-01 2.600000000000000089e-01 1.000378827009247074e+00 9.473501240471102723e-05
5.000000000000000000e+00 3.298769776932191644e-01 2.600000000000000089e-01 1.000504740854440744e+00 1.579183358722136151e-04
5.000000000000000000e+00 3.535533905932689569e-01 2.600000000000000089e-01 1.000723841693270888e+00 2.896464190079392508e-04
5.000000000000000000e+00 3.789291416275942792e-01 2.600000000000000089e-01 1.001100995274284200e+00 5.356403658515991118e-04
5.000000000000000000e+00 4.061261981781120745e-01 2.600000000000000089e-01 1.001756613262133389e+00 9.962928767621435401e-04
5.000000000000000000e+00 4.352752816480558451e-01 2.600000000000000089e-01 1.002916758049171353e+00 1.881526966048159121e-03
5.000000000000000000e+00 4.665164957683969327e-01 2.600000000000000089e-01 1.005001346706094534e+00 3.617470139377091266e-03
5.000000000000000000e+00 4.999999999999926170e-01 2.600000000000000089e-01 1.008775470338440616e+00 7.068695211323527960e-03
5.000000000000000000e+00 5.358867312681385719e-01 2.600000000000000089e-01 1.015605207007640676e+00 1.388681189960672482e-02
5.000000000000000000e+00 5.743491774985087783e-01 2.600000000000000089e-01 1.027024607866802830e+00 2.604754759872459149e-02
5.000000000000000000e+00 6.155722066724486075e-01 2.600000000000000089e-01 1.042833391736781357e+00 4.272663025140617521e-02
5.000000000000000000e+00 6.597539553864367745e-01 2.600000000000000089e-01 1.059868528981731561e+00 5.762961606412132093e-02
5.000000000000000000e+00 7.071067811865362485e-01 2.600000000000000089e-01 1.076198537772405928e+00 6.489984522044707493e-02
5.000000000000000000e+00 7.578582832551866710e-01 2.600000000000000089e-01 1.091804557540578147e+00 7.018919002364736037e-02
5.000000000000000000e+00 8.122523963562221505e-01 2.600000000000000089e-01 1.111541832965831977e+00 8.487911820789126316e-02
5.000000000000000000e+00 8.705505632961095808e-01 2.600000000000000089e-01 1.133151001348553510e+00 1.019303863408405481e-01
5.000000000000000000e+00 9.330329915367915339e-01 2.600000000000000089e-01 1.151256203563678193e+00 1.215300189513378037e-01
5.000000000000000000e+00 9.999999999999827915e-01 2.600000000000000089e-01 1.166511638519009297e+00 1.377328956613445288e-01
5.000000000000000000e+00 1.071773462536274479e+00 2.600000000000000089e-01 1.182540763016780794e+00 1.539358148715676555e-01
5.000000000000000000e+00 1.148698354997014670e+00 2.600000000000000089e-01 1.192117424318697605e+00 1.626052501701805986e-01
5.000000000000000000e+00 1.231144413344894106e+00 2.600000000000000089e-01 1.188345654113943883e+00 1.499393033955719601e-01
5.000000000000000000e+00 1.319507910772870218e+00 2.600000000000000089e-01 1.175630809528886767e+00 1.236651402473304823e-01
5.000000000000000000e+00 1.414213562373068944e+00 2.600000000000000089e-01 1.167341823511375942e+00 1.011544289462216195e-01
5.000000000000000000e+00 1.515716566510369789e+00 2.600000000000000089e-01 1.164186797591070466e+00 9.138300340180677273e-02
5.000000000000000000e+00 1.624504792712440304e+00 2.600000000000000089e-01 1.165587184236336116e+00 1.079891540979280584e-01
5.000000000000000000e+00 1.741101126592214943e+00 2.600000000000000089e-01 1.168795879412999117e+00 1.227258327204362037e-01
5.000000000000000000e+00 1.866065983073578627e+00 2.600000000000000089e-01 1.185738834649810780e+00 1.485282842968453920e-01
5.000000000000000000e+00 1.999999999999960698e+00 2.600000000000000089e-01 1.180615161034695548e+00 1.363619634106913447e-01
5.000000000000000000e+00 2.143546925072543630e+00 2.600000000000000089e-01 1.171299971175458587e+00 1.146430407889611203e-01
5.000000000000000000e+00 2.297396709994023567e+00 2.600000000000000089e-01 1.188283429322561258e+00 1.332719761134374681e-01
5.000000000000000000e+00 2.462288826689782439e+00 2.600000000000000089e-01 1.196711709685511771e+00 1.630628184621783217e-01
5.000000000000000000e+00 2.639015821545733775e+00 2.600000000000000089e-01 1.201057456900877618e+00 1.671951771102544171e-01
5.000000000000000000e+00 2.828427124746130783e+00 2.600000000000000089e-01 1.198956171157783857e+00 1.545955195692897688e-01
5.000000000000000000e+00 3.031433133020732029e+00 2.600000000000000089e-01 1.189481302516219641e+00 1.406667009459642015e-01
5.000000000000000000e+00 3.249009585424872615e+00 2.600000000000000089e-01 1.218780110865719468e+00 2.251386244273473614e-01
5.000000000000000000e+00 3.482202253184421004e+00 2.600000000000000089e-01 1.205845094046395394e+00 1.976683285884203722e-01
5.000000000000000000e+00 3.732131966147147928e+00 2.600000000000000089e-01 1.158830837297077698e+00 9.437716104689053420e-02
5.000000000000000000e+00 3.999999999999911182e+00 2.600000000000000089e-01 1.132956114318997454e+00 4.732334251311695605e-02
5.000000000000000000e+00 4.287093850145076601e+00 2.600000000000000089e-01 1.163700434412666018e+00 1.376151604321793065e-01
5.000000000000000000e+00 4.594793419988035588e+00 2.600000000000000089e-01 1.148684399724919647e+00 6.424461650466473106e-02
5.000000000000000000e+00 4.924577653379552444e+00 2.600000000000000089e-01 1.171973663386370879e+00 7.219284670351323874e-02
5.000000000000000000e+00 5.278031643091455116e+00 2.600000000000000089e-01 1.155440180588324095e+00 1.228799493160936118e-01
5.000000000000000000e+00 5.656854249492248243e+00 2.600000000000000089e-01 1.139604778998122736e+00 8.434929003660099345e-02
5.000000000000000000e+00 6.062866266041448959e+00 2.600000000000000089e-01 1.175369780909774287e+00 7.944475256756955428e-02
5.000000000000000000e+00 6.498019170849729242e+00 2.600000000000000089e-01 1.157160930097128615e+00 6.695633960160510267e-02
5.000000000000000000e+00 6.964404506368825132e+00 2.600000000000000089e-01 1.145686700163824012e+00 6.178103888857679887e-02
5.000000000000000000e+00 7.464263932294277204e+00 2.600000000000000089e-01 1.169023446547250433e+00 6.262200828449630829e-02
5.000000000000000000e+00 7.999999999999802824e+00 2.600000000000000089e-01 1.147565187382969087e+00 6.433695808788519876e-02
5.000000000000000000e+00 8.574187700290131886e+00 2.600000000000000089e-01 1.172236631877485280e+00 1.117638542311747418e-01
5.000000000000000000e+00 9.189586839976049859e+00 2.600000000000000089e-01 1.158060261232420673e+00 8.201001043391349665e-02
5.000000000000000000e+00 9.849155306759080020e+00 2.600000000000000089e-01 1.203985829698133170e+00 1.134999143260218557e-01
5.000000000000000000e+00 1.055606328618288359e+01 2.600000000000000089e-01 1.233978927416583105e+00 1.322042743242062002e-01
5.000000000000000000e+00 1.131370849898446806e+01 2.600000000000000089e-01 1.187615710528350021e+00 1.076665679854446889e-01
5.000000000000000000e+00 1.212573253208286772e+01 2.600000000000000089e-01 1.170458000399213550e+00 6.486182398523793191e-02
5.000000000000000000e+00 1.299603834169942651e+01 2.600000000000000089e-01 1.207051099425942464e+00 1.097642166799615987e-01
5.000000000000000000e+00 1.392880901273761651e+01 2.600000000000000089e-01 1.175822016666439485e+00 1.128646380436138935e-01
5.000000000000000000e+00 1.492852786458851710e+01 2.600000000000000089e-01 1.158223432330817371e+00 8.633804790358678982e-02
5.000000000000000000e+00 1.599999999999956657e+01 2.600000000000000089e-01 1.190012970036810946e+00 1.650269899550067532e-01
5.000000000000000000e+00 1.714837540058022114e+01 2.600000000000000089e-01 1.168151243451938992e+00 9.394534579586777401e-02
5.000000000000000000e+00 1.837917367995205353e+01 2.600000000000000089e-01 1.194859331548416392e+00 9.114475219238162007e-02
5.000000000000000000e+00 1.969831061351811385e+01 2.600000000000000089e-01 1.165788677847691357e+00 1.222695168459740356e-01
5.000000000000000000e+00 2.111212657236571388e+01 2.600000000000000089e-01 1.165502920629456707e+00 8.190332042864956197e-02
5.000000000000000000e+00 2.262741699796887929e+01 2.600000000000000089e-01 1.141419875413736795e+00 5.575031055646313682e-02
5.000000000000000000e+00 2.425146506416567505e+01 2.600000000000000089e-01 1.145456178119208746e+00 5.068621285225376888e-02
5.000000000000000000e+00 2.599207668339878907e+01 2.600000000000000089e-01 1.208399823215351887e+00 1.598811099697938498e-01
5.000000000000000000e+00 2.785761802547516197e+01 2.600000000000000089e-01 1.176294525276689873e+00 1.234957349684321637e-01
5.000000000000000000e+00 2.985705572917696315e+01 2.600000000000000089e-01 1.165245860470859984e+00 7.344721622396957472e-02
5.000000000000000000e+00 3.199999999999905498e+01 2.600000000000000089e-01 1.166300308643009709e+00 9.310619177053365558e-02
