5.000000000000000000e+00 7.812500000000000000e-03 5.500000000000000444e-01 3.607571493300195442e+00 1.126758837464459262e+00
5.000000000000000000e+00 8.373230176064788352e-03 5.500000000000000444e-01 3.334874212706599117e+00 1.096611058124444371e+00
5.000000000000000000e+00 8.974205898414331500e-03 5.500000000000000444e-01 3.088149062897745267e+00 1.027896747590310467e+00
5.000000000000000000e+00 9.618315729257151739e-03 5.500000000000000444e-01 2.818457578823198251e+00 9.980151610758212222e-01
5.000000000000000000e+00 1.030865555291322552e-02 5.500000000000000444e-01 2.543220053157018601e+00 8.564099526594673994e-01
5.000000000000000000e+00 1.104854345603979195e-02 5.500000000000000444e-01 2.380025424650815236e+00 8.180893605189941686e-01
5.000000000000000000e+00 1.184153567586246694e-02 5.500000000000000444e-01 2.155182831976179436e+00 7.615791990108750076e-01
5.000000000000000000e+00 1.269144369306615845e-02 5.500000000000000444e-01 1.913057523560170115e+00 6.351191967692153550e-01
5.000000000000000000e+00 1.360235255150191343e-02 5.500000000000000444e-01 1.820584525023502209e+00 5.986823024991311248e-01
5.000000000000000000e+00 1.457864049276258282e-02 5.500000000000000444e-01 1.702285281362287961e+00 5.823993174568872222e-01
5.000000000000000000e+00 1.562499999999996184e-02 5.500000000000000444e-01 1.599583990282930301e+00 5.368329903322821561e-01
5.000000000000000000e+00 1.674646035212953507e-02 5.500000000000000444e-01 1.532678921612182776e+00 5.608252185480503416e-01
5.000000000000000000e+00 1.794841179682861790e-02 5.500000000000000444e-01 1.435863732580551000e+00 4.785554166947721955e-01
5.000000000000000000e+00 1.923663145851425491e-02 5.500000000000000444e-01 1.355639000956046170e+00 4.037435775814602890e-01
5.000000000000000000e+00 2.061731110582640247e-02 5.500000000000000444e-01 1.319729372233719555e+00 4.049960308518382734e-01
5.000000000000000000e+00 2.209708691207952838e-02 5.500000000000000444e-01 1.284968584749324849e+00 4.136128112881239383e-01
5.000000000000000000e+00 2.368307135172487837e-02 5.500000000000000444e-01 1.226870798215672353e+00 3.337481418323239857e-01
5.000000000000000000e+00 2.538288738613225445e-02 5.500000000000000444e-01 1.181071053644988655e+00 2.803292245131545068e-01
5.000000000000000000e+00 2.720470510300375747e-02 5.500000000000000444e-01 1.156273363304564761e+00 2.648477893524762150e-01
5.000000000000000000e+00 2.915728098552509626e-02 5.500000000000000444e-01 1.128284080036507930e+00 2.336599546269394756e-01
5.000000000000000000e+00 3.124999999999984734e-02 5.500000000000000444e-01 1.096904985069871330e+00 1.831274915003129888e-01
5.000000000000000000e+00 3.349292070425898687e-02 5.500000000000000444e-01 1.084816051941536852e+00 1.791389379001720183e-01
5.000000000000000000e+00 3.589682359365715253e-02 5.500000000000000444e-01 1.063685115210010190e+00 1.388660794439791901e-01
5.000000000000000000e+00 3.847326291702841267e-02 5.500000000000000444e-01 1.049538618835061277e+00 1.136226068253808619e-01
5.000000000000000000e+00 4.123462221165270086e-02 5.500000000000000444e-01 1.038579330651604682e+00 9.247089901274548052e-02
5.000000000000000000e+00 4.419417382415894574e-02 5.500000000000000444e-01 1.030250584721699170e+00 7.542792220959840255e-02
5.000000000000000000e+00 4.736614270344963878e-02 5.500000000000000444e-01 1.024109230185355157e+00 6.195567748723878471e-02
5.000000000000000000e+00 5.076577477226438401e-02 5.500000000000000444e-01 1.019755183926653652e+00 5.191441457757853956e-02
5.000000000000000000e+00 5.440941020600738309e-02 5.500000000000000444e-01 1.016654121578317582e+00 4.430718015525685061e-02
5.000000000000000000e+00 5.831456197105004680e-02 5.500000000000000444e-01 1.014033904163272881e+00 3.739242783036419299e-02
5.000000000000000000e+00 6.249999999999953509e-02 5.500000000000000444e-01 1.012208659967464897e+00 3.242247967785936991e-02
5.000000000000000000e+00 6.698584140851780722e-02 5.500000000000000444e-01 1.010588726734580778e+00 2.783845718098914776e-02
5.000000000000000000e+00 7.179364718731412465e-02 5.500000000000000444e-01 1.009425874387282152e+00 2.450981639279899496e-02
5.000000000000000000e+00 7.694652583405664492e-02 5.500000000000000444e-01 1.008211700843014258e+00 2.097521932886262791e-02
5.000000000000000000e+00 8.246924442330520744e-02 5.500000000000000444e-01 1.007121902745635733e+00 1.778946119954927588e-02
5.000000000000000000e+00 8.838834764831768331e-02 5.500000000000000444e-01 1.006103473902112189e+00 1.480717835380603205e-02
5.000000000000000000e+00 9.473228540689904165e-02 5.500000000000000444e-01 1.005229273052770322e+00 1.225151468946878916e-02
5.000000000000000000e+00 1.015315495445285182e-01 5.500000000000000444e-01 1.004427264979021128e+00 9.909323353862659056e-03
5.000000000000000000e+00 1.088188204120145025e-01 5.500000000000000444e-01 1.003772894257176418e+00 8.008695782536238636e-03
5.000000000000000000e+00 1.166291239420998022e-01 5.500000000000000444e-01 1.003233251746113108e+00 6.453144912398823228e-03
5.000000000000000000e+00 1.249999999999987649e-01 5.500000000000000444e-01 1.002810252681744396e+00 5.250249693180416947e-03
5.000000000000000000e+00 1.339716828170352814e-01 5.500000000000000444e-01 1.002485999110820147e+00 4.347877095349519071e-03
5.000000000000000000e+00 1.435872943746278885e-01 5.500000000000000444e-01 1.002227414724868426e+00 3.648266075963394698e-03
5.000000000000000000e+00 1.538930516681129013e-01 5.500000000000000444e-01 1.002025087597056885e+00 3.123669604716869386e-03
5.000000000000000000e+00 1.649384888466099985e-01 5.500000000000000444e-01 1.001817416410486050e+00 2.591887958020432266e-03
5.000000000000000000e+00 1.767766952966349225e-01 5.500000000000000444e-01 1.001593743361919975e+00 2.023006821649364368e-03
5.000000000000000000e+00 1.894645708137976114e-01 5.500000000000000444e-01 1.001369743621858488e+00 1.466266116470327880e-03
5.000000000000000000e+00 2.030630990890565368e-01 5.500000000000000444e-01 1.001187009765415414e+00 1.044223289076620653e-03
5.000000000000000000e+00 2.176376408240284499e-01 5.500000000000000444e-01 1.001063379067617554e+00 7.987147680716280649e-04
5.000000000000000000e+00 2.332582478841990492e-01 5.500000000000000444e-01 1.000968592970838511e+00 6.336627830588846674e-04
5.000000000000000000e+00 2.499999999999969191e-01 5.500000000000000444e-01 1.000882028830916592e+00 4.872836225558060366e-04
5.000000000000000000e+00 2.679433656340699521e-01 5.500000000000000444e-01 1.000813845745481379e+00 3.724593585338695375e-04
5.000000000000000000e+00 2.871745887492550553e-01 5.500000000000000444e-01 1.000786766081740442e+00 3.036519305969914446e-04
5.000000000000000000e+00 3.077861033362250809e-01 5.500000000000000444e-01 1.000806996699128204e+00 2.555880679600225445e-04
5.000000000000000000e+00 3.298769776932191644e-01 5.500000000000000444e-01 1.000880335951480848e+00 2.152468409463127405e-04
5.000000000000000000e+00 3.535533905932689569e-01 5.500000000000000444e-01 1.001045160319211424e+00 2.391184356099624860e-04
5.000000000000000000e+00 3.789291416275942792e-01 5.500000000000000444e-01 1.001362685820240239e+00 4.176745107211763276e-04
5.000000000000000000e+00 4.061261981781120745e-01 5.500000000000000444e-01 1.001944678611122574e+00 8.332414555660806006e-04
5.000000000000000000e+00 4.352752816480558451e-01 5.500000000000000444e-01 1.003006770843904771e+00 1.673818410438268319e-03
5.000000000000000000e+00 4.665164957683969327e-01 5.500000000000000444e-01 1.004952810921610817e+00 3.348243821102659269e-03
5.000000000000000000e+00 4.999999999999926170e-01 5.500000000000000444e-01 1.008526737167153131e+00 6.699158837718387910e-03
5.000000000000000000e+00 5.358867312681385719e-01 5.500000000000000444e-01 1.015069058844466632e+00 1.335556787925159215e-02
5.000000000000000000e+00 5.743491774985087783e-01 5.500000000000000444e-01 1.026095838307367725e+00 2.530063617384097768e-02
5.000000000000000000e+00 6.155722066724486075e-01 5.500000000000000444e-01 1.041424704323379746e+00 4.178353827920188585e-02
5.000000000000000000e+00 6.597539553864367745e-01 5.500000000000000444e-01 1.057984221288136073e+00 5.656632311681654424e-02
5.000000000000000000e+00 7.071067811865362485e-01 5.500000000000000444e-01 1.073839918457053511e+00 6.361043866624430110e-02
5.000000000000000000e+00 7.578582832551866710e-01 5.500000000000000444e-01 1.088877471780925976e+00 6.819348072868790245e-02
5.000000000000000000e+00 8.122523963562221505e-01 5.500000000000000444e-01 1.107806406122438414e+00 8.155910818714509625e-02
5.000000000000000000e+00 8.705505632961095808e-01 5.500000000000000444e-01 1.128295437571833482e+00 9.663583906645419053e-02
5.000000000000000000e+00 9.330329915367915339e-01 5.500000000000000444e-01 1.144982984092757672e+00 1.138475106136445925e-01
5.000000000000000000e+00 9.999999999999827915e-01 5.500000000000000444e-01 1.158566763057932381e+00 1.275513985265878669e-01
5.000000000000000000e+00 1.071773462536274479e+00 5.500000000000000444e-01 1.173654113482641259e+00 1.427312615360453452e-01
5.000000000000000000e+00 1.148698354997014670e+00 5.500000000000000444e-01 1.182978164959398226e+00 1.516202502795788998e-01
5.000000000000000000e+00 1.231144413344894106e+00 5.500000000000000444e-01 1.179578570055808129e+00 1.410302378901973908e-01
5.000000000000000000e+00 1.319507910772870218e+00 5.500000000000000444e-01 1.167157308289809681e+00 1.176716887133854306e-01
5.000000000000000000e+00 1.414213562373068944e+00 5.500000000000000444e-01 1.158197084645588015e+00 9.681567565516868701e-02
5.000000000000000000e+00 1.515716566510369789e+00 5.500000000000000444e-01 1.154150401434479667e+00 8.668630007488264955e-02
5.000000000000000000e+00 1.624504792712440304e+00 5.500000000000000444e-01 1.155361362647387091e+00 1.017895484305105791e-01
5.000000000000000000e+00 1.741101126592214943e+00 5.500000000000000444e-01 1.158132824860368393e+00 1.148051305132329059e-01
5.000000000000000000e+00 1.866065983073578627e+00 5.500000000000000444e-01 1.173878336534803335e+00 1.383551732368057119e-01
5.000000000000000000e+00 1.999999999999960698e+00 5.500000000000000444e-01 1.170039081830399397e+00 1.279726979079958693e-01
5.000000000000000000e+00 2.143546925072543630e+00 5.500000000000000444e-01 1.162495970129664880e+00 1.075599968991902966e-01
5.000000000000000000e+00 2.297396709994023567e+00 5.500000000000000444e-01 1.179339424432424899e+00 1.267896919354523644e-01
5.000000000000000000e+00 2.462288826689782439e+00 5.500000000000000444e-01 1.186798108183628964e+00 1.545974823748629268e-01
5.000000000000000000e+00 2.639015821545733775e+00 5.500000000000000444e-01 1.189262578589788344e+00 1.548407212540128530e-01
5.000000000000000000e+00 2.828427124746130783e+00 5.500000000000000444e-01 1.184540856846755030e+00 1.423026480648888759e-01
5.000000000000000000e+00 3.031433133020732029e+00 5.500000000000000444e-01 1.174559178941831039e+00 1.283450826809213463e-01
5.000000000000000000e+00 3.249009585424872615e+00 5.500000000000000444e-01 1.204709948382926665e+00 2.109152479094928700e-01
5.000000000000000000e+00 3.482202253184421004e+00 5.500000000000000444e-01 1.193210116875968563e+00 1.875579411454470491e-01
5.000000000000000000e+00 3.732131966147147928e+00 5.500000000000000444e-01 1.150527275097078306e+00 9.106953732960129666e-02
5.000000000000000000e+00 3.999999999999911182e+00 5.500000000000000444e-01 1.124497113851580021e+00 4.479330815761663892e-02
5.000000000000000000e+00 4.287093850145076601e+00 5.500000000000000444e-01 1.151349785214035082e+00 1.258766156411254000e-01
5.000000000000000000e+00 4.594793419988035588e+00 5.500000000000000444e-01 1.138971741483458811e+00 5.960662838886398446e-02
5.000000000000000000e+00 4.924577653379552444e+00 5.500000000000000444e-01 1.159726167379639294e+00 6.495406489038903219e-02
5.000000000000000000e+00 5.278031643091455116e+00 5.500000000000000444e-01 1.145553748949518225e+00 1.148620244604384028e-01
5.000000000000000000e+00 5.656854249492248243e+00 5.500000000000000444e-01 1.129024392712047575e+00 7.620070893051793248e-02
5.000000000000000000e+00 6.062866266041448959e+00 5.500000000000000444e-01 1.161657119105039104e+00 7.317666240407345868e-02
5.000000000000000000e+00 6.498019170849729242e+00 5.500000000000000444e-01 1.145942543877757291e+00 6.329452971339250000e-02
5.000000000000000000e+00 6.964404506368825132e+00 5.500000000000000444e-01 1.135798221466606250e+00 5.603653983439670083e-02
5.000000000000000000e+00 7.464263932294277204e+00 5.500000000000000444e-01 1.159099511583614017e+00 5.692066367339685545e-02
5.000000000000000000e+00 7.999999999999802824e+00 5.500000000000000444e-01 1.138056107115502424e+00 5.985550661223251745e-02
5.000000000000000000e+00 8.574187700290131886e+00 5.500000000000000444e-01 1.160180252294632508e+00 9.981136914486729572e-02
5.000000000000000000e+00 9.189586839976049859e+00 5.500000000000000444e-01 1.147365946719383523e+00 7.727230658119016438e-02
5.000000000000000000e+00 9.849155306759080020e+00 5.500000000000000444e-01 1.190296050032317421e+00 1.059139726618043009e-01
5.000000000000000000e+00 1.055606328618288359e+01 5.500000000000000444e-01 1.219702473392866748e+00 1.258678121943291039e-01
5.000000000000000000e+00 1.131370849898446806e+01 5.500000000000000444e-01 1.176564400815746536e+00 1.009213169256371473e-01
5.000000000000000000e+00 1.212573253208286772e+01 5.500000000000000444e-01 1.160984353094785204e+00 6.091024539555249528e-02
5.000000000000000000e+00 1.299603834169942651e+01 5.500000000000000444e-01 1.193358527217180498e+00 1.019952840883768114e-01
5.000000000000000000e+00 1.392880901273761651e+01 5.500000000000000444e-01 1.165400177429449569e+00 1.068153301946235118e-01
5.000000000000000000e+00 1.492852786458851710e+01 5.500000000000000444e-01 1.147517608469196038e+00 8.203467617140065837e-02
5.000000000000000000e+00 1.599999999999956657e+01 5.500000000000000444e-01 1.177073343070234923e+00 1.539077419467450303e-01
5.000000000000000000e+00 1.714837540058022114e+01 5.500000000000000444e-01 1.157682646607473886e+00 8.838021974150725435e-02
5.000000000000000000e+00 1.837917367995205353e+01 5.500000000000000444e-01 1.184319401511738423e+00 8.570545643707153105e-02
5.000000000000000000e+00 1.969831061351811385e+01 5.500000000000000444e-01 1.155293499512012101e+00 1.152700735583911534e-01
5.000000000000000000e+00 2.111212657236571388e+01 5.500000000000000444e-01 1.154202352077356775e+00 7.623422050646848358e-02
5.000000000000000000e+00 2.262741699796887929e+01 5.500000000000000444e-01 1.131708040215318123e+00 5.270948304139204399e-02
5.000000000000000000e+00 2.425146506416567505e+01 5.500000000000000444e-01 1.136832930152347432e+00 4.748936175380491509e-02
5.000000000000000000e+00 2.599207668339878907e+01 5.500000000000000444e-01 1.197533026210428675e+00 1.490796699495850752e-01
5.000000000000000000e+00 2.785761802547516197e+01 5.500000000000000444e-01 1.167126467235441556e+00 1.174705401280459888e-01
5.000000000000000000e+00 2.985705572917696315e+01 5.500000000000000444e-01 1.155565695018251349e+00 6.686395840764465526e-02
5.000000000000000000e+00 3.199999999999905498e+01 5.500000000000000444e-01 1.156099929787019365e+00 8.796124558197526699e-02
