5.000000000000000000e+00 7.812500000000000000e-03 4.400000000000000022e-01 2.831861612793367122e+00 8.799420173314119742e-01
5.000000000000000000e+00 8.373230176064788352e-03 4.400000000000000022e-01 2.582821350463779364e+00 8.123512104792751654e-01
5.000000000000000000e+00 8.974205898414331500e-03 4.400000000000000022e-01 2.407702620333636467e+00 7.328957950391804532e-01
5.000000000000000000e+00 9.618315729257151739e-03 4.400000000000000022e-01 2.216741284316532390e+00 7.094881014595000313e-01
5.000000000000000000e+00 1.030865555291322552e-02 4.400000000000000022e-01 2.029576396127990456e+00 5.805922341843270384e-01
5.000000000000000000e+00 1.104854345603979195e-02 4.400000000000000022e-01 1.918310730162695821e+00 5.737727126639183828e-01
5.000000000000000000e+00 1.184153567586246694e-02 4.400000000000000022e-01 1.761713966078878313e+00 5.240875252175329901e-01
5.000000000000000000e+00 1.269144369306615845e-02 4.400000000000000022e-01 1.603510131184175069e+00 4.386226311629695118e-01
5.000000000000000000e+00 1.360235255150191343e-02 4.400000000000000022e-01 1.542110813953605719e+00 4.145655815607082739e-01
5.000000000000000000e+00 1.457864049276258282e-02 4.400000000000000022e-01 1.460950958544446898e+00 3.952145439894290124e-01
5.000000000000000000e+00 1.562499999999996184e-02 4.400000000000000022e-01 1.397683208841089764e+00 3.733788692783341356e-01
5.000000000000000000e+00 1.674646035212953507e-02 4.400000000000000022e-01 1.351838582486501794e+00 3.848664554149682782e-01
5.000000000000000000e+00 1.794841179682861790e-02 4.400000000000000022e-01 1.287127635847679308e+00 3.249589444719500619e-01
5.000000000000000000e+00 1.923663145851425491e-02 4.400000000000000022e-01 1.230678886123862448e+00 2.645868071321629267e-01
5.000000000000000000e+00 2.061731110582640247e-02 4.400000000000000022e-01 1.209454256314586695e+00 2.705619870238145097e-01
5.000000000000000000e+00 2.209708691207952838e-02 4.400000000000000022e-01 1.185335968760309555e+00 2.717166356675949079e-01
5.000000000000000000e+00 2.368307135172487837e-02 4.400000000000000022e-01 1.146522009581177892e+00 2.162450786969913052e-01
5.000000000000000000e+00 2.538288738613225445e-02 4.400000000000000022e-01 1.116514425584090642e+00 1.804181671234263984e-01
5.000000000000000000e+00 2.720470510300375747e-02 4.400000000000000022e-01 1.100487402128902392e+00 1.702144935349251542e-01
5.000000000000000000e+00 2.915728098552509626e-02 4.400000000000000022e-01 1.082301380413763781e+00 1.496134608485349682e-01
5.000000000000000000e+00 3.124999999999984734e-02 4.400000000000000022e-01 1.062033852553615265e+00 1.168055405120864559e-01
5.000000000000000000e+00 3.349292070425898687e-02 4.400000000000000022e-01 1.054184640211355717e+00 1.140486912103100686e-01
5.000000000000000000e+00 3.589682359365715253e-02 4.400000000000000022e-01 1.040718117026675937e+00 8.852123593293596826e-02
5.000000000000000000e+00 3.847326291702841267e-02 4.400000000000000022e-01 1.031711470346579507e+00 7.256374921533188804e-02
5.000000000000000000e+00 4.123462221165270086e-02 4.400000000000000022e-01 1.024712734637881040e+00 5.912772476563776108e-02
5.000000000000000000e+00 4.419417382415894574e-02 4.400000000000000022e-01 1.019396866185294126e+00 4.830803539902280702e-02
5.000000000000000000e+00 4.736614270344963878e-02 4.400000000000000022e-01 1.015483302820309408e+00 3.976052724110925446e-02
5.000000000000000000e+00 5.076577477226438401e-02 4.400000000000000022e-01 1.012699179476061362e+00 3.335882089678748191e-02
5.000000000000000000e+00 5.440941020600738309e-02 4.400000000000000022e-01 1.010716057018141489e+00 2.850527443229939478e-02
5.000000000000000000e+00 5.831456197105004680e-02 4.400000000000000022e-01 1.009036382452775715e+00 2.407702925055645038e-02
5.000000000000000000e+00 6.249999999999953509e-02 4.400000000000000022e-01 1.007866347504859483e+00 2.089377353471198046e-02
5.000000000000000000e+00 6.698584140851780722e-02 4.400000000000000022e-01 1.006825554106264731e+00 1.794963352549940744e-02
5.000000000000000000e+00 7.179364718731412465e-02 4.400000000000000022e-01 1.006075972472274760e+00 1.580435960307569748e-02
5.000000000000000000e+00 7.694652583405664492e-02 4.400000000000000022e-01 1.005294410573023045e+00 1.352947426689374288e-02
5.000000000000000000e+00 8.246924442330520744e-02 4.400000000000000022e-01 1.004591652104511734e+00 1.147530069195972988e-02
5.000000000000000000e+00 8.838834764831768331e-02 4.400000000000000022e-01 1.003936397137581649e+00 9.556732070907630536e-03
5.000000000000000000e+00 9.473228540689904165e-02 4.400000000000000022e-01 1.003372026735585454e+00 7.906872081745484199e-03
5.000000000000000000e+00 1.015315495445285182e-01 4.400000000000000022e-01 1.002855658913067494e+00 6.398955869258642071e-03
5.000000000000000000e+00 1.088188204120145025e-01 4.400000000000000022e-01 1.002433613155741643e+00 5.173068334902333580e-03
5.000000000000000000e+00 1.166291239420998022e-01 4.400000000000000022e-01 1.002085066077104347e+00 4.168163345420378835e-03
5.000000000000000000e+00 1.249999999999987649e-01 4.400000000000000022e-01 1.001812305154519134e+00 3.392246114170647999e-03
5.000000000000000000e+00 1.339716828170352814e-01 4.400000000000000022e-01 1.001602924052138910e+00 2.809055897288837821e-03
5.000000000000000000e+00 1.435872943746278885e-01 4.400000000000000022e-01 1.001436268492905901e+00 2.357475060218704958e-03
5.000000000000000000e+00 1.538930516681129013e-01 4.400000000000000022e-01 1.001305743278033011e+00 2.017904694017921309e-03
5.000000000000000000e+00 1.649384888466099985e-01 4.400000000000000022e-01 1.001172053929014982e+00 1.673904445217449860e-03
5.000000000000000000e+00 1.767766952966349225e-01 4.400000000000000022e-01 1.001028418537606823e+00 1.306089370547565149e-03
5.000000000000000000e+00 1.894645708137976114e-01 4.400000000000000022e-01 1.000885088143143253e+00 9.460354465847937945e-04
5.000000000000000000e+00 2.030630990890565368e-01 4.400000000000000022e-01 1.000769088559295916e+00 6.725722813449229150e-04
5.000000000000000000e+00 2.176376408240284499e-01 4.400000000000000022e-01 1.000692421809292298e+00 5.128859238518809890e-04
5.000000000000000000e+00 2.332582478841990492e-01 4.400000000000000022e-01 1.000636114449331204e+00 4.045081699148757727e-04
5.000000000000000000e+00 2.499999999999969191e-01 4.400000000000000022e-01 1.000587858788847484e+00 3.070641362141935836e-04
5.000000000000000000e+00 2.679433656340699521e-01 4.400000000000000022e-01 1.000555862868893531e+00 2.285353979409157675e-04
5.000000000000000000e+00 2.871745887492550553e-01 4.400000000000000022e-01 1.000557337412414149e+00 1.788270171595134756e-04
5.000000000000000000e+00 3.077861033362250809e-01 4.400000000000000022e-01 1.000600826985956537e+00 1.451511376646637058e-04
5.000000000000000000e+00 3.298769776932191644e-01 4.400000000000000022e-01 1.000697455526295299e+00 1.398051753989504168e-04
5.000000000000000000e+00 3.535533905932689569e-01 4.400000000000000022e-01 1.000885581321196982e+00 2.289667908555001366e-04
5.000000000000000000e+00 3.789291416275942792e-01 4.400000000000000022e-01 1.001227860538015380e+00 4.555022854994537126e-04
5.000000000000000000e+00 4.061261981781120745e-01 4.400000000000000022e-01 1.001839669848185510e+00 8.996517864442442640e-04
5.000000000000000000e+00 4.352752816480558451e-01 4.400000000000000022e-01 1.002940319216802489e+00 1.762256533395455864e-03
5.000000000000000000e+00 4.665164957683969327e-01 4.400000000000000022e-01 1.004938944063660244e+00 3.460214106684936144e-03
5.000000000000000000e+00 4.999999999999926170e-01 4.400000000000000022e-01 1.008585789757947548e+00 6.844537685404667414e-03
5.000000000000000000e+00 5.358867312681385719e-01 4.400000000000000022e-01 1.015228326427838779e+00 1.355287950854169692e-02
5.000000000000000000e+00 5.743491774985087783e-01 4.400000000000000022e-01 1.026386840871853057e+00 2.556678222955455909e-02
5.000000000000000000e+00 6.155722066724486075e-01 4.400000000000000022e-01 1.041872052539154048e+00 4.211204189111806412e-02
5.000000000000000000e+00 6.597539553864367745e-01 4.400000000000000022e-01 1.058581618295509452e+00 5.693454644161471956e-02
5.000000000000000000e+00 7.071067811865362485e-01 4.400000000000000022e-01 1.074583511252665158e+00 6.405474816081681289e-02
5.000000000000000000e+00 7.578582832551866710e-01 4.400000000000000022e-01 1.089791481883772173e+00 6.886016996442913263e-02
5.000000000000000000e+00 8.122523963562221505e-01 4.400000000000000022e-01 1.108967500724776567e+00 8.264239004015966339e-02
5.000000000000000000e+00 8.705505632961095808e-01 4.400000000000000022e-01 1.129808100996888998e+00 9.835550042182274189e-02
5.000000000000000000e+00 9.330329915367915339e-01 4.400000000000000022e-01 1.146942659880002768e+00 1.163271795673828241e-01
5.000000000000000000e+00 9.999999999999827915e-01 4.400000000000000022e-01 1.161052433898656755e+00 1.308142630072901824e-01
5.000000000000000000e+00 1.071773462536274479e+00 4.400000000000000022e-01 1.176435522288535429e+00 1.463017303904556032e-01
5.000000000000000000e+00 1.148698354997014670e+00 4.400000000000000022e-01 1.185851752181947161e+00 1.551145351905486858e-01
5.000000000000000000e+00 1.231144413344894106e+00 4.400000000000000022e-01 1.182362366276575427e+00 1.438575072777871222e-01
5.000000000000000000e+00 1.319507910772870218e+00 4.400000000000000022e-01 1.169875931316163298e+00 1.195454075874182454e-01
5.000000000000000000e+00 1.414213562373068944e+00 4.400000000000000022e-01 1.161169456969630032e+00 9.815038158261048251e-02
5.000000000000000000e+00 1.515716566510369789e+00 4.400000000000000022e-01 1.157414537169267232e+00 8.813215306877894561e-02
5.000000000000000000e+00 1.624504792712440304e+00 4.400000000000000022e-01 1.158651310566125137e+00 1.037141840920366015e-01
5.000000000000000000e+00 1.741101126592214943e+00 4.400000000000000022e-01 1.161532205990295719e+00 1.172865070168925966e-01
5.000000000000000000e+00 1.866065983073578627e+00 4.400000000000000022e-01 1.177681478942723903e+00 1.415969004590561520e-01
5.000000000000000000e+00 1.999999999999960698e+00 4.400000000000000022e-01 1.173433079104141852e+00 1.306569933683665030e-01
5.000000000000000000e+00 2.143546925072543630e+00 4.400000000000000022e-01 1.165305235285216012e+00 1.098626447282349400e-01
5.000000000000000000e+00 2.297396709994023567e+00 4.400000000000000022e-01 1.182179807711937647e+00 1.289167906550853226e-01
5.000000000000000000e+00 2.462288826689782439e+00 4.400000000000000022e-01 1.189922016174225661e+00 1.573379528195581745e-01
5.000000000000000000e+00 2.639015821545733775e+00 4.400000000000000022e-01 1.192962526320086480e+00 1.587836932690232794e-01
5.000000000000000000e+00 2.828427124746130783e+00 4.400000000000000022e-01 1.189096367012413280e+00 1.461979645801239347e-01
5.000000000000000000e+00 3.031433133020732029e+00 4.400000000000000022e-01 1.179267858053463458e+00 1.322157273099882069e-01
5.000000000000000000e+00 3.249009585424872615e+00 4.400000000000000022e-01 1.209133146151549543e+00 2.153325244150590956e-01
5.000000000000000000e+00 3.482202253184421004e+00 4.400000000000000022e-01 1.197226565606861914e+00 1.907488066663565462e-01
5.000000000000000000e+00 3.732131966147147928e+00 4.400000000000000022e-01 1.153142451036457405e+00 9.210210799995326159e-02
5.000000000000000000e+00 3.999999999999911182e+00 4.400000000000000022e-01 1.127193983154960000e+00 4.557441844653050550e-02
5.000000000000000000e+00 4.287093850145076601e+00 4.400000000000000022e-01 1.155275508975770027e+00 1.295409716493746421e-01
5.000000000000000000e+00 4.594793419988035588e+00 4.400000000000000022e-01 1.142058735293126404e+00 6.104199270774049446e-02
5.000000000000000000e+00 4.924577653379552444e+00 4.400000000000000022e-01 1.163598275806103644e+00 6.725156907919324634e-02
5.000000000000000000e+00 5.278031643091455116e+00 4.400000000000000022e-01 1.148666889424490467e+00 1.173982719916602524e-01
5.000000000000000000e+00 5.656854249492248243e+00 4.400000000000000022e-01 1.132435540295585019e+00 7.880424413770496794e-02
5.000000000000000000e+00 6.062866266041448959e+00 4.400000000000000022e-01 1.166031336917993100e+00 7.513173653601672164e-02
5.000000000000000000e+00 6.498019170849729242e+00 4.400000000000000022e-01 1.149484457678924043e+00 6.447238142800906791e-02
5.000000000000000000e+00 6.964404506368825132e+00 4.400000000000000022e-01 1.138913790699963791e+00 5.780420173188092342e-02
5.000000000000000000e+00 7.464263932294277204e+00 4.400000000000000022e-01 1.162250681097128702e+00 5.868797029353997607e-02
5.000000000000000000e+00 7.999999999999802824e+00 4.400000000000000022e-01 1.141126928527273821e+00 6.128911322958666141e-02
5.000000000000000000e+00 8.574187700290131886e+00 4.400000000000000022e-01 1.164029939798453039e+00 1.035873346191683170e-01
5.000000000000000000e+00 9.189586839976049859e+00 4.400000000000000022e-01 1.150770815367182953e+00 7.879335815591362313e-02
5.000000000000000000e+00 9.849155306759080020e+00 4.400000000000000022e-01 1.194654988298528009e+00 1.083347967800248612e-01
5.000000000000000000e+00 1.055606328618288359e+01 4.400000000000000022e-01 1.224210983794129293e+00 1.278621604258098343e-01
5.000000000000000000e+00 1.131370849898446806e+01 4.400000000000000022e-01 1.180071695334734327e+00 1.029855185243679500e-01
5.000000000000000000e+00 1.212573253208286772e+01 4.400000000000000022e-01 1.163976032081480261e+00 6.215123770106747991e-02
5.000000000000000000e+00 1.299603834169942651e+01 4.400000000000000022e-01 1.197766321931597266e+00 1.044872996487670458e-01
5.000000000000000000e+00 1.392880901273761651e+01 4.400000000000000022e-01 1.168756305797037376e+00 1.087521695451746373e-01
5.000000000000000000e+00 1.492852786458851710e+01 4.400000000000000022e-01 1.150928458107803198e+00 8.334647664485275720e-02
5.000000000000000000e+00 1.599999999999956657e+01 4.400000000000000022e-01 1.181162613443007547e+00 1.574152177310577660e-01
5.000000000000000000e+00 1.714837540058022114e+01 4.400000000000000022e-01 1.161002927643199678e+00 9.012221880953376341e-02
5.000000000000000000e+00 1.837917367995205353e+01 4.400000000000000022e-01 1.187655089118329954e+00 8.740901104348534900e-02
5.000000000000000000e+00 1.969831061351811385e+01 4.400000000000000022e-01 1.158624290469588036e+00 1.174310631821364748e-01
5.000000000000000000e+00 2.111212657236571388e+01 4.400000000000000022e-01 1.157754508861131626e+00 7.792600277178149404e-02
5.000000000000000000e+00 2.262741699796887929e+01 4.400000000000000022e-01 1.134771837275160289e+00 5.356760063317774628e-02
5.000000000000000000e+00 2.425146506416567505e+01 4.400000000000000022e-01 1.139544771285225355e+00 4.840946747331703603e-02
5.000000000000000000e+00 2.599207668339878907e+01 4.400000000000000022e-01 1.200916875344030688e+00 1.523875959855416351e-01
5.000000000000000000e+00 2.785761802547516197e+01 4.400000000000000022e-01 1.170016715388354722e+00 1.193132425952387748e-01
5.000000000000000000e+00 2.985705572917696315e+01 4.400000000000000022e-01 1.158605884496176186e+00 6.890610336944044678e-02
5.000000000000000000e+00 3.199999999999905498e+01 4.400000000000000022e-01 1.159346734032357329e+00 8.949569312518410036e-02
