5.000000000000000000e+00 7.812500000000000000e-03 2.700000000000000178e-01 2.093580544796864285e+00 5.471319862172239201e-01
5.000000000000000000e+00 8.373230176064788352e-03 2.700000000000000178e-01 1.924056798795054091e+00 4.871365348510388604e-01
5.000000000000000000e+00 8.974205898414331500e-03 2.700000000000000178e-01 1.820615162967912370e+00 4.304260641628822603e-01
5.000000000000000000e+00 9.618315729257151739e-03 2.700000000000000178e-01 1.707885391192419888e+00 4.189178011977693905e-01
5.000000000000000000e+00 1.030865555291322552e-02 2.700000000000000178e-01 1.602505518084055058e+00 3.402276381097835145e-01
5.000000000000000000e+00 1.104854345603979195e-02 2.700000000000000178e-01 1.536671251909172309e+00 3.430344584061633117e-01
5.000000000000000000e+00 1.184153567586246694e-02 2.700000000000000178e-01 1.443554430447886450e+00 3.098140712953323939e-01
5.000000000000000000e+00 1.269144369306615845e-02 2.700000000000000178e-01 1.353788694396895309e+00 2.623903851916767893e-01
5.000000000000000000e+00 1.360235255150191343e-02 2.700000000000000178e-01 1.317821841708144648e+00 2.475109068143313551e-01
5.000000000000000000e+00 1.457864049276258282e-02 2.700000000000000178e-01 1.269138625793825303e+00 2.328745951534133274e-01
5.000000000000000000e+00 1.562499999999996184e-02 2.700000000000000178e-01 1.234191521077379061e+00 2.242082488165774434e-01
5.000000000000000000e+00 1.674646035212953507e-02 2.700000000000000178e-01 1.206296820604560782e+00 2.279884103405704909e-01
5.000000000000000000e+00 1.794841179682861790e-02 2.700000000000000178e-01 1.168467026073828574e+00 1.923250409639093994e-01
5.000000000000000000e+00 1.923663145851425491e-02 2.700000000000000178e-01 1.134407947822510421e+00 1.539193353368158435e-01
5.000000000000000000e+00 2.061731110582640247e-02 2.700000000000000178e-01 1.122685552808354137e+00 1.591059963901078345e-01
5.000000000000000000e+00 2.209708691207952838e-02 2.700000000000000178e-01 1.107963362409575270e+00 1.581069000031372629e-01
5.000000000000000000e+00 2.368307135172487837e-02 2.700000000000000178e-01 1.085216319284050046e+00 1.254165909232530240e-01
5.000000000000000000e+00 2.538288738613225445e-02 2.700000000000000178e-01 1.067702264099787968e+00 1.045598825429054218e-01
5.000000000000000000e+00 2.720470510300375747e-02 2.700000000000000178e-01 1.058319299693063487e+00 9.854710540746343395e-02
5.000000000000000000e+00 2.915728098552509626e-02 2.700000000000000178e-01 1.047722544109003229e+00 8.661337624031209548e-02
5.000000000000000000e+00 3.124999999999984734e-02 2.700000000000000178e-01 1.035953333527026787e+00 6.766599562297191672e-02
5.000000000000000000e+00 3.349292070425898687e-02 2.700000000000000178e-01 1.031331097300668187e+00 6.600162558853027439e-02
5.000000000000000000e+00 3.589682359365715253e-02 2.700000000000000178e-01 1.023547084802712392e+00 5.136793221878208776e-02
5.000000000000000000e+00 3.847326291702841267e-02 2.700000000000000178e-01 1.018334033168795782e+00 4.221545620276077881e-02
5.000000000000000000e+00 4.123462221165270086e-02 2.700000000000000178e-01 1.014266489318982334e+00 3.445421107189125531e-02
5.000000000000000000e+00 4.419417382415894574e-02 2.700000000000000178e-01 1.011175594587744753e+00 2.819810448044435952e-02
5.000000000000000000e+00 4.736614270344963878e-02 2.700000000000000178e-01 1.008902427497510912e+00 2.325363833087246493e-02
5.000000000000000000e+00 5.076577477226438401e-02 2.700000000000000178e-01 1.007280083840213614e+00 1.953308938962883268e-02
5.000000000000000000e+00 5.440941020600738309e-02 2.700000000000000178e-01 1.006124645694470798e+00 1.671060184630282497e-02
5.000000000000000000e+00 5.831456197105004680e-02 2.700000000000000178e-01 1.005144205872233298e+00 1.412663485566482968e-02
5.000000000000000000e+00 6.249999999999953509e-02 2.700000000000000178e-01 1.004461385176259158e+00 1.226852055698109643e-02
5.000000000000000000e+00 6.698584140851780722e-02 2.700000000000000178e-01 1.003853494865021734e+00 1.054728304035868446e-02
5.000000000000000000e+00 7.179364718731412465e-02 2.700000000000000178e-01 1.003414480881318793e+00 9.288391955341875061e-03
5.000000000000000000e+00 7.694652583405664492e-02 2.700000000000000178e-01 1.002957526115058062e+00 7.955305805784611967e-03
5.000000000000000000e+00 8.246924442330520744e-02 2.700000000000000178e-01 1.002546163484500097e+00 6.749257691886860130e-03
5.000000000000000000e+00 8.838834764831768331e-02 2.700000000000000178e-01 1.002163543950533198e+00 5.624765197170758339e-03
5.000000000000000000e+00 9.473228540689904165e-02 2.700000000000000178e-01 1.001833453627710480e+00 4.654879549687072557e-03
5.000000000000000000e+00 1.015315495445285182e-01 2.700000000000000178e-01 1.001532565582656797e+00 3.770563272392220104e-03
5.000000000000000000e+00 1.088188204120145025e-01 2.700000000000000178e-01 1.001286839487323999e+00 3.050295567813789219e-03
5.000000000000000000e+00 1.166291239420998022e-01 2.700000000000000178e-01 1.001084367031830569e+00 2.459048096055571186e-03
5.000000000000000000e+00 1.249999999999987649e-01 2.700000000000000178e-01 1.000927081621298509e+00 2.003212363736436245e-03
5.000000000000000000e+00 1.339716828170352814e-01 2.700000000000000178e-01 1.000807159406478242e+00 1.659784629220745471e-03
5.000000000000000000e+00 1.435872943746278885e-01 2.700000000000000178e-01 1.000712949176410849e+00 1.394112272000219742e-03
5.000000000000000000e+00 1.538930516681129013e-01 2.700000000000000178e-01 1.000640374659485410e+00 1.193915278312182799e-03
5.000000000000000000e+00 1.649384888466099985e-01 2.700000000000000178e-01 1.000566624760841794e+00 9.908163250348421894e-04
5.000000000000000000e+00 1.767766952966349225e-01 2.700000000000000178e-01 1.000487886416930872e+00 7.729732917314472004e-04
5.000000000000000000e+00 1.894645708137976114e-01 2.700000000000000178e-01 1.000410437590998791e+00 5.582773474886772993e-04
5.000000000000000000e+00 2.030630990890565368e-01 2.700000000000000178e-01 1.000350368394721468e+00 3.928122202202589453e-04
5.000000000000000000e+00 2.176376408240284499e-01 2.700000000000000178e-01 1.000315292788853672e+00 2.945672419533300660e-04
5.000000000000000000e+00 2.332582478841990492e-01 2.700000000000000178e-01 1.000294738868656719e+00 2.263841907710017446e-04
5.000000000000000000e+00 2.499999999999969191e-01 2.700000000000000178e-01 1.000282678809271131e+00 1.623389882658820963e-04
5.000000000000000000e+00 2.679433656340699521e-01 2.700000000000000178e-01 1.000285885688231291e+00 1.082443408629092847e-04
5.000000000000000000e+00 2.871745887492550553e-01 2.700000000000000178e-01 1.000317475752104723e+00 8.208130803227519929e-05
5.000000000000000000e+00 3.077861033362250809e-01 2.700000000000000178e-01 1.000387882526929006e+00 9.374214121970340962e-05
5.000000000000000000e+00 3.298769776932191644e-01 2.700000000000000178e-01 1.000512471481779908e+00 1.551443817293265786e-04
5.000000000000000000e+00 3.535533905932689569e-01 2.700000000000000178e-01 1.000730117110211648e+00 2.861826335103229276e-04
5.000000000000000000e+00 3.789291416275942792e-01 2.700000000000000178e-01 1.001105557212106367e+00 5.316842219924553838e-04
5.000000000000000000e+00 4.061261981781120745e-01 2.700000000000000178e-01 1.001758927145690148e+00 9.916221750463519256e-04
5.000000000000000000e+00 4.352752816480558451e-01 2.700000000000000178e-01 1.002915880031330698e+00 1.875599875018954142e-03
5.000000000000000000e+00 4.665164957683969327e-01 2.700000000000000178e-01 1.004995658375416934e+00 3.609219627128913786e-03
5.000000000000000000e+00 4.999999999999926170e-01 2.700000000000000178e-01 1.008762382690235437e+00 7.056233437975289145e-03
5.000000000000000000e+00 5.358867312681385719e-01 2.700000000000000178e-01 1.015580871148130226e+00 1.386741342123262895e-02
5.000000000000000000e+00 5.743491774985087783e-01 2.700000000000000178e-01 1.026984203228172410e+00 2.601887250386016384e-02
5.000000000000000000e+00 6.155722066724486075e-01 2.700000000000000178e-01 1.042772702725021317e+00 4.268949069173923888e-02
5.000000000000000000e+00 6.597539553864367745e-01 2.700000000000000178e-01 1.059787013743501038e+00 5.758753722318658841e-02
5.000000000000000000e+00 7.071067811865362485e-01 2.700000000000000178e-01 1.076095715848412127e+00 6.484861419523306469e-02
5.000000000000000000e+00 7.578582832551866710e-01 2.700000000000000178e-01 1.091675509228861030e+00 7.010701326574372838e-02
5.000000000000000000e+00 8.122523963562221505e-01 2.700000000000000178e-01 1.111376178641358736e+00 8.473887139537578106e-02
5.000000000000000000e+00 8.705505632961095808e-01 2.700000000000000178e-01 1.132936004269464059e+00 1.017059428520614289e-01
5.000000000000000000e+00 9.330329915367915339e-01 2.700000000000000178e-01 1.150979266627893072e+00 1.212026414498003496e-01
5.000000000000000000e+00 9.999999999999827915e-01 2.700000000000000178e-01 1.166161504741080712e+00 1.372959444730955936e-01
5.000000000000000000e+00 1.071773462536274479e+00 2.700000000000000178e-01 1.182148688394598190e+00 1.534512287707046896e-01
5.000000000000000000e+00 1.148698354997014670e+00 2.700000000000000178e-01 1.191715528632715682e+00 1.621287834952971907e-01
5.000000000000000000e+00 1.231144413344894106e+00 2.700000000000000178e-01 1.187964190066805648e+00 1.495522637570197710e-01
5.000000000000000000e+00 1.319507910772870218e+00 2.700000000000000178e-01 1.175266027169959759e+00 1.234002378639310199e-01
5.000000000000000000e+00 1.414213562373068944e+00 2.700000000000000178e-01 1.166953725918417950e+00 1.009591731320349517e-01
5.000000000000000000e+00 1.515716566510369789e+00 2.700000000000000178e-01 1.163761297522543980e+00 9.117140939046042281e-02
5.000000000000000000e+00 1.624504792712440304e+00 2.700000000000000178e-01 1.165148152329615439e+00 1.077123504927062908e-01
5.000000000000000000e+00 1.741101126592214943e+00 2.700000000000000178e-01 1.168333106593693937e+00 1.223754677420702680e-01
5.000000000000000000e+00 1.866065983073578627e+00 2.700000000000000178e-01 1.185227926990773506e+00 1.480874335746352466e-01
5.000000000000000000e+00 1.999999999999960698e+00 2.700000000000000178e-01 1.180159666137085894e+00 1.359998353009588268e-01
5.000000000000000000e+00 2.143546925072543630e+00 2.700000000000000178e-01 1.170918153381861115e+00 1.143427859587496515e-01
5.000000000000000000e+00 2.297396709994023567e+00 2.700000000000000178e-01 1.187893541693554322e+00 1.329996537433106030e-01
5.000000000000000000e+00 2.462288826689782439e+00 2.700000000000000178e-01 1.196276595848384305e+00 1.627025886128649068e-01
5.000000000000000000e+00 2.639015821545733775e+00 2.700000000000000178e-01 1.200537164246263000e+00 1.666604634221710846e-01
5.000000000000000000e+00 2.828427124746130783e+00 2.700000000000000178e-01 1.198325253172930704e+00 1.540589417067925182e-01
5.000000000000000000e+00 3.031433133020732029e+00 2.700000000000000178e-01 1.188826563843650597e+00 1.401229987446771519e-01
5.000000000000000000e+00 3.249009585424872615e+00 2.700000000000000178e-01 1.218160579070963312e+00 2.245053239650848242e-01
5.000000000000000000e+00 3.482202253184421004e+00 2.700000000000000178e-01 1.205295654204447731e+00 1.972253571459366694e-01
5.000000000000000000e+00 3.732131966147147928e+00 2.700000000000000178e-01 1.158465568051267436e+00 9.422991897610756562e-02
5.000000000000000000e+00 3.999999999999911182e+00 2.700000000000000178e-01 1.132589058187472464e+00 4.720883648109869268e-02
5.000000000000000000e+00 4.287093850145076601e+00 2.700000000000000178e-01 1.163163019657426522e+00 1.370940097260705259e-01
5.000000000000000000e+00 4.594793419988035588e+00 2.700000000000000178e-01 1.148261729122908692e+00 6.403620526950820624e-02
5.000000000000000000e+00 4.924577653379552444e+00 2.700000000000000178e-01 1.171437919182229059e+00 7.187741028351453398e-02
5.000000000000000000e+00 5.278031643091455116e+00 2.700000000000000178e-01 1.155005068194257412e+00 1.225284262314927652e-01
5.000000000000000000e+00 5.656854249492248243e+00 2.700000000000000178e-01 1.139151206455463194e+00 8.399620516715998464e-02
5.000000000000000000e+00 6.062866266041448959e+00 2.700000000000000178e-01 1.174775120090002734e+00 7.916581273516340445e-02
5.000000000000000000e+00 6.498019170849729242e+00 2.700000000000000178e-01 1.156668668928808597e+00 6.679729906978747189e-02
5.000000000000000000e+00 6.964404506368825132e+00 2.700000000000000178e-01 1.145252008077163541e+00 6.152136146713241271e-02
5.000000000000000000e+00 7.464263932294277204e+00 2.700000000000000178e-01 1.168590850848962415e+00 6.236684114407628488e-02
5.000000000000000000e+00 7.999999999999802824e+00 2.700000000000000178e-01 1.147158332345129983e+00 6.414282066783998093e-02
5.000000000000000000e+00 8.574187700290131886e+00 2.700000000000000178e-01 1.171714380618071871e+00 1.112405512552497033e-01
5.000000000000000000e+00 9.189586839976049859e+00 2.700000000000000178e-01 1.157595272320363522e+00 8.180508057848411008e-02
5.000000000000000000e+00 9.849155306759080020e+00 2.700000000000000178e-01 1.203391267685011368e+00 1.131702581335365665e-01
5.000000000000000000e+00 1.055606328618288359e+01 2.700000000000000178e-01 1.233353356615998875e+00 1.319248591097162970e-01
5.000000000000000000e+00 1.131370849898446806e+01 2.700000000000000178e-01 1.187133994024908157e+00 1.073608380236520665e-01
5.000000000000000000e+00 1.212573253208286772e+01 2.700000000000000178e-01 1.170043025996873043e+00 6.468726534090403490e-02
5.000000000000000000e+00 1.299603834169942651e+01 2.700000000000000178e-01 1.206463534394315529e+00 1.094278636137998861e-01
5.000000000000000000e+00 1.392880901273761651e+01 2.700000000000000178e-01 1.175374894424859651e+00 1.126036190542257787e-01
5.000000000000000000e+00 1.492852786458851710e+01 2.700000000000000178e-01 1.157758757719355991e+00 8.614224809881587674e-02
5.000000000000000000e+00 1.599999999999956657e+01 2.700000000000000178e-01 1.189446153672272466e+00 1.645384360060665463e-01
5.000000000000000000e+00 1.714837540058022114e+01 2.700000000000000178e-01 1.167694704155378238e+00 9.369857644151886877e-02
5.000000000000000000e+00 1.837917367995205353e+01 2.700000000000000178e-01 1.194398407809179607e+00 9.090415268988799591e-02
5.000000000000000000e+00 1.969831061351811385e+01 2.700000000000000178e-01 1.165331152711416296e+00 1.219557579053255070e-01
5.000000000000000000e+00 2.111212657236571388e+01 2.700000000000000178e-01 1.165005200870362634e+00 8.163923792921358447e-02
5.000000000000000000e+00 2.262741699796887929e+01 2.700000000000000178e-01 1.140993465337981627e+00 5.559940660939105550e-02
5.000000000000000000e+00 2.425146506416567505e+01 2.700000000000000178e-01 1.145076579786691529e+00 5.053271913458487474e-02
5.000000000000000000e+00 2.599207668339878907e+01 2.700000000000000178e-01 1.207916720485895823e+00 1.593925693012285816e-01
5.000000000000000000e+00 2.785761802547516197e+01 2.700000000000000178e-01 1.175891516005796777e+00 1.232216070172544448e-01
5.000000000000000000e+00 2.985705572917696315e+01 2.700000000000000178e-01 1.164818780379238694e+00 7.315194519440293419e-02
5.000000000000000000e+00 3.199999999999905498e+01 2.700000000000000178e-01 1.165856494474394989e+00 9.286633118675213794e-02
