5.000000000000000000e+00 7.812500000000000000e-03 8.199999999999999512e-01 5.106889562615871014e+00 1.271552345736640000e+00
5.000000000000000000e+00 8.373230176064788352e-03 8.199999999999999512e-01 5.485330987385846235e+00 9.795446473321601788e-01
5.000000000000000000e+00 8.974205898414331500e-03 8.199999999999999512e-01 5.071874213795626751e+00 1.091419345715836986e+00
5.000000000000000000e+00 9.618315729257151739e-03 8.199999999999999512e-01 5.190770246176408698e+00 9.409351232224411055e-01
5.000000000000000000e+00 1.030865555291322552e-02 8.199999999999999512e-01 4.569693585615421050e+00 1.402321631737962093e+00
5.000000000000000000e+00 1.104854345603979195e-02 8.199999999999999512e-01 4.463785345802046223e+00 9.892257964514944435e-01
5.000000000000000000e+00 1.184153567586246694e-02 8.199999999999999512e-01 4.196962818321485322e+00 1.218499755381081906e+00
5.000000000000000000e+00 1.269144369306615845e-02 8.199999999999999512e-01 3.795584247196342353e+00 1.218684205994079006e+00
5.000000000000000000e+00 1.360235255150191343e-02 8.199999999999999512e-01 3.472540938928064147e+00 1.182742006132804002e+00
5.000000000000000000e+00 1.457864049276258282e-02 8.199999999999999512e-01 3.215808254132372035e+00 1.096928137744322296e+00
5.000000000000000000e+00 1.562499999999996184e-02 8.199999999999999512e-01 2.949655049794828621e+00 1.068392339223650955e+00
5.000000000000000000e+00 1.674646035212953507e-02 8.199999999999999512e-01 2.747581934796847758e+00 1.020150066114843490e+00
5.000000000000000000e+00 1.794841179682861790e-02 8.199999999999999512e-01 2.458097946775461562e+00 9.091600535546671136e-01
5.000000000000000000e+00 1.923663145851425491e-02 8.199999999999999512e-01 2.306158490376587711e+00 9.120380148838646006e-01
5.000000000000000000e+00 2.061731110582640247e-02 8.199999999999999512e-01 2.116675446557684470e+00 8.300150289811545345e-01
5.000000000000000000e+00 2.209708691207952838e-02 8.199999999999999512e-01 2.002121862050105783e+00 9.100849758834462788e-01
5.000000000000000000e+00 2.368307135172487837e-02 8.199999999999999512e-01 1.874632314794373089e+00 8.941565332867860150e-01
5.000000000000000000e+00 2.538288738613225445e-02 8.199999999999999512e-01 1.754688996547079327e+00 8.748566823857487629e-01
5.000000000000000000e+00 2.720470510300375747e-02 8.199999999999999512e-01 1.648835123725250540e+00 8.345484624921031269e-01
5.000000000000000000e+00 2.915728098552509626e-02 8.199999999999999512e-01 1.564130752940783520e+00 8.311829392952222451e-01
5.000000000000000000e+00 3.124999999999984734e-02 8.199999999999999512e-01 1.478174678599243341e+00 8.026525279190973583e-01
5.000000000000000000e+00 3.349292070425898687e-02 8.199999999999999512e-01 1.423227312809128620e+00 8.198737150940365037e-01
5.000000000000000000e+00 3.589682359365715253e-02 8.199999999999999512e-01 1.342142093239644840e+00 7.151034140073595502e-01
5.000000000000000000e+00 3.847326291702841267e-02 8.199999999999999512e-01 1.279209876660324152e+00 6.332647971129180542e-01
5.000000000000000000e+00 4.123462221165270086e-02 8.199999999999999512e-01 1.225195846052597570e+00 5.444084939549638236e-01
5.000000000000000000e+00 4.419417382415894574e-02 8.199999999999999512e-01 1.180471919402056979e+00 4.599027655466699782e-01
5.000000000000000000e+00 4.736614270344963878e-02 8.199999999999999512e-01 1.144012028473665676e+00 3.817688497760312050e-01
5.000000000000000000e+00 5.076577477226438401e-02 8.199999999999999512e-01 1.117979948170321869e+00 3.225527609259505879e-01
5.000000000000000000e+00 5.440941020600738309e-02 8.199999999999999512e-01 1.098806166239707505e+00 2.755829640476405995e-01
5.000000000000000000e+00 5.831456197105004680e-02 8.199999999999999512e-01 1.082921071424927550e+00 2.337751729364694053e-01
5.000000000000000000e+00 6.249999999999953509e-02 8.199999999999999512e-01 1.071544752991465232e+00 2.027373541131572698e-01
5.000000000000000000e+00 6.698584140851780722e-02 8.199999999999999512e-01 1.061720220940536974e+00 1.749047658768392854e-01
5.000000000000000000e+00 7.179364718731412465e-02 8.199999999999999512e-01 1.054706130321877433e+00 1.547698802017747344e-01
5.000000000000000000e+00 7.694652583405664492e-02 8.199999999999999512e-01 1.047209167620003489e+00 1.328487715239957123e-01
5.000000000000000000e+00 8.246924442330520744e-02 8.199999999999999512e-01 1.040463236301778949e+00 1.130151723603226577e-01
5.000000000000000000e+00 8.838834764831768331e-02 8.199999999999999512e-01 1.033948159699874303e+00 9.379124741842664870e-02
5.000000000000000000e+00 9.473228540689904165e-02 8.199999999999999512e-01 1.028492315422892656e+00 7.768905517743586453e-02
5.000000000000000000e+00 1.015315495445285182e-01 8.199999999999999512e-01 1.023361709737317771e+00 6.252145478161433290e-02
5.000000000000000000e+00 1.088188204120145025e-01 8.199999999999999512e-01 1.019252546532130044e+00 5.038660723176651562e-02
5.000000000000000000e+00 1.166291239420998022e-01 8.199999999999999512e-01 1.015936646490315676e+00 4.061100602082533262e-02
5.000000000000000000e+00 1.249999999999987649e-01 8.199999999999999512e-01 1.013343764723131146e+00 3.299430480690250522e-02
5.000000000000000000e+00 1.339716828170352814e-01 8.199999999999999512e-01 1.011409896000140529e+00 2.735391985178559776e-02
5.000000000000000000e+00 1.435872943746278885e-01 8.199999999999999512e-01 1.009879966620664593e+00 2.293240091893545413e-02
5.000000000000000000e+00 1.538930516681129013e-01 8.199999999999999512e-01 1.008746394537032298e+00 1.971182378103044849e-02
5.000000000000000000e+00 1.649384888466099985e-01 8.199999999999999512e-01 1.007578254926095429e+00 1.640470102804170160e-02
5.000000000000000000e+00 1.767766952966349225e-01 8.199999999999999512e-01 1.006315100516872452e+00 1.283309920240733107e-02
5.000000000000000000e+00 1.894645708137976114e-01 8.199999999999999512e-01 1.005059936025918921e+00 9.308892036330907935e-03
5.000000000000000000e+00 2.030630990890565368e-01 8.199999999999999512e-01 1.004069132892959626e+00 6.600118586307867144e-03
5.000000000000000000e+00 2.176376408240284499e-01 8.199999999999999512e-01 1.003444229372204344e+00 5.003038172820949842e-03
5.000000000000000000e+00 2.332582478841990492e-01 8.199999999999999512e-01 1.002987310237915874e+00 3.919684500305720999e-03
5.000000000000000000e+00 2.499999999999969191e-01 8.199999999999999512e-01 1.002556780907867040e+00 2.923814363466737450e-03
5.000000000000000000e+00 2.679433656340699521e-01 8.199999999999999512e-01 1.002190873531256354e+00 2.114984722763561982e-03
5.000000000000000000e+00 2.871745887492550553e-01 8.199999999999999512e-01 1.001992727769452696e+00 1.754091885761987568e-03
5.000000000000000000e+00 3.077861033362250809e-01 8.199999999999999512e-01 1.001933747310427503e+00 1.711411984988710526e-03
5.000000000000000000e+00 3.298769776932191644e-01 8.199999999999999512e-01 1.001941787627153468e+00 1.727350612841675086e-03
5.000000000000000000e+00 3.535533905932689569e-01 8.199999999999999512e-01 1.002059276726419146e+00 1.817563187749192616e-03
5.000000000000000000e+00 3.789291416275942792e-01 8.199999999999999512e-01 1.002335933771995258e+00 1.945500790640768965e-03
5.000000000000000000e+00 4.061261981781120745e-01 8.199999999999999512e-01 1.002853761945167621e+00 2.039770687289453859e-03
5.000000000000000000e+00 4.352752816480558451e-01 8.199999999999999512e-01 1.003812494622045026e+00 2.249477775424151699e-03
5.000000000000000000e+00 4.665164957683969327e-01 8.199999999999999512e-01 1.005603339954503905e+00 3.236743228871485391e-03
5.000000000000000000e+00 4.999999999999926170e-01 8.199999999999999512e-01 1.008965607940370379e+00 6.182827065503057953e-03
5.000000000000000000e+00 5.358867312681385719e-01 8.199999999999999512e-01 1.015244847131334893e+00 1.265822217397196553e-02
5.000000000000000000e+00 5.743491774985087783e-01 8.199999999999999512e-01 1.025970687004892801e+00 2.450638773638461748e-02
5.000000000000000000e+00 6.155722066724486075e-01 8.199999999999999512e-01 1.040985915895560332e+00 4.093054457989651895e-02
5.000000000000000000e+00 6.597539553864367745e-01 8.199999999999999512e-01 1.057276647149871796e+00 5.567823425711125596e-02
5.000000000000000000e+00 7.071067811865362485e-01 8.199999999999999512e-01 1.072894617995093114e+00 6.260410628761776952e-02
5.000000000000000000e+00 7.578582832551866710e-01 8.199999999999999512e-01 1.087697690313245813e+00 6.687834394759570311e-02
5.000000000000000000e+00 8.122523963562221505e-01 8.199999999999999512e-01 1.106277952780784668e+00 7.965939560459733837e-02
5.000000000000000000e+00 8.705505632961095808e-01 8.199999999999999512e-01 1.126235305506964490e+00 9.375789429521658169e-02
5.000000000000000000e+00 9.330329915367915339e-01 8.199999999999999512e-01 1.142263150172963648e+00 1.098779049523445073e-01
5.000000000000000000e+00 9.999999999999827915e-01 8.199999999999999512e-01 1.155082958574660701e+00 1.225129330961529511e-01
5.000000000000000000e+00 1.071773462536274479e+00 8.199999999999999512e-01 1.169687490958890352e+00 1.372815232907330374e-01
5.000000000000000000e+00 1.148698354997014670e+00 8.199999999999999512e-01 1.178746294230456071e+00 1.462857745400892306e-01
5.000000000000000000e+00 1.231144413344894106e+00 8.199999999999999512e-01 1.175329139246972021e+00 1.367901758955728519e-01
5.000000000000000000e+00 1.319507910772870218e+00 8.199999999999999512e-01 1.162830320103778403e+00 1.149903469629460634e-01
5.000000000000000000e+00 1.414213562373068944e+00 8.199999999999999512e-01 1.153249402000796620e+00 9.500619226667461614e-02
5.000000000000000000e+00 1.515716566510369789e+00 8.199999999999999512e-01 1.148717685791873944e+00 8.468244443782103892e-02
5.000000000000000000e+00 1.624504792712440304e+00 8.199999999999999512e-01 1.150061410182946720e+00 9.904702426718160757e-02
5.000000000000000000e+00 1.741101126592214943e+00 8.199999999999999512e-01 1.152794458854029980e+00 1.111395461038296312e-01
5.000000000000000000e+00 1.866065983073578627e+00 8.199999999999999512e-01 1.167835126907723620e+00 1.333450127793841533e-01
5.000000000000000000e+00 1.999999999999960698e+00 8.199999999999999512e-01 1.164606320241261095e+00 1.237527240097032327e-01
5.000000000000000000e+00 2.143546925072543630e+00 8.199999999999999512e-01 1.158063601625413552e+00 1.037500648642060846e-01
5.000000000000000000e+00 2.297396709994023567e+00 8.199999999999999512e-01 1.174934951242338377e+00 1.231216983143929161e-01
5.000000000000000000e+00 2.462288826689782439e+00 8.199999999999999512e-01 1.182151204336050032e+00 1.501635904346389772e-01
5.000000000000000000e+00 2.639015821545733775e+00 8.199999999999999512e-01 1.183837003554428113e+00 1.486894890451156970e-01
5.000000000000000000e+00 2.828427124746130783e+00 8.199999999999999512e-01 1.177669964277413994e+00 1.363359597797694500e-01
5.000000000000000000e+00 3.031433133020732029e+00 8.199999999999999512e-01 1.167442778414724325e+00 1.225359520034382255e-01
5.000000000000000000e+00 3.249009585424872615e+00 8.199999999999999512e-01 1.198146452426328779e+00 2.047580591395341543e-01
5.000000000000000000e+00 3.482202253184421004e+00 8.199999999999999512e-01 1.187033481094350140e+00 1.827772467287040736e-01
5.000000000000000000e+00 3.732131966147147928e+00 8.199999999999999512e-01 1.146582996286309220e+00 8.953178996173327686e-02
5.000000000000000000e+00 3.999999999999911182e+00 8.199999999999999512e-01 1.120265352058912756e+00 4.362375810912251517e-02
5.000000000000000000e+00 4.287093850145076601e+00 8.199999999999999512e-01 1.145282269456870283e+00 1.205358283036708084e-01
5.000000000000000000e+00 4.594793419988035588e+00 8.199999999999999512e-01 1.134207227731078849e+00 5.750167942210740457e-02
5.000000000000000000e+00 4.924577653379552444e+00 8.199999999999999512e-01 1.153885962062312531e+00 6.140561994148885372e-02
5.000000000000000000e+00 5.278031643091455116e+00 8.199999999999999512e-01 1.140874910509335205e+00 1.109173595708627391e-01
5.000000000000000000e+00 5.656854249492248243e+00 8.199999999999999512e-01 1.123480510654938147e+00 7.201212677231376424e-02
5.000000000000000000e+00 6.062866266041448959e+00 8.199999999999999512e-01 1.154805373373867905e+00 7.026238123635301924e-02
5.000000000000000000e+00 6.498019170849729242e+00 8.199999999999999512e-01 1.140548444555142593e+00 6.122266109023337399e-02
5.000000000000000000e+00 6.964404506368825132e+00 8.199999999999999512e-01 1.131112605979848862e+00 5.352161823419518405e-02
5.000000000000000000e+00 7.464263932294277204e+00 8.199999999999999512e-01 1.154225370528628059e+00 5.439405608270789227e-02
5.000000000000000000e+00 7.999999999999802824e+00 8.199999999999999512e-01 1.133029242853967888e+00 5.754424794943336502e-02
5.000000000000000000e+00 8.574187700290131886e+00 8.199999999999999512e-01 1.154117218168455139e+00 9.411576074903821310e-02
5.000000000000000000e+00 9.189586839976049859e+00 8.199999999999999512e-01 1.142030291174541912e+00 7.475028867920573139e-02
5.000000000000000000e+00 9.849155306759080020e+00 8.199999999999999512e-01 1.183529704180292352e+00 1.020340661369798646e-01
5.000000000000000000e+00 1.055606328618288359e+01 8.199999999999999512e-01 1.212916914469937435e+00 1.228260758535375807e-01
5.000000000000000000e+00 1.131370849898446806e+01 8.199999999999999512e-01 1.171202249053426181e+00 9.810273010453261777e-02
5.000000000000000000e+00 1.212573253208286772e+01 8.199999999999999512e-01 1.156496709982551163e+00 5.902866287792419425e-02
5.000000000000000000e+00 1.299603834169942651e+01 8.199999999999999512e-01 1.186239640344940671e+00 9.787066228062317463e-02
5.000000000000000000e+00 1.392880901273761651e+01 8.199999999999999512e-01 1.159975739174097908e+00 1.037614445766547322e-01
5.000000000000000000e+00 1.492852786458851710e+01 8.199999999999999512e-01 1.142211205974105415e+00 8.028402902691064713e-02
5.000000000000000000e+00 1.599999999999956657e+01 8.199999999999999512e-01 1.170862640772860619e+00 1.485660214026215675e-01
5.000000000000000000e+00 1.714837540058022114e+01 8.199999999999999512e-01 1.152609743492455152e+00 8.577863319427779520e-02
5.000000000000000000e+00 1.837917367995205353e+01 8.199999999999999512e-01 1.179247430639432936e+00 8.320431673029937691e-02
5.000000000000000000e+00 1.969831061351811385e+01 8.199999999999999512e-01 1.150173775494536921e+00 1.122998861122767034e-01
5.000000000000000000e+00 2.111212657236571388e+01 8.199999999999999512e-01 1.148933811742887556e+00 7.412832158903559510e-02
5.000000000000000000e+00 2.262741699796887929e+01 8.199999999999999512e-01 1.127071153797608360e+00 5.173561419693960967e-02
5.000000000000000000e+00 2.425146506416567505e+01 8.199999999999999512e-01 1.132806419209502424e+00 4.658520665313166387e-02
5.000000000000000000e+00 2.599207668339878907e+01 8.199999999999999512e-01 1.192724057093446755e+00 1.446675859773224049e-01
5.000000000000000000e+00 2.785761802547516197e+01 8.199999999999999512e-01 1.162748342862566453e+00 1.149129383419063427e-01
5.000000000000000000e+00 2.985705572917696315e+01 8.199999999999999512e-01 1.151044137016581370e+00 6.385165273559374743e-02
5.000000000000000000e+00 3.199999999999905498e+01 8.199999999999999512e-01 1.151005249092682758e+00 8.605252996355616801e-02
