1.000000000000000000e+00 6.250000000000000000e-02 9.000000000000000222e-01 1.000300550835594660e+00 4.442189958556733913e-04
1.000000000000000000e+00 7.179364718731469364e-02 9.000000000000000222e-01 1.000130233509387567e+00 2.331162494398649040e-04
1.000000000000000000e+00 8.246924442330591520e-02 9.000000000000000222e-01 1.000104711235538790e+00 2.326565911051849307e-04
1.000000000000000000e+00 9.473228540689991595e-02 9.000000000000000222e-01 1.000090331825870482e+00 1.948688933168752572e-04
1.000000000000000000e+00 1.088188204120155711e-01 9.000000000000000222e-01 1.000068896321114176e+00 1.387323605516745074e-04
1.000000000000000000e+00 1.250000000000000833e-01 9.000000000000000222e-01 1.000045504647622874e+00 9.242315493753839109e-05
1.000000000000000000e+00 1.435872943746294705e-01 9.000000000000000222e-01 1.000026666780842177e+00 6.146539039981342419e-05
1.000000000000000000e+00 1.649384888466119137e-01 9.000000000000000222e-01 1.000014647907527143e+00 3.460344710729967735e-05
1.000000000000000000e+00 1.894645708137999429e-01 9.000000000000000222e-01 1.000009599484858125e+00 1.431297541311698083e-05
1.000000000000000000e+00 2.176376408240312810e-01 9.000000000000000222e-01 1.000012827849950048e+00 1.463759652223439533e-05
1.000000000000000000e+00 2.500000000000003331e-01 9.000000000000000222e-01 1.000029595976263730e+00 3.689556205296593477e-05
1.000000000000000000e+00 2.871745887492591631e-01 9.000000000000000222e-01 1.000079410433164062e+00 9.656208036498639560e-05
1.000000000000000000e+00 3.298769776932240494e-01 9.000000000000000222e-01 1.000240740590126798e+00 2.884075971188783416e-04
1.000000000000000000e+00 3.789291416276001079e-01 9.000000000000000222e-01 1.000965376505010163e+00 1.236110229263433875e-03
1.000000000000000000e+00 4.352752816480628395e-01 9.000000000000000222e-01 1.011430588010394649e+00 2.250552281798291407e-02
1.000000000000000000e+00 5.000000000000008882e-01 9.000000000000000222e-01 1.050104663721710407e+00 9.213082037407947789e-02
1.000000000000000000e+00 5.743491774985186593e-01 9.000000000000000222e-01 1.080943646290818627e+00 1.438087473787445225e-01
1.000000000000000000e+00 6.597539553864485429e-01 9.000000000000000222e-01 1.060155220420147426e+00 7.502582569943409829e-02
1.000000000000000000e+00 7.578582832552007709e-01 9.000000000000000222e-01 1.083276616296612982e+00 1.119837453005340933e-01
1.000000000000000000e+00 8.705505632961261231e-01 9.000000000000000222e-01 1.121444462235327011e+00 1.463400199348932618e-01
1.000000000000000000e+00 1.000000000000002442e+00 9.000000000000000222e-01 1.204560868672062801e+00 2.150266590485495066e-01
1.000000000000000000e+00 1.148698354997037985e+00 9.000000000000000222e-01 1.234380262484084501e+00 3.191989119714157552e-01
1.000000000000000000e+00 1.319507910772897752e+00 9.000000000000000222e-01 1.229879855294193636e+00 3.068722254732972332e-01
1.000000000000000000e+00 1.515716566510402430e+00 9.000000000000000222e-01 1.156992346659310833e+00 2.102091923120412986e-01
1.000000000000000000e+00 1.741101126592253356e+00 9.000000000000000222e-01 1.148229126502319675e+00 1.664564186253926770e-01
1.000000000000000000e+00 2.000000000000006217e+00 9.000000000000000222e-01 1.157436195323881867e+00 2.035019032502561054e-01
1.000000000000000000e+00 2.297396709994077302e+00 9.000000000000000222e-01 1.221773669509663929e+00 2.562163818832341455e-01
1.000000000000000000e+00 2.639015821545797280e+00 9.000000000000000222e-01 1.291529377834454095e+00 4.121924516049226828e-01
1.000000000000000000e+00 3.031433133020806636e+00 9.000000000000000222e-01 1.125994423595345628e+00 1.207492540030527389e-01
1.000000000000000000e+00 3.482202253184508933e+00 9.000000000000000222e-01 1.127199953577009417e+00 1.490030131723220630e-01
1.000000000000000000e+00 4.000000000000015099e+00 9.000000000000000222e-01 1.291012755252172406e+00 3.535183338838104872e-01
1.000000000000000000e+00 4.594793419988157268e+00 9.000000000000000222e-01 1.305959585342517659e+00 4.543453572424421827e-01
1.000000000000000000e+00 5.278031643091598113e+00 9.000000000000000222e-01 1.301853816169698641e+00 2.858328544895698542e-01
1.000000000000000000e+00 6.062866266041616825e+00 9.000000000000000222e-01 1.363055181763708212e+00 3.681008494713685075e-01
1.000000000000000000e+00 6.964404506369022307e+00 9.000000000000000222e-01 1.363902486399799052e+00 4.434460946005761017e-01
1.000000000000000000e+00 8.000000000000033751e+00 9.000000000000000222e-01 1.195251069935717059e+00 1.400894313594846508e-01
1.000000000000000000e+00 9.189586839976321642e+00 9.000000000000000222e-01 1.174647846600924694e+00 1.991229170167020390e-01
1.000000000000000000e+00 1.055606328618320155e+01 9.000000000000000222e-01 1.220527516053549366e+00 2.267946417865810971e-01
1.000000000000000000e+00 1.212573253208324076e+01 9.000000000000000222e-01 1.094193793652570079e+00 6.631694498706114382e-02
1.000000000000000000e+00 1.392880901273805350e+01 9.000000000000000222e-01 1.290658592069699129e+00 3.562138339050801017e-01
1.000000000000000000e+00 1.600000000000007816e+01 9.000000000000000222e-01 1.300625627196911438e+00 3.319510214382950242e-01
3.000000000000000000e+00 6.250000000000000000e-02 9.000000000000000222e-01 1.067042621572548144e+00 1.357729175186775661e-01
3.000000000000000000e+00 7.179364718731469364e-02 9.000000000000000222e-01 1.036842033837739319e+00 6.895589663928075597e-02
3.000000000000000000e+00 8.246924442330591520e-02 9.000000000000000222e-01 1.019509159304009316e+00 2.961145587069703711e-02
3.000000000000000000e+00 9.473228540689991595e-02 9.000000000000000222e-01 1.011664519105211824e+00 1.166128736449565002e-02
3.000000000000000000e+00 1.088188204120155711e-01 9.000000000000000222e-01 1.008838017279586996e+00 6.809916014101051115e-03
3.000000000000000000e+00 1.250000000000000833e-01 9.000000000000000222e-01 1.007949710737019000e+00 6.744718033533857356e-03
3.000000000000000000e+00 1.435872943746294705e-01 9.000000000000000222e-01 1.007541594227375992e+00 6.837366805156090341e-03
3.000000000000000000e+00 1.649384888466119137e-01 9.000000000000000222e-01 1.007055980203292123e+00 6.389430479642754963e-03
3.000000000000000000e+00 1.894645708137999429e-01 9.000000000000000222e-01 1.006349900534062591e+00 5.414022519594138654e-03
3.000000000000000000e+00 2.176376408240312810e-01 9.000000000000000222e-01 1.005462472008583630e+00 4.145353620925741438e-03
3.000000000000000000e+00 2.500000000000003331e-01 9.000000000000000222e-01 1.004508612413504975e+00 2.927334983783500596e-03
3.000000000000000000e+00 2.871745887492591631e-01 9.000000000000000222e-01 1.003597380937004457e+00 2.008876783280749874e-03
3.000000000000000000e+00 3.298769776932240494e-01 9.000000000000000222e-01 1.002802488761548094e+00 1.420199644929086291e-03
3.000000000000000000e+00 3.789291416276001079e-01 9.000000000000000222e-01 1.002245701778862186e+00 1.101373686876258237e-03
3.000000000000000000e+00 4.352752816480628395e-01 9.000000000000000222e-01 1.002369242655908099e+00 1.350263091435030104e-03
3.000000000000000000e+00 5.000000000000008882e-01 9.000000000000000222e-01 1.005169082208496878e+00 3.724465286297580849e-03
3.000000000000000000e+00 5.743491774985186593e-01 9.000000000000000222e-01 1.016623655672497462e+00 1.392215916253461069e-02
3.000000000000000000e+00 6.597539553864485429e-01 9.000000000000000222e-01 1.035768403213543021e+00 3.936953450833335921e-02
3.000000000000000000e+00 7.578582832552007709e-01 9.000000000000000222e-01 1.065695615434905097e+00 7.567949156373818265e-02
3.000000000000000000e+00 8.705505632961261231e-01 9.000000000000000222e-01 1.125538441670869805e+00 1.435540711955813897e-01
3.000000000000000000e+00 1.000000000000002442e+00 9.000000000000000222e-01 1.210274899520281444e+00 2.339115540626335032e-01
3.000000000000000000e+00 1.148698354997037985e+00 9.000000000000000222e-01 1.211940674401996043e+00 2.064772937906932948e-01
3.000000000000000000e+00 1.319507910772897752e+00 9.000000000000000222e-01 1.175075493503186408e+00 1.512874487758315289e-01
3.000000000000000000e+00 1.515716566510402430e+00 9.000000000000000222e-01 1.145276829223500492e+00 1.143152067507020864e-01
3.000000000000000000e+00 1.741101126592253356e+00 9.000000000000000222e-01 1.172383073290722555e+00 1.474639170985781178e-01
3.000000000000000000e+00 2.000000000000006217e+00 9.000000000000000222e-01 1.289997666195646264e+00 2.465662763891728892e-01
3.000000000000000000e+00 2.297396709994077302e+00 9.000000000000000222e-01 1.315362677515543144e+00 3.394972034167170749e-01
3.000000000000000000e+00 2.639015821545797280e+00 9.000000000000000222e-01 1.248402411524114131e+00 2.522326203877061634e-01
3.000000000000000000e+00 3.031433133020806636e+00 9.000000000000000222e-01 1.199509525589907089e+00 1.842721307588950919e-01
3.000000000000000000e+00 3.482202253184508933e+00 9.000000000000000222e-01 1.197970813853364458e+00 9.432051243201231006e-02
3.000000000000000000e+00 4.000000000000015099e+00 9.000000000000000222e-01 1.159741058760150434e+00 1.173122781607001536e-01
3.000000000000000000e+00 4.594793419988157268e+00 9.000000000000000222e-01 1.236869296200707513e+00 2.779527588561993556e-01
3.000000000000000000e+00 5.278031643091598113e+00 9.000000000000000222e-01 1.261636274615074216e+00 1.797324161327720216e-01
3.000000000000000000e+00 6.062866266041616825e+00 9.000000000000000222e-01 1.240168489523508555e+00 2.375142725650521702e-01
3.000000000000000000e+00 6.964404506369022307e+00 9.000000000000000222e-01 1.200708220394266501e+00 1.121440565255411442e-01
3.000000000000000000e+00 8.000000000000033751e+00 9.000000000000000222e-01 1.188405361168017427e+00 1.148075053809372026e-01
3.000000000000000000e+00 9.189586839976321642e+00 9.000000000000000222e-01 1.235858668134812710e+00 2.239705010946167196e-01
3.000000000000000000e+00 1.055606328618320155e+01 9.000000000000000222e-01 1.178481843907485560e+00 1.413127155482385988e-01
3.000000000000000000e+00 1.212573253208324076e+01 9.000000000000000222e-01 1.175999822494190550e+00 8.284986874616252772e-02
3.000000000000000000e+00 1.392880901273805350e+01 9.000000000000000222e-01 1.233484606452043497e+00 1.950798423760684575e-01
3.000000000000000000e+00 1.600000000000007816e+01 9.000000000000000222e-01 1.184420320016431827e+00 8.223968166792323953e-02
5.000000000000000000e+00 6.250000000000000000e-02 9.000000000000000222e-01 1.174979081712565820e+00 5.022284437814212854e-01
5.000000000000000000e+00 7.179364718731469364e-02 9.000000000000000222e-01 1.149116942461181790e+00 4.327102649297730474e-01
5.000000000000000000e+00 8.246924442330591520e-02 9.000000000000000222e-01 1.119522283561118492e+00 3.468502121850227105e-01
5.000000000000000000e+00 9.473228540689991595e-02 9.000000000000000222e-01 1.086232548137570530e+00 2.485855750989342527e-01
5.000000000000000000e+00 1.088188204120155711e-01 9.000000000000000222e-01 1.056948846930375607e+00 1.617048356120964481e-01
5.000000000000000000e+00 1.250000000000000833e-01 9.000000000000000222e-01 1.038253001879027249e+00 1.062140465839549741e-01
5.000000000000000000e+00 1.435872943746294705e-01 9.000000000000000222e-01 1.027305477420039637e+00 7.382855749057135042e-02
5.000000000000000000e+00 1.649384888466119137e-01 9.000000000000000222e-01 1.020288784159293805e+00 5.324570778468875470e-02
5.000000000000000000e+00 1.894645708137999429e-01 9.000000000000000222e-01 1.012520155196438454e+00 3.048358600886940870e-02
5.000000000000000000e+00 2.176376408240312810e-01 9.000000000000000222e-01 1.007691655093215122e+00 1.663213890236114531e-02
5.000000000000000000e+00 2.500000000000003331e-01 9.000000000000000222e-01 1.005208185795418707e+00 9.878388500054069432e-03
5.000000000000000000e+00 2.871745887492591631e-01 9.000000000000000222e-01 1.003716206951548617e+00 6.066072078757063848e-03
5.000000000000000000e+00 3.298769776932240494e-01 9.000000000000000222e-01 1.003629702697900639e+00 6.141340458431806745e-03
5.000000000000000000e+00 3.789291416276001079e-01 9.000000000000000222e-01 1.004165929202555985e+00 6.988015586060098219e-03
5.000000000000000000e+00 4.352752816480628395e-01 9.000000000000000222e-01 1.005643771515077889e+00 7.115240571262426358e-03
5.000000000000000000e+00 5.000000000000008882e-01 9.000000000000000222e-01 1.010455257311460464e+00 7.505052150575571013e-03
5.000000000000000000e+00 5.743491774985186593e-01 9.000000000000000222e-01 1.026918431231417017e+00 2.383581328014987288e-02
5.000000000000000000e+00 6.597539553864485429e-01 9.000000000000000222e-01 1.057761440330170055e+00 5.502735156412369433e-02
5.000000000000000000e+00 7.578582832552007709e-01 9.000000000000000222e-01 1.087900648433912654e+00 6.627335668350103903e-02
5.000000000000000000e+00 8.705505632961261231e-01 9.000000000000000222e-01 1.126197238023087577e+00 9.309759457677752037e-02
5.000000000000000000e+00 1.000000000000002442e+00 9.000000000000000222e-01 1.154801967682875574e+00 1.217497808982196117e-01
5.000000000000000000e+00 1.148698354997037985e+00 9.000000000000000222e-01 1.178241815737152809e+00 1.455379718411713708e-01
5.000000000000000000e+00 1.319507910772897752e+00 9.000000000000000222e-01 1.162160319041683376e+00 1.146937822583340427e-01
5.000000000000000000e+00 1.515716566510402430e+00 9.000000000000000222e-01 1.147779748774637509e+00 8.448227726941645588e-02
5.000000000000000000e+00 1.741101126592253356e+00 9.000000000000000222e-01 1.151985629938006905e+00 1.106762484854503098e-01
5.000000000000000000e+00 2.000000000000006217e+00 9.000000000000000222e-01 1.163744903600099967e+00 1.231199165896891268e-01
5.000000000000000000e+00 2.297396709994077302e+00 9.000000000000000222e-01 1.174290698899284502e+00 1.224359663857856606e-01
5.000000000000000000e+00 2.639015821545797280e+00 9.000000000000000222e-01 1.183179440781734204e+00 1.477817110080471286e-01
5.000000000000000000e+00 3.031433133020806636e+00 9.000000000000000222e-01 1.166479803643118984e+00 1.217553532803054284e-01
5.000000000000000000e+00 3.482202253184508933e+00 9.000000000000000222e-01 1.186163892451510549e+00 1.821532442261194762e-01
5.000000000000000000e+00 4.000000000000015099e+00 9.000000000000000222e-01 1.119626327032563928e+00 4.345658937644700237e-02
5.000000000000000000e+00 4.594793419988157268e+00 9.000000000000000222e-01 1.133528760568171201e+00 5.721964406543577492e-02
5.000000000000000000e+00 5.278031643091598113e+00 9.000000000000000222e-01 1.140294781992524431e+00 1.102782475821997427e-01
5.000000000000000000e+00 6.062866266041616825e+00 9.000000000000000222e-01 1.153826773412018225e+00 6.978795799735466876e-02
5.000000000000000000e+00 6.964404506369022307e+00 9.000000000000000222e-01 1.130489515102069742e+00 5.323113959724356387e-02
5.000000000000000000e+00 8.000000000000033751e+00 9.000000000000000222e-01 1.132190241461838109e+00 5.716481687348675539e-02
5.000000000000000000e+00 9.189586839976321642e+00 9.000000000000000222e-01 1.141226341864933547e+00 7.430345237858967944e-02
5.000000000000000000e+00 1.055606328618320155e+01 9.000000000000000222e-01 1.212034684872143719e+00 1.223789868228892103e-01
5.000000000000000000e+00 1.212573253208324076e+01 9.000000000000000222e-01 1.155924154236125379e+00 5.874324469276068911e-02
5.000000000000000000e+00 1.392880901273805350e+01 9.000000000000000222e-01 1.159101238875113626e+00 1.033010344306986711e-01
5.000000000000000000e+00 1.600000000000007816e+01 9.000000000000000222e-01 1.170012972419710806e+00 1.478145640702210328e-01
