5.000000000000000000e+00 7.812500000000000000e-03 1.400000000000000133e-01 1.776348565747141395e+00 3.866769032772788273e-01
5.000000000000000000e+00 8.373230176064788352e-03 1.400000000000000133e-01 1.652644961734893725e+00 3.422365400045023209e-01
5.000000000000000000e+00 8.974205898414331500e-03 1.400000000000000133e-01 1.580320430132997611e+00 3.012483546218940877e-01
5.000000000000000000e+00 9.618315729257151739e-03 1.400000000000000133e-01 1.500786908437701683e+00 2.947944804468594637e-01
5.000000000000000000e+00 1.030865555291322552e-02 1.400000000000000133e-01 1.428369803574284225e+00 2.405649982055693969e-01
5.000000000000000000e+00 1.104854345603979195e-02 1.400000000000000133e-01 1.381414062309783919e+00 2.438916404989837361e-01
5.000000000000000000e+00 1.184153567586246694e-02 1.400000000000000133e-01 1.315250880672502065e+00 2.198120892446748520e-01
5.000000000000000000e+00 1.269144369306615845e-02 1.400000000000000133e-01 1.252470227702149996e+00 1.875607451897718658e-01
5.000000000000000000e+00 1.360235255150191343e-02 1.400000000000000133e-01 1.226896644390691904e+00 1.767236096463082051e-01
5.000000000000000000e+00 1.457864049276258282e-02 1.400000000000000133e-01 1.191930530596885696e+00 1.657481790239165864e-01
5.000000000000000000e+00 1.562499999999996184e-02 1.400000000000000133e-01 1.167536442459939039e+00 1.606653909168222760e-01
5.000000000000000000e+00 1.674646035212953507e-02 1.400000000000000133e-01 1.147288755663443460e+00 1.624181137658093077e-01
5.000000000000000000e+00 1.794841179682861790e-02 1.400000000000000133e-01 1.120421991386505223e+00 1.373247697916681054e-01
5.000000000000000000e+00 1.923663145851425491e-02 1.400000000000000133e-01 1.095964091273835983e+00 1.095285574574455939e-01
5.000000000000000000e+00 2.061731110582640247e-02 1.400000000000000133e-01 1.087703009715156321e+00 1.135660963986181993e-01
5.000000000000000000e+00 2.209708691207952838e-02 1.400000000000000133e-01 1.077003136271180050e+00 1.124615194105746258e-01
5.000000000000000000e+00 2.368307135172487837e-02 1.400000000000000133e-01 1.060795664940074268e+00 8.928142843784775406e-02
5.000000000000000000e+00 2.538288738613225445e-02 1.400000000000000133e-01 1.048296771953379336e+00 7.450653584343365499e-02
5.000000000000000000e+00 2.720470510300375747e-02 1.400000000000000133e-01 1.041562164219700604e+00 7.018499316177799485e-02
5.000000000000000000e+00 2.915728098552509626e-02 1.400000000000000133e-01 1.033995768623207967e+00 6.173303887562038572e-02
5.000000000000000000e+00 3.124999999999984734e-02 1.400000000000000133e-01 1.025601720259879945e+00 4.828979151365651867e-02
5.000000000000000000e+00 3.349292070425898687e-02 1.400000000000000133e-01 1.022275548265405787e+00 4.708770135076207480e-02
5.000000000000000000e+00 3.589682359365715253e-02 1.400000000000000133e-01 1.016725716166159810e+00 3.670453076455629238e-02
5.000000000000000000e+00 3.847326291702841267e-02 1.400000000000000133e-01 1.013005008601586709e+00 3.020548559375843545e-02
5.000000000000000000e+00 4.123462221165270086e-02 1.400000000000000133e-01 1.010096009822901264e+00 2.467371957266471100e-02
5.000000000000000000e+00 4.419417382415894574e-02 1.400000000000000133e-01 1.007884316892829535e+00 2.021038132706326484e-02
5.000000000000000000e+00 4.736614270344963878e-02 1.400000000000000133e-01 1.006258837654004923e+00 1.668214088763420727e-02
5.000000000000000000e+00 5.076577477226438401e-02 1.400000000000000133e-01 1.005096989678557984e+00 1.402114260127905639e-02
5.000000000000000000e+00 5.440941020600738309e-02 1.400000000000000133e-01 1.004269860510355716e+00 1.200238015105711820e-02
5.000000000000000000e+00 5.831456197105004680e-02 1.400000000000000133e-01 1.003567510379406169e+00 1.015107391857473715e-02
5.000000000000000000e+00 6.249999999999953509e-02 1.400000000000000133e-01 1.003078607810441003e+00 8.819777936015661679e-03
5.000000000000000000e+00 6.698584140851780722e-02 1.400000000000000133e-01 1.002643474975940308e+00 7.586152738169724651e-03
5.000000000000000000e+00 7.179364718731412465e-02 1.400000000000000133e-01 1.002328869052765192e+00 6.681956816666602579e-03
5.000000000000000000e+00 7.694652583405664492e-02 1.400000000000000133e-01 1.002001775039035980e+00 5.725222009629579549e-03
5.000000000000000000e+00 8.246924442330520744e-02 1.400000000000000133e-01 1.001707232755101540e+00 4.858736943175447250e-03
5.000000000000000000e+00 8.838834764831768331e-02 1.400000000000000133e-01 1.001433752265072030e+00 4.051612202010505988e-03
5.000000000000000000e+00 9.473228540689904165e-02 1.400000000000000133e-01 1.001197777664867727e+00 3.354351543607952263e-03
5.000000000000000000e+00 1.015315495445285182e-01 1.400000000000000133e-01 1.000983330997494480e+00 2.719599753741035793e-03
5.000000000000000000e+00 1.088188204120145025e-01 1.400000000000000133e-01 1.000808502413566003e+00 2.201997129368888240e-03
5.000000000000000000e+00 1.166291239420998022e-01 1.400000000000000133e-01 1.000664956932578509e+00 1.776938661676145123e-03
5.000000000000000000e+00 1.249999999999987649e-01 1.400000000000000133e-01 1.000554312563425752e+00 1.449625966753983032e-03
5.000000000000000000e+00 1.339716828170352814e-01 1.400000000000000133e-01 1.000470709991238660e+00 1.202719557871805706e-03
5.000000000000000000e+00 1.435872943746278885e-01 1.400000000000000133e-01 1.000406025413368649e+00 1.011915223600826823e-03
5.000000000000000000e+00 1.538930516681129013e-01 1.400000000000000133e-01 1.000357260058053477e+00 8.680242191967659990e-04
5.000000000000000000e+00 1.649384888466099985e-01 1.400000000000000133e-01 1.000308174136602002e+00 7.219297792319950705e-04
5.000000000000000000e+00 1.767766952966349225e-01 1.400000000000000133e-01 1.000256147719190469e+00 5.649472422822589225e-04
5.000000000000000000e+00 1.894645708137976114e-01 1.400000000000000133e-01 1.000205881433074762e+00 4.097186182484047787e-04
5.000000000000000000e+00 2.030630990890565368e-01 1.400000000000000133e-01 1.000169098055273986e+00 2.892733279957169514e-04
5.000000000000000000e+00 2.176376408240284499e-01 1.400000000000000133e-01 1.000151666013018303e+00 2.175141655341324403e-04
5.000000000000000000e+00 2.332582478841990492e-01 1.400000000000000133e-01 1.000146556030445888e+00 1.677429395906869600e-04
5.000000000000000000e+00 2.499999999999969191e-01 1.400000000000000133e-01 1.000150289968610995e+00 1.213268995894910035e-04
5.000000000000000000e+00 2.679433656340699521e-01 1.400000000000000133e-01 1.000169128078131520e+00 8.574237624150608328e-05
5.000000000000000000e+00 2.871745887492550553e-01 1.400000000000000133e-01 1.000214645335233410e+00 8.236427420357445082e-05
5.000000000000000000e+00 3.077861033362250809e-01 1.400000000000000133e-01 1.000298214522221674e+00 1.154052695349586669e-04
5.000000000000000000e+00 3.298769776932191644e-01 1.400000000000000133e-01 1.000437182738676212e+00 1.886101769765047927e-04
5.000000000000000000e+00 3.535533905932689569e-01 1.400000000000000133e-01 1.000671161676426113e+00 3.250878941029270580e-04
5.000000000000000000e+00 3.789291416275942792e-01 1.400000000000000133e-01 1.001066645253790410e+00 5.763084821063485345e-04
5.000000000000000000e+00 4.061261981781120745e-01 1.400000000000000133e-01 1.001747441933893867e+00 1.045889982443126785e-03
5.000000000000000000e+00 4.352752816480558451e-01 1.400000000000000133e-01 1.002944885480422821e+00 1.947479931740894732e-03
5.000000000000000000e+00 4.665164957683969327e-01 1.400000000000000133e-01 1.005087716146526367e+00 3.714049537156255323e-03
5.000000000000000000e+00 4.999999999999926170e-01 1.400000000000000133e-01 1.008954011998012046e+00 7.220859802605459135e-03
5.000000000000000000e+00 5.358867312681385719e-01 1.400000000000000133e-01 1.015927018059277653e+00 1.413039877936717557e-02
5.000000000000000000e+00 5.743491774985087783e-01 1.400000000000000133e-01 1.027554259130308845e+00 2.641324119926454286e-02
5.000000000000000000e+00 6.155722066724486075e-01 1.400000000000000133e-01 1.043628289774241713e+00 4.320376206621782955e-02
5.000000000000000000e+00 6.597539553864367745e-01 1.400000000000000133e-01 1.060939574133203500e+00 5.817030908119846799e-02
5.000000000000000000e+00 7.071067811865362485e-01 1.400000000000000133e-01 1.077555295655619805e+00 6.555791339080055402e-02
5.000000000000000000e+00 7.578582832551866710e-01 1.400000000000000133e-01 1.093516185276074637e+00 7.125762873916509366e-02
5.000000000000000000e+00 8.122523963562221505e-01 1.400000000000000133e-01 1.113746082763216183e+00 8.671773686846925844e-02
5.000000000000000000e+00 8.705505632961095808e-01 1.400000000000000133e-01 1.136012459880341385e+00 1.048719753945414890e-01
5.000000000000000000e+00 9.330329915367915339e-01 1.400000000000000133e-01 1.154937200830788546e+00 1.258213029575881714e-01
5.000000000000000000e+00 9.999999999999827915e-01 1.400000000000000133e-01 1.171161934334201016e+00 1.434710809228349482e-01
5.000000000000000000e+00 1.071773462536274479e+00 1.400000000000000133e-01 1.187759220836728247e+00 1.603304120219213591e-01
5.000000000000000000e+00 1.148698354997014670e+00 1.400000000000000133e-01 1.197469176560738147e+00 1.689066763837070995e-01
5.000000000000000000e+00 1.231144413344894106e+00 1.400000000000000133e-01 1.193404767439212755e+00 1.550561060295373161e-01
5.000000000000000000e+00 1.319507910772870218e+00 1.400000000000000133e-01 1.180452834780565396e+00 1.271953106591654226e-01
5.000000000000000000e+00 1.414213562373068944e+00 1.400000000000000133e-01 1.172445605957725734e+00 1.037781396127563371e-01
5.000000000000000000e+00 1.515716566510369789e+00 1.400000000000000133e-01 1.169777628502901123e+00 9.423268610275672974e-02
5.000000000000000000e+00 1.624504792712440304e+00 1.400000000000000133e-01 1.171387201548455215e+00 1.117040124488967029e-01
5.000000000000000000e+00 1.741101126592214943e+00 1.400000000000000133e-01 1.174939714206487018e+00 1.274124608858924756e-01
5.000000000000000000e+00 1.866065983073578627e+00 1.400000000000000133e-01 1.192493847308377486e+00 1.543638499651748819e-01
5.000000000000000000e+00 1.999999999999960698e+00 1.400000000000000133e-01 1.186642403581191108e+00 1.411524033612021611e-01
5.000000000000000000e+00 2.143546925072543630e+00 1.400000000000000133e-01 1.176369733244284621e+00 1.185851103759332642e-01
5.000000000000000000e+00 2.297396709994023567e+00 1.400000000000000133e-01 1.193470108615427794e+00 1.368415093542947047e-01
5.000000000000000000e+00 2.462288826689782439e+00 1.400000000000000133e-01 1.202505263755396792e+00 1.677952896911870662e-01
5.000000000000000000e+00 2.639015821545733775e+00 1.400000000000000133e-01 1.207999986236140355e+00 1.742737549753771154e-01
5.000000000000000000e+00 2.828427124746130783e+00 1.400000000000000133e-01 1.207349918599280425e+00 1.617265918202122621e-01
5.000000000000000000e+00 3.031433133020732029e+00 1.400000000000000133e-01 1.198209142821536899e+00 1.479353200407956814e-01
5.000000000000000000e+00 3.249009585424872615e+00 1.400000000000000133e-01 1.227045304865368225e+00 2.336079629473264141e-01
5.000000000000000000e+00 3.482202253184421004e+00 1.400000000000000133e-01 1.213136555242293024e+00 2.035611332388869432e-01
5.000000000000000000e+00 3.732131966147147928e+00 1.400000000000000133e-01 1.163707259986158427e+00 9.635754557764329709e-02
5.000000000000000000e+00 3.999999999999911182e+00 1.400000000000000133e-01 1.137828459017282468e+00 4.888070078597241824e-02
5.000000000000000000e+00 4.287093850145076601e+00 1.400000000000000133e-01 1.170837907850212023e+00 1.445950508955316516e-01
5.000000000000000000e+00 4.594793419988035588e+00 1.400000000000000133e-01 1.154298631297717703e+00 6.705569044945354495e-02
5.000000000000000000e+00 4.924577653379552444e+00 1.400000000000000133e-01 1.179099206391696297e+00 7.638240454983885597e-02
5.000000000000000000e+00 5.278031643091455116e+00 1.400000000000000133e-01 1.161252884988573042e+00 1.275735917214327053e-01
5.000000000000000000e+00 5.656854249492248243e+00 1.400000000000000133e-01 1.145599426916652064e+00 8.903668183276887416e-02
5.000000000000000000e+00 6.062866266041448959e+00 1.400000000000000133e-01 1.183262115092969413e+00 8.318954937931200000e-02
5.000000000000000000e+00 6.498019170849729242e+00 1.400000000000000133e-01 1.163727463806112583e+00 6.909167876616008341e-02
5.000000000000000000e+00 6.964404506368825132e+00 1.400000000000000133e-01 1.151487745417026698e+00 6.529350494952916584e-02
5.000000000000000000e+00 7.464263932294277204e+00 1.400000000000000133e-01 1.174777534398417922e+00 6.605231115632183292e-02
5.000000000000000000e+00 7.999999999999802824e+00 1.400000000000000133e-01 1.152938218356523326e+00 6.691798679995825117e-02
5.000000000000000000e+00 8.574187700290131886e+00 1.400000000000000133e-01 1.179164692543692494e+00 1.187254750268940395e-01
5.000000000000000000e+00 9.189586839976049859e+00 1.400000000000000133e-01 1.164241261476745448e+00 8.474071321216822272e-02
5.000000000000000000e+00 9.849155306759080020e+00 1.400000000000000133e-01 1.211877594184218143e+00 1.178908472563945375e-01
5.000000000000000000e+00 1.055606328618288359e+01 1.400000000000000133e-01 1.242310520948469943e+00 1.359455045575428123e-01
5.000000000000000000e+00 1.131370849898446806e+01 1.400000000000000133e-01 1.194019278941549134e+00 1.117933699423920291e-01
5.000000000000000000e+00 1.212573253208286772e+01 1.400000000000000133e-01 1.175981503523712446e+00 6.719862507295257248e-02
5.000000000000000000e+00 1.299603834169942651e+01 1.400000000000000133e-01 1.214812717459886615e+00 1.142466819989434029e-01
5.000000000000000000e+00 1.392880901273761651e+01 1.400000000000000133e-01 1.181730291894302454e+00 1.163184636243490833e-01
5.000000000000000000e+00 1.492852786458851710e+01 1.400000000000000133e-01 1.164389597144412036e+00 8.898416101615586049e-02
5.000000000000000000e+00 1.599999999999956657e+01 1.400000000000000133e-01 1.197564034412714973e+00 1.715502441686836688e-01
5.000000000000000000e+00 1.714837540058022114e+01 1.400000000000000133e-01 1.174219570624940978e+00 9.725524374873585620e-02
5.000000000000000000e+00 1.837917367995205353e+01 1.400000000000000133e-01 1.200996067336581374e+00 9.436297557211871523e-02
5.000000000000000000e+00 1.969831061351811385e+01 1.400000000000000133e-01 1.171870931166355323e+00 1.264783102990990060e-01
5.000000000000000000e+00 2.111212657236571388e+01 1.400000000000000133e-01 1.172145558259622078e+00 8.551389399439771055e-02
5.000000000000000000e+00 2.262741699796887929e+01 1.400000000000000133e-01 1.147108254629238822e+00 5.788294095248827653e-02
5.000000000000000000e+00 2.425146506416567505e+01 1.400000000000000133e-01 1.150521365383572414e+00 5.279974448857450292e-02
5.000000000000000000e+00 2.599207668339878907e+01 1.400000000000000133e-01 1.214866536576300060e+00 1.664627732846609420e-01
5.000000000000000000e+00 2.785761802547516197e+01 1.400000000000000133e-01 1.181675963483677094e+00 1.272147069085555471e-01
5.000000000000000000e+00 2.985705572917696315e+01 1.400000000000000133e-01 1.170954272684138209e+00 7.743305435002025006e-02
5.000000000000000000e+00 3.199999999999905498e+01 1.400000000000000133e-01 1.172204065936584438e+00 9.638751845315471356e-02
