1.000000000000000000e+00 6.250000000000000000e-02 0.000000000000000000e+00 1.021525731045329843e+00 0.000000000000000000e+00
1.000000000000000000e+00 1.250000000000000000e-01 0.000000000000000000e+00 1.002974168499992436e+00 0.000000000000000000e+00
1.000000000000000000e+00 2.500000000000000000e-01 0.000000000000000000e+00 1.000055538944076394e+00 0.000000000000000000e+00
1.000000000000000000e+00 5.000000000000000000e-01 0.000000000000000000e+00 1.000300450662676033e+00 0.000000000000000000e+00
1.000000000000000000e+00 1.000000000000000000e+00 0.000000000000000000e+00 1.012220054738107722e+00 0.000000000000000000e+00
1.000000000000000000e+00 2.000000000000000000e+00 0.000000000000000000e+00 1.016204227527901960e+00 0.000000000000000000e+00
1.000000000000000000e+00 4.000000000000000000e+00 0.000000000000000000e+00 1.080946895972492383e+00 0.000000000000000000e+00
1.000000000000000000e+00 8.000000000000000000e+00 0.000000000000000000e+00 1.038959019826370511e+00 0.000000000000000000e+00
1.000000000000000000e+00 1.600000000000000000e+01 0.000000000000000000e+00 1.042255036466935181e+00 0.000000000000000000e+00
1.000000000000000000e+00 3.200000000000000000e+01 0.000000000000000000e+00 1.051834224890602520e+00 0.000000000000000000e+00
1.000000000000000000e+00 6.400000000000000000e+01 0.000000000000000000e+00 1.070416808871457182e+00 0.000000000000000000e+00
1.000000000000000000e+00 1.280000000000000000e+02 0.000000000000000000e+00 1.082082703823043168e+00 0.000000000000000000e+00
2.000000000000000000e+00 6.250000000000000000e-02 0.000000000000000000e+00 1.001293759705019548e+00 0.000000000000000000e+00
2.000000000000000000e+00 1.250000000000000000e-01 0.000000000000000000e+00 1.000043258232387711e+00 0.000000000000000000e+00
2.000000000000000000e+00 2.500000000000000000e-01 0.000000000000000000e+00 1.000038679150222709e+00 0.000000000000000000e+00
2.000000000000000000e+00 5.000000000000000000e-01 0.000000000000000000e+00 1.001807619447525166e+00 0.000000000000000000e+00
2.000000000000000000e+00 1.000000000000000000e+00 0.000000000000000000e+00 1.031526960889847411e+00 0.000000000000000000e+00
2.000000000000000000e+00 2.000000000000000000e+00 0.000000000000000000e+00 1.200990986067818067e+00 0.000000000000000000e+00
2.000000000000000000e+00 4.000000000000000000e+00 0.000000000000000000e+00 1.387686546246311492e+00 0.000000000000000000e+00
2.000000000000000000e+00 8.000000000000000000e+00 0.000000000000000000e+00 1.430564962077908397e+00 0.000000000000000000e+00
2.000000000000000000e+00 1.600000000000000000e+01 0.000000000000000000e+00 1.368350820523853706e+00 0.000000000000000000e+00
2.000000000000000000e+00 3.200000000000000000e+01 0.000000000000000000e+00 1.299921403855464730e+00 0.000000000000000000e+00
2.000000000000000000e+00 6.400000000000000000e+01 0.000000000000000000e+00 1.335882412357542792e+00 0.000000000000000000e+00
2.000000000000000000e+00 1.280000000000000000e+02 0.000000000000000000e+00 1.299764773761678871e+00 0.000000000000000000e+00
3.000000000000000000e+00 6.250000000000000000e-02 0.000000000000000000e+00 1.072190052014384110e+00 0.000000000000000000e+00
3.000000000000000000e+00 1.250000000000000000e-01 0.000000000000000000e+00 1.003343604800362776e+00 0.000000000000000000e+00
3.000000000000000000e+00 2.500000000000000000e-01 0.000000000000000000e+00 1.000097652234297696e+00 0.000000000000000000e+00
3.000000000000000000e+00 5.000000000000000000e-01 0.000000000000000000e+00 1.001360803756434992e+00 0.000000000000000000e+00
3.000000000000000000e+00 1.000000000000000000e+00 0.000000000000000000e+00 1.057176851553074171e+00 0.000000000000000000e+00
3.000000000000000000e+00 2.000000000000000000e+00 0.000000000000000000e+00 1.383418789068936894e+00 0.000000000000000000e+00
3.000000000000000000e+00 4.000000000000000000e+00 0.000000000000000000e+00 1.508963378013015610e+00 0.000000000000000000e+00
3.000000000000000000e+00 8.000000000000000000e+00 0.000000000000000000e+00 1.372222482058475856e+00 0.000000000000000000e+00
3.000000000000000000e+00 1.600000000000000000e+01 0.000000000000000000e+00 1.334456895476906491e+00 0.000000000000000000e+00
3.000000000000000000e+00 3.200000000000000000e+01 0.000000000000000000e+00 1.381752593188963596e+00 0.000000000000000000e+00
3.000000000000000000e+00 6.400000000000000000e+01 0.000000000000000000e+00 1.354403961424089475e+00 0.000000000000000000e+00
3.000000000000000000e+00 1.280000000000000000e+02 0.000000000000000000e+00 1.366330873687667813e+00 0.000000000000000000e+00
4.000000000000000000e+00 6.250000000000000000e-02 0.000000000000000000e+00 1.010528775265938650e+00 0.000000000000000000e+00
4.000000000000000000e+00 1.250000000000000000e-01 0.000000000000000000e+00 1.001200134758654769e+00 0.000000000000000000e+00
4.000000000000000000e+00 2.500000000000000000e-01 0.000000000000000000e+00 1.000165973045778589e+00 0.000000000000000000e+00
4.000000000000000000e+00 5.000000000000000000e-01 0.000000000000000000e+00 1.000550689002331683e+00 0.000000000000000000e+00
4.000000000000000000e+00 1.000000000000000000e+00 0.000000000000000000e+00 1.024262856246098030e+00 0.000000000000000000e+00
4.000000000000000000e+00 2.000000000000000000e+00 0.000000000000000000e+00 1.133642317381007070e+00 0.000000000000000000e+00
4.000000000000000000e+00 4.000000000000000000e+00 0.000000000000000000e+00 1.224677109869064529e+00 0.000000000000000000e+00
4.000000000000000000e+00 8.000000000000000000e+00 0.000000000000000000e+00 1.240839797251235499e+00 0.000000000000000000e+00
4.000000000000000000e+00 1.600000000000000000e+01 0.000000000000000000e+00 1.173146715380089411e+00 0.000000000000000000e+00
4.000000000000000000e+00 3.200000000000000000e+01 0.000000000000000000e+00 1.192531188675684195e+00 0.000000000000000000e+00
4.000000000000000000e+00 6.400000000000000000e+01 0.000000000000000000e+00 1.192568679650810148e+00 0.000000000000000000e+00
4.000000000000000000e+00 1.280000000000000000e+02 0.000000000000000000e+00 1.193770656568007071e+00 0.000000000000000000e+00
5.000000000000000000e+00 6.250000000000000000e-02 0.000000000000000000e+00 1.001125215285579850e+00 0.000000000000000000e+00
5.000000000000000000e+00 1.250000000000000000e-01 0.000000000000000000e+00 1.000004736333764299e+00 0.000000000000000000e+00
5.000000000000000000e+00 2.500000000000000000e-01 0.000000000000000000e+00 1.000024544419047867e+00 0.000000000000000000e+00
5.000000000000000000e+00 5.000000000000000000e-01 0.000000000000000000e+00 1.001452025096862375e+00 0.000000000000000000e+00
5.000000000000000000e+00 1.000000000000000000e+00 0.000000000000000000e+00 1.046454599219389658e+00 0.000000000000000000e+00
5.000000000000000000e+00 2.000000000000000000e+00 0.000000000000000000e+00 1.219184142142392346e+00 0.000000000000000000e+00
5.000000000000000000e+00 4.000000000000000000e+00 0.000000000000000000e+00 1.483978492437438623e+00 0.000000000000000000e+00
5.000000000000000000e+00 8.000000000000000000e+00 0.000000000000000000e+00 1.230772958507202919e+00 0.000000000000000000e+00
5.000000000000000000e+00 1.600000000000000000e+01 0.000000000000000000e+00 1.297607342603939395e+00 0.000000000000000000e+00
5.000000000000000000e+00 3.200000000000000000e+01 0.000000000000000000e+00 1.229727018019403317e+00 0.000000000000000000e+00
5.000000000000000000e+00 6.400000000000000000e+01 0.000000000000000000e+00 1.245528301005223826e+00 0.000000000000000000e+00
5.000000000000000000e+00 1.280000000000000000e+02 0.000000000000000000e+00 1.323575048256452336e+00 0.000000000000000000e+00
