5.000000000000000000e+00 7.812500000000000000e-03 6.400000000000000133e-01 4.384718376257652928e+00 1.234934849987717298e+00
5.000000000000000000e+00 8.373230176064788352e-03 6.400000000000000133e-01 4.183861371546928609e+00 1.242740339566146712e+00
5.000000000000000000e+00 8.974205898414331500e-03 6.400000000000000133e-01 3.865358204240229689e+00 1.234601583753575316e+00
5.000000000000000000e+00 9.618315729257151739e-03 6.400000000000000133e-01 3.540936584570198331e+00 1.207233988145235193e+00
5.000000000000000000e+00 1.030865555291322552e-02 6.400000000000000133e-01 3.182972695515942085e+00 1.163901755600502907e+00
5.000000000000000000e+00 1.104854345603979195e-02 6.400000000000000133e-01 2.965104108390872018e+00 1.061010966828763058e+00
5.000000000000000000e+00 1.184153567586246694e-02 6.400000000000000133e-01 2.672422813417576481e+00 1.016803482252202073e+00
5.000000000000000000e+00 1.269144369306615845e-02 6.400000000000000133e-01 2.330514731124331718e+00 8.612405299715308882e-01
5.000000000000000000e+00 1.360235255150191343e-02 6.400000000000000133e-01 2.195538123320655011e+00 7.986920587023050855e-01
5.000000000000000000e+00 1.457864049276258282e-02 6.400000000000000133e-01 2.031286835615409014e+00 7.917852963518245968e-01
5.000000000000000000e+00 1.562499999999996184e-02 6.400000000000000133e-01 1.871871034730588024e+00 7.113091070771407898e-01
5.000000000000000000e+00 1.674646035212953507e-02 6.400000000000000133e-01 1.776554840188720119e+00 7.473730522311691216e-01
5.000000000000000000e+00 1.794841179682861790e-02 6.400000000000000133e-01 1.639460351446432096e+00 6.526354571828244522e-01
5.000000000000000000e+00 1.923663145851425491e-02 6.400000000000000133e-01 1.536729260096394656e+00 5.865542335333902013e-01
5.000000000000000000e+00 2.061731110582640247e-02 6.400000000000000133e-01 1.474302073672134172e+00 5.689950507275675085e-01
5.000000000000000000e+00 2.209708691207952838e-02 6.400000000000000133e-01 1.426838235298545587e+00 5.970591553531603424e-01
5.000000000000000000e+00 2.368307135172487837e-02 6.400000000000000133e-01 1.345922306334352392e+00 4.985537596296852336e-01
5.000000000000000000e+00 2.538288738613225445e-02 6.400000000000000133e-01 1.279013082441456950e+00 4.270457958936252352e-01
5.000000000000000000e+00 2.720470510300375747e-02 6.400000000000000133e-01 1.240923654629721540e+00 4.044829744711710418e-01
5.000000000000000000e+00 2.915728098552509626e-02 6.400000000000000133e-01 1.199104441994911729e+00 3.612195793152122025e-01
5.000000000000000000e+00 3.124999999999984734e-02 6.400000000000000133e-01 1.151722923686877786e+00 2.874113399137985247e-01
5.000000000000000000e+00 3.349292070425898687e-02 6.400000000000000133e-01 1.133168509139129920e+00 2.822620503019896976e-01
5.000000000000000000e+00 3.589682359365715253e-02 6.400000000000000133e-01 1.100133186398574603e+00 2.194344728380901721e-01
5.000000000000000000e+00 3.847326291702841267e-02 6.400000000000000133e-01 1.077848690666533660e+00 1.795799417706240297e-01
5.000000000000000000e+00 4.123462221165270086e-02 6.400000000000000133e-01 1.060581435056474842e+00 1.461398115073851700e-01
5.000000000000000000e+00 4.419417382415894574e-02 6.400000000000000133e-01 1.047416737925496610e+00 1.190658503270239227e-01
5.000000000000000000e+00 4.736614270344963878e-02 6.400000000000000133e-01 1.037669356129988563e+00 9.757351512729153797e-02
5.000000000000000000e+00 5.076577477226438401e-02 6.400000000000000133e-01 1.030785545013168436e+00 8.164094327527440798e-02
5.000000000000000000e+00 5.440941020600738309e-02 6.400000000000000133e-01 1.025880821119662833e+00 6.957311700017770884e-02
5.000000000000000000e+00 5.831456197105004680e-02 6.400000000000000133e-01 1.021750908324466467e+00 5.865795731387323658e-02
5.000000000000000000e+00 6.249999999999953509e-02 6.400000000000000133e-01 1.018872607995731094e+00 5.080929211688191977e-02
5.000000000000000000e+00 6.698584140851780722e-02 6.400000000000000133e-01 1.016328294172870850e+00 4.360263645045966974e-02
5.000000000000000000e+00 7.179364718731412465e-02 6.400000000000000133e-01 1.014509095757411661e+00 3.838970779469988437e-02
5.000000000000000000e+00 7.694652583405664492e-02 6.400000000000000133e-01 1.012606295613621921e+00 3.284411004652725702e-02
5.000000000000000000e+00 8.246924442330520744e-02 6.400000000000000133e-01 1.010902247046916003e+00 2.785604877702550775e-02
5.000000000000000000e+00 8.838834764831768331e-02 6.400000000000000133e-01 1.009304723664576020e+00 2.317005820198415542e-02
5.000000000000000000e+00 9.473228540689904165e-02 6.400000000000000133e-01 1.007940517916423584e+00 1.917354847378334448e-02
5.000000000000000000e+00 1.015315495445285182e-01 6.400000000000000133e-01 1.006684973646253756e+00 1.549697640406227754e-02
5.000000000000000000e+00 1.088188204120145025e-01 6.400000000000000133e-01 1.005664030757051908e+00 1.252084920738423882e-02
5.000000000000000000e+00 1.166291239420998022e-01 6.400000000000000133e-01 1.004825008031205558e+00 1.009046457997123981e-02
5.000000000000000000e+00 1.249999999999987649e-01 6.400000000000000133e-01 1.004167598008659512e+00 8.207773056421686572e-03
5.000000000000000000e+00 1.339716828170352814e-01 6.400000000000000133e-01 1.003666207290168977e+00 6.798481379116432140e-03
5.000000000000000000e+00 1.435872943746278885e-01 6.400000000000000133e-01 1.003267131064520701e+00 5.703792269982662158e-03
5.000000000000000000e+00 1.538930516681129013e-01 6.400000000000000133e-01 1.002957599463213390e+00 4.886391790422039798e-03
5.000000000000000000e+00 1.649384888466099985e-01 6.400000000000000133e-01 1.002639718586487039e+00 4.056057779896718452e-03
5.000000000000000000e+00 1.767766952966349225e-01 6.400000000000000133e-01 1.002296862833400137e+00 3.165669626462832859e-03
5.000000000000000000e+00 1.894645708137976114e-01 6.400000000000000133e-01 1.001953552779124568e+00 2.291797248018982019e-03
5.000000000000000000e+00 2.030630990890565368e-01 6.400000000000000133e-01 1.001674477414800757e+00 1.626477165691544557e-03
5.000000000000000000e+00 2.176376408240284499e-01 6.400000000000000133e-01 1.001486673912468373e+00 1.238097409144702996e-03
5.000000000000000000e+00 2.332582478841990492e-01 6.400000000000000133e-01 1.001341967972117608e+00 9.771200257582862876e-04
5.000000000000000000e+00 2.499999999999969191e-01 6.400000000000000133e-01 1.001206598099438017e+00 7.443657342751452228e-04
5.000000000000000000e+00 2.679433656340699521e-01 6.400000000000000133e-01 1.001093797263203911e+00 5.621731175964946210e-04
5.000000000000000000e+00 2.871745887492550553e-01 6.400000000000000133e-01 1.001034995748392165e+00 4.635709988346282430e-04
5.000000000000000000e+00 3.077861033362250809e-01 6.400000000000000133e-01 1.001032716150333401e+00 4.097844779094190755e-04
5.000000000000000000e+00 3.298769776932191644e-01 6.400000000000000133e-01 1.001084408996158803e+00 3.630236789178557149e-04
5.000000000000000000e+00 3.535533905932689569e-01 6.400000000000000133e-01 1.001228799609002573e+00 3.554689044232962978e-04
5.000000000000000000e+00 3.789291416275942792e-01 6.400000000000000133e-01 1.001525530525058771e+00 4.622290367638475363e-04
5.000000000000000000e+00 4.061261981781120745e-01 6.400000000000000133e-01 1.002082248760868044e+00 8.064653731553507194e-04
5.000000000000000000e+00 4.352752816480558451e-01 6.400000000000000133e-01 1.003111471549305467e+00 1.598281600122834463e-03
5.000000000000000000e+00 4.665164957683969327e-01 6.400000000000000133e-01 1.005013267308923597e+00 3.239823868709675123e-03
5.000000000000000000e+00 4.999999999999926170e-01 6.400000000000000133e-01 1.008528053564665905e+00 6.562509640929858022e-03
5.000000000000000000e+00 5.358867312681385719e-01 6.400000000000000133e-01 1.014993478850386710e+00 1.318426647453862545e-02
5.000000000000000000e+00 5.743491774985087783e-01 6.400000000000000133e-01 1.025925010898203649e+00 2.508592019039121435e-02
5.000000000000000000e+00 6.155722066724486075e-01 6.400000000000000133e-01 1.041146326072945216e+00 4.153020459427173711e-02
5.000000000000000000e+00 6.597539553864367745e-01 6.400000000000000133e-01 1.057607593631235243e+00 5.628737545657871988e-02
5.000000000000000000e+00 7.071067811865362485e-01 6.400000000000000133e-01 1.073370917856287354e+00 6.327880740171765162e-02
5.000000000000000000e+00 7.578582832551866710e-01 6.400000000000000133e-01 1.088306380172400667e+00 6.771983051869463754e-02
5.000000000000000000e+00 8.122523963562221505e-01 6.400000000000000133e-01 1.107082811125446264e+00 8.081960932458061297e-02
5.000000000000000000e+00 8.705505632961095808e-01 6.400000000000000133e-01 1.127346170442459217e+00 9.547621634719004324e-02
5.000000000000000000e+00 9.330329915367915339e-01 6.400000000000000133e-01 1.143747440391354120e+00 1.121993721021345564e-01
5.000000000000000000e+00 9.999999999999827915e-01 6.400000000000000133e-01 1.156995739694562264e+00 1.254110802099179245e-01
5.000000000000000000e+00 1.071773462536274479e+00 6.400000000000000133e-01 1.171887781961083341e+00 1.404016850250980053e-01
5.000000000000000000e+00 1.148698354997014670e+00 6.400000000000000133e-01 1.181132563314209794e+00 1.493414501454348731e-01
5.000000000000000000e+00 1.231144413344894106e+00 6.400000000000000133e-01 1.177763652444536291e+00 1.391979444393396936e-01
5.000000000000000000e+00 1.319507910772870218e+00 6.400000000000000133e-01 1.165354059653268992e+00 1.164818636193496737e-01
5.000000000000000000e+00 1.414213562373068944e+00 6.400000000000000133e-01 1.156186656299532212e+00 9.598717822713714876e-02
5.000000000000000000e+00 1.515716566510369789e+00 6.400000000000000133e-01 1.151942299822437121e+00 8.578287935496192729e-02
5.000000000000000000e+00 1.624504792712440304e+00 6.400000000000000133e-01 1.153168359610126092e+00 1.005723370405926798e-01
5.000000000000000000e+00 1.741101126592214943e+00 6.400000000000000133e-01 1.155893419507906028e+00 1.132125096334451603e-01
5.000000000000000000e+00 1.866065983073578627e+00 6.400000000000000133e-01 1.171357764743687913e+00 1.362307863584862333e-01
5.000000000000000000e+00 1.999999999999960698e+00 6.400000000000000133e-01 1.167783640777370513e+00 1.262009887514566608e-01
5.000000000000000000e+00 2.143546925072543630e+00 6.400000000000000133e-01 1.160641853504350340e+00 1.060053961977171499e-01
5.000000000000000000e+00 2.297396709994023567e+00 6.400000000000000133e-01 1.177478387720699349e+00 1.253289047736003137e-01
5.000000000000000000e+00 2.462288826689782439e+00 6.400000000000000133e-01 1.184783617370936959e+00 1.527632195954795602e-01
5.000000000000000000e+00 2.639015821545733775e+00 6.400000000000000133e-01 1.186891763488747475e+00 1.522477701234918046e-01
5.000000000000000000e+00 2.828427124746130783e+00 6.400000000000000133e-01 1.181587633493823342e+00 1.397634974871458657e-01
5.000000000000000000e+00 3.031433133020732029e+00 6.400000000000000133e-01 1.171506598419925549e+00 1.258463506423143086e-01
5.000000000000000000e+00 3.249009585424872615e+00 6.400000000000000133e-01 1.201862797434658070e+00 2.081386065400666063e-01
5.000000000000000000e+00 3.482202253184421004e+00 6.400000000000000133e-01 1.190584045422095061e+00 1.854949447802868856e-01
5.000000000000000000e+00 3.732131966147147928e+00 6.400000000000000133e-01 1.148834436559755590e+00 9.040608075377416786e-02
5.000000000000000000e+00 3.999999999999911182e+00 6.400000000000000133e-01 1.122720910500582203e+00 4.429298779949685655e-02
5.000000000000000000e+00 4.287093850145076601e+00 6.400000000000000133e-01 1.148779435485563161e+00 1.235379674540032779e-01
5.000000000000000000e+00 4.594793419988035588e+00 6.400000000000000133e-01 1.136951128482323492e+00 5.869330074814921305e-02
5.000000000000000000e+00 4.924577653379552444e+00 6.400000000000000133e-01 1.157215080668059448e+00 6.345226120143901416e-02
5.000000000000000000e+00 5.278031643091455116e+00 6.400000000000000133e-01 1.143538898044011543e+00 1.132032915402714085e-01
5.000000000000000000e+00 5.656854249492248243e+00 6.400000000000000133e-01 1.126740134187100839e+00 7.447405358878630977e-02
5.000000000000000000e+00 6.062866266041448959e+00 6.400000000000000133e-01 1.158775098343491905e+00 7.192410264400218856e-02
5.000000000000000000e+00 6.498019170849729242e+00 6.400000000000000133e-01 1.143640343346243426e+00 6.248727617601144979e-02
5.000000000000000000e+00 6.964404506368825132e+00 6.400000000000000133e-01 1.133782493182923456e+00 5.492356131264119340e-02
5.000000000000000000e+00 7.464263932294277204e+00 6.400000000000000133e-01 1.157036420682124422e+00 5.580273413225839835e-02
5.000000000000000000e+00 7.999999999999802824e+00 6.400000000000000133e-01 1.135995203849394342e+00 5.890181097150919837e-02
5.000000000000000000e+00 8.574187700290131886e+00 6.400000000000000133e-01 1.157639884436346023e+00 9.736398705553657440e-02
5.000000000000000000e+00 9.189586839976049859e+00 6.400000000000000133e-01 1.145125434717793045e+00 7.624954252356354323e-02
5.000000000000000000e+00 9.849155306759080020e+00 6.400000000000000133e-01 1.187435578368748690e+00 1.043080120017080420e-01
5.000000000000000000e+00 1.055606328618288359e+01 6.400000000000000133e-01 1.216781213473263179e+00 1.245729489710648841e-01
5.000000000000000000e+00 1.131370849898446806e+01 6.400000000000000133e-01 1.174274728808264445e+00 9.964304019941776225e-02
5.000000000000000000e+00 1.212573253208286772e+01 6.400000000000000133e-01 1.159047835406271654e+00 6.010756781753225086e-02
5.000000000000000000e+00 1.299603834169942651e+01 6.400000000000000133e-01 1.190417258506004661e+00 1.003214234920252329e-01
5.000000000000000000e+00 1.392880901273761651e+01 6.400000000000000133e-01 1.163159357192929289e+00 1.055351452879657176e-01
5.000000000000000000e+00 1.492852786458851710e+01 6.400000000000000133e-01 1.145277025845318430e+00 8.122795731914825290e-02
5.000000000000000000e+00 1.599999999999956657e+01 6.400000000000000133e-01 1.174416534564502346e+00 1.516291025094236300e-01
5.000000000000000000e+00 1.714837540058022114e+01 6.400000000000000133e-01 1.155517449229237936e+00 8.725918940747412478e-02
5.000000000000000000e+00 1.837917367995205353e+01 6.400000000000000133e-01 1.182149433269914951e+00 8.461409326539291731e-02
5.000000000000000000e+00 1.969831061351811385e+01 6.400000000000000133e-01 1.153117369164404993e+00 1.139213747383836239e-01
5.000000000000000000e+00 2.111212657236571388e+01 6.400000000000000133e-01 1.151915893426142645e+00 7.522338820306212481e-02
5.000000000000000000e+00 2.262741699796887929e+01 6.400000000000000133e-01 1.129720903404155541e+00 5.222396426566344035e-02
5.000000000000000000e+00 2.425146506416567505e+01 6.400000000000000133e-01 1.135086422711592657e+00 4.698094864178919278e-02
5.000000000000000000e+00 2.599207668339878907e+01 6.400000000000000133e-01 1.195390673459664210e+00 1.470398013120002012e-01
5.000000000000000000e+00 2.785761802547516197e+01 6.400000000000000133e-01 1.165251970341654841e+00 1.163218147028347582e-01
5.000000000000000000e+00 2.985705572917696315e+01 6.400000000000000133e-01 1.153607369856015197e+00 6.556072954482576598e-02
5.000000000000000000e+00 3.199999999999905498e+01 6.400000000000000133e-01 1.153962353697542298e+00 8.704484052571906383e-02
