5.000000000000000000e+00 7.812500000000000000e-03 6.199999999999999956e-01 4.209476638469306309e+00 1.223160518316858569e+00
5.000000000000000000e+00 8.373230176064788352e-03 6.199999999999999956e-01 3.980644231340382255e+00 1.228078219958578687e+00
5.000000000000000000e+00 8.974205898414331500e-03 6.199999999999999956e-01 3.679080368287290348e+00 1.201467376413258181e+00
5.000000000000000000e+00 9.618315729257151739e-03 6.199999999999999956e-01 3.362291989218026522e+00 1.173372701380180905e+00
5.000000000000000000e+00 1.030865555291322552e-02 6.199999999999999956e-01 3.022648102009655169e+00 1.092407324086365872e+00
5.000000000000000000e+00 1.104854345603979195e-02 6.199999999999999956e-01 2.816764869741122723e+00 1.007465246831541261e+00
5.000000000000000000e+00 1.184153567586246694e-02 6.199999999999999956e-01 2.538934165628873085e+00 9.575958292151006690e-01
5.000000000000000000e+00 1.269144369306615845e-02 6.199999999999999956e-01 2.220940647640415211e+00 8.058376717590514104e-01
5.000000000000000000e+00 1.360235255150191343e-02 6.199999999999999956e-01 2.097300754216357976e+00 7.514379585030152020e-01
5.000000000000000000e+00 1.457864049276258282e-02 6.199999999999999956e-01 1.944827057460408737e+00 7.426069609414613915e-01
5.000000000000000000e+00 1.562499999999996184e-02 6.199999999999999956e-01 1.800254477112396501e+00 6.706315653189217629e-01
5.000000000000000000e+00 1.674646035212953507e-02 6.199999999999999956e-01 1.712549077563056743e+00 7.048123847245414408e-01
5.000000000000000000e+00 1.794841179682861790e-02 6.199999999999999956e-01 1.585737962979010929e+00 6.114704978867415708e-01
5.000000000000000000e+00 1.923663145851425491e-02 6.199999999999999956e-01 1.487798845902315481e+00 5.400337864589603853e-01
5.000000000000000000e+00 2.061731110582640247e-02 6.199999999999999956e-01 1.433116065133695161e+00 5.287734773365975194e-01
5.000000000000000000e+00 2.209708691207952838e-02 6.199999999999999956e-01 1.388841507313848478e+00 5.507792117375345242e-01
5.000000000000000000e+00 2.368307135172487837e-02 6.199999999999999956e-01 1.313402680893884789e+00 4.550787322015411029e-01
5.000000000000000000e+00 2.538288738613225445e-02 6.199999999999999956e-01 1.251922539602359663e+00 3.873394707519703384e-01
5.000000000000000000e+00 2.720470510300375747e-02 6.199999999999999956e-01 1.217512005118016827e+00 3.666066432586004287e-01
5.000000000000000000e+00 2.915728098552509626e-02 6.199999999999999956e-01 1.179357305300410719e+00 3.260623760167853935e-01
5.000000000000000000e+00 3.124999999999984734e-02 6.199999999999999956e-01 1.136254109679701418e+00 2.580779104710403393e-01
5.000000000000000000e+00 3.349292070425898687e-02 6.199999999999999956e-01 1.119498441323938609e+00 2.531423321159002593e-01
5.000000000000000000e+00 3.589682359365715253e-02 6.199999999999999956e-01 1.089783433555402414e+00 1.965256420478865007e-01
5.000000000000000000e+00 3.847326291702841267e-02 6.199999999999999956e-01 1.069795868316978149e+00 1.607645807164144458e-01
5.000000000000000000e+00 4.123462221165270086e-02 6.199999999999999956e-01 1.054318098127795311e+00 1.308014531958549553e-01
5.000000000000000000e+00 4.419417382415894574e-02 6.199999999999999956e-01 1.042531717437592986e+00 1.065869494985381971e-01
5.000000000000000000e+00 4.736614270344963878e-02 6.199999999999999956e-01 1.033817037785245807e+00 8.739534332107766479e-02
5.000000000000000000e+00 5.076577477226438401e-02 6.199999999999999956e-01 1.027656796366456016e+00 7.315008530842385948e-02
5.000000000000000000e+00 5.440941020600738309e-02 6.199999999999999956e-01 1.023268491186178020e+00 6.236110471649418396e-02
5.000000000000000000e+00 5.831456197105004680e-02 6.199999999999999956e-01 1.019569964786214422e+00 5.258985866761828332e-02
5.000000000000000000e+00 6.249999999999953509e-02 6.199999999999999956e-01 1.016992843686290282e+00 4.556516963672890830e-02
5.000000000000000000e+00 6.698584140851780722e-02 6.199999999999999956e-01 1.014712174293186164e+00 3.910693924470007299e-02
5.000000000000000000e+00 7.179364718731412465e-02 6.199999999999999956e-01 1.013079873514726170e+00 3.443095609529427809e-02
5.000000000000000000e+00 7.694652583405664492e-02 6.199999999999999956e-01 1.011373375101207728e+00 2.945908169194382670e-02
5.000000000000000000e+00 8.246924442330520744e-02 6.199999999999999956e-01 1.009844276265032814e+00 2.498485729010563317e-02
5.000000000000000000e+00 8.838834764831768331e-02 6.199999999999999956e-01 1.008412036118452759e+00 2.078573462282713377e-02
5.000000000000000000e+00 9.473228540689904165e-02 6.199999999999999956e-01 1.007187269427872733e+00 1.719989524717332324e-02
5.000000000000000000e+00 1.015315495445285182e-01 6.199999999999999956e-01 1.006061011521118820e+00 1.390447135841310113e-02
5.000000000000000000e+00 1.088188204120145025e-01 6.199999999999999956e-01 1.005144336129000449e+00 1.123511306450782413e-02
5.000000000000000000e+00 1.166291239420998022e-01 6.199999999999999956e-01 1.004390259730334245e+00 9.053912272237590875e-03
5.000000000000000000e+00 1.249999999999987649e-01 6.199999999999999956e-01 1.003799291913440639e+00 7.364981071348379073e-03
5.000000000000000000e+00 1.339716828170352814e-01 6.199999999999999956e-01 1.003347924219557985e+00 6.100020722596933079e-03
5.000000000000000000e+00 1.435872943746278885e-01 6.199999999999999956e-01 1.002988429951166882e+00 5.117938740848258436e-03
5.000000000000000000e+00 1.538930516681129013e-01 6.199999999999999956e-01 1.002708870818122211e+00 4.383770761305243180e-03
5.000000000000000000e+00 1.649384888466099985e-01 6.199999999999999956e-01 1.002421790849156613e+00 3.638433470270870367e-03
5.000000000000000000e+00 1.767766952966349225e-01 6.199999999999999956e-01 1.002112242105713591e+00 2.839712345077632146e-03
5.000000000000000000e+00 1.894645708137976114e-01 6.199999999999999956e-01 1.001802203024257265e+00 2.056422043749118501e-03
5.000000000000000000e+00 2.030630990890565368e-01 6.199999999999999956e-01 1.001549790476456536e+00 1.460826331428171721e-03
5.000000000000000000e+00 2.176376408240284499e-01 6.199999999999999956e-01 1.001379430494929945e+00 1.113553738095062048e-03
5.000000000000000000e+00 2.332582478841990492e-01 6.199999999999999956e-01 1.001248050918377430e+00 8.803004329492626883e-04
5.000000000000000000e+00 2.499999999999969191e-01 6.199999999999999956e-01 1.001125624314390228e+00 6.727819996394585663e-04
5.000000000000000000e+00 2.679433656340699521e-01 6.199999999999999956e-01 1.001024511916093651e+00 5.105627824813508677e-04
5.000000000000000000e+00 2.871745887492550553e-01 6.199999999999999956e-01 1.000973670390009174e+00 4.205171739501245131e-04
5.000000000000000000e+00 3.077861033362250809e-01 6.199999999999999956e-01 1.000976672629006581e+00 3.674540745064271466e-04
5.000000000000000000e+00 3.298769776932191644e-01 6.199999999999999956e-01 1.001033342684805261e+00 3.203961462872214044e-04
5.000000000000000000e+00 3.535533905932689569e-01 6.199999999999999956e-01 1.001182291739283192e+00 3.161437844508619734e-04
5.000000000000000000e+00 3.789291416275942792e-01 6.199999999999999956e-01 1.001483571079622603e+00 4.392558922933011991e-04
5.000000000000000000e+00 4.061261981781120745e-01 6.199999999999999956e-01 1.002045904754818473e+00 8.059454264533772458e-04
5.000000000000000000e+00 4.352752816480558451e-01 6.199999999999999956e-01 1.003082540509881548e+00 1.613983572506147348e-03
5.000000000000000000e+00 4.665164957683969327e-01 6.199999999999999956e-01 1.004994358928734011e+00 3.265501899219923430e-03
5.000000000000000000e+00 4.999999999999926170e-01 6.199999999999999956e-01 1.008522425195217176e+00 6.595153597252959195e-03
5.000000000000000000e+00 5.358867312681385719e-01 6.199999999999999956e-01 1.015004773717847142e+00 1.322410816369485979e-02
5.000000000000000000e+00 5.743491774985087783e-01 6.199999999999999956e-01 1.025956742764307039e+00 2.513429757174797177e-02
5.000000000000000000e+00 6.155722066724486075e-01 6.199999999999999956e-01 1.041200606147969276e+00 4.158605259424193873e-02
5.000000000000000000e+00 6.597539553864367745e-01 6.199999999999999956e-01 1.057682013783337593e+00 5.634825051023120701e-02
5.000000000000000000e+00 7.071067811865362485e-01 6.199999999999999956e-01 1.073463946849624762e+00 6.335057529088701511e-02
5.000000000000000000e+00 7.578582832551866710e-01 6.199999999999999956e-01 1.088419383076243641e+00 6.782005705615892777e-02
5.000000000000000000e+00 8.122523963562221505e-01 6.199999999999999956e-01 1.107226034265659020e+00 8.097311761722836287e-02
5.000000000000000000e+00 8.705505632961095808e-01 6.199999999999999956e-01 1.127534907406410936e+00 9.571527190437935373e-02
5.000000000000000000e+00 9.330329915367915339e-01 6.199999999999999956e-01 1.143993735790464372e+00 1.125365513771768300e-01
5.000000000000000000e+00 9.999999999999827915e-01 6.199999999999999956e-01 1.157309329685551447e+00 1.258460797767154971e-01
5.000000000000000000e+00 1.071773462536274479e+00 6.199999999999999956e-01 1.172241435314760327e+00 1.408741613895037881e-01
5.000000000000000000e+00 1.148698354997014670e+00 6.199999999999999956e-01 1.181504355067415801e+00 1.498036777016654164e-01
5.000000000000000000e+00 1.231144413344894106e+00 6.199999999999999956e-01 1.178131840170353994e+00 1.395683411750493763e-01
5.000000000000000000e+00 1.319507910772870218e+00 6.199999999999999956e-01 1.165722885575045442e+00 1.167201667771978202e-01
5.000000000000000000e+00 1.414213562373068944e+00 6.199999999999999956e-01 1.156601492584182322e+00 9.615134799460858805e-02
5.000000000000000000e+00 1.515716566510369789e+00 6.199999999999999956e-01 1.152397911420902421e+00 8.596265154870955105e-02
5.000000000000000000e+00 1.624504792712440304e+00 6.199999999999999956e-01 1.153617961288118998e+00 1.008159086992014425e-01
5.000000000000000000e+00 1.741101126592214943e+00 6.199999999999999956e-01 1.156350220829625242e+00 1.135334838724604695e-01
5.000000000000000000e+00 1.866065983073578627e+00 6.199999999999999956e-01 1.171873127702260486e+00 1.366627857927172618e-01
5.000000000000000000e+00 1.999999999999960698e+00 6.199999999999999956e-01 1.168245454210858458e+00 1.265624886494454426e-01
5.000000000000000000e+00 2.143546925072543630e+00 6.199999999999999956e-01 1.161020409344774240e+00 1.063258103240331126e-01
5.000000000000000000e+00 2.297396709994023567e+00 6.199999999999999956e-01 1.177857072531935723e+00 1.256324183619503265e-01
5.000000000000000000e+00 2.462288826689782439e+00 6.199999999999999956e-01 1.185190218813226837e+00 1.531396432823935450e-01
5.000000000000000000e+00 2.639015821545733775e+00 6.199999999999999956e-01 1.187368908671948997e+00 1.527760039730136632e-01
5.000000000000000000e+00 2.828427124746130783e+00 6.199999999999999956e-01 1.182185299648234933e+00 1.402788677311552490e-01
5.000000000000000000e+00 3.031433133020732029e+00 6.199999999999999956e-01 1.172124602008755234e+00 1.263514834582097901e-01
5.000000000000000000e+00 3.249009585424872615e+00 6.199999999999999956e-01 1.202437149899289182e+00 2.086919321781623704e-01
5.000000000000000000e+00 3.482202253184421004e+00 6.199999999999999956e-01 1.191117563468474749e+00 1.859118931880013592e-01
5.000000000000000000e+00 3.732131966147147928e+00 6.199999999999999956e-01 1.149177002830077621e+00 9.053999544967318569e-02
5.000000000000000000e+00 3.999999999999911182e+00 6.199999999999999956e-01 1.123083170075209525e+00 4.439406088709452886e-02
5.000000000000000000e+00 4.287093850145076601e+00 6.199999999999999956e-01 1.149302121045505887e+00 1.240080334217277258e-01
5.000000000000000000e+00 4.594793419988035588e+00 6.199999999999999956e-01 1.137361936793040984e+00 5.887700407601494101e-02
5.000000000000000000e+00 4.924577653379552444e+00 6.199999999999999956e-01 1.157723314467597353e+00 6.375751145559858946e-02
5.000000000000000000e+00 5.278031643091455116e+00 6.199999999999999956e-01 1.143946527814354130e+00 1.135408106748110185e-01
5.000000000000000000e+00 5.656854249492248243e+00 6.199999999999999956e-01 1.127209454701082914e+00 7.482765077914513285e-02
5.000000000000000000e+00 6.062866266041448959e+00 6.199999999999999956e-01 1.159362879182663120e+00 7.217664018125033443e-02
5.000000000000000000e+00 6.498019170849729242e+00 6.199999999999999956e-01 1.144107138403972712e+00 6.265558350883355943e-02
5.000000000000000000e+00 6.964404506368825132e+00 6.199999999999999956e-01 1.134190199873499338e+00 5.514616275490162589e-02
5.000000000000000000e+00 7.464263932294277204e+00 6.199999999999999956e-01 1.157456022969416409e+00 5.602656465563007199e-02
5.000000000000000000e+00 7.999999999999802824e+00 6.199999999999999956e-01 1.136419071481424181e+00 5.909735387794277234e-02
5.000000000000000000e+00 8.574187700290131886e+00 6.199999999999999956e-01 1.158158398285102919e+00 9.785928204947658138e-02
5.000000000000000000e+00 9.189586839976049859e+00 6.199999999999999956e-01 1.145582277405872151e+00 7.646041181183814428e-02
5.000000000000000000e+00 9.849155306759080020e+00 6.199999999999999956e-01 1.188017796205169452e+00 1.046369097234731149e-01
5.000000000000000000e+00 1.055606328618288359e+01 6.199999999999999956e-01 1.217372253453282482e+00 1.248355031693414718e-01
5.000000000000000000e+00 1.131370849898446806e+01 6.199999999999999956e-01 1.174739565208835046e+00 9.989638320901586543e-02
5.000000000000000000e+00 1.212573253208286772e+01 6.199999999999999956e-01 1.159439396832493641e+00 6.027006574022798768e-02
5.000000000000000000e+00 1.299603834169942651e+01 6.199999999999999956e-01 1.191020574718050895e+00 1.006664046628698295e-01
5.000000000000000000e+00 1.392880901273761651e+01 6.199999999999999956e-01 1.163619088985256678e+00 1.057965229280015684e-01
5.000000000000000000e+00 1.492852786458851710e+01 6.199999999999999956e-01 1.145733293899297678e+00 8.138724165947938682e-02
5.000000000000000000e+00 1.599999999999956657e+01 6.199999999999999956e-01 1.174954945877733747e+00 1.520910770097872733e-01
5.000000000000000000e+00 1.714837540058022114e+01 6.199999999999999956e-01 1.155956826339929577e+00 8.748554622393252267e-02
5.000000000000000000e+00 1.837917367995205353e+01 6.199999999999999956e-01 1.182589333451681934e+00 8.483377923476007054e-02
5.000000000000000000e+00 1.969831061351811385e+01 6.199999999999999956e-01 1.153559436786213865e+00 1.141893387433335905e-01
5.000000000000000000e+00 2.111212657236571388e+01 6.199999999999999956e-01 1.152377124425685295e+00 7.542024504306976684e-02
5.000000000000000000e+00 2.262741699796887929e+01 6.199999999999999956e-01 1.130123332457181995e+00 5.231658187421883016e-02
5.000000000000000000e+00 2.425146506416567505e+01 6.199999999999999956e-01 1.135438810264678189e+00 4.707552937116910030e-02
5.000000000000000000e+00 2.599207668339878907e+01 6.199999999999999956e-01 1.195819264420462380e+00 1.474427006733892986e-01
5.000000000000000000e+00 2.785761802547516197e+01 6.199999999999999956e-01 1.165631639686429022e+00 1.165504333626676131e-01
5.000000000000000000e+00 2.985705572917696315e+01 6.199999999999999956e-01 1.154002664266626788e+00 6.582311857207480410e-02
5.000000000000000000e+00 3.199999999999905498e+01 6.199999999999999956e-01 1.154398349401907664e+00 8.722327821418388027e-02
