5.000000000000000000e+00 7.812500000000000000e-03 9.599999999999999645e-01 4.390762327144431154e+00 1.244852078062741230e+00
5.000000000000000000e+00 8.373230176064788352e-03 9.599999999999999645e-01 4.719432408650691357e+00 9.744922268793504427e-01
5.000000000000000000e+00 8.974205898414331500e-03 9.599999999999999645e-01 4.332022335706969152e+00 1.071351536508934776e+00
5.000000000000000000e+00 9.618315729257151739e-03 9.599999999999999645e-01 4.559651421560337425e+00 9.005607634922198068e-01
5.000000000000000000e+00 1.030865555291322552e-02 9.599999999999999645e-01 3.992200489604324165e+00 1.346706691462523864e+00
5.000000000000000000e+00 1.104854345603979195e-02 9.599999999999999645e-01 4.115929194869925922e+00 9.494887855013325328e-01
5.000000000000000000e+00 1.184153567586246694e-02 9.599999999999999645e-01 3.978552509511509072e+00 1.150541714451898123e+00
5.000000000000000000e+00 1.269144369306615845e-02 9.599999999999999645e-01 3.948087696557517567e+00 1.127642285181668536e+00
5.000000000000000000e+00 1.360235255150191343e-02 9.599999999999999645e-01 3.466034664321574699e+00 1.131409316076292582e+00
5.000000000000000000e+00 1.457864049276258282e-02 9.599999999999999645e-01 3.276110423215660372e+00 9.787304595654828798e-01
5.000000000000000000e+00 1.562499999999996184e-02 9.599999999999999645e-01 3.347219088186748959e+00 1.070461526959193055e+00
5.000000000000000000e+00 1.674646035212953507e-02 9.599999999999999645e-01 3.286149125326401244e+00 1.012651448996412462e+00
5.000000000000000000e+00 1.794841179682861790e-02 9.599999999999999645e-01 3.019143068708101119e+00 8.354755696799774922e-01
5.000000000000000000e+00 1.923663145851425491e-02 9.599999999999999645e-01 2.827279263072737248e+00 7.479793938475762793e-01
5.000000000000000000e+00 2.061731110582640247e-02 9.599999999999999645e-01 2.646063191454576469e+00 7.280454771459594632e-01
5.000000000000000000e+00 2.209708691207952838e-02 9.599999999999999645e-01 2.593742482862857024e+00 7.833170079604847569e-01
5.000000000000000000e+00 2.368307135172487837e-02 9.599999999999999645e-01 2.451959443422946805e+00 7.910820318976917731e-01
5.000000000000000000e+00 2.538288738613225445e-02 9.599999999999999645e-01 2.436312262952177399e+00 7.763893292960998282e-01
5.000000000000000000e+00 2.720470510300375747e-02 9.599999999999999645e-01 2.390583570578217021e+00 7.779473907236486019e-01
5.000000000000000000e+00 2.915728098552509626e-02 9.599999999999999645e-01 2.334433440145349259e+00 7.222386134900296017e-01
5.000000000000000000e+00 3.124999999999984734e-02 9.599999999999999645e-01 2.311429773830536938e+00 7.306317639694708266e-01
5.000000000000000000e+00 3.349292070425898687e-02 9.599999999999999645e-01 2.190368029883173140e+00 7.725770966533103135e-01
5.000000000000000000e+00 3.589682359365715253e-02 9.599999999999999645e-01 2.025439890509552754e+00 7.363914933196135104e-01
5.000000000000000000e+00 3.847326291702841267e-02 9.599999999999999645e-01 1.841350021824923244e+00 7.307338425137814841e-01
5.000000000000000000e+00 4.123462221165270086e-02 9.599999999999999645e-01 1.666710152336172257e+00 7.214795744889546114e-01
5.000000000000000000e+00 4.419417382415894574e-02 9.599999999999999645e-01 1.536937589045319852e+00 7.028684217125799050e-01
5.000000000000000000e+00 4.736614270344963878e-02 9.599999999999999645e-01 1.410768055144690170e+00 6.143884863856542422e-01
5.000000000000000000e+00 5.076577477226438401e-02 9.599999999999999645e-01 1.309746446298783340e+00 5.241421873560779821e-01
5.000000000000000000e+00 5.440941020600738309e-02 9.599999999999999645e-01 1.235486296973565157e+00 4.550237383282982884e-01
5.000000000000000000e+00 5.831456197105004680e-02 9.599999999999999645e-01 1.194998184869126900e+00 4.337635787982781488e-01
5.000000000000000000e+00 6.249999999999953509e-02 9.599999999999999645e-01 1.171530866423455386e+00 4.213517156176232459e-01
5.000000000000000000e+00 6.698584140851780722e-02 9.599999999999999645e-01 1.168026008785584491e+00 4.423870825843912447e-01
5.000000000000000000e+00 7.179364718731412465e-02 9.599999999999999645e-01 1.170354681767713512e+00 4.666771588109354107e-01
5.000000000000000000e+00 7.694652583405664492e-02 9.599999999999999645e-01 1.180065475771221006e+00 5.062750962138224953e-01
5.000000000000000000e+00 8.246924442330520744e-02 9.599999999999999645e-01 1.190325194963430588e+00 5.440816178102108047e-01
5.000000000000000000e+00 8.838834764831768331e-02 9.599999999999999645e-01 1.195928077695213698e+00 5.661007609168102750e-01
5.000000000000000000e+00 9.473228540689904165e-02 9.599999999999999645e-01 1.193623616045197844e+00 5.631102740449175359e-01
5.000000000000000000e+00 1.015315495445285182e-01 9.599999999999999645e-01 1.180305242185072157e+00 5.260575037646839647e-01
5.000000000000000000e+00 1.088188204120145025e-01 9.599999999999999645e-01 1.162444308500667267e+00 4.745253634848782265e-01
5.000000000000000000e+00 1.166291239420998022e-01 9.599999999999999645e-01 1.147916443556060040e+00 4.323367644121082765e-01
5.000000000000000000e+00 1.249999999999987649e-01 9.599999999999999645e-01 1.133203577570904175e+00 3.891219458825030952e-01
5.000000000000000000e+00 1.339716828170352814e-01 9.599999999999999645e-01 1.120957226662750994e+00 3.530056242902854802e-01
5.000000000000000000e+00 1.435872943746278885e-01 9.599999999999999645e-01 1.107977070524654106e+00 3.145160637194261977e-01
5.000000000000000000e+00 1.538930516681129013e-01 9.599999999999999645e-01 1.100143663091922352e+00 2.913818064489175352e-01
5.000000000000000000e+00 1.649384888466099985e-01 9.599999999999999645e-01 1.090205869339412104e+00 2.619007512032348606e-01
5.000000000000000000e+00 1.767766952966349225e-01 9.599999999999999645e-01 1.077005416995952869e+00 2.226255482232206429e-01
5.000000000000000000e+00 1.894645708137976114e-01 9.599999999999999645e-01 1.060808800171370914e+00 1.743708016255109960e-01
5.000000000000000000e+00 2.030630990890565368e-01 9.599999999999999645e-01 1.046221606709290208e+00 1.309612509294438842e-01
5.000000000000000000e+00 2.176376408240284499e-01 9.599999999999999645e-01 1.036683287234121842e+00 1.027179694328420323e-01
5.000000000000000000e+00 2.332582478841990492e-01 9.599999999999999645e-01 1.029744558916316111e+00 8.229218670076689224e-02
5.000000000000000000e+00 2.499999999999969191e-01 9.599999999999999645e-01 1.023152192861318088e+00 6.291819200388437672e-02
5.000000000000000000e+00 2.679433656340699521e-01 9.599999999999999645e-01 1.017616198805768590e+00 4.671298624688179774e-02
5.000000000000000000e+00 2.871745887492550553e-01 9.599999999999999645e-01 1.015122469531937632e+00 3.960911711140983893e-02
5.000000000000000000e+00 3.077861033362250809e-01 9.599999999999999645e-01 1.014903323550722991e+00 3.926295839865386050e-02
5.000000000000000000e+00 3.298769776932191644e-01 9.599999999999999645e-01 1.015126568041694544e+00 4.011282062249119790e-02
5.000000000000000000e+00 3.535533905932689569e-01 9.599999999999999645e-01 1.015921069530845378e+00 4.242510124690330314e-02
5.000000000000000000e+00 3.789291416275942792e-01 9.599999999999999645e-01 1.017094720205871550e+00 4.541772870072900009e-02
5.000000000000000000e+00 4.061261981781120745e-01 9.599999999999999645e-01 1.018144927802133726e+00 4.720418682683428374e-02
5.000000000000000000e+00 4.352752816480558451e-01 9.599999999999999645e-01 1.018993048827452785e+00 4.685195674018606538e-02
5.000000000000000000e+00 4.665164957683969327e-01 9.599999999999999645e-01 1.019926085740892496e+00 4.394756627578242508e-02
5.000000000000000000e+00 4.999999999999926170e-01 9.599999999999999645e-01 1.021743584329553034e+00 3.868713805406130690e-02
5.000000000000000000e+00 5.358867312681385719e-01 9.599999999999999645e-01 1.026037344141213836e+00 3.266628850651523419e-02
5.000000000000000000e+00 5.743491774985087783e-01 9.599999999999999645e-01 1.034653330349974087e+00 3.129859046605346085e-02
5.000000000000000000e+00 6.155722066724486075e-01 9.599999999999999645e-01 1.047701064528572479e+00 4.051724123252000570e-02
5.000000000000000000e+00 6.597539553864367745e-01 9.599999999999999645e-01 1.062330630787698071e+00 5.311634526811807866e-02
5.000000000000000000e+00 7.071067811865362485e-01 9.599999999999999645e-01 1.076623086991600697e+00 5.945759571435799140e-02
5.000000000000000000e+00 7.578582832551866710e-01 9.599999999999999645e-01 1.090413853022790702e+00 6.376813396245833987e-02
5.000000000000000000e+00 8.122523963562221505e-01 9.599999999999999645e-01 1.108189314434629980e+00 7.699349805466375318e-02
5.000000000000000000e+00 8.705505632961095808e-01 9.599999999999999645e-01 1.127448391929483318e+00 9.144534452893438026e-02
5.000000000000000000e+00 9.330329915367915339e-01 9.599999999999999645e-01 1.142915372600165735e+00 1.079565679646393994e-01
5.000000000000000000e+00 9.999999999999827915e-01 9.599999999999999645e-01 1.155276384304843917e+00 1.208963590434607160e-01
5.000000000000000000e+00 1.071773462536274479e+00 9.599999999999999645e-01 1.169493947788459387e+00 1.359006071537950111e-01
5.000000000000000000e+00 1.148698354997014670e+00 9.599999999999999645e-01 1.178215283585316353e+00 1.450833008144706004e-01
5.000000000000000000e+00 1.231144413344894106e+00 9.599999999999999645e-01 1.174576086655038321e+00 1.359677937830804095e-01
5.000000000000000000e+00 1.319507910772870218e+00 9.599999999999999645e-01 1.161863086798171185e+00 1.145856122417612394e-01
5.000000000000000000e+00 1.414213562373068944e+00 9.599999999999999645e-01 1.151943183948737737e+00 9.482923922602096156e-02
5.000000000000000000e+00 1.515716566510369789e+00 9.599999999999999645e-01 1.147277638699452762e+00 8.444125313113928777e-02
5.000000000000000000e+00 1.624504792712440304e+00 9.599999999999999645e-01 1.148784100861520274e+00 9.866143772205156204e-02
5.000000000000000000e+00 1.741101126592214943e+00 9.599999999999999645e-01 1.151605148254791100e+00 1.105082354241771758e-01
5.000000000000000000e+00 1.866065983073578627e+00 9.599999999999999645e-01 1.166446670970282984e+00 1.323160975621901769e-01
5.000000000000000000e+00 1.999999999999960698e+00 9.599999999999999645e-01 1.163317208841295969e+00 1.228256888188469370e-01
5.000000000000000000e+00 2.143546925072543630e+00 9.599999999999999645e-01 1.157055720564085233e+00 1.027621503590443741e-01
5.000000000000000000e+00 2.297396709994023567e+00 9.599999999999999645e-01 1.174000512918938366e+00 1.220382710382702796e-01
5.000000000000000000e+00 2.462288826689782439e+00 9.599999999999999645e-01 1.181355262465313860e+00 1.491108678424378220e-01
5.000000000000000000e+00 2.639015821545733775e+00 9.599999999999999645e-01 1.182965489253522851e+00 1.473662563266863179e-01
5.000000000000000000e+00 2.828427124746130783e+00 9.599999999999999645e-01 1.176395705678196180e+00 1.351216096447619142e-01
5.000000000000000000e+00 3.031433133020732029e+00 9.599999999999999645e-01 1.166092691681338334e+00 1.214409545365378318e-01
5.000000000000000000e+00 3.249009585424872615e+00 9.599999999999999645e-01 1.197018133575520782e+00 2.040826823768933929e-01
5.000000000000000000e+00 3.482202253184421004e+00 9.599999999999999645e-01 1.185795266882693655e+00 1.819159939211142107e-01
5.000000000000000000e+00 3.732131966147147928e+00 9.599999999999999645e-01 1.145834209645023805e+00 8.924423273166710857e-02
5.000000000000000000e+00 3.999999999999911182e+00 9.599999999999999645e-01 1.119328002159479585e+00 4.337784727354331710e-02
5.000000000000000000e+00 4.287093850145076601e+00 9.599999999999999645e-01 1.144029646569598713e+00 1.196733682262399318e-01
5.000000000000000000e+00 4.594793419988035588e+00 9.599999999999999645e-01 1.133247841461425987e+00 5.708047496499167595e-02
5.000000000000000000e+00 4.924577653379552444e+00 9.599999999999999645e-01 1.152884684650872238e+00 6.051581203623778576e-02
5.000000000000000000e+00 5.278031643091455116e+00 9.599999999999999645e-01 1.140355917274826769e+00 1.096737611525169104e-01
5.000000000000000000e+00 5.656854249492248243e+00 9.599999999999999645e-01 1.122544308361107745e+00 7.042875995431716052e-02
5.000000000000000000e+00 6.062866266041448959e+00 9.599999999999999645e-01 1.153684095261136688e+00 6.904459486197520035e-02
5.000000000000000000e+00 6.498019170849729242e+00 9.599999999999999645e-01 1.139522787065368359e+00 6.044429296958558212e-02
5.000000000000000000e+00 6.964404506368825132e+00 9.599999999999999645e-01 1.130248979625207095e+00 5.313872380015920854e-02
5.000000000000000000e+00 7.464263932294277204e+00 9.599999999999999645e-01 1.153207823694596623e+00 5.402191866765158196e-02
5.000000000000000000e+00 7.999999999999802824e+00 9.599999999999999645e-01 1.131753385071419427e+00 5.696518566502471737e-02
5.000000000000000000e+00 8.574187700290131886e+00 9.599999999999999645e-01 1.152767799819750749e+00 9.304729751101259438e-02
5.000000000000000000e+00 9.189586839976049859e+00 9.599999999999999645e-01 1.140856109944670127e+00 7.404545095739081817e-02
5.000000000000000000e+00 9.849155306759080020e+00 9.599999999999999645e-01 1.182125568838873431e+00 1.010676737102902539e-01
5.000000000000000000e+00 1.055606328618288359e+01 9.599999999999999645e-01 1.211764313278815619e+00 1.220896939776446449e-01
5.000000000000000000e+00 1.131370849898446806e+01 9.599999999999999645e-01 1.170506667275425627e+00 9.733634296367006666e-02
5.000000000000000000e+00 1.212573253208286772e+01 9.599999999999999645e-01 1.155767697589507925e+00 5.850624883715388469e-02
5.000000000000000000e+00 1.299603834169942651e+01 9.599999999999999645e-01 1.184510452275310266e+00 9.673404554026776569e-02
5.000000000000000000e+00 1.392880901273761651e+01 9.599999999999999645e-01 1.158665647596027970e+00 1.030827717115856135e-01
5.000000000000000000e+00 1.492852786458851710e+01 9.599999999999999645e-01 1.141145603014722898e+00 8.006765430493881230e-02
5.000000000000000000e+00 1.599999999999956657e+01 9.599999999999999645e-01 1.169679969105115847e+00 1.474787661416941675e-01
5.000000000000000000e+00 1.714837540058022114e+01 9.599999999999999645e-01 1.151699107515941733e+00 8.518821405639646904e-02
5.000000000000000000e+00 1.837917367995205353e+01 9.599999999999999645e-01 1.178301319597266694e+00 8.276044012037719888e-02
5.000000000000000000e+00 1.969831061351811385e+01 9.599999999999999645e-01 1.149153300420528101e+00 1.119803297049950519e-01
5.000000000000000000e+00 2.111212657236571388e+01 9.599999999999999645e-01 1.148058951299299579e+00 7.404755223830024324e-02
5.000000000000000000e+00 2.262741699796887929e+01 9.599999999999999645e-01 1.126204894843651827e+00 5.171243754129952602e-02
5.000000000000000000e+00 2.425146506416567505e+01 9.599999999999999645e-01 1.132134634438809684e+00 4.680492023193603968e-02
5.000000000000000000e+00 2.599207668339878907e+01 9.599999999999999645e-01 1.192164164693400696e+00 1.442810942300070953e-01
5.000000000000000000e+00 2.785761802547516197e+01 9.599999999999999645e-01 1.161904127813820242e+00 1.145841040121118176e-01
5.000000000000000000e+00 2.985705572917696315e+01 9.599999999999999645e-01 1.150378365865950325e+00 6.306761391930923444e-02
5.000000000000000000e+00 3.199999999999905498e+01 9.599999999999999645e-01 1.149906193378119834e+00 8.597188226422347590e-02
