5.000000000000000000e+00 7.812500000000000000e-03 9.699999999999999734e-01 4.365082584156157353e+00 1.243575913140881006e+00
5.000000000000000000e+00 8.373230176064788352e-03 9.699999999999999734e-01 4.685176523089770839e+00 9.771627906132118735e-01
5.000000000000000000e+00 8.974205898414331500e-03 9.699999999999999734e-01 4.297211451199911103e+00 1.073157283937387962e+00
5.000000000000000000e+00 9.618315729257151739e-03 9.699999999999999734e-01 4.513487679865960445e+00 9.010119879400114717e-01
5.000000000000000000e+00 1.030865555291322552e-02 9.699999999999999734e-01 3.946512462644189867e+00 1.343249113166442132e+00
5.000000000000000000e+00 1.104854345603979195e-02 9.699999999999999734e-01 4.056412498524354149e+00 9.383853206929307911e-01
5.000000000000000000e+00 1.184153567586246694e-02 9.699999999999999734e-01 3.909219086849938130e+00 1.140382862804453445e+00
5.000000000000000000e+00 1.269144369306615845e-02 9.699999999999999734e-01 3.859496465204733884e+00 1.101039922838780383e+00
5.000000000000000000e+00 1.360235255150191343e-02 9.699999999999999734e-01 3.376723366460168130e+00 1.111929203671580435e+00
5.000000000000000000e+00 1.457864049276258282e-02 9.699999999999999734e-01 3.173694080846838350e+00 9.690813460919088795e-01
5.000000000000000000e+00 1.562499999999996184e-02 9.699999999999999734e-01 3.233591835752396726e+00 1.045572554979204538e+00
5.000000000000000000e+00 1.674646035212953507e-02 9.699999999999999734e-01 3.190359243817760593e+00 1.024562730225733853e+00
5.000000000000000000e+00 1.794841179682861790e-02 9.699999999999999734e-01 2.960106572054678864e+00 9.003773063468852866e-01
5.000000000000000000e+00 1.923663145851425491e-02 9.699999999999999734e-01 2.807364476591909686e+00 8.222700242601317377e-01
5.000000000000000000e+00 2.061731110582640247e-02 9.699999999999999734e-01 2.608439605312720566e+00 6.951562564472868466e-01
5.000000000000000000e+00 2.209708691207952838e-02 9.699999999999999734e-01 2.531400475435270359e+00 7.226307618249541154e-01
5.000000000000000000e+00 2.368307135172487837e-02 9.699999999999999734e-01 2.381045160172003516e+00 7.480588168423412121e-01
5.000000000000000000e+00 2.538288738613225445e-02 9.699999999999999734e-01 2.341270204561618939e+00 7.159305958793101832e-01
5.000000000000000000e+00 2.720470510300375747e-02 9.699999999999999734e-01 2.285075989292693954e+00 7.005543442437522916e-01
5.000000000000000000e+00 2.915728098552509626e-02 9.699999999999999734e-01 2.245643146400637225e+00 6.545627163078298061e-01
5.000000000000000000e+00 3.124999999999984734e-02 9.699999999999999734e-01 2.300570461128120137e+00 6.928762778830653835e-01
5.000000000000000000e+00 3.349292070425898687e-02 9.699999999999999734e-01 2.271751042740577820e+00 7.105629409060992829e-01
5.000000000000000000e+00 3.589682359365715253e-02 9.699999999999999734e-01 2.181851196147035488e+00 7.097709202092798986e-01
5.000000000000000000e+00 3.847326291702841267e-02 9.699999999999999734e-01 2.027011371639927617e+00 7.316047887918055714e-01
5.000000000000000000e+00 4.123462221165270086e-02 9.699999999999999734e-01 1.809823697810095666e+00 6.989685021835490009e-01
5.000000000000000000e+00 4.419417382415894574e-02 9.699999999999999734e-01 1.633797145106196780e+00 6.629844075392871128e-01
5.000000000000000000e+00 4.736614270344963878e-02 9.699999999999999734e-01 1.486941043862810119e+00 6.091336942887991546e-01
5.000000000000000000e+00 5.076577477226438401e-02 9.699999999999999734e-01 1.372069548753459767e+00 5.286835554380705515e-01
5.000000000000000000e+00 5.440941020600738309e-02 9.699999999999999734e-01 1.273847851713290069e+00 4.290382088695229301e-01
5.000000000000000000e+00 5.831456197105004680e-02 9.699999999999999734e-01 1.209403421687122338e+00 3.793825024981635763e-01
5.000000000000000000e+00 6.249999999999953509e-02 9.699999999999999734e-01 1.170737432030023450e+00 3.572223974840937899e-01
5.000000000000000000e+00 6.698584140851780722e-02 9.699999999999999734e-01 1.157503803955032717e+00 3.715444466611146357e-01
5.000000000000000000e+00 7.179364718731412465e-02 9.699999999999999734e-01 1.153879000872642502e+00 3.909408115481512458e-01
5.000000000000000000e+00 7.694652583405664492e-02 9.699999999999999734e-01 1.159174520635919858e+00 4.252186729388985897e-01
5.000000000000000000e+00 8.246924442330520744e-02 9.699999999999999734e-01 1.166515170945802149e+00 4.595915405276247978e-01
5.000000000000000000e+00 8.838834764831768331e-02 9.699999999999999734e-01 1.171769181980808483e+00 4.845007623739802094e-01
5.000000000000000000e+00 9.473228540689904165e-02 9.699999999999999734e-01 1.169723809959095417e+00 4.852374694838608171e-01
5.000000000000000000e+00 1.015315495445285182e-01 9.699999999999999734e-01 1.159717993330578567e+00 4.602813694036957948e-01
5.000000000000000000e+00 1.088188204120145025e-01 9.699999999999999734e-01 1.145495034929963296e+00 4.211556053432488622e-01
5.000000000000000000e+00 1.166291239420998022e-01 9.699999999999999734e-01 1.135613761846376413e+00 3.938801916866922492e-01
5.000000000000000000e+00 1.249999999999987649e-01 9.699999999999999734e-01 1.127063414074348735e+00 3.697473403120010715e-01
5.000000000000000000e+00 1.339716828170352814e-01 9.699999999999999734e-01 1.120789386845192359e+00 3.518931387733537086e-01
5.000000000000000000e+00 1.435872943746278885e-01 9.699999999999999734e-01 1.113466132767011896e+00 3.305687320413107089e-01
5.000000000000000000e+00 1.538930516681129013e-01 9.699999999999999734e-01 1.110810103074070243e+00 3.230766637588881052e-01
5.000000000000000000e+00 1.649384888466099985e-01 9.699999999999999734e-01 1.107664157246049053e+00 3.140349980309370403e-01
5.000000000000000000e+00 1.767766952966349225e-01 9.699999999999999734e-01 1.101589854271213031e+00 2.961762665765231839e-01
5.000000000000000000e+00 1.894645708137976114e-01 9.699999999999999734e-01 1.089001364612963485e+00 2.587691434418150638e-01
5.000000000000000000e+00 2.030630990890565368e-01 9.699999999999999734e-01 1.072788333900499991e+00 2.104971501102863296e-01
5.000000000000000000e+00 2.176376408240284499e-01 9.699999999999999734e-01 1.059806577883830592e+00 1.719347329820966608e-01
5.000000000000000000e+00 2.332582478841990492e-01 9.699999999999999734e-01 1.049326259848124332e+00 1.408938516255564266e-01
5.000000000000000000e+00 2.499999999999969191e-01 9.699999999999999734e-01 1.038765330943494991e+00 1.096234280901769026e-01
5.000000000000000000e+00 2.679433656340699521e-01 9.699999999999999734e-01 1.029533384982501909e+00 8.233993027195299352e-02
5.000000000000000000e+00 2.871745887492550553e-01 9.699999999999999734e-01 1.025328809268371222e+00 7.011442524076570704e-02
5.000000000000000000e+00 3.077861033362250809e-01 9.699999999999999734e-01 1.025014534672930688e+00 6.949523899277182393e-02
5.000000000000000000e+00 3.298769776932191644e-01 9.699999999999999734e-01 1.025427660177491873e+00 7.092781906111385315e-02
5.000000000000000000e+00 3.535533905932689569e-01 9.699999999999999734e-01 1.026768048522236798e+00 7.489130540391322755e-02
5.000000000000000000e+00 3.789291416275942792e-01 9.699999999999999734e-01 1.028646878969113665e+00 8.001299075719556231e-02
5.000000000000000000e+00 4.061261981781120745e-01 9.699999999999999734e-01 1.030130257506542968e+00 8.311131006548878875e-02
5.000000000000000000e+00 4.352752816480558451e-01 9.699999999999999734e-01 1.030931979975574286e+00 8.262652645084619940e-02
5.000000000000000000e+00 4.665164957683969327e-01 9.699999999999999734e-01 1.031264880295467146e+00 7.790156931013182684e-02
5.000000000000000000e+00 4.999999999999926170e-01 9.699999999999999734e-01 1.031958261243174579e+00 6.911438590995298836e-02
5.000000000000000000e+00 5.358867312681385719e-01 9.699999999999999734e-01 1.034767174018306646e+00 5.778412076430737565e-02
5.000000000000000000e+00 5.743491774985087783e-01 9.699999999999999734e-01 1.041767204161131222e+00 4.810071670277687311e-02
5.000000000000000000e+00 6.155722066724486075e-01 9.699999999999999734e-01 1.053278450280220602e+00 4.748565664933271369e-02
5.000000000000000000e+00 6.597539553864367745e-01 9.699999999999999734e-01 1.066583161921704326e+00 5.458831924212890346e-02
5.000000000000000000e+00 7.071067811865362485e-01 9.699999999999999734e-01 1.079804702211804246e+00 5.877790658682992275e-02
5.000000000000000000e+00 7.578582832551866710e-01 9.699999999999999734e-01 1.092760282036212116e+00 6.231572758699698011e-02
5.000000000000000000e+00 8.122523963562221505e-01 9.699999999999999734e-01 1.109890774333341712e+00 7.552560989871091868e-02
5.000000000000000000e+00 8.705505632961095808e-01 9.699999999999999734e-01 1.128639025095857340e+00 9.023570136658691510e-02
5.000000000000000000e+00 9.330329915367915339e-01 9.699999999999999734e-01 1.143714999845844238e+00 1.071132461110334971e-01
5.000000000000000000e+00 9.999999999999827915e-01 9.699999999999999734e-01 1.155777210233053465e+00 1.203548626079366662e-01
5.000000000000000000e+00 1.071773462536274479e+00 9.699999999999999734e-01 1.169774194023929237e+00 1.355849971259064646e-01
5.000000000000000000e+00 1.148698354997014670e+00 9.699999999999999734e-01 1.178344508130613200e+00 1.449090155098596844e-01
5.000000000000000000e+00 1.231144413344894106e+00 9.699999999999999734e-01 1.174615885023964523e+00 1.358824112177678678e-01
5.000000000000000000e+00 1.319507910772870218e+00 9.699999999999999734e-01 1.161851149571421882e+00 1.145525329277809895e-01
5.000000000000000000e+00 1.414213562373068944e+00 9.699999999999999734e-01 1.151892297572727930e+00 9.482463564585930094e-02
5.000000000000000000e+00 1.515716566510369789e+00 9.699999999999999734e-01 1.147214256060507420e+00 8.443987490819937491e-02
5.000000000000000000e+00 1.624504792712440304e+00 9.699999999999999734e-01 1.148732322014520246e+00 9.865814699658570497e-02
5.000000000000000000e+00 1.741101126592214943e+00 9.699999999999999734e-01 1.151561535082715970e+00 1.104938730141209885e-01
5.000000000000000000e+00 1.866065983073578627e+00 9.699999999999999734e-01 1.166392721599937676e+00 1.322818631150816382e-01
5.000000000000000000e+00 1.999999999999960698e+00 9.699999999999999734e-01 1.163264398080424922e+00 1.227912629073596579e-01
5.000000000000000000e+00 2.143546925072543630e+00 9.699999999999999734e-01 1.157016749208573447e+00 1.027166606601923604e-01
5.000000000000000000e+00 2.297396709994023567e+00 9.699999999999999734e-01 1.173968424765388985e+00 1.219813896838921885e-01
5.000000000000000000e+00 2.462288826689782439e+00 9.699999999999999734e-01 1.181340302059349590e+00 1.490676289270151389e-01
5.000000000000000000e+00 2.639015821545733775e+00 9.699999999999999734e-01 1.182953622891858458e+00 1.473183206715152904e-01
5.000000000000000000e+00 2.828427124746130783e+00 9.699999999999999734e-01 1.176363925280075051e+00 1.350813395134223827e-01
5.000000000000000000e+00 3.031433133020732029e+00 9.699999999999999734e-01 1.166056530528097213e+00 1.214104527287446084e-01
5.000000000000000000e+00 3.249009585424872615e+00 9.699999999999999734e-01 1.196996609860072613e+00 2.040987578317161322e-01
5.000000000000000000e+00 3.482202253184421004e+00 9.699999999999999734e-01 1.185758065304360676e+00 1.818951158122066036e-01
5.000000000000000000e+00 3.732131966147147928e+00 9.699999999999999734e-01 1.145814543882131886e+00 8.923535987503780631e-02
5.000000000000000000e+00 3.999999999999911182e+00 9.699999999999999734e-01 1.119294426752585947e+00 4.336661323860351025e-02
5.000000000000000000e+00 4.287093850145076601e+00 9.699999999999999734e-01 1.143992256363947080e+00 1.196566695264447006e-01
5.000000000000000000e+00 4.594793419988035588e+00 9.699999999999999734e-01 1.133226780040050841e+00 5.705086124215752452e-02
5.000000000000000000e+00 4.924577653379552444e+00 9.699999999999999734e-01 1.152908421361959590e+00 6.039830111660949435e-02
5.000000000000000000e+00 5.278031643091455116e+00 9.699999999999999734e-01 1.140580601016238704e+00 1.093828564812474313e-01
5.000000000000000000e+00 5.656854249492248243e+00 9.699999999999999734e-01 1.122798861956943117e+00 7.001584840133724674e-02
5.000000000000000000e+00 6.062866266041448959e+00 9.699999999999999734e-01 1.153897974996221043e+00 6.856442269600900030e-02
5.000000000000000000e+00 6.498019170849729242e+00 9.699999999999999734e-01 1.139518101725423893e+00 6.035864937565257188e-02
5.000000000000000000e+00 6.964404506368825132e+00 9.699999999999999734e-01 1.130229311660639002e+00 5.313104173712967365e-02
5.000000000000000000e+00 7.464263932294277204e+00 9.699999999999999734e-01 1.153174370630605683e+00 5.401799941827193502e-02
5.000000000000000000e+00 7.999999999999802824e+00 9.699999999999999734e-01 1.131697526593620662e+00 5.693731336410651211e-02
5.000000000000000000e+00 8.574187700290131886e+00 9.699999999999999734e-01 1.152720468138278331e+00 9.301546359401798025e-02
5.000000000000000000e+00 9.189586839976049859e+00 9.699999999999999734e-01 1.140817118737383229e+00 7.400413287961990494e-02
5.000000000000000000e+00 9.849155306759080020e+00 9.699999999999999734e-01 1.182085106018197607e+00 1.010161845286070836e-01
5.000000000000000000e+00 1.055606328618288359e+01 9.699999999999999734e-01 1.211783314082022889e+00 1.219993469863966257e-01
5.000000000000000000e+00 1.131370849898446806e+01 9.699999999999999734e-01 1.170703344020049386e+00 9.704791977993065810e-02
5.000000000000000000e+00 1.212573253208286772e+01 9.699999999999999734e-01 1.155790683877684799e+00 5.841137802069143459e-02
5.000000000000000000e+00 1.299603834169942651e+01 9.699999999999999734e-01 1.184439172023711517e+00 9.667543403093105392e-02
5.000000000000000000e+00 1.392880901273761651e+01 9.699999999999999734e-01 1.158613797316280447e+00 1.030548984503699556e-01
5.000000000000000000e+00 1.492852786458851710e+01 9.699999999999999734e-01 1.141139567236119756e+00 8.003652363691975136e-02
5.000000000000000000e+00 1.599999999999956657e+01 9.699999999999999734e-01 1.169657310320092680e+00 1.474354714430602120e-01
5.000000000000000000e+00 1.714837540058022114e+01 9.699999999999999734e-01 1.151716771871098555e+00 8.511093501769834146e-02
5.000000000000000000e+00 1.837917367995205353e+01 9.699999999999999734e-01 1.178288337805805108e+00 8.273403906448878464e-02
5.000000000000000000e+00 1.969831061351811385e+01 9.699999999999999734e-01 1.149128035028555539e+00 1.119823449163825368e-01
5.000000000000000000e+00 2.111212657236571388e+01 9.699999999999999734e-01 1.148056096339783450e+00 7.405141083093377818e-02
5.000000000000000000e+00 2.262741699796887929e+01 9.699999999999999734e-01 1.126191445418259107e+00 5.171175403941277726e-02
5.000000000000000000e+00 2.425146506416567505e+01 9.699999999999999734e-01 1.132131654751483252e+00 4.682756932193711530e-02
5.000000000000000000e+00 2.599207668339878907e+01 9.699999999999999734e-01 1.192204880062334160e+00 1.442706379941769979e-01
5.000000000000000000e+00 2.785761802547516197e+01 9.699999999999999734e-01 1.161880811359013332e+00 1.145848545994697792e-01
5.000000000000000000e+00 2.985705572917696315e+01 9.699999999999999734e-01 1.150439429380997192e+00 6.291389836631570975e-02
5.000000000000000000e+00 3.199999999999905498e+01 9.699999999999999734e-01 1.149883795813910980e+00 8.597065144463977848e-02
