5.000000000000000000e+00 7.812500000000000000e-03 2.099999999999999922e-01 1.928277508891412584e+00 4.642731753731250133e-01
5.000000000000000000e+00 8.373230176064788352e-03 2.099999999999999922e-01 1.781975892790551130e+00 4.116845853314062831e-01
5.000000000000000000e+00 8.974205898414331500e-03 2.099999999999999922e-01 1.694773937665916108e+00 3.628785421141589862e-01
5.000000000000000000e+00 9.618315729257151739e-03 2.099999999999999922e-01 1.599394873990928057e+00 3.540816264668252278e-01
5.000000000000000000e+00 1.030865555291322552e-02 2.099999999999999922e-01 1.511393386622772672e+00 2.881326300571604992e-01
5.000000000000000000e+00 1.104854345603979195e-02 2.099999999999999922e-01 1.455416973384589197e+00 2.914053728599425575e-01
5.000000000000000000e+00 1.184153567586246694e-02 2.099999999999999922e-01 1.376358465816168941e+00 2.628323976066081480e-01
5.000000000000000000e+00 1.269144369306615845e-02 2.099999999999999922e-01 1.300795745937693759e+00 2.234221654866687390e-01
5.000000000000000000e+00 1.360235255150191343e-02 2.099999999999999922e-01 1.270264569537809418e+00 2.106280351474877910e-01
5.000000000000000000e+00 1.457864049276258282e-02 2.099999999999999922e-01 1.228724454955486323e+00 1.978041532563708516e-01
5.000000000000000000e+00 1.562499999999996184e-02 2.099999999999999922e-01 1.199360402563639294e+00 1.911354103053780062e-01
5.000000000000000000e+00 1.674646035212953507e-02 2.099999999999999922e-01 1.175436118741946423e+00 1.937681819353890000e-01
5.000000000000000000e+00 1.794841179682861790e-02 2.099999999999999922e-01 1.143343904917561105e+00 1.636164935410881482e-01
5.000000000000000000e+00 1.923663145851425491e-02 2.099999999999999922e-01 1.114279333878872791e+00 1.306733280703518407e-01
5.000000000000000000e+00 2.061731110582640247e-02 2.099999999999999922e-01 1.104387885040594153e+00 1.353067798482434358e-01
5.000000000000000000e+00 2.209708691207952838e-02 2.099999999999999922e-01 1.091753466196185851e+00 1.342055260081273516e-01
5.000000000000000000e+00 2.368307135172487837e-02 2.099999999999999922e-01 1.072427333577739006e+00 1.064849817815933936e-01
5.000000000000000000e+00 2.538288738613225445e-02 2.099999999999999922e-01 1.057538442778152676e+00 8.881274130297940606e-02
5.000000000000000000e+00 2.720470510300375747e-02 2.099999999999999922e-01 1.049541301214083511e+00 8.368439880538126874e-02
5.000000000000000000e+00 2.915728098552509626e-02 2.099999999999999922e-01 1.040531134827622939e+00 7.357523359755076264e-02
5.000000000000000000e+00 3.124999999999984734e-02 2.099999999999999922e-01 1.030530060177890395e+00 5.751372067572321084e-02
5.000000000000000000e+00 3.349292070425898687e-02 2.099999999999999922e-01 1.026585125191078030e+00 5.608978288249594213e-02
5.000000000000000000e+00 3.589682359365715253e-02 2.099999999999999922e-01 1.019972455552481616e+00 4.368765376407737072e-02
5.000000000000000000e+00 3.847326291702841267e-02 2.099999999999999922e-01 1.015541610900413172e+00 3.592803845949836539e-02
5.000000000000000000e+00 4.123462221165270086e-02 2.099999999999999922e-01 1.012080797819937095e+00 2.933547895873054798e-02
5.000000000000000000e+00 4.419417382415894574e-02 2.099999999999999922e-01 1.009450331111121812e+00 2.401907151066784776e-02
5.000000000000000000e+00 4.736614270344963878e-02 2.099999999999999922e-01 1.007516377542716723e+00 1.981678415834450466e-02
5.000000000000000000e+00 5.076577477226438401e-02 2.099999999999999922e-01 1.006135069631304058e+00 1.665104210038567331e-02
5.000000000000000000e+00 5.440941020600738309e-02 2.099999999999999922e-01 1.005151459983704809e+00 1.424931403313487409e-02
5.000000000000000000e+00 5.831456197105004680e-02 2.099999999999999922e-01 1.004316517571336442e+00 1.204867836376583012e-02
5.000000000000000000e+00 6.249999999999953509e-02 2.099999999999999922e-01 1.003735141397068986e+00 1.046613777668405597e-02
5.000000000000000000e+00 6.698584140851780722e-02 2.099999999999999922e-01 1.003217608681421735e+00 8.999885946334360703e-03
5.000000000000000000e+00 7.179364718731412465e-02 2.099999999999999922e-01 1.002843636524332283e+00 7.926368966641339497e-03
5.000000000000000000e+00 7.694652583405664492e-02 2.099999999999999922e-01 1.002454592771579334e+00 6.790017449756603242e-03
5.000000000000000000e+00 8.246924442330520744e-02 2.099999999999999922e-01 1.002104312785735862e+00 5.761425297550951466e-03
5.000000000000000000e+00 8.838834764831768331e-02 2.099999999999999922e-01 1.001778771612030994e+00 4.802802099255018380e-03
5.000000000000000000e+00 9.473228540689904165e-02 2.099999999999999922e-01 1.001497899328033681e+00 3.975357979954568556e-03
5.000000000000000000e+00 1.015315495445285182e-01 2.099999999999999922e-01 1.001242230006357925e+00 3.221441281703329735e-03
5.000000000000000000e+00 1.088188204120145025e-01 2.099999999999999922e-01 1.001033602388701871e+00 2.607048503309279501e-03
5.000000000000000000e+00 1.166291239420998022e-01 2.099999999999999922e-01 1.000861971976630516e+00 2.102583986017171874e-03
5.000000000000000000e+00 1.249999999999987649e-01 2.099999999999999922e-01 1.000729120042425091e+00 1.713857244014329846e-03
5.000000000000000000e+00 1.339716828170352814e-01 2.099999999999999922e-01 1.000628241129975837e+00 1.420802641692849337e-03
5.000000000000000000e+00 1.435872943746278885e-01 2.099999999999999922e-01 1.000549532915977036e+00 1.194191284095097753e-03
5.000000000000000000e+00 1.538930516681129013e-01 2.099999999999999922e-01 1.000489481612429232e+00 1.023362793482582257e-03
5.000000000000000000e+00 1.649384888466099985e-01 2.099999999999999922e-01 1.000428709553698114e+00 8.499698601214779542e-04
5.000000000000000000e+00 1.767766952966349225e-01 2.099999999999999922e-01 1.000364028067074473e+00 6.637863559235344371e-04
5.000000000000000000e+00 1.894645708137976114e-01 2.099999999999999922e-01 1.000300891796522151e+00 4.799110430294672709e-04
5.000000000000000000e+00 2.030630990890565368e-01 2.099999999999999922e-01 1.000253106359708211e+00 3.375946768443337611e-04
5.000000000000000000e+00 2.176376408240284499e-01 2.099999999999999922e-01 1.000227371387885089e+00 2.528101473117602433e-04
5.000000000000000000e+00 2.332582478841990492e-01 2.099999999999999922e-01 1.000215008118937821e+00 1.938132071408797349e-04
5.000000000000000000e+00 2.499999999999969191e-01 2.099999999999999922e-01 1.000211315491364106e+00 1.381693845138875251e-04
5.000000000000000000e+00 2.679433656340699521e-01 2.099999999999999922e-01 1.000222787823603410e+00 9.224136880433570363e-05
5.000000000000000000e+00 2.871745887492550553e-01 2.099999999999999922e-01 1.000261718507609032e+00 7.741526153433003050e-05
5.000000000000000000e+00 3.077861033362250809e-01 2.099999999999999922e-01 1.000339002176286129e+00 1.025071692570488058e-04
5.000000000000000000e+00 3.298769776932191644e-01 2.099999999999999922e-01 1.000470995658848672e+00 1.717140042873537594e-04
5.000000000000000000e+00 3.535533905932689569e-01 2.099999999999999922e-01 1.000696879792635885e+00 3.059302268917190562e-04
5.000000000000000000e+00 3.789291416275942792e-01 2.099999999999999922e-01 1.001082176555876391e+00 5.541521485654994509e-04
5.000000000000000000e+00 4.061261981781120745e-01 2.099999999999999922e-01 1.001748691385023537e+00 1.018393656957508608e-03
5.000000000000000000e+00 4.352752816480558451e-01 2.099999999999999922e-01 1.002924600830465307e+00 1.910123002080251235e-03
5.000000000000000000e+00 4.665164957683969327e-01 2.099999999999999922e-01 1.005033333620106939e+00 3.658187734598735384e-03
5.000000000000000000e+00 4.999999999999926170e-01 2.099999999999999922e-01 1.008845091165852192e+00 7.131419313304829949e-03
5.000000000000000000e+00 5.358867312681385719e-01 2.099999999999999922e-01 1.015732645217749752e+00 1.398576633829079138e-02
5.000000000000000000e+00 5.743491774985087783e-01 2.099999999999999922e-01 1.027235256936505969e+00 2.619492883379278755e-02
5.000000000000000000e+00 6.155722066724486075e-01 2.099999999999999922e-01 1.043149635619504911e+00 4.291820470134279780e-02
5.000000000000000000e+00 6.597539553864367745e-01 2.099999999999999922e-01 1.060293899633496739e+00 5.784670603653053328e-02
5.000000000000000000e+00 7.071067811865362485e-01 2.099999999999999922e-01 1.076736133225702385e+00 6.516414236448839215e-02
5.000000000000000000e+00 7.578582832551866710e-01 2.099999999999999922e-01 1.092480890829356177e+00 7.061563691804095821e-02
5.000000000000000000e+00 8.122523963562221505e-01 2.099999999999999922e-01 1.112411279229107652e+00 8.560986667002545847e-02
5.000000000000000000e+00 8.705505632961095808e-01 2.099999999999999922e-01 1.134279472742617978e+00 1.030998251074402572e-01
5.000000000000000000e+00 9.330329915367915339e-01 2.099999999999999922e-01 1.152708902302497451e+00 1.232361507293768255e-01
5.000000000000000000e+00 9.999999999999827915e-01 2.099999999999999922e-01 1.168347640166764290e+00 1.400122265707045843e-01
5.000000000000000000e+00 1.071773462536274479e+00 2.099999999999999922e-01 1.184598473178833045e+00 1.564689941569251119e-01
5.000000000000000000e+00 1.148698354997014670e+00 2.099999999999999922e-01 1.194226856442695883e+00 1.650983631575572430e-01
5.000000000000000000e+00 1.231144413344894106e+00 2.099999999999999922e-01 1.190343995005007205e+00 1.519642772982927048e-01
5.000000000000000000e+00 1.319507910772870218e+00 2.099999999999999922e-01 1.177538656412011830e+00 1.250561816853488495e-01
5.000000000000000000e+00 1.414213562373068944e+00 2.099999999999999922e-01 1.169366574880177811e+00 1.021836516586111243e-01
5.000000000000000000e+00 1.515716566510369789e+00 2.099999999999999922e-01 1.166405876692704346e+00 9.249938871321647382e-02
5.000000000000000000e+00 1.624504792712440304e+00 2.099999999999999922e-01 1.167882617923293509e+00 1.094471496507336133e-01
5.000000000000000000e+00 1.741101126592214943e+00 2.099999999999999922e-01 1.171220943603692444e+00 1.245683770395344669e-01
5.000000000000000000e+00 1.866065983073578627e+00 2.099999999999999922e-01 1.188411203012248007e+00 1.508357425764840221e-01
5.000000000000000000e+00 1.999999999999960698e+00 2.099999999999999922e-01 1.182998397627544218e+00 1.382566279489107208e-01
5.000000000000000000e+00 2.143546925072543630e+00 2.099999999999999922e-01 1.173300847042399342e+00 1.162084663700814757e-01
5.000000000000000000e+00 2.297396709994023567e+00 2.099999999999999922e-01 1.190328443173994444e+00 1.346904461099584227e-01
5.000000000000000000e+00 2.462288826689782439e+00 2.099999999999999922e-01 1.198995239604404794e+00 1.649416005906032545e-01
5.000000000000000000e+00 2.639015821545733775e+00 2.099999999999999922e-01 1.203790730202572545e+00 1.699938813690303752e-01
5.000000000000000000e+00 2.828427124746130783e+00 2.099999999999999922e-01 1.202265949489537578e+00 1.574090597230198285e-01
5.000000000000000000e+00 3.031433133020732029e+00 2.099999999999999922e-01 1.192918964352909894e+00 1.435251659670824520e-01
5.000000000000000000e+00 3.249009585424872615e+00 2.099999999999999922e-01 1.222034305166028290e+00 2.284694497039782279e-01
5.000000000000000000e+00 3.482202253184421004e+00 2.099999999999999922e-01 1.208724008393198268e+00 1.999921660431188963e-01
5.000000000000000000e+00 3.732131966147147928e+00 2.099999999999999922e-01 1.160749943376871540e+00 9.515330190931767240e-02
5.000000000000000000e+00 3.999999999999911182e+00 2.099999999999999922e-01 1.134879462137307060e+00 4.792992280289892076e-02
5.000000000000000000e+00 4.287093850145076601e+00 2.099999999999999922e-01 1.166517272079712786e+00 1.403575257096875695e-01
5.000000000000000000e+00 4.594793419988035588e+00 2.099999999999999922e-01 1.150899912881609088e+00 6.534484716676272620e-02
5.000000000000000000e+00 4.924577653379552444e+00 2.099999999999999922e-01 1.174783797602693358e+00 7.384635303188993860e-02
5.000000000000000000e+00 5.278031643091455116e+00 2.099999999999999922e-01 1.157726841983128363e+00 1.247267552384182659e-01
5.000000000000000000e+00 5.656854249492248243e+00 2.099999999999999922e-01 1.141976497226102172e+00 8.619949206423670185e-02
5.000000000000000000e+00 6.062866266041448959e+00 2.099999999999999922e-01 1.178485482064010936e+00 8.091406624767545630e-02
5.000000000000000000e+00 6.498019170849729242e+00 2.099999999999999922e-01 1.159746236413585097e+00 6.779352292177874550e-02
5.000000000000000000e+00 6.964404506368825132e+00 2.099999999999999922e-01 1.147970126625617038e+00 6.315362100063358353e-02
5.000000000000000000e+00 7.464263932294277204e+00 2.099999999999999922e-01 1.171292341587594876e+00 6.396705134025136574e-02
5.000000000000000000e+00 7.999999999999802824e+00 2.099999999999999922e-01 1.149691822260836549e+00 6.535480075534041977e-02
5.000000000000000000e+00 8.574187700290131886e+00 2.099999999999999922e-01 1.174972345726533085e+00 1.145090995305897141e-01
5.000000000000000000e+00 9.189586839976049859e+00 2.099999999999999922e-01 1.160498254831905829e+00 8.308533130621406637e-02
5.000000000000000000e+00 9.849155306759080020e+00 2.099999999999999922e-01 1.207101256230503683e+00 1.152296769169593033e-01
5.000000000000000000e+00 1.055606328618288359e+01 2.099999999999999922e-01 1.237262112964559790e+00 1.336741018560285710e-01
5.000000000000000000e+00 1.131370849898446806e+01 2.099999999999999922e-01 1.190141613542808008e+00 1.092813507766208919e-01
5.000000000000000000e+00 1.212573253208286772e+01 2.099999999999999922e-01 1.172635389164643716e+00 6.578006399699272422e-02
5.000000000000000000e+00 1.299603834169942651e+01 2.099999999999999922e-01 1.210122970844664803e+00 1.115293092457633473e-01
5.000000000000000000e+00 1.392880901273761651e+01 2.099999999999999922e-01 1.178159868170608249e+00 1.142304154364256613e-01
5.000000000000000000e+00 1.492852786458851710e+01 2.099999999999999922e-01 1.160657984442678536e+00 8.737283150402608278e-02
5.000000000000000000e+00 1.599999999999956657e+01 2.099999999999999922e-01 1.192988103267362154e+00 1.675938709475929267e-01
5.000000000000000000e+00 1.714837540058022114e+01 2.099999999999999922e-01 1.170545093581114804e+00 9.524456619332614948e-02
5.000000000000000000e+00 1.837917367995205353e+01 2.099999999999999922e-01 1.197277917053783280e+00 9.240999045181924609e-02
5.000000000000000000e+00 1.969831061351811385e+01 2.099999999999999922e-01 1.168187805772907595e+00 1.239220647584664825e-01
5.000000000000000000e+00 2.111212657236571388e+01 2.099999999999999922e-01 1.168117667574141372e+00 8.330634164896616456e-02
5.000000000000000000e+00 2.262741699796887929e+01 2.099999999999999922e-01 1.143659398447112840e+00 5.656428212577607056e-02
5.000000000000000000e+00 2.425146506416567505e+01 2.099999999999999922e-01 1.147450182795466400e+00 5.150470094104071112e-02
5.000000000000000000e+00 2.599207668339878907e+01 2.099999999999999922e-01 1.210941456082730072e+00 1.624592367891166123e-01
5.000000000000000000e+00 2.785761802547516197e+01 2.099999999999999922e-01 1.178412022036981366e+00 1.249466280987412692e-01
5.000000000000000000e+00 2.985705572917696315e+01 2.099999999999999922e-01 1.167490947336605744e+00 7.500625447833024484e-02
5.000000000000000000e+00 3.199999999999905498e+01 2.099999999999999922e-01 1.168627986428116827e+00 9.438084850263249448e-02
