5.000000000000000000e+00 7.812500000000000000e-03 1.600000000000000033e-01 1.815939108105423028e+00 4.069942474742970773e-01
5.000000000000000000e+00 8.373230176064788352e-03 1.600000000000000033e-01 1.686244572920568841e+00 3.603255436711083060e-01
5.000000000000000000e+00 8.974205898414331500e-03 1.600000000000000033e-01 1.610051013371946116e+00 3.172583797418874751e-01
5.000000000000000000e+00 9.618315729257151739e-03 1.600000000000000033e-01 1.526398236207402004e+00 3.102121183809187777e-01
5.000000000000000000e+00 1.030865555291322552e-02 1.600000000000000033e-01 1.449957552981349540e+00 2.529372138153894167e-01
5.000000000000000000e+00 1.104854345603979195e-02 1.600000000000000033e-01 1.400653098875378699e+00 2.562810151570855122e-01
5.000000000000000000e+00 1.184153567586246694e-02 1.600000000000000033e-01 1.331131119828467879e+00 2.310126003465892974e-01
5.000000000000000000e+00 1.269144369306615845e-02 1.600000000000000033e-01 1.265042375814647180e+00 1.969157857404058298e-01
5.000000000000000000e+00 1.360235255150191343e-02 1.600000000000000033e-01 1.238179371380883742e+00 1.855646091533773856e-01
5.000000000000000000e+00 1.457864049276258282e-02 1.600000000000000033e-01 1.201497921697151083e+00 1.740921238333910936e-01
5.000000000000000000e+00 1.562499999999996184e-02 1.600000000000000033e-01 1.175821618978270644e+00 1.686179304965668424e-01
5.000000000000000000e+00 1.674646035212953507e-02 1.600000000000000033e-01 1.154612145812223600e+00 1.705842100542094009e-01
5.000000000000000000e+00 1.794841179682861790e-02 1.600000000000000033e-01 1.126386946766138486e+00 1.441739916564190871e-01
5.000000000000000000e+00 1.923663145851425491e-02 1.600000000000000033e-01 1.100726283299057418e+00 1.150254748329931631e-01
5.000000000000000000e+00 2.061731110582640247e-02 1.600000000000000033e-01 1.092044212413634030e+00 1.192258528391541145e-01
5.000000000000000000e+00 2.209708691207952838e-02 1.600000000000000033e-01 1.080838140220893528e+00 1.181143541382622536e-01
5.000000000000000000e+00 2.368307135172487837e-02 1.600000000000000033e-01 1.063819449879060519e+00 9.375293964392972246e-02
5.000000000000000000e+00 2.538288738613225445e-02 1.600000000000000033e-01 1.050698987508444926e+00 7.822503244171129244e-02
5.000000000000000000e+00 2.720470510300375747e-02 1.600000000000000033e-01 1.043635855659421185e+00 7.369351150498970604e-02
5.000000000000000000e+00 2.915728098552509626e-02 1.600000000000000033e-01 1.035694003189621792e+00 6.481105405599399405e-02
5.000000000000000000e+00 3.124999999999984734e-02 1.600000000000000033e-01 1.026882205015382299e+00 5.068773502472187498e-02
5.000000000000000000e+00 3.349292070425898687e-02 1.600000000000000033e-01 1.023394857901456900e+00 4.942769553452825565e-02
5.000000000000000000e+00 3.589682359365715253e-02 1.600000000000000033e-01 1.017568864174579923e+00 3.852051179276282794e-02
5.000000000000000000e+00 3.847326291702841267e-02 1.600000000000000033e-01 1.013663596568098457e+00 3.169423789694871679e-02
5.000000000000000000e+00 4.123462221165270086e-02 1.600000000000000033e-01 1.010611087760238780e+00 2.588679394440990961e-02
5.000000000000000000e+00 4.419417382415894574e-02 1.600000000000000033e-01 1.008290481664322558e+00 2.120174726324778117e-02
5.000000000000000000e+00 4.736614270344963878e-02 1.600000000000000033e-01 1.006584780902192389e+00 1.749829411530636619e-02
5.000000000000000000e+00 5.076577477226438401e-02 1.600000000000000033e-01 1.005365835570566357e+00 1.470600938678955950e-02
5.000000000000000000e+00 5.440941020600738309e-02 1.600000000000000033e-01 1.004497992174340437e+00 1.258761912560880242e-02
5.000000000000000000e+00 5.831456197105004680e-02 1.600000000000000033e-01 1.003761135861678699e+00 1.064539400964220617e-02
5.000000000000000000e+00 6.249999999999953509e-02 1.600000000000000033e-01 1.003248165459455610e+00 9.248693567964767770e-03
5.000000000000000000e+00 6.698584140851780722e-02 1.600000000000000033e-01 1.002791585785827388e+00 7.954499387795030754e-03
5.000000000000000000e+00 7.179364718731412465e-02 1.600000000000000033e-01 1.002461524876036458e+00 7.006197843641130511e-03
5.000000000000000000e+00 7.694652583405664492e-02 1.600000000000000033e-01 1.002118307354721738e+00 6.002683487535023614e-03
5.000000000000000000e+00 8.246924442330520744e-02 1.600000000000000033e-01 1.001809258394734226e+00 5.093971129811469822e-03
5.000000000000000000e+00 8.838834764831768331e-02 1.600000000000000033e-01 1.001522230826506821e+00 4.247381820396117953e-03
5.000000000000000000e+00 9.473228540689904165e-02 1.600000000000000033e-01 1.001274575631915464e+00 3.516204317303652741e-03
5.000000000000000000e+00 1.015315495445285182e-01 1.600000000000000033e-01 1.001049408074621727e+00 2.850404933069537825e-03
5.000000000000000000e+00 1.088188204120145025e-01 1.600000000000000033e-01 1.000865794855844593e+00 2.307582144272487049e-03
5.000000000000000000e+00 1.166291239420998022e-01 1.600000000000000033e-01 1.000714954742820462e+00 1.861826945063687049e-03
5.000000000000000000e+00 1.249999999999987649e-01 1.600000000000000033e-01 1.000598550462599601e+00 1.518505915300959663e-03
5.000000000000000000e+00 1.339716828170352814e-01 1.600000000000000033e-01 1.000510475044607217e+00 1.259566060605615302e-03
5.000000000000000000e+00 1.435872943746278885e-01 1.600000000000000033e-01 1.000442168410751176e+00 1.059422696643972078e-03
5.000000000000000000e+00 1.538930516681129013e-01 1.600000000000000033e-01 1.000390498064433364e+00 9.085059837923113854e-04
5.000000000000000000e+00 1.649384888466099985e-01 1.600000000000000033e-01 1.000338406424871263e+00 7.552857958866957032e-04
5.000000000000000000e+00 1.767766952966349225e-01 1.600000000000000033e-01 1.000283125694690689e+00 5.906686638395839198e-04
5.000000000000000000e+00 1.894645708137976114e-01 1.600000000000000033e-01 1.000229553385485470e+00 4.279268934834729401e-04
5.000000000000000000e+00 2.030630990890565368e-01 1.600000000000000033e-01 1.000189954330352515e+00 3.017087546069616394e-04
5.000000000000000000e+00 2.176376408240284499e-01 1.600000000000000033e-01 1.000170412975532219e+00 2.264830722030279869e-04
5.000000000000000000e+00 2.332582478841990492e-01 1.600000000000000033e-01 1.000163468913445985e+00 1.742277356935088774e-04
5.000000000000000000e+00 2.499999999999969191e-01 1.600000000000000033e-01 1.000165323998744471e+00 1.252605255580749549e-04
5.000000000000000000e+00 2.679433656340699521e-01 1.600000000000000033e-01 1.000182296759086986e+00 8.675441445933526315e-05
5.000000000000000000e+00 2.871745887492550553e-01 1.600000000000000033e-01 1.000226144929922123e+00 8.050286193433760684e-05
5.000000000000000000e+00 3.077861033362250809e-01 1.600000000000000033e-01 1.000308109423801994e+00 1.118763771906715435e-04
5.000000000000000000e+00 3.298769776932191644e-01 1.600000000000000033e-01 1.000445268658983755e+00 1.842149389983780035e-04
5.000000000000000000e+00 3.535533905932689569e-01 1.600000000000000033e-01 1.000677103347429542e+00 3.200971203696273328e-04
5.000000000000000000e+00 3.789291416275942792e-01 1.600000000000000033e-01 1.001069822820961353e+00 5.704386227911669880e-04
5.000000000000000000e+00 4.061261981781120745e-01 1.600000000000000033e-01 1.001746655722673296e+00 1.038437465971896829e-03
5.000000000000000000e+00 4.352752816480558451e-01 1.600000000000000033e-01 1.002938009650314211e+00 1.937106010515139394e-03
5.000000000000000000e+00 4.665164957683969327e-01 1.600000000000000033e-01 1.005071059679182754e+00 3.698195879210388996e-03
5.000000000000000000e+00 4.999999999999926170e-01 1.600000000000000033e-01 1.008921547228493809e+00 7.195072560334574152e-03
5.000000000000000000e+00 5.358867312681385719e-01 1.600000000000000033e-01 1.015869593781762781e+00 1.408829677599159752e-02
5.000000000000000000e+00 5.743491774985087783e-01 1.600000000000000033e-01 1.027460248889129790e+00 2.634937154714787552e-02
5.000000000000000000e+00 6.155722066724486075e-01 1.600000000000000033e-01 1.043487245535677399e+00 4.312002594431115637e-02
5.000000000000000000e+00 6.597539553864367745e-01 1.600000000000000033e-01 1.060749090438757536e+00 5.807542212889481303e-02
5.000000000000000000e+00 7.071067811865362485e-01 1.600000000000000033e-01 1.077313253371038115e+00 6.544248969017384121e-02
5.000000000000000000e+00 7.578582832551866710e-01 1.600000000000000033e-01 1.093209726555898431e+00 7.106871934407728297e-02
5.000000000000000000e+00 8.122523963562221505e-01 1.600000000000000033e-01 1.113350490983328500e+00 8.639090049202795274e-02
5.000000000000000000e+00 8.705505632961095808e-01 1.600000000000000033e-01 1.135498764877409750e+00 1.043493292139625189e-01
5.000000000000000000e+00 9.330329915367915339e-01 1.600000000000000033e-01 1.154276990830562566e+00 1.250590364577305880e-01
5.000000000000000000e+00 9.999999999999827915e-01 1.600000000000000033e-01 1.170328333518169117e+00 1.424506788086750964e-01
5.000000000000000000e+00 1.071773462536274479e+00 1.600000000000000033e-01 1.186822102855318084e+00 1.591890559564673180e-01
5.000000000000000000e+00 1.148698354997014670e+00 1.600000000000000033e-01 1.196507485265234649e+00 1.677799912384682623e-01
5.000000000000000000e+00 1.231144413344894106e+00 1.600000000000000033e-01 1.192498140904286741e+00 1.541416182002115776e-01
5.000000000000000000e+00 1.319507910772870218e+00 1.600000000000000033e-01 1.179590467257050523e+00 1.265607935980584964e-01
5.000000000000000000e+00 1.414213562373068944e+00 1.600000000000000033e-01 1.171535968321849364e+00 1.033037723384523654e-01
5.000000000000000000e+00 1.515716566510369789e+00 1.600000000000000033e-01 1.168781881300325898e+00 9.371652234243212087e-02
5.000000000000000000e+00 1.624504792712440304e+00 1.600000000000000033e-01 1.170350260807874854e+00 1.110326931361680924e-01
5.000000000000000000e+00 1.741101126592214943e+00 1.600000000000000033e-01 1.173837480979855963e+00 1.265673578995729354e-01
5.000000000000000000e+00 1.866065983073578627e+00 1.600000000000000033e-01 1.191285637365706807e+00 1.533195458254998089e-01
5.000000000000000000e+00 1.999999999999960698e+00 1.600000000000000033e-01 1.185563551145500272e+00 1.402953063080916718e-01
5.000000000000000000e+00 2.143546925072543630e+00 1.600000000000000033e-01 1.175460007464739443e+00 1.178835159901525237e-01
5.000000000000000000e+00 2.297396709994023567e+00 1.600000000000000033e-01 1.192538245950614861e+00 1.362066725793292521e-01
5.000000000000000000e+00 2.462288826689782439e+00 1.600000000000000033e-01 1.201464077804694996e+00 1.669527683118046946e-01
5.000000000000000000e+00 2.639015821545733775e+00 1.600000000000000033e-01 1.206750460398427149e+00 1.730067839892563408e-01
5.000000000000000000e+00 2.828427124746130783e+00 1.600000000000000033e-01 1.205842219973250362e+00 1.604467152941480290e-01
5.000000000000000000e+00 3.031433133020732029e+00 1.600000000000000033e-01 1.196639042684097820e+00 1.466250839972288167e-01
5.000000000000000000e+00 3.249009585424872615e+00 1.600000000000000033e-01 1.225557772796826539e+00 2.320817396392151899e-01
5.000000000000000000e+00 3.482202253184421004e+00 1.600000000000000033e-01 1.211829050838784338e+00 2.025028443794165967e-01
5.000000000000000000e+00 3.732131966147147928e+00 1.600000000000000033e-01 1.162829050250539398e+00 9.599890293540697117e-02
5.000000000000000000e+00 3.999999999999911182e+00 1.600000000000000033e-01 1.136954431264090903e+00 4.859636169744135231e-02
5.000000000000000000e+00 4.287093850145076601e+00 1.600000000000000033e-01 1.169557217067390686e+00 1.433354036831611944e-01
5.000000000000000000e+00 4.594793419988035588e+00 1.600000000000000033e-01 1.153291145047008026e+00 6.654585406865391739e-02
5.000000000000000000e+00 4.924577653379552444e+00 1.600000000000000033e-01 1.177819558297807268e+00 7.563077641856871813e-02
5.000000000000000000e+00 5.278031643091455116e+00 1.600000000000000033e-01 1.160205460998896765e+00 1.267279810345816327e-01
5.000000000000000000e+00 5.656854249492248243e+00 1.600000000000000033e-01 1.144527149744402283e+00 8.819574906111654622e-02
5.000000000000000000e+00 6.062866266041448959e+00 1.600000000000000033e-01 1.181846448297160457e+00 8.251248674754588230e-02
5.000000000000000000e+00 6.498019170849729242e+00 1.600000000000000033e-01 1.162545484550217889e+00 6.870495184948548217e-02
5.000000000000000000e+00 6.964404506368825132e+00 1.600000000000000033e-01 1.150443258904352728e+00 6.465511443126729929e-02
5.000000000000000000e+00 7.464263932294277204e+00 1.600000000000000033e-01 1.173743825469147462e+00 6.543163901152387885e-02
5.000000000000000000e+00 7.999999999999802824e+00 1.600000000000000033e-01 1.151977615754427475e+00 6.645431330993886720e-02
5.000000000000000000e+00 8.574187700290131886e+00 1.600000000000000033e-01 1.177922392800108131e+00 1.174751721734376420e-01
5.000000000000000000e+00 9.189586839976049859e+00 1.600000000000000033e-01 1.163131276577496376e+00 8.424912059080509608e-02
5.000000000000000000e+00 9.849155306759080020e+00 1.600000000000000033e-01 1.210462047551176923e+00 1.171008987845726934e-01
5.000000000000000000e+00 1.055606328618288359e+01 1.600000000000000033e-01 1.240812654174007434e+00 1.352701354831213343e-01
5.000000000000000000e+00 1.131370849898446806e+01 1.600000000000000033e-01 1.192869472310237988e+00 1.110447496434130016e-01
5.000000000000000000e+00 1.212573253208286772e+01 1.600000000000000033e-01 1.174988976242530070e+00 6.677692737346148377e-02
5.000000000000000000e+00 1.299603834169942651e+01 1.600000000000000033e-01 1.213425126325222703e+00 1.134397312339922997e-01
5.000000000000000000e+00 1.392880901273761651e+01 1.600000000000000033e-01 1.180673672799813056e+00 1.157003434563553396e-01
5.000000000000000000e+00 1.492852786458851710e+01 1.600000000000000033e-01 1.163283777354326087e+00 8.850380077836114689e-02
5.000000000000000000e+00 1.599999999999956657e+01 1.600000000000000033e-01 1.196206190621948107e+00 1.703751909244773100e-01
5.000000000000000000e+00 1.714837540058022114e+01 1.600000000000000033e-01 1.173130101725059049e+00 9.665708981593562621e-02
5.000000000000000000e+00 1.837917367995205353e+01 1.600000000000000033e-01 1.199892925800741361e+00 9.378263421813284872e-02
5.000000000000000000e+00 1.969831061351811385e+01 1.600000000000000033e-01 1.170778815919348848e+00 1.257182723198257135e-01
5.000000000000000000e+00 2.111212657236571388e+01 1.600000000000000033e-01 1.170949645120505256e+00 8.485303427790481801e-02
5.000000000000000000e+00 2.262741699796887929e+01 1.600000000000000033e-01 1.146084317331261593e+00 5.748365720630922021e-02
5.000000000000000000e+00 2.425146506416567505e+01 1.600000000000000033e-01 1.149609552300255855e+00 5.241136039445486866e-02
5.000000000000000000e+00 2.599207668339878907e+01 1.600000000000000033e-01 1.213700083271376018e+00 1.652705209081563043e-01
5.000000000000000000e+00 2.785761802547516197e+01 1.600000000000000033e-01 1.180706535545632319e+00 1.265373157143240279e-01
5.000000000000000000e+00 2.985705572917696315e+01 1.600000000000000033e-01 1.169925358267545956e+00 7.670939261898974959e-02
5.000000000000000000e+00 3.199999999999905498e+01 1.600000000000000033e-01 1.171143267539424659e+00 9.578665718052681299e-02
