5.000000000000000000e+00 7.812500000000000000e-03 6.500000000000000222e-01 4.470857289192122330e+00 1.238265066671647263e+00
5.000000000000000000e+00 8.373230176064788352e-03 6.500000000000000222e-01 4.287265088541595048e+00 1.244849391417953033e+00
5.000000000000000000e+00 8.974205898414331500e-03 6.500000000000000222e-01 3.960074880206136072e+00 1.246820264948711010e+00
5.000000000000000000e+00 9.618315729257151739e-03 6.500000000000000222e-01 3.633727508981861920e+00 1.219496404043065585e+00
5.000000000000000000e+00 1.030865555291322552e-02 6.500000000000000222e-01 3.266536213944063682e+00 1.199155474515398723e+00
5.000000000000000000e+00 1.104854345603979195e-02 6.500000000000000222e-01 3.043074420295256211e+00 1.086601678668244197e+00
5.000000000000000000e+00 1.184153567586246694e-02 6.500000000000000222e-01 2.743331102900158136e+00 1.046230779482753226e+00
5.000000000000000000e+00 1.269144369306615845e-02 6.500000000000000222e-01 2.389399717843263549e+00 8.899203037889378276e-01
5.000000000000000000e+00 1.360235255150191343e-02 6.500000000000000222e-01 2.248260481315225157e+00 8.226729215952293117e-01
5.000000000000000000e+00 1.457864049276258282e-02 6.500000000000000222e-01 2.077729122568863662e+00 8.163853115748164191e-01
5.000000000000000000e+00 1.562499999999996184e-02 6.500000000000000222e-01 1.910462144587613764e+00 7.317693582383565376e-01
5.000000000000000000e+00 1.674646035212953507e-02 6.500000000000000222e-01 1.810983580720980424e+00 7.683260879631829132e-01
5.000000000000000000e+00 1.794841179682861790e-02 6.500000000000000222e-01 1.668415482511006243e+00 6.733012896327800201e-01
5.000000000000000000e+00 1.923663145851425491e-02 6.500000000000000222e-01 1.563412453209874098e+00 6.108681184366101524e-01
5.000000000000000000e+00 2.061731110582640247e-02 6.500000000000000222e-01 1.496604615853598830e+00 5.895867141353418051e-01
5.000000000000000000e+00 2.209708691207952838e-02 6.500000000000000222e-01 1.447449800173270074e+00 6.211246229962803511e-01
5.000000000000000000e+00 2.368307135172487837e-02 6.500000000000000222e-01 1.363770060649511562e+00 5.218085672643889561e-01
5.000000000000000000e+00 2.538288738613225445e-02 6.500000000000000222e-01 1.294001838504800661e+00 4.486502435588168303e-01
5.000000000000000000e+00 2.720470510300375747e-02 6.500000000000000222e-01 1.253874308342488364e+00 4.251191145686487594e-01
5.000000000000000000e+00 2.915728098552509626e-02 6.500000000000000222e-01 1.210088316152004628e+00 3.805879338496960251e-01
5.000000000000000000e+00 3.124999999999984734e-02 6.500000000000000222e-01 1.160400951279635384e+00 3.038096068793926241e-01
5.000000000000000000e+00 3.349292070425898687e-02 6.500000000000000222e-01 1.140846316457680087e+00 2.985843440105080959e-01
5.000000000000000000e+00 3.589682359365715253e-02 6.500000000000000222e-01 1.105967341851658459e+00 2.323464965284575412e-01
5.000000000000000000e+00 3.847326291702841267e-02 6.500000000000000222e-01 1.082395908182157918e+00 1.902147242752691980e-01
5.000000000000000000e+00 4.123462221165270086e-02 6.500000000000000222e-01 1.064121632560466546e+00 1.548238099672553936e-01
5.000000000000000000e+00 4.419417382415894574e-02 6.500000000000000222e-01 1.050178526394978551e+00 1.261362041708762316e-01
5.000000000000000000e+00 4.736614270344963878e-02 6.500000000000000222e-01 1.039845839319937237e+00 1.033391405093954524e-01
5.000000000000000000e+00 5.076577477226438401e-02 6.500000000000000222e-01 1.032552109470775470e+00 8.645017959727453738e-02
5.000000000000000000e+00 5.440941020600738309e-02 6.500000000000000222e-01 1.027354561566284019e+00 7.365675936728274809e-02
5.000000000000000000e+00 5.831456197105004680e-02 6.500000000000000222e-01 1.022980319240084368e+00 6.209350546055932007e-02
5.000000000000000000e+00 6.249999999999953509e-02 6.500000000000000222e-01 1.019931309992260449e+00 5.377763433552644468e-02
5.000000000000000000e+00 6.698584140851780722e-02 6.500000000000000222e-01 1.017237803063492319e+00 4.614735145097215163e-02
5.000000000000000000e+00 7.179364718731412465e-02 6.500000000000000222e-01 1.015312921480299169e+00 4.063070685048865427e-02
5.000000000000000000e+00 7.694652583405664492e-02 6.500000000000000222e-01 1.013299038992596213e+00 3.476033666206539141e-02
5.000000000000000000e+00 8.246924442330520744e-02 6.500000000000000222e-01 1.011496024340359678e+00 2.948147888619351981e-02
5.000000000000000000e+00 8.838834764831768331e-02 6.500000000000000222e-01 1.009804879059666982e+00 2.451955786921831276e-02
5.000000000000000000e+00 9.473228540689904165e-02 6.500000000000000222e-01 1.008361817439835217e+00 2.029064110834226387e-02
5.000000000000000000e+00 1.015315495445285182e-01 6.500000000000000222e-01 1.007033080419073023e+00 1.639809799522637737e-02
5.000000000000000000e+00 1.088188204120145025e-01 6.500000000000000222e-01 1.005953177225534123e+00 1.324828827524662106e-02
5.000000000000000000e+00 1.166291239420998022e-01 6.500000000000000222e-01 1.005066182561079824e+00 1.067694293552887662e-02
5.000000000000000000e+00 1.249999999999987649e-01 6.500000000000000222e-01 1.004371266417035669e+00 8.684606611838624132e-03
5.000000000000000000e+00 1.339716828170352814e-01 6.500000000000000222e-01 1.003841689261695702e+00 7.193693695571388817e-03
5.000000000000000000e+00 1.435872943746278885e-01 6.500000000000000222e-01 1.003420330843262542e+00 6.035287087729904361e-03
5.000000000000000000e+00 1.538930516681129013e-01 6.500000000000000222e-01 1.003093991276786889e+00 5.170864697335195506e-03
5.000000000000000000e+00 1.649384888466099985e-01 6.500000000000000222e-01 1.002758838705893218e+00 4.292474523581964359e-03
5.000000000000000000e+00 1.767766952966349225e-01 6.500000000000000222e-01 1.002397305842374964e+00 3.350227438376516837e-03
5.000000000000000000e+00 1.894645708137976114e-01 6.500000000000000222e-01 1.002035358038811497e+00 2.425079968304153562e-03
5.000000000000000000e+00 2.030630990890565368e-01 6.500000000000000222e-01 1.001741399680526889e+00 1.720245737113723162e-03
5.000000000000000000e+00 2.176376408240284499e-01 6.500000000000000222e-01 1.001543941805561833e+00 1.308536966906296249e-03
5.000000000000000000e+00 2.332582478841990492e-01 6.500000000000000222e-01 1.001391924254093846e+00 1.031796035733465637e-03
5.000000000000000000e+00 2.499999999999969191e-01 6.500000000000000222e-01 1.001249476058652110e+00 7.846271365910544200e-04
5.000000000000000000e+00 2.679433656340699521e-01 6.500000000000000222e-01 1.001130322096166037e+00 5.909454223895954693e-04
5.000000000000000000e+00 2.871745887492550553e-01 6.500000000000000222e-01 1.001067289824242312e+00 4.874742862655270185e-04
5.000000000000000000e+00 3.077861033362250809e-01 6.500000000000000222e-01 1.001062307194081180e+00 4.334707034557365684e-04
5.000000000000000000e+00 3.298769776932191644e-01 6.500000000000000222e-01 1.001111482761260607e+00 3.872546485104568317e-04
5.000000000000000000e+00 3.535533905932689569e-01 6.500000000000000222e-01 1.001253609003764034e+00 3.789284503128925534e-04
5.000000000000000000e+00 3.789291416275942792e-01 6.500000000000000222e-01 1.001548105428059943e+00 4.780192348091255854e-04
5.000000000000000000e+00 4.061261981781120745e-01 6.500000000000000222e-01 1.002102030891732110e+00 8.093291714826748645e-04
5.000000000000000000e+00 4.352752816480558451e-01 6.500000000000000222e-01 1.003127522715509201e+00 1.591131463605801287e-03
5.000000000000000000e+00 4.665164957683969327e-01 6.500000000000000222e-01 1.005024246199372806e+00 3.226665455630105782e-03
5.000000000000000000e+00 4.999999999999926170e-01 6.500000000000000222e-01 1.008532325481107605e+00 6.545540083482933973e-03
5.000000000000000000e+00 5.358867312681385719e-01 6.500000000000000222e-01 1.014989275951459380e+00 1.316376670732103370e-02
5.000000000000000000e+00 5.743491774985087783e-01 6.500000000000000222e-01 1.025910694214620333e+00 2.506141014504295952e-02
5.000000000000000000e+00 6.155722066724486075e-01 6.500000000000000222e-01 1.041120976628693739e+00 4.150222839923277396e-02
5.000000000000000000e+00 6.597539553864367745e-01 6.500000000000000222e-01 1.057572494079602521e+00 5.625705495656403710e-02
5.000000000000000000e+00 7.071067811865362485e-01 6.500000000000000222e-01 1.073326887537044749e+00 6.324323025538346188e-02
5.000000000000000000e+00 7.578582832551866710e-01 6.500000000000000222e-01 1.088252911192023609e+00 6.767069561013469570e-02
5.000000000000000000e+00 8.122523963562221505e-01 6.500000000000000222e-01 1.107014988221878937e+00 8.074508131317346959e-02
5.000000000000000000e+00 8.705505632961095808e-01 6.500000000000000222e-01 1.127256556892797246e+00 9.536059691372832103e-02
5.000000000000000000e+00 9.330329915367915339e-01 6.500000000000000222e-01 1.143630327466347518e+00 1.120369414131973385e-01
5.000000000000000000e+00 9.999999999999827915e-01 6.500000000000000222e-01 1.156846517302494659e+00 1.252022196001830179e-01
5.000000000000000000e+00 1.071773462536274479e+00 6.500000000000000222e-01 1.171719210026242797e+00 1.401750444950904673e-01
5.000000000000000000e+00 1.148698354997014670e+00 6.500000000000000222e-01 1.180954785030804199e+00 1.491197004866551268e-01
5.000000000000000000e+00 1.231144413344894106e+00 6.500000000000000222e-01 1.177586998067658319e+00 1.390205616374393383e-01
5.000000000000000000e+00 1.319507910772870218e+00 6.500000000000000222e-01 1.165176394207045441e+00 1.163682441276146368e-01
5.000000000000000000e+00 1.414213562373068944e+00 6.500000000000000222e-01 1.155985991826549597e+00 9.590930964409663528e-02
5.000000000000000000e+00 1.515716566510369789e+00 6.500000000000000222e-01 1.151721918657577781e+00 8.569741301525543586e-02
5.000000000000000000e+00 1.624504792712440304e+00 6.500000000000000222e-01 1.152951535782488879e+00 1.004562298159249745e-01
5.000000000000000000e+00 1.741101126592214943e+00 6.500000000000000222e-01 1.155673637529145648e+00 1.130589704473431295e-01
5.000000000000000000e+00 1.866065983073578627e+00 6.500000000000000222e-01 1.171109551297847329e+00 1.360232762799448991e-01
5.000000000000000000e+00 1.999999999999960698e+00 6.500000000000000222e-01 1.167561056764566452e+00 1.260270598673496611e-01
5.000000000000000000e+00 2.143546925072543630e+00 6.500000000000000222e-01 1.160459635843382520e+00 1.058505006765210893e-01
5.000000000000000000e+00 2.297396709994023567e+00 6.500000000000000222e-01 1.177296405171166738e+00 1.251816057155393791e-01
5.000000000000000000e+00 2.462288826689782439e+00 6.500000000000000222e-01 1.184589011339956643e+00 1.525816394431985801e-01
5.000000000000000000e+00 2.639015821545733775e+00 6.500000000000000222e-01 1.186663704594429269e+00 1.519938026924413099e-01
5.000000000000000000e+00 2.828427124746130783e+00 6.500000000000000222e-01 1.181301196826391786e+00 1.395161291178354801e-01
5.000000000000000000e+00 3.031433133020732029e+00 6.500000000000000222e-01 1.171210338147848917e+00 1.256043407385035449e-01
5.000000000000000000e+00 3.249009585424872615e+00 6.500000000000000222e-01 1.201587954465103358e+00 2.078754534995615466e-01
5.000000000000000000e+00 3.482202253184421004e+00 6.500000000000000222e-01 1.190327882863242648e+00 1.852952492522083605e-01
5.000000000000000000e+00 3.732131966147147928e+00 6.500000000000000222e-01 1.148670241746390319e+00 9.034196123649627930e-02
5.000000000000000000e+00 3.999999999999911182e+00 6.500000000000000222e-01 1.122546630387596167e+00 4.424454818273193535e-02
5.000000000000000000e+00 4.287093850145076601e+00 6.500000000000000222e-01 1.148528343717506450e+00 1.233134013200704454e-01
5.000000000000000000e+00 4.594793419988035588e+00 6.500000000000000222e-01 1.136753806744869921e+00 5.860546377365156295e-02
5.000000000000000000e+00 4.924577653379552444e+00 6.500000000000000222e-01 1.156971500797334240e+00 6.330564055862322737e-02
5.000000000000000000e+00 5.278031643091455116e+00 6.500000000000000222e-01 1.143343558133960602e+00 1.130410523849689486e-01
5.000000000000000000e+00 5.656854249492248243e+00 6.500000000000000222e-01 1.126513575989070759e+00 7.430355859764299631e-02
5.000000000000000000e+00 6.062866266041448959e+00 6.500000000000000222e-01 1.158492346769643522e+00 7.180322718614341737e-02
5.000000000000000000e+00 6.498019170849729242e+00 6.500000000000000222e-01 1.143416391804865651e+00 6.240538217763590828e-02
5.000000000000000000e+00 6.964404506368825132e+00 6.500000000000000222e-01 1.133587135399743540e+00 5.481743726137399547e-02
5.000000000000000000e+00 7.464263932294277204e+00 6.500000000000000222e-01 1.156834825860924898e+00 5.569599598203000407e-02
5.000000000000000000e+00 7.999999999999802824e+00 6.500000000000000222e-01 1.135790477931445830e+00 5.880748394837507359e-02
5.000000000000000000e+00 8.574187700290131886e+00 6.500000000000000222e-01 1.157390347356399563e+00 9.712660723683902431e-02
5.000000000000000000e+00 9.189586839976049859e+00 6.500000000000000222e-01 1.144905670771995343e+00 7.614754094173291354e-02
5.000000000000000000e+00 9.849155306759080020e+00 6.500000000000000222e-01 1.187155775600834851e+00 1.041494416080865765e-01
5.000000000000000000e+00 1.055606328618288359e+01 6.500000000000000222e-01 1.216497997221406058e+00 1.244469666493611126e-01
5.000000000000000000e+00 1.131370849898446806e+01 6.500000000000000222e-01 1.174051632986755189e+00 9.952281310884045218e-02
5.000000000000000000e+00 1.212573253208286772e+01 6.500000000000000222e-01 1.158860268711360941e+00 6.002964747704622045e-02
5.000000000000000000e+00 1.299603834169942651e+01 6.500000000000000222e-01 1.190126232891410840e+00 1.001545736254512015e-01
5.000000000000000000e+00 1.392880901273761651e+01 6.500000000000000222e-01 1.162937577705575709e+00 1.054093515676834680e-01
5.000000000000000000e+00 1.492852786458851710e+01 6.500000000000000222e-01 1.145057701066910516e+00 8.115251895817324201e-02
5.000000000000000000e+00 1.599999999999956657e+01 6.500000000000000222e-01 1.174158308191599387e+00 1.514074646733179208e-01
5.000000000000000000e+00 1.714837540058022114e+01 6.500000000000000222e-01 1.155306605439225809e+00 8.715079504033677871e-02
5.000000000000000000e+00 1.837917367995205353e+01 6.500000000000000222e-01 1.181938435057685810e+00 8.450907564149980067e-02
5.000000000000000000e+00 1.969831061351811385e+01 6.500000000000000222e-01 1.152905113296865069e+00 1.137941054949566655e-01
5.000000000000000000e+00 2.111212657236571388e+01 6.500000000000000222e-01 1.151695188624462407e+00 7.513078131153057282e-02
5.000000000000000000e+00 2.262741699796887929e+01 6.500000000000000222e-01 1.129527953424865228e+00 5.218076489581737615e-02
5.000000000000000000e+00 2.425146506416567505e+01 6.500000000000000222e-01 1.134917784487062820e+00 4.693753970964901351e-02
5.000000000000000000e+00 2.599207668339878907e+01 6.500000000000000222e-01 1.195186436096760785e+00 1.468490065462997873e-01
5.000000000000000000e+00 2.785761802547516197e+01 6.500000000000000222e-01 1.165069914256331440e+00 1.162130877507939614e-01
5.000000000000000000e+00 2.985705572917696315e+01 6.500000000000000222e-01 1.153418146839854996e+00 6.543522020389896943e-02
5.000000000000000000e+00 3.199999999999905498e+01 6.500000000000000222e-01 1.153752583559429112e+00 8.696090428355231217e-02
