5.000000000000000000e+00 7.812500000000000000e-03 4.199999999999999845e-01 2.718423414150517914e+00 8.339506849408864220e-01
5.000000000000000000e+00 8.373230176064788352e-03 4.199999999999999845e-01 2.478533918499942867e+00 7.645335104077357613e-01
5.000000000000000000e+00 8.974205898414331500e-03 4.199999999999999845e-01 2.314243648899163563e+00 6.868679219035803696e-01
5.000000000000000000e+00 9.618315729257151739e-03 4.199999999999999845e-01 2.135296124248173832e+00 6.650964038113302834e-01
5.000000000000000000e+00 1.030865555291322552e-02 4.199999999999999845e-01 1.961020966764263962e+00 5.425628520891039308e-01
5.000000000000000000e+00 1.104854345603979195e-02 4.199999999999999845e-01 1.856945624869263956e+00 5.382407486179872080e-01
5.000000000000000000e+00 1.184153567586246694e-02 4.199999999999999845e-01 1.710194957479568956e+00 4.905452158041076482e-01
5.000000000000000000e+00 1.269144369306615845e-02 4.199999999999999845e-01 1.563132883288999908e+00 4.111075134306379497e-01
5.000000000000000000e+00 1.360235255150191343e-02 4.199999999999999845e-01 1.505818118787823234e+00 3.884997270787964307e-01
5.000000000000000000e+00 1.457864049276258282e-02 4.199999999999999845e-01 1.429760924547853529e+00 3.694464482196164745e-01
5.000000000000000000e+00 1.562499999999996184e-02 4.199999999999999845e-01 1.371300449081061634e+00 3.501542557532567046e-01
5.000000000000000000e+00 1.674646035212953507e-02 4.199999999999999845e-01 1.328282680891493150e+00 3.601738044814007389e-01
5.000000000000000000e+00 1.794841179682861790e-02 4.199999999999999845e-01 1.267879809178416028e+00 3.039007101291881785e-01
5.000000000000000000e+00 1.923663145851425491e-02 4.199999999999999845e-01 1.214893739232870917e+00 2.465617940990256218e-01
5.000000000000000000e+00 2.061731110582640247e-02 4.199999999999999845e-01 1.195323876995064705e+00 2.526468586010771622e-01
5.000000000000000000e+00 2.209708691207952838e-02 4.199999999999999845e-01 1.172676284813795267e+00 2.532437727808108385e-01
5.000000000000000000e+00 2.368307135172487837e-02 4.199999999999999845e-01 1.136445843742260209e+00 2.013382088610252696e-01
5.000000000000000000e+00 2.538288738613225445e-02 4.199999999999999845e-01 1.108474756769232350e+00 1.679130380970447478e-01
5.000000000000000000e+00 2.720470510300375747e-02 4.199999999999999845e-01 1.093541304456695951e+00 1.583909862628029297e-01
5.000000000000000000e+00 2.915728098552509626e-02 4.199999999999999845e-01 1.076599086748678991e+00 1.391947215242648195e-01
5.000000000000000000e+00 3.124999999999984734e-02 4.199999999999999845e-01 1.057729681404840916e+00 1.086589575106321759e-01
5.000000000000000000e+00 3.349292070425898687e-02 4.199999999999999845e-01 1.050409927445072222e+00 1.060740043931717863e-01
5.000000000000000000e+00 3.589682359365715253e-02 4.199999999999999845e-01 1.037886208117325681e+00 8.235940935910551763e-02
5.000000000000000000e+00 3.847326291702841267e-02 4.199999999999999845e-01 1.029509307607567203e+00 6.753607830726551797e-02
5.000000000000000000e+00 4.123462221165270086e-02 4.199999999999999845e-01 1.022996228081765713e+00 5.504309158220797860e-02
5.000000000000000000e+00 4.419417382415894574e-02 4.199999999999999845e-01 1.018049158282694266e+00 4.498213291335902836e-02
5.000000000000000000e+00 4.736614270344963878e-02 4.199999999999999845e-01 1.014407688225330562e+00 3.703378640356020518e-02
5.000000000000000000e+00 5.076577477226438401e-02 4.199999999999999845e-01 1.011815873915656416e+00 3.107667946230344147e-02
5.000000000000000000e+00 5.440941020600738309e-02 4.199999999999999845e-01 1.009969712004160858e+00 2.655971390569275212e-02
5.000000000000000000e+00 5.831456197105004680e-02 4.199999999999999845e-01 1.008405561620168145e+00 2.243644522510139169e-02
5.000000000000000000e+00 6.249999999999953509e-02 4.199999999999999845e-01 1.007316000628961206e+00 1.947229065403676893e-02
5.000000000000000000e+00 6.698584140851780722e-02 4.199999999999999845e-01 1.006346575916710506e+00 1.672995396395603879e-02
5.000000000000000000e+00 7.179364718731412465e-02 4.199999999999999845e-01 1.005648081547026340e+00 1.473068415139737290e-02
5.000000000000000000e+00 7.694652583405664492e-02 4.199999999999999845e-01 1.004919947761623522e+00 1.261104431621014148e-02
5.000000000000000000e+00 8.246924442330520744e-02 4.199999999999999845e-01 1.004265084370670191e+00 1.069653141959795058e-02
5.000000000000000000e+00 8.838834764831768331e-02 4.199999999999999845e-01 1.003654683805480285e+00 8.908906364825150415e-03
5.000000000000000000e+00 9.473228540689904165e-02 4.199999999999999845e-01 1.003128751662166085e+00 7.370942317360029000e-03
5.000000000000000000e+00 1.015315495445285182e-01 4.199999999999999845e-01 1.002647764286271004e+00 5.965802359371565576e-03
5.000000000000000000e+00 1.088188204120145025e-01 4.199999999999999845e-01 1.002254601444569904e+00 4.823169917898191029e-03
5.000000000000000000e+00 1.166291239420998022e-01 4.199999999999999845e-01 1.001929913906651093e+00 3.886308924698985996e-03
5.000000000000000000e+00 1.249999999999987649e-01 4.199999999999999845e-01 1.001675971178477287e+00 3.163082976844684788e-03
5.000000000000000000e+00 1.339716828170352814e-01 4.199999999999999845e-01 1.001481090552425623e+00 2.619325696649385353e-03
5.000000000000000000e+00 1.435872943746278885e-01 4.199999999999999845e-01 1.001326119108415957e+00 2.198339309347695138e-03
5.000000000000000000e+00 1.538930516681129013e-01 4.199999999999999845e-01 1.001204852645681598e+00 1.881661825493296950e-03
5.000000000000000000e+00 1.649384888466099985e-01 4.199999999999999845e-01 1.001080723402755224e+00 1.560831027972323613e-03
5.000000000000000000e+00 1.767766952966349225e-01 4.199999999999999845e-01 1.000947435081090076e+00 1.217720897795429190e-03
5.000000000000000000e+00 1.894645708137976114e-01 4.199999999999999845e-01 1.000814578681933131e+00 8.816715384610652280e-04
5.000000000000000000e+00 2.030630990890565368e-01 4.199999999999999845e-01 1.000707379314418777e+00 6.261182762237176708e-04
5.000000000000000000e+00 2.176376408240284499e-01 4.199999999999999845e-01 1.000637116329691212e+00 4.766449700596001103e-04
5.000000000000000000e+00 2.332582478841990492e-01 4.199999999999999845e-01 1.000586212239459982e+00 3.749346863241940359e-04
5.000000000000000000e+00 2.499999999999969191e-01 4.199999999999999845e-01 1.000543389718107967e+00 2.830565067773985915e-04
5.000000000000000000e+00 2.679433656340699521e-01 4.199999999999999845e-01 1.000516616274779391e+00 2.084976407549500544e-04
5.000000000000000000e+00 2.871745887492550553e-01 4.199999999999999845e-01 1.000522422060878602e+00 1.613831413178423257e-04
5.000000000000000000e+00 3.077861033362250809e-01 4.199999999999999845e-01 1.000569646983494598e+00 1.314320335611630290e-04
5.000000000000000000e+00 3.298769776932191644e-01 4.199999999999999845e-01 1.000670086703851158e+00 1.353759508056363696e-04
5.000000000000000000e+00 3.535533905932689569e-01 4.199999999999999845e-01 1.000862130017407203e+00 2.340068244439133483e-04
5.000000000000000000e+00 3.789291416275942792e-01 4.199999999999999845e-01 1.001208676150994181e+00 4.647884721168804166e-04
5.000000000000000000e+00 4.061261981781120745e-01 4.199999999999999845e-01 1.001825685991347248e+00 9.116068594861840733e-04
5.000000000000000000e+00 4.352752816480558451e-01 4.199999999999999845e-01 1.002933163005201411e+00 1.776980207519254003e-03
5.000000000000000000e+00 4.665164957683969327e-01 4.199999999999999845e-01 1.004941303194559099e+00 3.478897062965620891e-03
5.000000000000000000e+00 4.999999999999926170e-01 4.199999999999999845e-01 1.008601726211432403e+00 6.869789963917237972e-03
5.000000000000000000e+00 5.358867312681385719e-01 4.199999999999999845e-01 1.015263538134251853e+00 1.358878765048226155e-02
5.000000000000000000e+00 5.743491774985087783e-01 4.199999999999999845e-01 1.026448152911420220e+00 2.561692472587943567e-02
5.000000000000000000e+00 6.155722066724486075e-01 4.199999999999999845e-01 1.041965055754137337e+00 4.217513111697895195e-02
5.000000000000000000e+00 6.597539553864367745e-01 4.199999999999999845e-01 1.058705760179883715e+00 5.700567606419636862e-02
5.000000000000000000e+00 7.071067811865362485e-01 4.199999999999999845e-01 1.074738494684630341e+00 6.414100336284869752e-02
5.000000000000000000e+00 7.578582832551866710e-01 4.199999999999999845e-01 1.089983184030365093e+00 6.899271491376905707e-02
5.000000000000000000e+00 8.122523963562221505e-01 4.199999999999999845e-01 1.109211679499050973e+00 8.286170945473587957e-02
5.000000000000000000e+00 8.705505632961095808e-01 4.199999999999999845e-01 1.130125538428979004e+00 9.870515919722938625e-02
5.000000000000000000e+00 9.330329915367915339e-01 4.199999999999999845e-01 1.147353098768858715e+00 1.168341891224398826e-01
5.000000000000000000e+00 9.999999999999827915e-01 4.199999999999999845e-01 1.161572482651019644e+00 1.314852086717729629e-01
5.000000000000000000e+00 1.071773462536274479e+00 4.199999999999999845e-01 1.177016793043348386e+00 1.470383967598678510e-01
5.000000000000000000e+00 1.148698354997014670e+00 4.199999999999999845e-01 1.186449777618434620e+00 1.558360569892058567e-01
5.000000000000000000e+00 1.231144413344894106e+00 4.199999999999999845e-01 1.182937588894663383e+00 1.444426182044137863e-01
5.000000000000000000e+00 1.319507910772870218e+00 4.199999999999999845e-01 1.170433262152307474e+00 1.199371836488809517e-01
5.000000000000000000e+00 1.414213562373068944e+00 4.199999999999999845e-01 1.161773004949771648e+00 9.843256773124678394e-02
5.000000000000000000e+00 1.515716566510369789e+00 4.199999999999999845e-01 1.158077157580190697e+00 8.843735807594238496e-02
5.000000000000000000e+00 1.624504792712440304e+00 4.199999999999999845e-01 1.159324278506216332e+00 1.041180593852361058e-01
5.000000000000000000e+00 1.741101126592214943e+00 4.199999999999999845e-01 1.162231922973113285e+00 1.178037239657916679e-01
5.000000000000000000e+00 1.866065983073578627e+00 4.199999999999999845e-01 1.178461462452471187e+00 1.422650716791779846e-01
5.000000000000000000e+00 1.999999999999960698e+00 4.199999999999999845e-01 1.174128503670482715e+00 1.312084713145527937e-01
5.000000000000000000e+00 2.143546925072543630e+00 4.199999999999999845e-01 1.165883028411685451e+00 1.103303676608675676e-01
5.000000000000000000e+00 2.297396709994023567e+00 4.199999999999999845e-01 1.182766039464878016e+00 1.293455754880751818e-01
5.000000000000000000e+00 2.462288826689782439e+00 4.199999999999999845e-01 1.190570972608316458e+00 1.578965987617982625e-01
5.000000000000000000e+00 2.639015821545733775e+00 4.199999999999999845e-01 1.193733592363944274e+00 1.595952841563575419e-01
5.000000000000000000e+00 2.828427124746130783e+00 4.199999999999999845e-01 1.190040601444558366e+00 1.470036146697609458e-01
5.000000000000000000e+00 3.031433133020732029e+00 4.199999999999999845e-01 1.180244412626541006e+00 1.330206947198566136e-01
5.000000000000000000e+00 3.249009585424872615e+00 4.199999999999999845e-01 1.210053256840357250e+00 2.162604459261264489e-01
5.000000000000000000e+00 3.482202253184421004e+00 4.199999999999999845e-01 1.198055568409660099e+00 1.914109352774943373e-01
5.000000000000000000e+00 3.732131966147147928e+00 4.199999999999999845e-01 1.153685424338516174e+00 9.231758083713982599e-02
5.000000000000000000e+00 3.999999999999911182e+00 4.199999999999999845e-01 1.127749112336490445e+00 4.573826250234908075e-02
5.000000000000000000e+00 4.287093850145076601e+00 4.199999999999999845e-01 1.156085591173218630e+00 1.303067774643858201e-01
5.000000000000000000e+00 4.594793419988035588e+00 4.199999999999999845e-01 1.142695781933928290e+00 6.134328192485973691e-02
5.000000000000000000e+00 4.924577653379552444e+00 4.199999999999999845e-01 1.164400649357669071e+00 6.772617271063130495e-02
5.000000000000000000e+00 5.278031643091455116e+00 4.199999999999999845e-01 1.149313258172237395e+00 1.179228102699347303e-01
5.000000000000000000e+00 5.656854249492248243e+00 4.199999999999999845e-01 1.133131955195812557e+00 7.933899092050770985e-02
5.000000000000000000e+00 6.062866266041448959e+00 4.199999999999999845e-01 1.166931407283830602e+00 7.554020353200049942e-02
5.000000000000000000e+00 6.498019170849729242e+00 4.199999999999999845e-01 1.150218467828500124e+00 6.471187045067720855e-02
5.000000000000000000e+00 6.964404506368825132e+00 4.199999999999999845e-01 1.139560589773143784e+00 5.817682420852394315e-02
5.000000000000000000e+00 7.464263932294277204e+00 4.199999999999999845e-01 1.162901185359434875e+00 5.905905198519838251e-02
5.000000000000000000e+00 7.999999999999802824e+00 4.199999999999999845e-01 1.141753152706462160e+00 6.158316108739738531e-02
5.000000000000000000e+00 8.574187700290131886e+00 4.199999999999999845e-01 1.164821519816434003e+00 1.043701570625853586e-01
5.000000000000000000e+00 9.189586839976049859e+00 4.199999999999999845e-01 1.151472186912842810e+00 7.910412990737734906e-02
5.000000000000000000e+00 9.849155306759080020e+00 4.199999999999999845e-01 1.195553356179047011e+00 1.088321036774485412e-01
5.000000000000000000e+00 1.055606328618288359e+01 4.199999999999999845e-01 1.225145770531098410e+00 1.282760544514647827e-01
5.000000000000000000e+00 1.131370849898446806e+01 4.199999999999999845e-01 1.180796257848438779e+00 1.034231297798934163e-01
5.000000000000000000e+00 1.212573253208286772e+01 4.199999999999999845e-01 1.164596463367693513e+00 6.240925946511488576e-02
5.000000000000000000e+00 1.299603834169942651e+01 4.199999999999999845e-01 1.198667528492517453e+00 1.049967813659587190e-01
5.000000000000000000e+00 1.392880901273761651e+01 4.199999999999999845e-01 1.169442264827355249e+00 1.091498397419607552e-01
5.000000000000000000e+00 1.492852786458851710e+01 4.199999999999999845e-01 1.151631108774765710e+00 8.362538648143845454e-02
5.000000000000000000e+00 1.599999999999956657e+01 4.199999999999999845e-01 1.182009794163946470e+00 1.581424294565524913e-01
5.000000000000000000e+00 1.714837540058022114e+01 4.199999999999999845e-01 1.161689224961639066e+00 9.048523066555198835e-02
5.000000000000000000e+00 1.837917367995205353e+01 4.199999999999999845e-01 1.188345511487263639e+00 8.776424803336481395e-02
5.000000000000000000e+00 1.969831061351811385e+01 4.199999999999999845e-01 1.159312328337054776e+00 1.178867929823833594e-01
5.000000000000000000e+00 2.111212657236571388e+01 4.199999999999999845e-01 1.158493432972137693e+00 7.829080931865751991e-02
5.000000000000000000e+00 2.262741699796887929e+01 4.199999999999999845e-01 1.135407241063287609e+00 5.375889425052265969e-02
5.000000000000000000e+00 2.425146506416567505e+01 4.199999999999999845e-01 1.140108718039256175e+00 4.861366285693506650e-02
5.000000000000000000e+00 2.599207668339878907e+01 4.199999999999999845e-01 1.201625866786336427e+00 1.530891120009000017e-01
5.000000000000000000e+00 2.785761802547516197e+01 4.199999999999999845e-01 1.170616292578231299e+00 1.197034050782174314e-01
5.000000000000000000e+00 2.985705572917696315e+01 4.199999999999999845e-01 1.159238428004676802e+00 6.933399256557833124e-02
5.000000000000000000e+00 3.199999999999905498e+01 4.199999999999999845e-01 1.160015523232268198e+00 8.982667610324755747e-02
