5.000000000000000000e+00 7.812500000000000000e-03 3.900000000000000133e-01 2.563236759977399082e+00 7.676285568704063200e-01
5.000000000000000000e+00 8.373230176064788352e-03 3.900000000000000133e-01 2.337835587918584146e+00 6.975106620939885982e-01
5.000000000000000000e+00 8.974205898414331500e-03 3.900000000000000133e-01 2.188494227349603527e+00 6.234224553265341751e-01
5.000000000000000000e+00 9.618315729257151739e-03 3.900000000000000133e-01 2.026024652141614535e+00 6.040601335595005006e-01
5.000000000000000000e+00 1.030865555291322552e-02 3.900000000000000133e-01 1.869241529336359564e+00 4.912822741284018080e-01
5.000000000000000000e+00 1.104854345603979195e-02 3.900000000000000133e-01 1.774860101921870825e+00 4.896964990949945196e-01
5.000000000000000000e+00 1.184153567586246694e-02 3.900000000000000133e-01 1.641520229783398621e+00 4.450678571625064639e-01
5.000000000000000000e+00 1.269144369306615845e-02 3.900000000000000133e-01 1.509299870729816417e+00 3.737920516364494072e-01
5.000000000000000000e+00 1.360235255150191343e-02 3.900000000000000133e-01 1.457448307252113384e+00 3.531194951663536030e-01
5.000000000000000000e+00 1.457864049276258282e-02 3.900000000000000133e-01 1.388287455365076140e+00 3.347476423124300937e-01
5.000000000000000000e+00 1.562499999999996184e-02 3.900000000000000133e-01 1.336100164245580757e+00 3.186040988617025449e-01
5.000000000000000000e+00 1.674646035212953507e-02 3.900000000000000133e-01 1.296892789179485916e+00 3.267838674801066823e-01
5.000000000000000000e+00 1.794841179682861790e-02 3.900000000000000133e-01 1.242263607801203262e+00 2.755577675132117044e-01
5.000000000000000000e+00 1.923663145851425491e-02 3.900000000000000133e-01 1.193999058958024939e+00 2.226067058873199833e-01
5.000000000000000000e+00 2.061731110582640247e-02 3.900000000000000133e-01 1.176557411775975392e+00 2.286838985447171291e-01
5.000000000000000000e+00 2.209708691207952838e-02 3.900000000000000133e-01 1.155899710114004275e+00 2.286705759377515024e-01
5.000000000000000000e+00 2.368307135172487837e-02 3.900000000000000133e-01 1.123125844863058553e+00 1.816071063223157200e-01
5.000000000000000000e+00 2.538288738613225445e-02 3.900000000000000133e-01 1.097859598304018025e+00 1.514013060645124642e-01
5.000000000000000000e+00 2.720470510300375747e-02 3.900000000000000133e-01 1.084370452312745980e+00 1.427853081663532364e-01
5.000000000000000000e+00 2.915728098552509626e-02 3.900000000000000133e-01 1.069075330543051594e+00 1.254619070647981782e-01
5.000000000000000000e+00 3.124999999999984734e-02 3.900000000000000133e-01 1.052053911815027609e+00 9.793680126942876096e-02
5.000000000000000000e+00 3.349292070425898687e-02 3.900000000000000133e-01 1.045434226536491540e+00 9.558402432161101914e-02
5.000000000000000000e+00 3.589682359365715253e-02 3.900000000000000133e-01 1.034151193044532624e+00 7.425258570424010662e-02
5.000000000000000000e+00 3.847326291702841267e-02 3.900000000000000133e-01 1.026602636077593500e+00 6.091876928040466238e-02
5.000000000000000000e+00 4.123462221165270086e-02 3.900000000000000133e-01 1.020728806779983788e+00 4.966554065901269271e-02
5.000000000000000000e+00 4.419417382415894574e-02 3.900000000000000133e-01 1.016267048179086530e+00 4.060172464997582192e-02
5.000000000000000000e+00 4.736614270344963878e-02 3.900000000000000133e-01 1.012983494732020207e+00 3.344063872746082244e-02
5.000000000000000000e+00 5.076577477226438401e-02 3.900000000000000133e-01 1.010644871782987675e+00 2.806842115323648912e-02
5.000000000000000000e+00 5.440941020600738309e-02 3.900000000000000133e-01 1.008979052063469828e+00 2.399435612744522592e-02
5.000000000000000000e+00 5.831456197105004680e-02 3.900000000000000133e-01 1.007567124681639115e+00 2.027278072508734846e-02
5.000000000000000000e+00 6.249999999999953509e-02 3.900000000000000133e-01 1.006583610107430138e+00 1.759721604729659258e-02
5.000000000000000000e+00 6.698584140851780722e-02 3.900000000000000133e-01 1.005708315733338409e+00 1.512092623289667051e-02
5.000000000000000000e+00 7.179364718731412465e-02 3.900000000000000133e-01 1.005077266201347852e+00 1.331429042980091480e-02
5.000000000000000000e+00 7.694652583405664492e-02 3.900000000000000133e-01 1.004419649993718355e+00 1.139941247478878580e-02
5.000000000000000000e+00 8.246924442330520744e-02 3.900000000000000133e-01 1.003828039986758069e+00 9.669187375314377761e-03
5.000000000000000000e+00 8.838834764831768331e-02 3.900000000000000133e-01 1.003276849762364753e+00 8.054232010331060371e-03
5.000000000000000000e+00 9.473228540689904165e-02 3.900000000000000133e-01 1.002801722448904531e+00 6.663960197327775670e-03
5.000000000000000000e+00 1.015315495445285182e-01 3.900000000000000133e-01 1.002367481240884262e+00 5.394376149148792481e-03
5.000000000000000000e+00 1.088188204120145025e-01 3.900000000000000133e-01 1.002012520984741695e+00 4.361597738512527217e-03
5.000000000000000000e+00 1.166291239420998022e-01 3.900000000000000133e-01 1.001719432790527886e+00 3.514556804520175149e-03
5.000000000000000000e+00 1.249999999999987649e-01 3.900000000000000133e-01 1.001490438939317773e+00 2.860858280421381839e-03
5.000000000000000000e+00 1.339716828170352814e-01 3.900000000000000133e-01 1.001314829398356254e+00 2.369151259099346041e-03
5.000000000000000000e+00 1.435872943746278885e-01 3.900000000000000133e-01 1.001175421104863794e+00 1.988533328222315440e-03
5.000000000000000000e+00 1.538930516681129013e-01 3.900000000000000133e-01 1.001066540786658798e+00 1.702087273230083872e-03
5.000000000000000000e+00 1.649384888466099985e-01 3.900000000000000133e-01 1.000955210373811521e+00 1.411831642993076211e-03
5.000000000000000000e+00 1.767766952966349225e-01 3.900000000000000133e-01 1.000835776615000894e+00 1.101285603969208654e-03
5.000000000000000000e+00 1.894645708137976114e-01 3.900000000000000133e-01 1.000716963149463012e+00 7.968189739394607911e-04
5.000000000000000000e+00 2.030630990890565368e-01 3.900000000000000133e-01 1.000621618484735853e+00 5.647502768636794828e-04
5.000000000000000000e+00 2.176376408240284499e-01 3.900000000000000133e-01 1.000560067992202873e+00 4.286251701500501062e-04
5.000000000000000000e+00 2.332582478841990492e-01 3.900000000000000133e-01 1.000516577883414637e+00 3.356074962637127686e-04
5.000000000000000000e+00 2.499999999999969191e-01 3.900000000000000133e-01 1.000481232167367729e+00 2.509143127593128366e-04
5.000000000000000000e+00 2.679433656340699521e-01 3.900000000000000133e-01 1.000461682130252328e+00 1.814246239702991387e-04
5.000000000000000000e+00 2.871745887492550553e-01 3.900000000000000133e-01 1.000473561472025263e+00 1.380227453799602426e-04
5.000000000000000000e+00 3.077861033362250809e-01 3.900000000000000133e-01 1.000526105423893197e+00 1.145942741348930568e-04
5.000000000000000000e+00 3.298769776932191644e-01 3.900000000000000133e-01 1.000632006252214712e+00 1.331061634178786987e-04
5.000000000000000000e+00 3.535533905932689569e-01 3.900000000000000133e-01 1.000829714901473988e+00 2.432272037211613536e-04
5.000000000000000000e+00 3.789291416275942792e-01 3.900000000000000133e-01 1.001182492653431622e+00 4.788685261075350023e-04
5.000000000000000000e+00 4.061261981781120745e-01 3.900000000000000133e-01 1.001807155877284083e+00 9.290435266142217955e-04
5.000000000000000000e+00 4.352752816480558451e-01 3.900000000000000133e-01 1.002924771144267257e+00 1.798310403880665036e-03
5.000000000000000000e+00 4.665164957683969327e-01 3.900000000000000133e-01 1.004947187385424323e+00 3.506213429716428451e-03
5.000000000000000000e+00 4.999999999999926170e-01 3.900000000000000133e-01 1.008628215217290292e+00 6.907332994463669801e-03
5.000000000000000000e+00 5.358867312681385719e-01 3.900000000000000133e-01 1.015319620186142968e+00 1.364302488183535313e-02
5.000000000000000000e+00 5.743491774985087783e-01 3.900000000000000133e-01 1.026544701589475306e+00 2.569348407747571242e-02
5.000000000000000000e+00 6.155722066724486075e-01 3.900000000000000133e-01 1.042111099992213852e+00 4.227201128843052075e-02
5.000000000000000000e+00 6.597539553864367745e-01 3.900000000000000133e-01 1.058900821474784149e+00 5.711505258219590903e-02
5.000000000000000000e+00 7.071067811865362485e-01 3.900000000000000133e-01 1.074982377692252022e+00 6.427379669775651339e-02
5.000000000000000000e+00 7.578582832551866710e-01 3.900000000000000133e-01 1.090285571860865499e+00 6.919838523115071083e-02
5.000000000000000000e+00 8.122523963562221505e-01 3.900000000000000133e-01 1.109597288437925933e+00 8.320402527192397035e-02
5.000000000000000000e+00 8.705505632961095808e-01 3.900000000000000133e-01 1.130626582372843414e+00 9.925150434660930110e-02
5.000000000000000000e+00 9.330329915367915339e-01 3.900000000000000133e-01 1.148000512809788987e+00 1.176276001272257843e-01
5.000000000000000000e+00 9.999999999999827915e-01 3.900000000000000133e-01 1.162392491851985010e+00 1.325369964501737774e-01
5.000000000000000000e+00 1.071773462536274479e+00 3.900000000000000133e-01 1.177933269175508002e+00 1.481948189014062611e-01
5.000000000000000000e+00 1.148698354997014670e+00 3.900000000000000133e-01 1.187391643264690710e+00 1.569692072531120308e-01
5.000000000000000000e+00 1.231144413344894106e+00 3.900000000000000133e-01 1.183841368298168772e+00 1.453620489386513448e-01
5.000000000000000000e+00 1.319507910772870218e+00 3.900000000000000133e-01 1.171306705436822249e+00 1.205550679223305055e-01
5.000000000000000000e+00 1.414213562373068944e+00 3.900000000000000133e-01 1.162715834457401787e+00 9.887935122390549558e-02
5.000000000000000000e+00 1.515716566510369789e+00 3.900000000000000133e-01 1.159112114153254769e+00 8.892052343643297441e-02
5.000000000000000000e+00 1.624504792712440304e+00 3.900000000000000133e-01 1.160378226514230615e+00 1.047561225110557881e-01
5.000000000000000000e+00 1.741101126592214943e+00 3.900000000000000133e-01 1.163330246882935848e+00 1.186190573355974109e-01
5.000000000000000000e+00 1.866065983073578627e+00 3.900000000000000133e-01 1.179684017883240177e+00 1.433139841288138816e-01
5.000000000000000000e+00 1.999999999999960698e+00 3.900000000000000133e-01 1.175218306141833979e+00 1.320733143383128749e-01
5.000000000000000000e+00 2.143546925072543630e+00 3.900000000000000133e-01 1.166789767116889198e+00 1.110609849059914361e-01
5.000000000000000000e+00 2.297396709994023567e+00 3.900000000000000133e-01 1.183687096431438324e+00 1.300138165981342964e-01
5.000000000000000000e+00 2.462288826689782439e+00 3.900000000000000133e-01 1.191592497446445353e+00 1.587701396109766072e-01
5.000000000000000000e+00 2.639015821545733775e+00 3.900000000000000133e-01 1.194948673134781814e+00 1.608688576709485785e-01
5.000000000000000000e+00 2.828427124746130783e+00 3.900000000000000133e-01 1.191525897308958193e+00 1.482701096073570923e-01
5.000000000000000000e+00 3.031433133020732029e+00 3.900000000000000133e-01 1.181781120610961633e+00 1.342888143228202491e-01
5.000000000000000000e+00 3.249009585424872615e+00 3.900000000000000133e-01 1.211502458539017502e+00 2.177262246092113718e-01
5.000000000000000000e+00 3.482202253184421004e+00 3.900000000000000133e-01 1.199357718982635435e+00 1.924528122754962378e-01
5.000000000000000000e+00 3.732131966147147928e+00 3.900000000000000133e-01 1.154540255895181389e+00 9.265754627935191001e-02
5.000000000000000000e+00 3.999999999999911182e+00 3.900000000000000133e-01 1.128620467883365119e+00 4.599748868391803636e-02
5.000000000000000000e+00 4.287093850145076601e+00 3.900000000000000133e-01 1.157358064249285556e+00 1.315150280768258295e-01
5.000000000000000000e+00 4.594793419988035588e+00 3.900000000000000133e-01 1.143696463788144380e+00 6.181968801711405781e-02
5.000000000000000000e+00 4.924577653379552444e+00 3.900000000000000133e-01 1.165662659019449210e+00 6.847196616310219364e-02
5.000000000000000000e+00 5.278031643091455116e+00 3.900000000000000133e-01 1.150330901856853050e+00 1.187477575144784137e-01
5.000000000000000000e+00 5.656854249492248243e+00 3.900000000000000133e-01 1.134222057289223873e+00 8.017794569425906737e-02
5.000000000000000000e+00 6.062866266041448959e+00 3.900000000000000133e-01 1.168343993502980460e+00 7.618481905241679397e-02
5.000000000000000000e+00 6.498019170849729242e+00 3.900000000000000133e-01 1.151373365803812776e+00 6.508701687053596030e-02
5.000000000000000000e+00 6.964404506368825132e+00 3.900000000000000133e-01 1.140578764715195703e+00 5.876680815037194083e-02
5.000000000000000000e+00 7.464263932294277204e+00 3.900000000000000133e-01 1.163923250047030233e+00 5.964553008796034256e-02
5.000000000000000000e+00 7.999999999999802824e+00 3.900000000000000133e-01 1.142732980314540514e+00 6.204433763824623166e-02
5.000000000000000000e+00 8.574187700290131886e+00 3.900000000000000133e-01 1.166063539584635489e+00 1.056016623867591236e-01
5.000000000000000000e+00 9.189586839976049859e+00 3.900000000000000133e-01 1.152573462335148013e+00 7.959110754627465867e-02
5.000000000000000000e+00 9.849155306759080020e+00 3.900000000000000133e-01 1.196963891743068942e+00 1.096125297187792308e-01
5.000000000000000000e+00 1.055606328618288359e+01 3.900000000000000133e-01 1.226616438626212391e+00 1.289277779235578347e-01
5.000000000000000000e+00 1.131370849898446806e+01 3.900000000000000133e-01 1.181934807499187778e+00 1.041168972875871901e-01
5.000000000000000000e+00 1.212573253208286772e+01 3.900000000000000133e-01 1.165572572208768642e+00 6.281577029670344647e-02
5.000000000000000000e+00 1.299603834169942651e+01 3.900000000000000133e-01 1.200078729009771417e+00 1.057953215788648843e-01
5.000000000000000000e+00 1.392880901273761651e+01 3.900000000000000133e-01 1.170516300292051337e+00 1.097733742297651999e-01
5.000000000000000000e+00 1.492852786458851710e+01 3.900000000000000133e-01 1.152734189089199335e+00 8.406796782653599975e-02
5.000000000000000000e+00 1.599999999999956657e+01 3.900000000000000133e-01 1.183342425287893018e+00 1.592868820197942681e-01
5.000000000000000000e+00 1.714837540058022114e+01 3.900000000000000133e-01 1.162767817449478214e+00 9.105759910949635938e-02
5.000000000000000000e+00 1.837917367995205353e+01 3.900000000000000133e-01 1.189431157724461841e+00 8.832426059233880467e-02
5.000000000000000000e+00 1.969831061351811385e+01 3.900000000000000133e-01 1.160393499825396857e+00 1.186077226718502964e-01
5.000000000000000000e+00 2.111212657236571388e+01 3.900000000000000133e-01 1.159657283238174186e+00 7.887262844421497054e-02
5.000000000000000000e+00 2.262741699796887929e+01 3.900000000000000133e-01 1.136407175634352562e+00 5.406808504066665938e-02
5.000000000000000000e+00 2.425146506416567505e+01 3.900000000000000133e-01 1.140996865359609425e+00 4.894204187232074899e-02
5.000000000000000000e+00 2.599207668339878907e+01 3.900000000000000133e-01 1.202745101784147952e+00 1.542009999484921234e-01
5.000000000000000000e+00 2.785761802547516197e+01 3.900000000000000133e-01 1.171560008280878140e+00 1.203220559002812079e-01
5.000000000000000000e+00 2.985705572917696315e+01 3.900000000000000133e-01 1.160234942366653810e+00 7.001015878056042474e-02
5.000000000000000000e+00 3.199999999999905498e+01 3.900000000000000133e-01 1.161065704007903321e+00 9.035462509613378934e-02
