5.000000000000000000e+00 7.812500000000000000e-03 2.999999999999999889e-02 1.601027618829930388e+00 2.962858773326537687e-01
5.000000000000000000e+00 8.373230176064788352e-03 2.999999999999999889e-02 1.504573354910883953e+00 2.623810238375395287e-01
5.000000000000000000e+00 8.974205898414331500e-03 2.999999999999999889e-02 1.449278444591538539e+00 2.308550630964209815e-01
5.000000000000000000e+00 9.618315729257151739e-03 2.999999999999999889e-02 1.387900819930267371e+00 2.268217944822745746e-01
5.000000000000000000e+00 1.030865555291322552e-02 2.999999999999999889e-02 1.332967964390701310e+00 1.859190742660284668e-01
5.000000000000000000e+00 1.104854345603979195e-02 2.999999999999999889e-02 1.296415538245370591e+00 1.889334995984039145e-01
5.000000000000000000e+00 1.184153567586246694e-02 2.999999999999999889e-02 1.245123212150918146e+00 1.702423026386283844e-01
5.000000000000000000e+00 1.269144369306615845e-02 2.999999999999999889e-02 1.196824740587300706e+00 1.459828203159811710e-01
5.000000000000000000e+00 1.360235255150191343e-02 2.999999999999999889e-02 1.176951711121810629e+00 1.374583908409718891e-01
5.000000000000000000e+00 1.457864049276258282e-02 2.999999999999999889e-02 1.149617225557200806e+00 1.287994581960375529e-01
5.000000000000000000e+00 1.562499999999996184e-02 2.999999999999999889e-02 1.130812892976243544e+00 1.252754392610477829e-01
5.000000000000000000e+00 1.674646035212953507e-02 2.999999999999999889e-02 1.114869347395836430e+00 1.262126203749597830e-01
5.000000000000000000e+00 1.794841179682861790e-02 2.999999999999999889e-02 1.094003956996846050e+00 1.069354375030750204e-01
5.000000000000000000e+00 1.923663145851425491e-02 2.999999999999999889e-02 1.074902313863576042e+00 8.521858578285883279e-02
5.000000000000000000e+00 2.061731110582640247e-02 2.999999999999999889e-02 1.068482837106221606e+00 8.847464268247737240e-02
5.000000000000000000e+00 2.209708691207952838e-02 2.999999999999999889e-02 1.060049703437605073e+00 8.746154985613290023e-02
5.000000000000000000e+00 2.368307135172487837e-02 2.999999999999999889e-02 1.047432249800993365e+00 6.950531184121241934e-02
5.000000000000000000e+00 2.538288738613225445e-02 2.999999999999999889e-02 1.037685089280831807e+00 5.805633130287347204e-02
5.000000000000000000e+00 2.720470510300375747e-02 2.999999999999999889e-02 1.032407374732396743e+00 5.466561144335340544e-02
5.000000000000000000e+00 2.915728098552509626e-02 2.999999999999999889e-02 1.026503243903718054e+00 4.811383061936087141e-02
5.000000000000000000e+00 3.124999999999984734e-02 2.999999999999999889e-02 1.019957527713649004e+00 3.767360385688559715e-02
5.000000000000000000e+00 3.349292070425898687e-02 2.999999999999999889e-02 1.017347593186969323e+00 3.672980781780346704e-02
5.000000000000000000e+00 3.589682359365715253e-02 2.999999999999999889e-02 1.013018978215511678e+00 2.865853298789513767e-02
5.000000000000000000e+00 3.847326291702841267e-02 2.999999999999999889e-02 1.010114823158399622e+00 2.360373731931385971e-02
5.000000000000000000e+00 4.123462221165270086e-02 2.999999999999999889e-02 1.007841634545457277e+00 1.929152116579793338e-02
5.000000000000000000e+00 4.419417382415894574e-02 2.999999999999999889e-02 1.006112505904811050e+00 1.580910893063576170e-02
5.000000000000000000e+00 4.736614270344963878e-02 2.999999999999999889e-02 1.004842395171878344e+00 1.305638328252194461e-02
5.000000000000000000e+00 5.076577477226438401e-02 2.999999999999999889e-02 1.003933685617031113e+00 1.097720485685190796e-02
5.000000000000000000e+00 5.440941020600738309e-02 2.999999999999999889e-02 1.003287062990281253e+00 9.400105096999924331e-03
5.000000000000000000e+00 5.831456197105004680e-02 2.999999999999999889e-02 1.002737735438764544e+00 7.952234351665928014e-03
5.000000000000000000e+00 6.249999999999953509e-02 2.999999999999999889e-02 1.002355572080535717e+00 6.911327435833897713e-03
5.000000000000000000e+00 6.698584140851780722e-02 2.999999999999999889e-02 1.002015520008946003e+00 5.946667469471292669e-03
5.000000000000000000e+00 7.179364718731412465e-02 2.999999999999999889e-02 1.001769421480613875e+00 5.238502958589194916e-03
5.000000000000000000e+00 7.694652583405664492e-02 2.999999999999999889e-02 1.001513748267579107e+00 4.489607443758310105e-03
5.000000000000000000e+00 8.246924442330520744e-02 2.999999999999999889e-02 1.001283429224713695e+00 3.810787648869896124e-03
5.000000000000000000e+00 8.838834764831768331e-02 2.999999999999999889e-02 1.001069887130297875e+00 3.179099743678193580e-03
5.000000000000000000e+00 9.473228540689904165e-02 2.999999999999999889e-02 1.000885506441343775e+00 2.632592225829103686e-03
5.000000000000000000e+00 1.015315495445285182e-01 2.999999999999999889e-02 1.000718355491576173e+00 2.135885357358402979e-03
5.000000000000000000e+00 1.088188204120145025e-01 2.999999999999999889e-02 1.000582155610321156e+00 1.730397535420278698e-03
5.000000000000000000e+00 1.166291239420998022e-01 2.999999999999999889e-02 1.000470566970711239e+00 1.397373356106257694e-03
5.000000000000000000e+00 1.249999999999987649e-01 2.999999999999999889e-02 1.000384991580345773e+00 1.141239790132172853e-03
5.000000000000000000e+00 1.339716828170352814e-01 2.999999999999999889e-02 1.000320674849241476e+00 9.478495531384301988e-04
5.000000000000000000e+00 1.435872943746278885e-01 2.999999999999999889e-02 1.000271423256524406e+00 7.985782726481660716e-04
5.000000000000000000e+00 1.538930516681129013e-01 2.999999999999999889e-02 1.000234818992205010e+00 6.858924110836674441e-04
5.000000000000000000e+00 1.649384888466099985e-01 2.999999999999999889e-02 1.000198264146450411e+00 5.714925979302197100e-04
5.000000000000000000e+00 1.767766952966349225e-01 2.999999999999999889e-02 1.000159791248948826e+00 4.485631537964823528e-04
5.000000000000000000e+00 1.894645708137976114e-01 2.999999999999999889e-02 1.000123215872769311e+00 3.269925183172632576e-04
5.000000000000000000e+00 2.030630990890565368e-01 2.999999999999999889e-02 1.000097857980782212e+00 2.326136059027313931e-04
5.000000000000000000e+00 2.176376408240284499e-01 2.999999999999999889e-02 1.000088632180825776e+00 1.765887590644705781e-04
5.000000000000000000e+00 2.332582478841990492e-01 2.999999999999999889e-02 1.000090445286963003e+00 1.381467545359273521e-04
5.000000000000000000e+00 2.499999999999969191e-01 2.999999999999999889e-02 1.000101262638702249e+00 1.035712695669977807e-04
5.000000000000000000e+00 2.679433656340699521e-01 2.999999999999999889e-02 1.000127123615850433e+00 8.124776180393679002e-05
5.000000000000000000e+00 2.871745887492550553e-01 2.999999999999999889e-02 1.000178853455207406e+00 8.876832415761878512e-05
5.000000000000000000e+00 3.077861033362250809e-01 2.999999999999999889e-02 1.000268512494355555e+00 1.276183189370399965e-04
5.000000000000000000e+00 3.298769776932191644e-01 2.999999999999999889e-02 1.000414787969585495e+00 2.047745902089858662e-04
5.000000000000000000e+00 3.535533905932689569e-01 2.999999999999999889e-02 1.000658121635652931e+00 3.450003093773771072e-04
5.000000000000000000e+00 3.789291416275942792e-01 2.999999999999999889e-02 1.001066681878148179e+00 6.018930781598050631e-04
5.000000000000000000e+00 4.061261981781120745e-01 2.999999999999999889e-02 1.001767600031805205e+00 1.081296791109848023e-03
5.000000000000000000e+00 4.352752816480558451e-01 2.999999999999999889e-02 1.002997660908083732e+00 2.000668349333159339e-03
5.000000000000000000e+00 4.665164957683969327e-01 2.999999999999999889e-02 1.005194906674765853e+00 3.800343178125625658e-03
5.000000000000000000e+00 4.999999999999926170e-01 2.999999999999999889e-02 1.009151506179550184e+00 7.366906226174252392e-03
5.000000000000000000e+00 5.358867312681385719e-01 2.999999999999999889e-02 1.016269764999175207e+00 1.437436827879190991e-02
5.000000000000000000e+00 5.743491774985087783e-01 2.999999999999999889e-02 1.028112429812634954e+00 2.678764410385903877e-02
5.000000000000000000e+00 6.155722066724486075e-01 2.999999999999999889e-02 1.044465752350986598e+00 4.369719469099080100e-02
5.000000000000000000e+00 6.597539553864367745e-01 2.999999999999999889e-02 1.062074188765146143e+00 5.872924809296497378e-02
5.000000000000000000e+00 7.071067811865362485e-01 2.999999999999999889e-02 1.079003104343279507e+00 6.623691605946620264e-02
5.000000000000000000e+00 7.578582832551866710e-01 2.999999999999999889e-02 1.095358004163335952e+00 7.237856128231921760e-02
5.000000000000000000e+00 8.122523963562221505e-01 2.999999999999999889e-02 1.116131593229246821e+00 8.866815470289401979e-02
5.000000000000000000e+00 8.705505632961095808e-01 2.999999999999999889e-02 1.139112607254919807e+00 1.079866602474987974e-01
5.000000000000000000e+00 9.330329915367915339e-01 2.999999999999999889e-02 1.158916702941731103e+00 1.303586894808078656e-01
5.000000000000000000e+00 9.999999999999827915e-01 2.999999999999999889e-02 1.176182904629156312e+00 1.495505731236501934e-01
5.000000000000000000e+00 1.071773462536274479e+00 2.999999999999999889e-02 1.193421214729614377e+00 1.671693163143824212e-01
5.000000000000000000e+00 1.148698354997014670e+00 2.999999999999999889e-02 1.203289434834764915e+00 1.756763345137874466e-01
5.000000000000000000e+00 1.231144413344894106e+00 2.999999999999999889e-02 1.198873786175714384e+00 1.605457535155285775e-01
5.000000000000000000e+00 1.319507910772870218e+00 2.999999999999999889e-02 1.185644329628591231e+00 1.310337371000845075e-01
5.000000000000000000e+00 1.414213562373068944e+00 2.999999999999999889e-02 1.177900471269317295e+00 1.066709183957730012e-01
5.000000000000000000e+00 1.515716566510369789e+00 2.999999999999999889e-02 1.175741796193448430e+00 9.738976710006126691e-02
5.000000000000000000e+00 1.624504792712440304e+00 2.999999999999999889e-02 1.177628758484096094e+00 1.157991628881340912e-01
5.000000000000000000e+00 1.741101126592214943e+00 2.999999999999999889e-02 1.181604718565355761e+00 1.325547570853770618e-01
5.000000000000000000e+00 1.866065983073578627e+00 2.999999999999999889e-02 1.199768003604523070e+00 1.606501692175393570e-01
5.000000000000000000e+00 1.999999999999960698e+00 2.999999999999999889e-02 1.193147640576404767e+00 1.463141749353310539e-01
5.000000000000000000e+00 2.143546925072543630e+00 2.999999999999999889e-02 1.181874056329515588e+00 1.227814329895765416e-01
5.000000000000000000e+00 2.297396709994023567e+00 2.999999999999999889e-02 1.199116287493367405e+00 1.406393435210496756e-01
5.000000000000000000e+00 2.462288826689782439e+00 2.999999999999999889e-02 1.208810505042088090e+00 1.728350611023019567e-01
5.000000000000000000e+00 2.639015821545733775e+00 2.999999999999999889e-02 1.215581606910527190e+00 1.819048664145825889e-01
5.000000000000000000e+00 2.828427124746130783e+00 2.999999999999999889e-02 1.216475418000264153e+00 1.694630363151962416e-01
5.000000000000000000e+00 3.031433133020732029e+00 2.999999999999999889e-02 1.207734846783404148e+00 1.559048241856121064e-01
5.000000000000000000e+00 3.249009585424872615e+00 2.999999999999999889e-02 1.236072681761857028e+00 2.428762625346495563e-01
5.000000000000000000e+00 3.482202253184421004e+00 2.999999999999999889e-02 1.221034668868615558e+00 2.099628903540586289e-01
5.000000000000000000e+00 3.732131966147147928e+00 2.999999999999999889e-02 1.169043643298740554e+00 9.855501076736915278e-02
5.000000000000000000e+00 3.999999999999911182e+00 2.999999999999999889e-02 1.143112973678903632e+00 5.064288235232056873e-02
5.000000000000000000e+00 4.287093850145076601e+00 2.999999999999999889e-02 1.178581749471181883e+00 1.522666444598608226e-01
5.000000000000000000e+00 4.594793419988035588e+00 2.999999999999999889e-02 1.160391947783619093e+00 7.018050562348616961e-02
5.000000000000000000e+00 4.924577653379552444e+00 2.999999999999999889e-02 1.186842481096066937e+00 8.092354285296840533e-02
5.000000000000000000e+00 5.278031643091455116e+00 2.999999999999999889e-02 1.167624211640051923e+00 1.327177379016148684e-01
5.000000000000000000e+00 5.656854249492248243e+00 2.999999999999999889e-02 1.152061504153886196e+00 9.412110005798940415e-02
5.000000000000000000e+00 6.062866266041448959e+00 2.999999999999999889e-02 1.191821776218590756e+00 8.732487092148992491e-02
5.000000000000000000e+00 6.498019170849729242e+00 2.999999999999999889e-02 1.170905507239546228e+00 7.146756537851817193e-02
5.000000000000000000e+00 6.964404506368825132e+00 2.999999999999999889e-02 1.157833601885930097e+00 6.921944023044622474e-02
5.000000000000000000e+00 7.464263932294277204e+00 2.999999999999999889e-02 1.181040145450463985e+00 6.984514838862396213e-02
5.000000000000000000e+00 7.999999999999802824e+00 2.999999999999999889e-02 1.158724433896980655e+00 6.972911980965428025e-02
5.000000000000000000e+00 8.574187700290131886e+00 2.999999999999999889e-02 1.186673023581008790e+00 1.262895623781503940e-01
5.000000000000000000e+00 9.189586839976049859e+00 2.999999999999999889e-02 1.170963798777715059e+00 8.773313299215074190e-02
5.000000000000000000e+00 9.849155306759080020e+00 2.999999999999999889e-02 1.220434989340676069e+00 1.226911010769149296e-01
5.000000000000000000e+00 1.055606328618288359e+01 2.999999999999999889e-02 1.251390815399001655e+00 1.400653578377777375e-01
5.000000000000000000e+00 1.131370849898446806e+01 2.999999999999999889e-02 1.200979462768786643e+00 1.163809477816876853e-01
5.000000000000000000e+00 1.212573253208286772e+01 2.999999999999999889e-02 1.181993000347074663e+00 6.976851166147343686e-02
5.000000000000000000e+00 1.299603834169942651e+01 2.999999999999999889e-02 1.223165013192848649e+00 1.191573657170506145e-01
5.000000000000000000e+00 1.392880901273761651e+01 2.999999999999999889e-02 1.188095732398931625e+00 1.200431432461232517e-01
5.000000000000000000e+00 1.492852786458851710e+01 2.999999999999999889e-02 1.171072718605578045e+00 9.192956153341147463e-02
5.000000000000000000e+00 1.599999999999956657e+01 2.999999999999999889e-02 1.205798308039970568e+00 1.786946313776723028e-01
5.000000000000000000e+00 1.714837540058022114e+01 2.999999999999999889e-02 1.180812104819994879e+00 1.009080902250165251e-01
5.000000000000000000e+00 1.837917367995205353e+01 2.999999999999999889e-02 1.207684599857209440e+00 9.789559785927830216e-02
5.000000000000000000e+00 1.969831061351811385e+01 2.999999999999999889e-02 1.178481142646289115e+00 1.311059413326491063e-01
5.000000000000000000e+00 2.111212657236571388e+01 2.999999999999999889e-02 1.179407968133417528e+00 8.961313533489059791e-02
5.000000000000000000e+00 2.262741699796887929e+01 2.999999999999999889e-02 1.153327001534199869e+00 6.043461548838222758e-02
5.000000000000000000e+00 2.425146506416567505e+01 2.999999999999999889e-02 1.156058283479670878e+00 5.521660060071180431e-02
5.000000000000000000e+00 2.599207668339878907e+01 2.999999999999999889e-02 1.221965019982155010e+00 1.737550676019885554e-01
5.000000000000000000e+00 2.785761802547516197e+01 2.999999999999999889e-02 1.187570960655718322e+00 1.313943990185585942e-01
5.000000000000000000e+00 2.985705572917696315e+01 2.999999999999999889e-02 1.177213912624159642e+00 8.188194919339457367e-02
5.000000000000000000e+00 3.199999999999905498e+01 2.999999999999999889e-02 1.178634368016425515e+00 1.001171182883496685e-01
