5.000000000000000000e+00 7.812500000000000000e-03 2.000000000000000042e-02 1.588014365361691160e+00 2.895690676352652981e-01
5.000000000000000000e+00 8.373230176064788352e-03 2.000000000000000042e-02 1.493622475386124027e+00 2.564783677447382559e-01
5.000000000000000000e+00 8.974205898414331500e-03 2.000000000000000042e-02 1.439583007587196484e+00 2.256667395686174638e-01
5.000000000000000000e+00 9.618315729257151739e-03 2.000000000000000042e-02 1.379547474403515439e+00 2.217975586934726184e-01
5.000000000000000000e+00 1.030865555291322552e-02 2.000000000000000042e-02 1.325889996120727110e+00 1.818698433730402686e-01
5.000000000000000000e+00 1.104854345603979195e-02 2.000000000000000042e-02 1.290110857826773483e+00 1.848467995433804301e-01
5.000000000000000000e+00 1.184153567586246694e-02 2.000000000000000042e-02 1.239922664974409061e+00 1.665622061460602932e-01
5.000000000000000000e+00 1.269144369306615845e-02 2.000000000000000042e-02 1.192689511071075792e+00 1.428836548855418054e-01
5.000000000000000000e+00 1.360235255150191343e-02 2.000000000000000042e-02 1.173239543235357729e+00 1.345332755291026028e-01
5.000000000000000000e+00 1.457864049276258282e-02 2.000000000000000042e-02 1.146474677086047000e+00 1.260531065890578839e-01
5.000000000000000000e+00 1.562499999999996184e-02 2.000000000000000042e-02 1.128080491761452642e+00 1.226338756977555372e-01
5.000000000000000000e+00 1.674646035212953507e-02 2.000000000000000042e-02 1.112460039185630301e+00 1.235188190714283235e-01
5.000000000000000000e+00 1.794841179682861790e-02 2.000000000000000042e-02 1.092039841433005920e+00 1.046721578634087213e-01
5.000000000000000000e+00 1.923663145851425491e-02 2.000000000000000042e-02 1.073338264208335557e+00 8.341242060970173455e-02
5.000000000000000000e+00 2.061731110582640247e-02 2.000000000000000042e-02 1.067054480287853213e+00 8.660664612072080382e-02
5.000000000000000000e+00 2.209708691207952838e-02 2.000000000000000042e-02 1.058791615136714048e+00 8.560407256868550474e-02
5.000000000000000000e+00 2.368307135172487837e-02 2.000000000000000042e-02 1.046440983100923816e+00 6.803553216438257278e-02
5.000000000000000000e+00 2.538288738613225445e-02 2.000000000000000042e-02 1.036898498474501995e+00 5.683326121947577386e-02
5.000000000000000000e+00 2.720470510300375747e-02 2.000000000000000042e-02 1.031729359016561265e+00 5.351184531041593140e-02
5.000000000000000000e+00 2.915728098552509626e-02 2.000000000000000042e-02 1.025948885568446212e+00 4.710094401801209751e-02
5.000000000000000000e+00 3.124999999999984734e-02 2.000000000000000042e-02 1.019540601960324810e+00 3.688355692182297696e-02
5.000000000000000000e+00 3.349292070425898687e-02 2.000000000000000042e-02 1.016984143546483033e+00 3.595905533339022186e-02
5.000000000000000000e+00 3.589682359365715253e-02 2.000000000000000042e-02 1.012746308335090051e+00 2.805926549152151783e-02
5.000000000000000000e+00 3.847326291702841267e-02 2.000000000000000042e-02 1.009902880464282227e+00 2.311163510449773528e-02
5.000000000000000000e+00 4.123462221165270086e-02 2.000000000000000042e-02 1.007677036145681715e+00 1.889010423554804419e-02
5.000000000000000000e+00 4.419417382415894574e-02 2.000000000000000042e-02 1.005983843049347959e+00 1.548064163071281515e-02
5.000000000000000000e+00 4.736614270344963878e-02 2.000000000000000042e-02 1.004740188926411149e+00 1.278561071511525628e-02
5.000000000000000000e+00 5.076577477226438401e-02 2.000000000000000042e-02 1.003850337895049627e+00 1.074976586747450336e-02
5.000000000000000000e+00 5.440941020600738309e-02 2.000000000000000042e-02 1.003217161358161746e+00 9.205570425466833365e-03
5.000000000000000000e+00 5.831456197105004680e-02 2.000000000000000042e-02 1.002679233306634776e+00 7.787782743285832227e-03
5.000000000000000000e+00 6.249999999999953509e-02 2.000000000000000042e-02 1.002305020750112075e+00 6.768543736529115604e-03
5.000000000000000000e+00 6.698584140851780722e-02 2.000000000000000042e-02 1.001972045697652414e+00 5.823952645048264230e-03
5.000000000000000000e+00 7.179364718731412465e-02 2.000000000000000042e-02 1.001731042557624907e+00 5.130426679842453597e-03
5.000000000000000000e+00 7.694652583405664492e-02 2.000000000000000042e-02 1.001480676993566021e+00 4.397045813866526723e-03
5.000000000000000000e+00 8.246924442330520744e-02 2.000000000000000042e-02 1.001255125570650550e+00 3.732236654540214450e-03
5.000000000000000000e+00 8.838834764831768331e-02 2.000000000000000042e-02 1.001046029262909975e+00 3.113652327429611375e-03
5.000000000000000000e+00 9.473228540689904165e-02 2.000000000000000042e-02 1.000865464792396464e+00 2.578398644523602432e-03
5.000000000000000000e+00 1.015315495445285182e-01 2.000000000000000042e-02 1.000701805828232871e+00 2.092001618590125754e-03
5.000000000000000000e+00 1.088188204120145025e-01 2.000000000000000042e-02 1.000568443662633866e+00 1.694882468181155288e-03
5.000000000000000000e+00 1.166291239420998022e-01 2.000000000000000042e-02 1.000459188396437771e+00 1.368727278155341997e-03
5.000000000000000000e+00 1.249999999999987649e-01 2.000000000000000042e-02 1.000375424900085131e+00 1.117903833716434817e-03
5.000000000000000000e+00 1.339716828170352814e-01 2.000000000000000042e-02 1.000312480837123541e+00 9.285040775123950749e-04
5.000000000000000000e+00 1.435872943746278885e-01 2.000000000000000042e-02 1.000264306178361817e+00 7.823277099460851890e-04
5.000000000000000000e+00 1.538930516681129013e-01 2.000000000000000042e-02 1.000228524940203201e+00 6.719612050208913223e-04
5.000000000000000000e+00 1.649384888466099985e-01 2.000000000000000042e-02 1.000192811821057681e+00 5.599188177212383391e-04
5.000000000000000000e+00 1.767766952966349225e-01 2.000000000000000042e-02 1.000155247599058272e+00 4.395260507440733105e-04
5.000000000000000000e+00 1.894645708137976114e-01 2.000000000000000042e-02 1.000119580649523554e+00 3.204647879705611554e-04
5.000000000000000000e+00 2.030630990890565368e-01 2.000000000000000042e-02 1.000094952066267417e+00 2.280292158032701732e-04
5.000000000000000000e+00 2.176376408240284499e-01 2.000000000000000042e-02 1.000086205771279158e+00 1.731664500644938267e-04
5.000000000000000000e+00 2.332582478841990492e-01 2.000000000000000042e-02 1.000088394992520335e+00 1.355474880017492213e-04
5.000000000000000000e+00 2.499999999999969191e-01 2.000000000000000042e-02 1.000099594915975221e+00 1.018213491572833536e-04
5.000000000000000000e+00 2.679433656340699521e-01 2.000000000000000042e-02 1.000125832038045726e+00 8.042078145687449006e-05
5.000000000000000000e+00 2.871745887492550553e-01 2.000000000000000042e-02 1.000177881567053895e+00 8.866930834892247323e-05
5.000000000000000000e+00 3.077861033362250809e-01 2.000000000000000042e-02 1.000267864684455610e+00 1.279672817222453211e-04
5.000000000000000000e+00 3.298769776932191644e-01 2.000000000000000042e-02 1.000414582216292647e+00 2.055156597817808046e-04
5.000000000000000000e+00 3.535533905932689569e-01 2.000000000000000042e-02 1.000658560441967326e+00 3.461610743441036761e-04
5.000000000000000000e+00 3.789291416275942792e-01 2.000000000000000042e-02 1.001068129703438947e+00 6.036579371705174703e-04
5.000000000000000000e+00 4.061261981781120745e-01 2.000000000000000042e-02 1.001770736017385310e+00 1.084060485604916709e-03
5.000000000000000000e+00 4.352752816480558451e-01 2.000000000000000042e-02 1.003003690411478299e+00 2.005203124718528147e-03
5.000000000000000000e+00 4.665164957683969327e-01 2.000000000000000042e-02 1.005205939661067971e+00 3.808148749921809028e-03
5.000000000000000000e+00 4.999999999999926170e-01 2.000000000000000042e-02 1.009171038130195264e+00 7.380590731770672944e-03
5.000000000000000000e+00 5.358867312681385719e-01 2.000000000000000042e-02 1.016303182640807767e+00 1.439766960954787928e-02
5.000000000000000000e+00 5.743491774985087783e-01 2.000000000000000042e-02 1.028166637248794979e+00 2.682373515552355717e-02
5.000000000000000000e+00 6.155722066724486075e-01 2.000000000000000042e-02 1.044547099881159458e+00 4.374495625110608882e-02
5.000000000000000000e+00 6.597539553864367745e-01 2.000000000000000042e-02 1.062184712616531801e+00 5.878332926030628569e-02
5.000000000000000000e+00 7.071067811865362485e-01 2.000000000000000042e-02 1.079144667262434298e+00 6.630251906005892037e-02
5.000000000000000000e+00 7.578582832551866710e-01 2.000000000000000042e-02 1.095538833739779117e+00 7.248757982656185705e-02
5.000000000000000000e+00 8.122523963562221505e-01 2.000000000000000042e-02 1.116366520404513007e+00 8.885866183481769265e-02
5.000000000000000000e+00 8.705505632961095808e-01 2.000000000000000042e-02 1.139418184017708668e+00 1.082904208322918727e-01
5.000000000000000000e+00 9.330329915367915339e-01 2.000000000000000042e-02 1.159308541427160888e+00 1.308005738571266507e-01
5.000000000000000000e+00 9.999999999999827915e-01 2.000000000000000042e-02 1.176676977288814818e+00 1.501429643750243903e-01
5.000000000000000000e+00 1.071773462536274479e+00 2.000000000000000042e-02 1.193980074210028608e+00 1.678393134723598912e-01
5.000000000000000000e+00 1.148698354997014670e+00 2.000000000000000042e-02 1.203864973156509421e+00 1.763413055355740056e-01
5.000000000000000000e+00 1.231144413344894106e+00 2.000000000000000042e-02 1.199413144054144009e+00 1.610844846113051732e-01
5.000000000000000000e+00 1.319507910772870218e+00 2.000000000000000042e-02 1.186155588242387093e+00 1.314129921090403663e-01
5.000000000000000000e+00 1.414213562373068944e+00 2.000000000000000042e-02 1.178436035399469395e+00 1.069587808400256912e-01
5.000000000000000000e+00 1.515716566510369789e+00 2.000000000000000042e-02 1.176326669486602139e+00 9.770481557260568550e-02
5.000000000000000000e+00 1.624504792712440304e+00 2.000000000000000042e-02 1.178243435546740159e+00 1.162069763651731175e-01
5.000000000000000000e+00 1.741101126592214943e+00 2.000000000000000042e-02 1.182263697179308126e+00 1.330658169577553784e-01
5.000000000000000000e+00 1.866065983073578627e+00 2.000000000000000042e-02 1.200484388661511304e+00 1.612688920369119705e-01
5.000000000000000000e+00 1.999999999999960698e+00 2.000000000000000042e-02 1.193789333837064648e+00 1.468226265734039471e-01
5.000000000000000000e+00 2.143546925072543630e+00 2.000000000000000042e-02 1.182418677789190076e+00 1.231923158493091475e-01
5.000000000000000000e+00 2.297396709994023567e+00 2.000000000000000042e-02 1.199675549664924290e+00 1.410114921412298494e-01
5.000000000000000000e+00 2.462288826689782439e+00 2.000000000000000042e-02 1.209434497631515670e+00 1.733285306848338925e-01
5.000000000000000000e+00 2.639015821545733775e+00 2.000000000000000042e-02 1.216333178662978076e+00 1.826564683762773034e-01
5.000000000000000000e+00 2.828427124746130783e+00 2.000000000000000042e-02 1.217378159515563940e+00 1.702273467196620815e-01
5.000000000000000000e+00 3.031433133020732029e+00 2.000000000000000042e-02 1.208679264439333823e+00 1.566966124225714352e-01
5.000000000000000000e+00 3.249009585424872615e+00 2.000000000000000042e-02 1.236967795483999488e+00 2.437953444301973194e-01
5.000000000000000000e+00 3.482202253184421004e+00 2.000000000000000042e-02 1.221814750315488585e+00 2.105957572082556295e-01
5.000000000000000000e+00 3.732131966147147928e+00 2.000000000000000042e-02 1.169573456370945008e+00 9.877484960352357624e-02
5.000000000000000000e+00 3.999999999999911182e+00 2.000000000000000042e-02 1.143635432662728935e+00 5.082090819851324548e-02
5.000000000000000000e+00 4.287093850145076601e+00 2.000000000000000042e-02 1.179347310571724483e+00 1.530296041293187914e-01
5.000000000000000000e+00 4.594793419988035588e+00 2.000000000000000042e-02 1.160994491357968617e+00 7.049288627747483937e-02
5.000000000000000000e+00 4.924577653379552444e+00 2.000000000000000042e-02 1.187608331845452003e+00 8.137200389544688162e-02
5.000000000000000000e+00 5.278031643091455116e+00 2.000000000000000042e-02 1.168257456201632127e+00 1.332291081234973640e-01
5.000000000000000000e+00 5.656854249492248243e+00 2.000000000000000042e-02 1.152698745294344906e+00 9.462369178888850596e-02
5.000000000000000000e+00 6.062866266041448959e+00 2.000000000000000042e-02 1.192668130747712052e+00 8.773723118255034870e-02
5.000000000000000000e+00 6.498019170849729242e+00 2.000000000000000042e-02 1.171617831974973045e+00 7.170600563522357140e-02
5.000000000000000000e+00 6.964404506368825132e+00 2.000000000000000042e-02 1.158463638138728324e+00 6.961318897365405267e-02
5.000000000000000000e+00 7.464263932294277204e+00 2.000000000000000042e-02 1.181660424919083185e+00 7.022342860781079221e-02
5.000000000000000000e+00 7.999999999999802824e+00 2.000000000000000042e-02 1.159294848752967955e+00 7.000779697848959204e-02
5.000000000000000000e+00 8.574187700290131886e+00 2.000000000000000042e-02 1.187415167236962166e+00 1.270373962715657667e-01
5.000000000000000000e+00 9.189586839976049859e+00 2.000000000000000042e-02 1.171629495711734803e+00 8.803098334392382707e-02
5.000000000000000000e+00 9.849155306759080020e+00 2.000000000000000042e-02 1.221280938454878395e+00 1.231680279080413359e-01
5.000000000000000000e+00 1.055606328618288359e+01 2.000000000000000042e-02 1.252290514934693011e+00 1.404758987705066187e-01
5.000000000000000000e+00 1.131370849898446806e+01 2.000000000000000042e-02 1.201668294207444587e+00 1.168394804398852349e-01
5.000000000000000000e+00 1.212573253208286772e+01 2.000000000000000042e-02 1.182588105222186714e+00 7.002431726321603489e-02
5.000000000000000000e+00 1.299603834169942651e+01 2.000000000000000042e-02 1.223987589502439244e+00 1.196459520996226294e-01
5.000000000000000000e+00 1.392880901273761651e+01 2.000000000000000042e-02 1.188723243447577627e+00 1.204102530054025344e-01
5.000000000000000000e+00 1.492852786458851710e+01 2.000000000000000042e-02 1.171733205546858558e+00 9.222404582063060963e-02
5.000000000000000000e+00 1.599999999999956657e+01 2.000000000000000042e-02 1.206614421959844918e+00 1.794044120997932701e-01
5.000000000000000000e+00 1.714837540058022114e+01 2.000000000000000042e-02 1.181464277690401188e+00 1.012723836568836799e-01
5.000000000000000000e+00 1.837917367995205353e+01 2.000000000000000042e-02 1.208347529459360414e+00 9.824688133437631254e-02
5.000000000000000000e+00 1.969831061351811385e+01 2.000000000000000042e-02 1.179135221455531291e+00 1.315658337370576303e-01
5.000000000000000000e+00 2.111212657236571388e+01 2.000000000000000042e-02 1.180128576172557731e+00 9.002718833550493738e-02
5.000000000000000000e+00 2.262741699796887929e+01 2.000000000000000042e-02 1.153944204694385078e+00 6.069875971502489143e-02
5.000000000000000000e+00 2.425146506416567505e+01 2.000000000000000042e-02 1.156607703388174979e+00 5.546118325407795036e-02
5.000000000000000000e+00 2.599207668339878907e+01 2.000000000000000042e-02 1.222670532857073944e+00 1.744828055326592131e-01
5.000000000000000000e+00 2.785761802547516197e+01 2.000000000000000042e-02 1.188156726311615730e+00 1.318149221696338635e-01
5.000000000000000000e+00 2.985705572917696315e+01 2.000000000000000042e-02 1.177836077515915347e+00 8.232829687531054152e-02
5.000000000000000000e+00 3.199999999999905498e+01 2.000000000000000042e-02 1.179271639468749910e+00 1.004940636217028366e-01
