5.000000000000000000e+00 7.812500000000000000e-03 9.000000000000000222e-01 4.669513086196515061e+00 1.259977703743603517e+00
5.000000000000000000e+00 8.373230176064788352e-03 9.000000000000000222e-01 5.074551200326732570e+00 9.577330408216785385e-01
5.000000000000000000e+00 8.974205898414331500e-03 9.000000000000000222e-01 4.689251453526127378e+00 1.065007801494307405e+00
5.000000000000000000e+00 9.618315729257151739e-03 9.000000000000000222e-01 4.996801722930968026e+00 9.147112435706667988e-01
5.000000000000000000e+00 1.030865555291322552e-02 9.000000000000000222e-01 4.407793498367434282e+00 1.389869151529658176e+00
5.000000000000000000e+00 1.104854345603979195e-02 9.000000000000000222e-01 4.567945306903853364e+00 1.006031538238211676e+00
5.000000000000000000e+00 1.184153567586246694e-02 9.000000000000000222e-01 4.435199438437100738e+00 1.197687134731074243e+00
5.000000000000000000e+00 1.269144369306615845e-02 9.000000000000000222e-01 4.335376834024110337e+00 1.174111716134728756e+00
5.000000000000000000e+00 1.360235255150191343e-02 9.000000000000000222e-01 3.848286415684497364e+00 1.158773302220566404e+00
5.000000000000000000e+00 1.457864049276258282e-02 9.000000000000000222e-01 3.652122725569730388e+00 1.033821090389254849e+00
5.000000000000000000e+00 1.562499999999996184e-02 9.000000000000000222e-01 3.514578473428232819e+00 1.079412852975341508e+00
5.000000000000000000e+00 1.674646035212953507e-02 9.000000000000000222e-01 3.298987990427174388e+00 1.067509650073301897e+00
5.000000000000000000e+00 1.794841179682861790e-02 9.000000000000000222e-01 3.012263228906375101e+00 9.797408757188633688e-01
5.000000000000000000e+00 1.923663145851425491e-02 9.000000000000000222e-01 2.870771519221698931e+00 9.791464192658239085e-01
5.000000000000000000e+00 2.061731110582640247e-02 9.000000000000000222e-01 2.661007263028909442e+00 9.287137145839836627e-01
5.000000000000000000e+00 2.209708691207952838e-02 9.000000000000000222e-01 2.511474634543996665e+00 8.980880273751408183e-01
5.000000000000000000e+00 2.368307135172487837e-02 9.000000000000000222e-01 2.335546942110297230e+00 8.639218025294482795e-01
5.000000000000000000e+00 2.538288738613225445e-02 9.000000000000000222e-01 2.189743096057899852e+00 8.282292218091441560e-01
5.000000000000000000e+00 2.720470510300375747e-02 9.000000000000000222e-01 2.037850724701043337e+00 7.874300825543436577e-01
5.000000000000000000e+00 2.915728098552509626e-02 9.000000000000000222e-01 1.904918248496817457e+00 8.197382698734648754e-01
5.000000000000000000e+00 3.124999999999984734e-02 9.000000000000000222e-01 1.785692622009955155e+00 8.673916325714760012e-01
5.000000000000000000e+00 3.349292070425898687e-02 9.000000000000000222e-01 1.681826243074435734e+00 9.150685195061569743e-01
5.000000000000000000e+00 3.589682359365715253e-02 9.000000000000000222e-01 1.571823160320486856e+00 8.769028573640036406e-01
5.000000000000000000e+00 3.847326291702841267e-02 9.000000000000000222e-01 1.482935035471879326e+00 8.640919676296714425e-01
5.000000000000000000e+00 4.123462221165270086e-02 9.000000000000000222e-01 1.405903821055514591e+00 8.295494065152031471e-01
5.000000000000000000e+00 4.419417382415894574e-02 9.000000000000000222e-01 1.344830374442750109e+00 7.913365213071312798e-01
5.000000000000000000e+00 4.736614270344963878e-02 9.000000000000000222e-01 1.288505903844909595e+00 7.202627501171501301e-01
5.000000000000000000e+00 5.076577477226438401e-02 9.000000000000000222e-01 1.248619118248224247e+00 6.605935516147763975e-01
5.000000000000000000e+00 5.440941020600738309e-02 9.000000000000000222e-01 1.216668994985576457e+00 5.985870855354666897e-01
5.000000000000000000e+00 5.831456197105004680e-02 9.000000000000000222e-01 1.193852317877045932e+00 5.489220312622933307e-01
5.000000000000000000e+00 6.249999999999953509e-02 9.000000000000000222e-01 1.174979081712614004e+00 5.022284437815610625e-01
5.000000000000000000e+00 6.698584140851780722e-02 9.000000000000000222e-01 1.160616027758837099e+00 4.643638288791822055e-01
5.000000000000000000e+00 7.179364718731412465e-02 9.000000000000000222e-01 1.149116942461141821e+00 4.327102649296544201e-01
5.000000000000000000e+00 7.694652583405664492e-02 9.000000000000000222e-01 1.134734780119536435e+00 3.913005530286987055e-01
5.000000000000000000e+00 8.246924442330520744e-02 9.000000000000000222e-01 1.119522283560905107e+00 3.468502121843828334e-01
5.000000000000000000e+00 8.838834764831768331e-02 9.000000000000000222e-01 1.101860739585211801e+00 2.947675339997043453e-01
5.000000000000000000e+00 9.473228540689904165e-02 9.000000000000000222e-01 1.086232548137500586e+00 2.485855750987263357e-01
5.000000000000000000e+00 1.015315495445285182e-01 9.000000000000000222e-01 1.070054525795601119e+00 2.005996028631601980e-01
5.000000000000000000e+00 1.088188204120145025e-01 9.000000000000000222e-01 1.056948846930350738e+00 1.617048356120207864e-01
5.000000000000000000e+00 1.166291239420998022e-01 9.000000000000000222e-01 1.046524192853263147e+00 1.307601949365561900e-01
5.000000000000000000e+00 1.249999999999987649e-01 9.000000000000000222e-01 1.038253001878996606e+00 1.062140465838620901e-01
5.000000000000000000e+00 1.339716828170352814e-01 9.000000000000000222e-01 1.032176865136537725e+00 8.821973782392177055e-02
5.000000000000000000e+00 1.435872943746278885e-01 9.000000000000000222e-01 1.027305477420021429e+00 7.382855749052046057e-02
5.000000000000000000e+00 1.538930516681129013e-01 9.000000000000000222e-01 1.023876970644313378e+00 6.376968170124167057e-02
5.000000000000000000e+00 1.649384888466099985e-01 9.000000000000000222e-01 1.020288784159253836e+00 5.324570778456581138e-02
5.000000000000000000e+00 1.767766952966349225e-01 9.000000000000000222e-01 1.016386908265260791e+00 4.180033612421058670e-02
5.000000000000000000e+00 1.894645708137976114e-01 9.000000000000000222e-01 1.012520155196441340e+00 3.048358600887676739e-02
5.000000000000000000e+00 2.030630990890565368e-01 9.000000000000000222e-01 1.009515524643467721e+00 2.177687566295108401e-02
5.000000000000000000e+00 2.176376408240284499e-01 9.000000000000000222e-01 1.007691655093219785e+00 1.663213890237673007e-02
5.000000000000000000e+00 2.332582478841990492e-01 9.000000000000000222e-01 1.006407299136439004e+00 1.312200408338928294e-02
5.000000000000000000e+00 2.499999999999969191e-01 9.000000000000000222e-01 1.005208185795414488e+00 9.878388500041699119e-03
5.000000000000000000e+00 2.679433656340699521e-01 9.000000000000000222e-01 1.004205752947713304e+00 7.221301054275384816e-03
5.000000000000000000e+00 2.871745887492550553e-01 9.000000000000000222e-01 1.003716206951547729e+00 6.066072078755239787e-03
5.000000000000000000e+00 3.077861033362250809e-01 9.000000000000000222e-01 1.003617607927334232e+00 6.005542557903454336e-03
5.000000000000000000e+00 3.298769776932191644e-01 9.000000000000000222e-01 1.003629702697901305e+00 6.141340458430680910e-03
5.000000000000000000e+00 3.535533905932689569e-01 9.000000000000000222e-01 1.003805295587345103e+00 6.514117414781464208e-03
5.000000000000000000e+00 3.789291416275942792e-01 9.000000000000000222e-01 1.004165929202562202e+00 6.988015586079484621e-03
5.000000000000000000e+00 4.061261981781120745e-01 9.000000000000000222e-01 1.004722987636313736e+00 7.232906294634579639e-03
5.000000000000000000e+00 4.352752816480558451e-01 9.000000000000000222e-01 1.005643771515073670e+00 7.115240571250224313e-03
5.000000000000000000e+00 4.665164957683969327e-01 9.000000000000000222e-01 1.007305553279398191e+00 6.782861605034452498e-03
5.000000000000000000e+00 4.999999999999926170e-01 9.000000000000000222e-01 1.010455257311458244e+00 7.505052150574906614e-03
5.000000000000000000e+00 5.358867312681385719e-01 9.000000000000000222e-01 1.016469588390758183e+00 1.244148043344031271e-02
5.000000000000000000e+00 5.743491774985087783e-01 9.000000000000000222e-01 1.026918431231414131e+00 2.383581328016123532e-02
5.000000000000000000e+00 6.155722066724486075e-01 9.000000000000000222e-01 1.041678493331411381e+00 4.022679464657092502e-02
5.000000000000000000e+00 6.597539553864367745e-01 9.000000000000000222e-01 1.057761440330133640e+00 5.502735156410427236e-02
5.000000000000000000e+00 7.071067811865362485e-01 9.000000000000000222e-01 1.073216359897840366e+00 6.197740363446504336e-02
5.000000000000000000e+00 7.578582832551866710e-01 9.000000000000000222e-01 1.087900648433910877e+00 6.627335668350184394e-02
5.000000000000000000e+00 8.122523963562221505e-01 9.000000000000000222e-01 1.106369853940764703e+00 7.906934758719856571e-02
5.000000000000000000e+00 8.705505632961095808e-01 9.000000000000000222e-01 1.126197238023122660e+00 9.309759457674959826e-02
5.000000000000000000e+00 9.330329915367915339e-01 9.000000000000000222e-01 1.142101888832041334e+00 1.091609562542354972e-01
5.000000000000000000e+00 9.999999999999827915e-01 9.000000000000000222e-01 1.154801967682857367e+00 1.217497808981889001e-01
5.000000000000000000e+00 1.071773462536274479e+00 9.000000000000000222e-01 1.169295573225214380e+00 1.365080328621277039e-01
5.000000000000000000e+00 1.148698354997014670e+00 9.000000000000000222e-01 1.178241815737044673e+00 1.455379718411057566e-01
5.000000000000000000e+00 1.231144413344894106e+00 9.000000000000000222e-01 1.174750492662929080e+00 1.362394516093488051e-01
5.000000000000000000e+00 1.319507910772870218e+00 9.000000000000000222e-01 1.162160319041624756e+00 1.146937822584263994e-01
5.000000000000000000e+00 1.414213562373068944e+00 9.000000000000000222e-01 1.152394506227526483e+00 9.484891226593186730e-02
5.000000000000000000e+00 1.515716566510369789e+00 9.000000000000000222e-01 1.147779748774713005e+00 8.448227726925892911e-02
5.000000000000000000e+00 1.624504792712440304e+00 9.000000000000000222e-01 1.149210259367454690e+00 9.874340791569562181e-02
5.000000000000000000e+00 1.741101126592214943e+00 9.000000000000000222e-01 1.151985629938159672e+00 1.106762484856460144e-01
5.000000000000000000e+00 1.866065983073578627e+00 9.000000000000000222e-01 1.166898680142621547e+00 1.326290138301488009e-01
5.000000000000000000e+00 1.999999999999960698e+00 9.000000000000000222e-01 1.163744903600111957e+00 1.231199165897375186e-01
5.000000000000000000e+00 2.143546925072543630e+00 9.000000000000000222e-01 1.157382591407694505e+00 1.031043868695349919e-01
5.000000000000000000e+00 2.297396709994023567e+00 9.000000000000000222e-01 1.174290698899169483e+00 1.224359663854341779e-01
5.000000000000000000e+00 2.462288826689782439e+00 9.000000000000000222e-01 1.181563292590328329e+00 1.494587785993277962e-01
5.000000000000000000e+00 2.639015821545733775e+00 9.000000000000000222e-01 1.183179440781532143e+00 1.477817110077748464e-01
5.000000000000000000e+00 2.828427124746130783e+00 9.000000000000000222e-01 1.176753914934872913e+00 1.354904922744279427e-01
5.000000000000000000e+00 3.031433133020732029e+00 9.000000000000000222e-01 1.166479803643321711e+00 1.217553532802982952e-01
5.000000000000000000e+00 3.249009585424872615e+00 9.000000000000000222e-01 1.197314723628995825e+00 2.041647302468068970e-01
5.000000000000000000e+00 3.482202253184421004e+00 9.000000000000000222e-01 1.186163892451918667e+00 1.821532442270923646e-01
5.000000000000000000e+00 3.732131966147147928e+00 9.000000000000000222e-01 1.146048981363177122e+00 8.932715054188801462e-02
5.000000000000000000e+00 3.999999999999911182e+00 9.000000000000000222e-01 1.119626327032899216e+00 4.345658937657630172e-02
5.000000000000000000e+00 4.287093850145076601e+00 9.000000000000000222e-01 1.144409008661743332e+00 1.198902668309319436e-01
5.000000000000000000e+00 4.594793419988035588e+00 9.000000000000000222e-01 1.133528760568260907e+00 5.721964406556709348e-02
5.000000000000000000e+00 4.924577653379552444e+00 9.000000000000000222e-01 1.153119370626480844e+00 6.087120736902904700e-02
5.000000000000000000e+00 5.278031643091455116e+00 9.000000000000000222e-01 1.140294781992940099e+00 1.102782475829563735e-01
5.000000000000000000e+00 5.656854249492248243e+00 9.000000000000000222e-01 1.122623991595735449e+00 7.125634831484078946e-02
5.000000000000000000e+00 6.062866266041448959e+00 9.000000000000000222e-01 1.153826773412585327e+00 6.978795799740311612e-02
5.000000000000000000e+00 6.498019170849729242e+00 9.000000000000000222e-01 1.139802004187560502e+00 6.078155074574729394e-02
5.000000000000000000e+00 6.964404506368825132e+00 9.000000000000000222e-01 1.130489515101679832e+00 5.323113959719672633e-02
5.000000000000000000e+00 7.464263932294277204e+00 9.000000000000000222e-01 1.153519939018074369e+00 5.410620042734987090e-02
5.000000000000000000e+00 7.999999999999802824e+00 9.000000000000000222e-01 1.132190241461904723e+00 5.716481687361810865e-02
5.000000000000000000e+00 8.574187700290131886e+00 9.000000000000000222e-01 1.153196944826788251e+00 9.335362425841203793e-02
5.000000000000000000e+00 9.189586839976049859e+00 9.000000000000000222e-01 1.141226341864958194e+00 7.430345237825439209e-02
5.000000000000000000e+00 9.849155306759080020e+00 9.000000000000000222e-01 1.182550041101991578e+00 1.014038264716111554e-01
5.000000000000000000e+00 1.055606328618288359e+01 9.000000000000000222e-01 1.212034684873157797e+00 1.223789868239478218e-01
5.000000000000000000e+00 1.131370849898446806e+01 9.000000000000000222e-01 1.170508756217850888e+00 9.777385472429399316e-02
5.000000000000000000e+00 1.212573253208286772e+01 9.000000000000000222e-01 1.155924154235852264e+00 5.874324469221765821e-02
5.000000000000000000e+00 1.299603834169942651e+01 9.000000000000000222e-01 1.185089444668859127e+00 9.714248004472880726e-02
5.000000000000000000e+00 1.392880901273761651e+01 9.000000000000000222e-01 1.159101238875118955e+00 1.033010344286279664e-01
5.000000000000000000e+00 1.492852786458851710e+01 9.000000000000000222e-01 1.141444368568420575e+00 8.012863166403978721e-02
5.000000000000000000e+00 1.599999999999956657e+01 9.000000000000000222e-01 1.170012972419007591e+00 1.478145640689135232e-01
5.000000000000000000e+00 1.714837540058022114e+01 9.000000000000000222e-01 1.151920642819617147e+00 8.541800456694277621e-02
5.000000000000000000e+00 1.837917367995205353e+01 9.000000000000000222e-01 1.178559622459734779e+00 8.289327449052638630e-02
5.000000000000000000e+00 1.969831061351811385e+01 9.000000000000000222e-01 1.149452096456761163e+00 1.120224869066823448e-01
5.000000000000000000e+00 2.111212657236571388e+01 9.000000000000000222e-01 1.148272486049094043e+00 7.401256775012117484e-02
5.000000000000000000e+00 2.262741699796887929e+01 9.000000000000000222e-01 1.126443389582439725e+00 5.169428315483919067e-02
5.000000000000000000e+00 2.425146506416567505e+01 9.000000000000000222e-01 1.132299677888889411e+00 4.666252929411117412e-02
5.000000000000000000e+00 2.599207668339878907e+01 9.000000000000000222e-01 1.192222875680861049e+00 1.443131786614629541e-01
5.000000000000000000e+00 2.785761802547516197e+01 9.000000000000000222e-01 1.162149067719626450e+00 1.146455398627585637e-01
5.000000000000000000e+00 2.985705572917696315e+01 9.000000000000000222e-01 1.150481291948685758e+00 6.342248175046825975e-02
5.000000000000000000e+00 3.199999999999905498e+01 9.000000000000000222e-01 1.150238927670553135e+00 8.594677993011344552e-02
