5.000000000000000000e+00 7.812500000000000000e-03 0.000000000000000000e+00 1.563187941570648443e+00 2.767595202707844315e-01
5.000000000000000000e+00 8.373230176064788352e-03 0.000000000000000000e+00 1.472743245673750145e+00 2.452299823827544800e-01
5.000000000000000000e+00 8.974205898414331500e-03 0.000000000000000000e+00 1.421094904288930705e+00 2.157840193703385034e-01
5.000000000000000000e+00 9.618315729257151739e-03 0.000000000000000000e+00 1.363617722408152710e+00 2.122209847954659168e-01
5.000000000000000000e+00 1.030865555291322552e-02 0.000000000000000000e+00 1.312384557861401735e+00 1.741465987460137366e-01
5.000000000000000000e+00 1.104854345603979195e-02 0.000000000000000000e+00 1.278081476569432384e+00 1.770469083679442057e-01
5.000000000000000000e+00 1.184153567586246694e-02 0.000000000000000000e+00 1.230000085949204180e+00 1.595400438947124633e-01
5.000000000000000000e+00 1.269144369306615845e-02 0.000000000000000000e+00 1.184796122122195872e+00 1.369648811199887517e-01
5.000000000000000000e+00 1.360235255150191343e-02 0.000000000000000000e+00 1.166153451597703006e+00 1.289474574210433822e-01
5.000000000000000000e+00 1.457864049276258282e-02 0.000000000000000000e+00 1.140476846655661625e+00 1.208106961215502373e-01
5.000000000000000000e+00 1.562499999999996184e-02 0.000000000000000000e+00 1.122863685154867897e+00 1.175873348102434574e-01
5.000000000000000000e+00 1.674646035212953507e-02 0.000000000000000000e+00 1.107861284048086592e+00 1.183757305043273977e-01
5.000000000000000000e+00 1.794841179682861790e-02 0.000000000000000000e+00 1.088290579287310100e+00 1.003499024975070125e-01
5.000000000000000000e+00 1.923663145851425491e-02 0.000000000000000000e+00 1.070353419512426241e+00 7.996450598026594303e-02
5.000000000000000000e+00 2.061731110582640247e-02 0.000000000000000000e+00 1.064328303019092647e+00 8.303931847647035014e-02
5.000000000000000000e+00 2.209708691207952838e-02 0.000000000000000000e+00 1.056391201369826005e+00 8.205815792105029816e-02
5.000000000000000000e+00 2.368307135172487837e-02 0.000000000000000000e+00 1.044549939591723042e+00 6.522942386136851289e-02
5.000000000000000000e+00 2.538288738613225445e-02 0.000000000000000000e+00 1.035398283288765375e+00 5.449791964499472313e-02
5.000000000000000000e+00 2.720470510300375747e-02 0.000000000000000000e+00 1.030436566442320068e+00 5.130885711333844912e-02
5.000000000000000000e+00 2.915728098552509626e-02 0.000000000000000000e+00 1.024892225742113139e+00 4.516675235713873277e-02
5.000000000000000000e+00 3.124999999999984734e-02 0.000000000000000000e+00 1.018746358277080377e+00 3.537466294549577311e-02
5.000000000000000000e+00 3.349292070425898687e-02 0.000000000000000000e+00 1.016292099017748196e+00 3.448701784138471366e-02
5.000000000000000000e+00 3.589682359365715253e-02 0.000000000000000000e+00 1.012227598419658925e+00 2.691450939784500312e-02
5.000000000000000000e+00 3.847326291702841267e-02 0.000000000000000000e+00 1.009500134155898454e+00 2.217141964011723476e-02
5.000000000000000000e+00 4.123462221165270086e-02 0.000000000000000000e+00 1.007364720653764589e+00 1.812305168637618966e-02
5.000000000000000000e+00 4.419417382415894574e-02 0.000000000000000000e+00 1.005740167833472531e+00 1.485288892849093330e-02
5.000000000000000000e+00 4.736614270344963878e-02 0.000000000000000000e+00 1.004547044327354088e+00 1.226803647329060415e-02
5.000000000000000000e+00 5.076577477226438401e-02 0.000000000000000000e+00 1.003693216421300605e+00 1.031496412850900664e-02
5.000000000000000000e+00 5.440941020600738309e-02 0.000000000000000000e+00 1.003085722836046356e+00 8.833623786592361207e-03
5.000000000000000000e+00 5.831456197105004680e-02 0.000000000000000000e+00 1.002569567839855180e+00 7.473313145972330235e-03
5.000000000000000000e+00 6.249999999999953509e-02 0.000000000000000000e+00 1.002210540218232859e+00 6.495480280706435183e-03
5.000000000000000000e+00 6.698584140851780722e-02 0.000000000000000000e+00 1.001891077570903343e+00 5.589237836735483356e-03
5.000000000000000000e+00 7.179364718731412465e-02 0.000000000000000000e+00 1.001659800025562763e+00 4.923688506068894973e-03
5.000000000000000000e+00 7.694652583405664492e-02 0.000000000000000000e+00 1.001419562861998847e+00 4.219956195408859634e-03
5.000000000000000000e+00 8.246924442330520744e-02 0.000000000000000000e+00 1.001203105767518808e+00 3.581921385338308200e-03
5.000000000000000000e+00 8.838834764831768331e-02 0.000000000000000000e+00 1.001002487604421232e+00 2.988381561354160661e-03
5.000000000000000000e+00 9.473228540689904165e-02 0.000000000000000000e+00 1.000829193844285481e+00 2.474632290806919824e-03
5.000000000000000000e+00 1.015315495445285182e-01 0.000000000000000000e+00 1.000672183981187846e+00 2.007938478392102318e-03
5.000000000000000000e+00 1.088188204120145025e-01 0.000000000000000000e+00 1.000544216109107376e+00 1.626809287589920305e-03
5.000000000000000000e+00 1.166291239420998022e-01 0.000000000000000000e+00 1.000439387278700298e+00 1.313776871635204341e-03
5.000000000000000000e+00 1.249999999999987649e-01 0.000000000000000000e+00 1.000359049288776614e+00 1.073096159494383575e-03
5.000000000000000000e+00 1.339716828170352814e-01 0.000000000000000000e+00 1.000298686627559164e+00 8.913163177262790589e-04
5.000000000000000000e+00 1.435872943746278885e-01 0.000000000000000000e+00 1.000252523196226040e+00 7.510478387035213676e-04
5.000000000000000000e+00 1.538930516681129013e-01 0.000000000000000000e+00 1.000218262001669745e+00 6.451046613959557667e-04
5.000000000000000000e+00 1.649384888466099985e-01 0.000000000000000000e+00 1.000184099058693210e+00 5.375581159312851258e-04
5.000000000000000000e+00 1.767766952966349225e-01 0.000000000000000000e+00 1.000148207090043595e+00 4.220032043016381661e-04
5.000000000000000000e+00 1.894645708137976114e-01 0.000000000000000000e+00 1.000114205372814036e+00 3.077244971036455700e-04
5.000000000000000000e+00 2.030630990890565368e-01 0.000000000000000000e+00 1.000090893437410866e+00 2.189852670753316766e-04
5.000000000000000000e+00 2.176376408240284499e-01 0.000000000000000000e+00 1.000082980381364894e+00 1.663191337138896560e-04
5.000000000000000000e+00 2.332582478841990492e-01 0.000000000000000000e+00 1.000085800240973599e+00 1.302403198010801757e-04
5.000000000000000000e+00 2.499999999999969191e-01 0.000000000000000000e+00 1.000097639291622320e+00 9.808829378697501284e-05
5.000000000000000000e+00 2.679433656340699521e-01 0.000000000000000000e+00 1.000124501389514808e+00 7.839719589450093971e-05
5.000000000000000000e+00 2.871745887492550553e-01 0.000000000000000000e+00 1.000177069422491405e+00 8.803889767487601485e-05
5.000000000000000000e+00 3.077861033362250809e-01 0.000000000000000000e+00 1.000267586034939260e+00 1.282504303330805309e-04
5.000000000000000000e+00 3.298769776932191644e-01 0.000000000000000000e+00 1.000415076443352813e+00 2.066247153913179950e-04
5.000000000000000000e+00 3.535533905932689569e-01 0.000000000000000000e+00 1.000660240457102779e+00 3.481576520623367232e-04
5.000000000000000000e+00 3.789291416275942792e-01 0.000000000000000000e+00 1.001071737436927567e+00 6.069108695878890026e-04
5.000000000000000000e+00 4.061261981781120745e-01 0.000000000000000000e+00 1.001777649641695689e+00 1.089367474749113876e-03
5.000000000000000000e+00 4.352752816480558451e-01 0.000000000000000000e+00 1.003016356179504909e+00 2.014133607825849531e-03
5.000000000000000000e+00 4.665164957683969327e-01 0.000000000000000000e+00 1.005228642914170578e+00 3.823757090053685106e-03
5.000000000000000000e+00 4.999999999999926170e-01 0.000000000000000000e+00 1.009210887819715463e+00 7.408189219099586484e-03
5.000000000000000000e+00 5.358867312681385719e-01 0.000000000000000000e+00 1.016371149853727118e+00 1.444487345901498444e-02
5.000000000000000000e+00 5.743491774985087783e-01 0.000000000000000000e+00 1.028276794029853836e+00 2.689700214760108732e-02
5.000000000000000000e+00 6.155722066724486075e-01 0.000000000000000000e+00 1.044712422620700076e+00 4.384200537714884327e-02
5.000000000000000000e+00 6.597539553864367745e-01 0.000000000000000000e+00 1.062409492957288926e+00 5.889320824711428287e-02
5.000000000000000000e+00 7.071067811865362485e-01 0.000000000000000000e+00 1.079432852439515811e+00 6.643575129321231676e-02
5.000000000000000000e+00 7.578582832551866710e-01 0.000000000000000000e+00 1.095907337387348024e+00 7.270929954646943028e-02
5.000000000000000000e+00 8.122523963562221505e-01 0.000000000000000000e+00 1.116845655596009568e+00 8.924646649229370232e-02
5.000000000000000000e+00 8.705505632961095808e-01 0.000000000000000000e+00 1.140041581574317009e+00 1.089084793596720308e-01
5.000000000000000000e+00 9.330329915367915339e-01 0.000000000000000000e+00 1.160107705693822489e+00 1.316992701588262094e-01
5.000000000000000000e+00 9.999999999999827915e-01 0.000000000000000000e+00 1.177684489818509039e+00 1.513478562563674856e-01
5.000000000000000000e+00 1.071773462536274479e+00 0.000000000000000000e+00 1.195120686590290360e+00 1.692040615241333645e-01
5.000000000000000000e+00 1.148698354997014670e+00 0.000000000000000000e+00 1.205040275960193252e+00 1.776968039222959483e-01
5.000000000000000000e+00 1.231144413344894106e+00 0.000000000000000000e+00 1.200513861086822676e+00 1.621823590446166696e-01
5.000000000000000000e+00 1.319507910772870218e+00 0.000000000000000000e+00 1.187198667951742337e+00 1.321872216283063728e-01
5.000000000000000000e+00 1.414213562373068944e+00 0.000000000000000000e+00 1.179527954816354640e+00 1.075475261771319663e-01
5.000000000000000000e+00 1.515716566510369789e+00 0.000000000000000000e+00 1.177518714450990434e+00 9.834965547220575477e-02
5.000000000000000000e+00 1.624504792712440304e+00 0.000000000000000000e+00 1.179497555731012337e+00 1.170412970863532187e-01
5.000000000000000000e+00 1.741101126592214943e+00 0.000000000000000000e+00 1.183609541162470080e+00 1.341108635260978010e-01
5.000000000000000000e+00 1.866065983073578627e+00 0.000000000000000000e+00 1.201945966326281034e+00 1.625308724128363969e-01
5.000000000000000000e+00 1.999999999999960698e+00 0.000000000000000000e+00 1.195099157357687680e+00 1.478600141844964855e-01
5.000000000000000000e+00 2.143546925072543630e+00 0.000000000000000000e+00 1.183531237644415146e+00 1.240293586972111284e-01
5.000000000000000000e+00 2.297396709994023567e+00 0.000000000000000000e+00 1.200818291397587556e+00 1.417698784314782579e-01
5.000000000000000000e+00 2.462288826689782439e+00 0.000000000000000000e+00 1.210709091780505897e+00 1.743338039901102532e-01
5.000000000000000000e+00 2.639015821545733775e+00 0.000000000000000000e+00 1.217869029508911849e+00 1.841898180520175898e-01
5.000000000000000000e+00 2.828427124746130783e+00 0.000000000000000000e+00 1.219221982481264677e+00 1.717878097237299506e-01
5.000000000000000000e+00 3.031433133020732029e+00 0.000000000000000000e+00 1.210609361781151305e+00 1.583155800598900487e-01
5.000000000000000000e+00 3.249009585424872615e+00 0.000000000000000000e+00 1.238797127632517148e+00 2.456734889083952988e-01
5.000000000000000000e+00 3.482202253184421004e+00 0.000000000000000000e+00 1.223407456935446946e+00 2.118880873625738348e-01
5.000000000000000000e+00 3.732131966147147928e+00 0.000000000000000000e+00 1.170656627104192715e+00 9.922521164727100829e-02
5.000000000000000000e+00 3.999999999999911182e+00 0.000000000000000000e+00 1.144702460153634860e+00 5.118650311493980198e-02
5.000000000000000000e+00 4.287093850145076601e+00 0.000000000000000000e+00 1.180910767177969944e+00 1.545899975026540363e-01
5.000000000000000000e+00 4.594793419988035588e+00 0.000000000000000000e+00 1.162225124834850520e+00 7.113253535888848511e-02
5.000000000000000000e+00 4.924577653379552444e+00 0.000000000000000000e+00 1.189172487569547743e+00 8.228752933865172980e-02
5.000000000000000000e+00 5.278031643091455116e+00 0.000000000000000000e+00 1.169552490132628630e+00 1.342749675508508878e-01
5.000000000000000000e+00 5.656854249492248243e+00 0.000000000000000000e+00 1.153999428615370304e+00 9.565004010318224614e-02
5.000000000000000000e+00 6.062866266041448959e+00 0.000000000000000000e+00 1.194396743190007992e+00 8.858118510157791947e-02
5.000000000000000000e+00 6.498019170849729242e+00 0.000000000000000000e+00 1.173073971008991689e+00 7.219493267293175531e-02
5.000000000000000000e+00 6.964404506368825132e+00 0.000000000000000000e+00 1.159751754771158216e+00 7.042020207472995952e-02
5.000000000000000000e+00 7.464263932294277204e+00 0.000000000000000000e+00 1.182927832575675353e+00 7.099762112044925855e-02
5.000000000000000000e+00 7.999999999999802824e+00 0.000000000000000000e+00 1.160459078891486140e+00 7.057737096982383274e-02
5.000000000000000000e+00 8.574187700290131886e+00 0.000000000000000000e+00 1.188930806004604879e+00 1.285645115834664898e-01
5.000000000000000000e+00 9.189586839976049859e+00 0.000000000000000000e+00 1.172989657609834646e+00 8.864044467720538778e-02
5.000000000000000000e+00 9.849155306759080020e+00 0.000000000000000000e+00 1.223008611041232374e+00 1.241434106051889225e-01
5.000000000000000000e+00 1.055606328618288359e+01 0.000000000000000000e+00 1.254128973311339212e+00 1.413160632849882470e-01
5.000000000000000000e+00 1.131370849898446806e+01 0.000000000000000000e+00 1.203075478053564851e+00 1.177783805573641984e-01
5.000000000000000000e+00 1.212573253208286772e+01 0.000000000000000000e+00 1.183803840050275724e+00 7.054764284167407140e-02
5.000000000000000000e+00 1.299603834169942651e+01 0.000000000000000000e+00 1.225665910721391194e+00 1.206455516022332530e-01
5.000000000000000000e+00 1.392880901273761651e+01 0.000000000000000000e+00 1.190003969017537244e+00 1.211593897276854737e-01
5.000000000000000000e+00 1.492852786458851710e+01 0.000000000000000000e+00 1.173082007692225037e+00 9.282705156894305309e-02
5.000000000000000000e+00 1.599999999999956657e+01 0.000000000000000000e+00 1.208282196905242634e+00 1.808557998836544389e-01
5.000000000000000000e+00 1.714837540058022114e+01 0.000000000000000000e+00 1.182796397367605445e+00 1.020180287503790889e-01
5.000000000000000000e+00 1.837917367995205353e+01 0.000000000000000000e+00 1.209702339097084245e+00 9.896535997594838041e-02
5.000000000000000000e+00 1.969831061351811385e+01 0.000000000000000000e+00 1.180471319108531647e+00 1.325061148813891365e-01
5.000000000000000000e+00 2.111212657236571388e+01 0.000000000000000000e+00 1.181601581870153295e+00 9.087729899513373455e-02
5.000000000000000000e+00 2.262741699796887929e+01 0.000000000000000000e+00 1.155205960137285048e+00 6.124436498178484345e-02
5.000000000000000000e+00 2.425146506416567505e+01 0.000000000000000000e+00 1.157730819954687629e+00 5.596349929704166198e-02
5.000000000000000000e+00 2.599207668339878907e+01 0.000000000000000000e+00 1.224113240728854191e+00 1.759723994076581588e-01
5.000000000000000000e+00 2.785761802547516197e+01 0.000000000000000000e+00 1.189354606668448167e+00 1.326775724102008669e-01
5.000000000000000000e+00 2.985705572917696315e+01 0.000000000000000000e+00 1.179108440170149041e+00 8.324333916444894010e-02
5.000000000000000000e+00 3.199999999999905498e+01 0.000000000000000000e+00 1.180573995573319435e+00 1.012681093194085918e-01
