1.000000000000000000e+00 6.250000000000000000e-02 9.000000000000000222e-01 4.000000000000000000e+00 0.000000000000000000e+00
1.000000000000000000e+00 8.838834764831844659e-02 9.000000000000000222e-01 3.000000000000000000e+00 0.000000000000000000e+00
1.000000000000000000e+00 1.250000000000000000e-01 9.000000000000000222e-01 4.000000000000000000e+00 0.000000000000000000e+00
1.000000000000000000e+00 1.767766952966368932e-01 9.000000000000000222e-01 5.000000000000000000e+00 0.000000000000000000e+00
1.000000000000000000e+00 2.500000000000000000e-01 9.000000000000000222e-01 5.000000000000000000e+00 0.000000000000000000e+00
1.000000000000000000e+00 3.535533905932737864e-01 9.000000000000000222e-01 5.000000000000000000e+00 0.000000000000000000e+00
1.000000000000000000e+00 5.000000000000000000e-01 9.000000000000000222e-01 5.000000000000000000e+00 0.000000000000000000e+00
1.000000000000000000e+00 7.071067811865475727e-01 9.000000000000000222e-01 5.000000000000000000e+00 0.000000000000000000e+00
1.000000000000000000e+00 1.000000000000000000e+00 9.000000000000000222e-01 5.000000000000000000e+00 0.000000000000000000e+00
1.000000000000000000e+00 1.414213562373095145e+00 9.000000000000000222e-01 5.000000000000000000e+00 0.000000000000000000e+00
1.000000000000000000e+00 2.000000000000000000e+00 9.000000000000000222e-01 5.000000000000000000e+00 0.000000000000000000e+00
1.000000000000000000e+00 2.828427124746190291e+00 9.000000000000000222e-01 5.000000000000000000e+00 0.000000000000000000e+00
1.000000000000000000e+00 4.000000000000000000e+00 9.000000000000000222e-01 5.000000000000000000e+00 0.000000000000000000e+00
1.000000000000000000e+00 5.656854249492380582e+00 9.000000000000000222e-01 5.000000000000000000e+00 0.000000000000000000e+00
1.000000000000000000e+00 8.000000000000000000e+00 9.000000000000000222e-01 5.000000000000000000e+00 0.000000000000000000e+00
1.000000000000000000e+00 1.131370849898476116e+01 9.000000000000000222e-01 5.000000000000000000e+00 0.000000000000000000e+00
1.000000000000000000e+00 1.600000000000000000e+01 9.000000000000000222e-01 5.000000000000000000e+00 0.000000000000000000e+00
1.000000000000000000e+00 2.262741699796952233e+01 9.000000000000000222e-01 5.000000000000000000e+00 0.000000000000000000e+00
1.000000000000000000e+00 3.200000000000000000e+01 9.000000000000000222e-01 5.000000000000000000e+00 0.000000000000000000e+00
1.000000000000000000e+00 4.525483399593904466e+01 9.000000000000000222e-01 5.000000000000000000e+00 0.000000000000000000e+00
1.000000000000000000e+00 6.400000000000000000e+01 9.000000000000000222e-01 5.000000000000000000e+00 0.000000000000000000e+00
1.000000000000000000e+00 9.050966799187808931e+01 9.000000000000000222e-01 5.000000000000000000e+00 0.000000000000000000e+00
1.000000000000000000e+00 1.280000000000000000e+02 9.000000000000000222e-01 5.000000000000000000e+00 0.000000000000000000e+00
2.000000000000000000e+00 6.250000000000000000e-02 9.000000000000000222e-01 1.000000000000000000e+01 0.000000000000000000e+00
2.000000000000000000e+00 8.838834764831844659e-02 9.000000000000000222e-01 8.000000000000000000e+00 0.000000000000000000e+00
2.000000000000000000e+00 1.250000000000000000e-01 9.000000000000000222e-01 5.000000000000000000e+00 0.000000000000000000e+00
2.000000000000000000e+00 1.767766952966368932e-01 9.000000000000000222e-01 7.000000000000000000e+00 0.000000000000000000e+00
2.000000000000000000e+00 2.500000000000000000e-01 9.000000000000000222e-01 9.000000000000000000e+00 0.000000000000000000e+00
2.000000000000000000e+00 3.535533905932737864e-01 9.000000000000000222e-01 9.000000000000000000e+00 0.000000000000000000e+00
2.000000000000000000e+00 5.000000000000000000e-01 9.000000000000000222e-01 1.000000000000000000e+01 0.000000000000000000e+00
2.000000000000000000e+00 7.071067811865475727e-01 9.000000000000000222e-01 1.000000000000000000e+01 0.000000000000000000e+00
2.000000000000000000e+00 1.000000000000000000e+00 9.000000000000000222e-01 1.000000000000000000e+01 0.000000000000000000e+00
2.000000000000000000e+00 1.414213562373095145e+00 9.000000000000000222e-01 1.000000000000000000e+01 0.000000000000000000e+00
2.000000000000000000e+00 2.000000000000000000e+00 9.000000000000000222e-01 1.000000000000000000e+01 0.000000000000000000e+00
2.000000000000000000e+00 2.828427124746190291e+00 9.000000000000000222e-01 1.000000000000000000e+01 0.000000000000000000e+00
2.000000000000000000e+00 4.000000000000000000e+00 9.000000000000000222e-01 1.000000000000000000e+01 0.000000000000000000e+00
2.000000000000000000e+00 5.656854249492380582e+00 9.000000000000000222e-01 1.000000000000000000e+01 0.000000000000000000e+00
2.000000000000000000e+00 8.000000000000000000e+00 9.000000000000000222e-01 1.000000000000000000e+01 0.000000000000000000e+00
2.000000000000000000e+00 1.131370849898476116e+01 9.000000000000000222e-01 1.000000000000000000e+01 0.000000000000000000e+00
2.000000000000000000e+00 1.600000000000000000e+01 9.000000000000000222e-01 1.000000000000000000e+01 0.000000000000000000e+00
2.000000000000000000e+00 2.262741699796952233e+01 9.000000000000000222e-01 1.000000000000000000e+01 0.000000000000000000e+00
2.000000000000000000e+00 3.200000000000000000e+01 9.000000000000000222e-01 1.000000000000000000e+01 0.000000000000000000e+00
2.000000000000000000e+00 4.525483399593904466e+01 9.000000000000000222e-01 1.000000000000000000e+01 0.000000000000000000e+00
2.000000000000000000e+00 6.400000000000000000e+01 9.000000000000000222e-01 1.000000000000000000e+01 0.000000000000000000e+00
2.000000000000000000e+00 9.050966799187808931e+01 9.000000000000000222e-01 1.000000000000000000e+01 0.000000000000000000e+00
2.000000000000000000e+00 1.280000000000000000e+02 9.000000000000000222e-01 1.000000000000000000e+01 0.000000000000000000e+00
3.000000000000000000e+00 6.250000000000000000e-02 9.000000000000000222e-01 1.500000000000000000e+01 0.000000000000000000e+00
3.000000000000000000e+00 8.838834764831844659e-02 9.000000000000000222e-01 1.100000000000000000e+01 0.000000000000000000e+00
3.000000000000000000e+00 1.250000000000000000e-01 9.000000000000000222e-01 1.000000000000000000e+01 0.000000000000000000e+00
3.000000000000000000e+00 1.767766952966368932e-01 9.000000000000000222e-01 1.000000000000000000e+01 0.000000000000000000e+00
3.000000000000000000e+00 2.500000000000000000e-01 9.000000000000000222e-01 1.200000000000000000e+01 0.000000000000000000e+00
3.000000000000000000e+00 3.535533905932737864e-01 9.000000000000000222e-01 1.300000000000000000e+01 0.000000000000000000e+00
3.000000000000000000e+00 5.000000000000000000e-01 9.000000000000000222e-01 1.200000000000000000e+01 0.000000000000000000e+00
3.000000000000000000e+00 7.071067811865475727e-01 9.000000000000000222e-01 1.500000000000000000e+01 0.000000000000000000e+00
3.000000000000000000e+00 1.000000000000000000e+00 9.000000000000000222e-01 1.500000000000000000e+01 0.000000000000000000e+00
3.000000000000000000e+00 1.414213562373095145e+00 9.000000000000000222e-01 1.500000000000000000e+01 0.000000000000000000e+00
3.000000000000000000e+00 2.000000000000000000e+00 9.000000000000000222e-01 1.500000000000000000e+01 0.000000000000000000e+00
3.000000000000000000e+00 2.828427124746190291e+00 9.000000000000000222e-01 1.500000000000000000e+01 0.000000000000000000e+00
3.000000000000000000e+00 4.000000000000000000e+00 9.000000000000000222e-01 1.500000000000000000e+01 0.000000000000000000e+00
3.000000000000000000e+00 5.656854249492380582e+00 9.000000000000000222e-01 1.500000000000000000e+01 0.000000000000000000e+00
3.000000000000000000e+00 8.000000000000000000e+00 9.000000000000000222e-01 1.500000000000000000e+01 0.000000000000000000e+00
3.000000000000000000e+00 1.131370849898476116e+01 9.000000000000000222e-01 1.500000000000000000e+01 0.000000000000000000e+00
3.000000000000000000e+00 1.600000000000000000e+01 9.000000000000000222e-01 1.500000000000000000e+01 0.000000000000000000e+00
3.000000000000000000e+00 2.262741699796952233e+01 9.000000000000000222e-01 1.500000000000000000e+01 0.000000000000000000e+00
3.000000000000000000e+00 3.200000000000000000e+01 9.000000000000000222e-01 1.500000000000000000e+01 0.000000000000000000e+00
3.000000000000000000e+00 4.525483399593904466e+01 9.000000000000000222e-01 1.500000000000000000e+01 0.000000000000000000e+00
3.000000000000000000e+00 6.400000000000000000e+01 9.000000000000000222e-01 1.500000000000000000e+01 0.000000000000000000e+00
3.000000000000000000e+00 9.050966799187808931e+01 9.000000000000000222e-01 1.500000000000000000e+01 0.000000000000000000e+00
3.000000000000000000e+00 1.280000000000000000e+02 9.000000000000000222e-01 1.500000000000000000e+01 0.000000000000000000e+00
4.000000000000000000e+00 6.250000000000000000e-02 9.000000000000000222e-01 1.600000000000000000e+01 0.000000000000000000e+00
4.000000000000000000e+00 8.838834764831844659e-02 9.000000000000000222e-01 1.400000000000000000e+01 0.000000000000000000e+00
4.000000000000000000e+00 1.250000000000000000e-01 9.000000000000000222e-01 1.000000000000000000e+01 0.000000000000000000e+00
4.000000000000000000e+00 1.767766952966368932e-01 9.000000000000000222e-01 1.000000000000000000e+01 0.000000000000000000e+00
4.000000000000000000e+00 2.500000000000000000e-01 9.000000000000000222e-01 1.000000000000000000e+01 0.000000000000000000e+00
4.000000000000000000e+00 3.535533905932737864e-01 9.000000000000000222e-01 1.100000000000000000e+01 0.000000000000000000e+00
4.000000000000000000e+00 5.000000000000000000e-01 9.000000000000000222e-01 1.200000000000000000e+01 0.000000000000000000e+00
4.000000000000000000e+00 7.071067811865475727e-01 9.000000000000000222e-01 1.500000000000000000e+01 0.000000000000000000e+00
4.000000000000000000e+00 1.000000000000000000e+00 9.000000000000000222e-01 1.900000000000000000e+01 0.000000000000000000e+00
4.000000000000000000e+00 1.414213562373095145e+00 9.000000000000000222e-01 1.900000000000000000e+01 0.000000000000000000e+00
4.000000000000000000e+00 2.000000000000000000e+00 9.000000000000000222e-01 1.900000000000000000e+01 0.000000000000000000e+00
4.000000000000000000e+00 2.828427124746190291e+00 9.000000000000000222e-01 1.900000000000000000e+01 0.000000000000000000e+00
4.000000000000000000e+00 4.000000000000000000e+00 9.000000000000000222e-01 1.900000000000000000e+01 0.000000000000000000e+00
4.000000000000000000e+00 5.656854249492380582e+00 9.000000000000000222e-01 1.900000000000000000e+01 0.000000000000000000e+00
4.000000000000000000e+00 8.000000000000000000e+00 9.000000000000000222e-01 2.000000000000000000e+01 0.000000000000000000e+00
4.000000000000000000e+00 1.131370849898476116e+01 9.000000000000000222e-01 1.900000000000000000e+01 0.000000000000000000e+00
4.000000000000000000e+00 1.600000000000000000e+01 9.000000000000000222e-01 1.900000000000000000e+01 0.000000000000000000e+00
4.000000000000000000e+00 2.262741699796952233e+01 9.000000000000000222e-01 1.900000000000000000e+01 0.000000000000000000e+00
4.000000000000000000e+00 3.200000000000000000e+01 9.000000000000000222e-01 2.000000000000000000e+01 0.000000000000000000e+00
4.000000000000000000e+00 4.525483399593904466e+01 9.000000000000000222e-01 2.000000000000000000e+01 0.000000000000000000e+00
4.000000000000000000e+00 6.400000000000000000e+01 9.000000000000000222e-01 2.000000000000000000e+01 0.000000000000000000e+00
4.000000000000000000e+00 9.050966799187808931e+01 9.000000000000000222e-01 2.000000000000000000e+01 0.000000000000000000e+00
4.000000000000000000e+00 1.280000000000000000e+02 9.000000000000000222e-01 2.000000000000000000e+01 0.000000000000000000e+00
5.000000000000000000e+00 6.250000000000000000e-02 9.000000000000000222e-01 1.900000000000000000e+01 0.000000000000000000e+00
5.000000000000000000e+00 8.838834764831844659e-02 9.000000000000000222e-01 1.700000000000000000e+01 0.000000000000000000e+00
5.000000000000000000e+00 1.250000000000000000e-01 9.000000000000000222e-01 1.100000000000000000e+01 0.000000000000000000e+00
5.000000000000000000e+00 1.767766952966368932e-01 9.000000000000000222e-01 1.000000000000000000e+01 0.000000000000000000e+00
5.000000000000000000e+00 2.500000000000000000e-01 9.000000000000000222e-01 1.100000000000000000e+01 0.000000000000000000e+00
5.000000000000000000e+00 3.535533905932737864e-01 9.000000000000000222e-01 1.200000000000000000e+01 0.000000000000000000e+00
5.000000000000000000e+00 5.000000000000000000e-01 9.000000000000000222e-01 1.400000000000000000e+01 0.000000000000000000e+00
5.000000000000000000e+00 7.071067811865475727e-01 9.000000000000000222e-01 1.700000000000000000e+01 0.000000000000000000e+00
5.000000000000000000e+00 1.000000000000000000e+00 9.000000000000000222e-01 2.000000000000000000e+01 0.000000000000000000e+00
5.000000000000000000e+00 1.414213562373095145e+00 9.000000000000000222e-01 1.900000000000000000e+01 0.000000000000000000e+00
5.000000000000000000e+00 2.000000000000000000e+00 9.000000000000000222e-01 2.000000000000000000e+01 0.000000000000000000e+00
5.000000000000000000e+00 2.828427124746190291e+00 9.000000000000000222e-01 2.000000000000000000e+01 0.000000000000000000e+00
5.000000000000000000e+00 4.000000000000000000e+00 9.000000000000000222e-01 2.200000000000000000e+01 0.000000000000000000e+00
5.000000000000000000e+00 5.656854249492380582e+00 9.000000000000000222e-01 2.200000000000000000e+01 0.000000000000000000e+00
5.000000000000000000e+00 8.000000000000000000e+00 9.000000000000000222e-01 2.200000000000000000e+01 0.000000000000000000e+00
5.000000000000000000e+00 1.131370849898476116e+01 9.000000000000000222e-01 2.300000000000000000e+01 0.000000000000000000e+00
5.000000000000000000e+00 1.600000000000000000e+01 9.000000000000000222e-01 2.400000000000000000e+01 0.000000000000000000e+00
5.000000000000000000e+00 2.262741699796952233e+01 9.000000000000000222e-01 2.500000000000000000e+01 0.000000000000000000e+00
5.000000000000000000e+00 3.200000000000000000e+01 9.000000000000000222e-01 2.400000000000000000e+01 0.000000000000000000e+00
5.000000000000000000e+00 4.525483399593904466e+01 9.000000000000000222e-01 2.400000000000000000e+01 0.000000000000000000e+00
5.000000000000000000e+00 6.400000000000000000e+01 9.000000000000000222e-01 2.500000000000000000e+01 0.000000000000000000e+00
5.000000000000000000e+00 9.050966799187808931e+01 9.000000000000000222e-01 2.500000000000000000e+01 0.000000000000000000e+00
5.000000000000000000e+00 1.280000000000000000e+02 9.000000000000000222e-01 2.500000000000000000e+01 0.000000000000000000e+00
