1.000000000000000000e+00 6.250000000000000000e-02 0.000000000000000000e+00 1.000300550835594660e+00 4.442189958556733913e-04
1.000000000000000000e+00 7.179364718731469364e-02 0.000000000000000000e+00 1.000130233509387567e+00 2.331162494398649040e-04
1.000000000000000000e+00 8.246924442330591520e-02 0.000000000000000000e+00 1.000104711235538790e+00 2.326565911051849307e-04
1.000000000000000000e+00 9.473228540689991595e-02 0.000000000000000000e+00 1.000090331825870482e+00 1.948688933168752572e-04
1.000000000000000000e+00 1.088188204120155711e-01 0.000000000000000000e+00 1.000068896321114176e+00 1.387323605516745074e-04
1.000000000000000000e+00 1.250000000000000833e-01 0.000000000000000000e+00 1.000045504647622874e+00 9.242315493753839109e-05
1.000000000000000000e+00 1.435872943746294705e-01 0.000000000000000000e+00 1.000026666780842177e+00 6.146539039981342419e-05
1.000000000000000000e+00 1.649384888466119137e-01 0.000000000000000000e+00 1.000014647907527143e+00 3.460344710729967735e-05
1.000000000000000000e+00 1.894645708137999429e-01 0.000000000000000000e+00 1.000009599484858125e+00 1.431297541311698083e-05
1.000000000000000000e+00 2.176376408240312810e-01 0.000000000000000000e+00 1.000012827849950048e+00 1.463759652223439533e-05
1.000000000000000000e+00 2.500000000000003331e-01 0.000000000000000000e+00 1.000029595976263730e+00 3.689556205296593477e-05
1.000000000000000000e+00 2.871745887492591631e-01 0.000000000000000000e+00 1.000079410433164062e+00 9.656208036498639560e-05
1.000000000000000000e+00 3.298769776932240494e-01 0.000000000000000000e+00 1.000240740590126798e+00 2.884075971188783416e-04
1.000000000000000000e+00 3.789291416276001079e-01 0.000000000000000000e+00 1.000965376505010163e+00 1.236110229263433875e-03
1.000000000000000000e+00 4.352752816480628395e-01 0.000000000000000000e+00 1.011430588010394649e+00 2.250552281798291407e-02
1.000000000000000000e+00 5.000000000000008882e-01 0.000000000000000000e+00 1.050104663721710407e+00 9.213082037407947789e-02
1.000000000000000000e+00 5.743491774985186593e-01 0.000000000000000000e+00 1.080943646290818627e+00 1.438087473787445225e-01
1.000000000000000000e+00 6.597539553864485429e-01 0.000000000000000000e+00 1.060155220420147426e+00 7.502582569943409829e-02
1.000000000000000000e+00 7.578582832552007709e-01 0.000000000000000000e+00 1.083276616296612982e+00 1.119837453005340933e-01
1.000000000000000000e+00 8.705505632961261231e-01 0.000000000000000000e+00 1.121444462235327011e+00 1.463400199348932618e-01
1.000000000000000000e+00 1.000000000000002442e+00 0.000000000000000000e+00 1.204560868672062801e+00 2.150266590485495066e-01
1.000000000000000000e+00 1.148698354997037985e+00 0.000000000000000000e+00 1.234380262484084501e+00 3.191989119714157552e-01
1.000000000000000000e+00 1.319507910772897752e+00 0.000000000000000000e+00 1.229879855294193636e+00 3.068722254732972332e-01
1.000000000000000000e+00 1.515716566510402430e+00 0.000000000000000000e+00 1.156992346659310833e+00 2.102091923120412986e-01
1.000000000000000000e+00 1.741101126592253356e+00 0.000000000000000000e+00 1.148229126502319675e+00 1.664564186253926770e-01
1.000000000000000000e+00 2.000000000000006217e+00 0.000000000000000000e+00 1.157436195323881867e+00 2.035019032502561054e-01
1.000000000000000000e+00 2.297396709994077302e+00 0.000000000000000000e+00 1.221773669509663929e+00 2.562163818832341455e-01
1.000000000000000000e+00 2.639015821545797280e+00 0.000000000000000000e+00 1.291529377834454095e+00 4.121924516049226828e-01
1.000000000000000000e+00 3.031433133020806636e+00 0.000000000000000000e+00 1.125994423595345628e+00 1.207492540030527389e-01
1.000000000000000000e+00 3.482202253184508933e+00 0.000000000000000000e+00 1.127199953577009417e+00 1.490030131723220630e-01
1.000000000000000000e+00 4.000000000000015099e+00 0.000000000000000000e+00 1.291012755252172406e+00 3.535183338838104872e-01
1.000000000000000000e+00 4.594793419988157268e+00 0.000000000000000000e+00 1.305959585342517659e+00 4.543453572424421827e-01
1.000000000000000000e+00 5.278031643091598113e+00 0.000000000000000000e+00 1.301853816169698641e+00 2.858328544895698542e-01
1.000000000000000000e+00 6.062866266041616825e+00 0.000000000000000000e+00 1.363055181763708212e+00 3.681008494713685075e-01
1.000000000000000000e+00 6.964404506369022307e+00 0.000000000000000000e+00 1.363902486399799052e+00 4.434460946005761017e-01
1.000000000000000000e+00 8.000000000000033751e+00 0.000000000000000000e+00 1.195251069935717059e+00 1.400894313594846508e-01
1.000000000000000000e+00 9.189586839976321642e+00 0.000000000000000000e+00 1.174647846600924694e+00 1.991229170167020390e-01
1.000000000000000000e+00 1.055606328618320155e+01 0.000000000000000000e+00 1.220527516053549366e+00 2.267946417865810971e-01
1.000000000000000000e+00 1.212573253208324076e+01 0.000000000000000000e+00 1.094193793652570079e+00 6.631694498706114382e-02
1.000000000000000000e+00 1.392880901273805350e+01 0.000000000000000000e+00 1.290658592069699129e+00 3.562138339050801017e-01
1.000000000000000000e+00 1.600000000000007816e+01 0.000000000000000000e+00 1.300625627196911438e+00 3.319510214382950242e-01
3.000000000000000000e+00 6.250000000000000000e-02 0.000000000000000000e+00 1.000642019241836378e+00 1.467585944347187020e-03
3.000000000000000000e+00 7.179364718731469364e-02 0.000000000000000000e+00 1.000306885756036213e+00 7.077561874593102592e-04
3.000000000000000000e+00 8.246924442330591520e-02 0.000000000000000000e+00 1.000129168641092026e+00 2.999091297787068828e-04
3.000000000000000000e+00 9.473228540689991595e-02 0.000000000000000000e+00 1.000050449701238131e+00 1.105117546549695906e-04
3.000000000000000000e+00 1.088188204120155711e-01 0.000000000000000000e+00 1.000023669472798193e+00 4.705021635540072947e-05
3.000000000000000000e+00 1.250000000000000833e-01 0.000000000000000000e+00 1.000017151367477153e+00 4.108199889119226988e-05
3.000000000000000000e+00 1.435872943746294705e-01 0.000000000000000000e+00 1.000016568772220893e+00 4.249047073559429806e-05
3.000000000000000000e+00 1.649384888466119137e-01 0.000000000000000000e+00 1.000016864911415171e+00 3.930022385402665079e-05
3.000000000000000000e+00 1.894645708137999429e-01 0.000000000000000000e+00 1.000017980957166763e+00 3.154985918258646491e-05
3.000000000000000000e+00 2.176376408240312810e-01 0.000000000000000000e+00 1.000023491003837695e+00 2.439552592652671713e-05
3.000000000000000000e+00 2.500000000000003331e-01 0.000000000000000000e+00 1.000042056181353667e+00 3.350253297601958597e-05
3.000000000000000000e+00 2.871745887492591631e-01 0.000000000000000000e+00 1.000093337352958356e+00 7.618484754703437351e-05
3.000000000000000000e+00 3.298769776932240494e-01 0.000000000000000000e+00 1.000225187321092113e+00 1.869763208773917893e-04
3.000000000000000000e+00 3.789291416276001079e-01 0.000000000000000000e+00 1.000571264494855672e+00 4.819978342911897490e-04
3.000000000000000000e+00 4.352752816480628395e-01 0.000000000000000000e+00 1.001571773062933435e+00 1.338930347884077559e-03
3.000000000000000000e+00 5.000000000000008882e-01 0.000000000000000000e+00 1.005301498162284757e+00 4.534411063341613549e-03
3.000000000000000000e+00 5.743491774985186593e-01 0.000000000000000000e+00 1.018838409437774484e+00 1.765503523383685908e-02
3.000000000000000000e+00 6.597539553864485429e-01 0.000000000000000000e+00 1.040372551662006817e+00 4.664739014871589762e-02
3.000000000000000000e+00 7.578582832552007709e-01 0.000000000000000000e+00 1.072625997239304629e+00 8.562879926884670034e-02
3.000000000000000000e+00 8.705505632961261231e-01 0.000000000000000000e+00 1.135283850178627318e+00 1.557500797828416939e-01
3.000000000000000000e+00 1.000000000000002442e+00 0.000000000000000000e+00 1.227178901552307799e+00 2.578197369405101358e-01
3.000000000000000000e+00 1.148698354997037985e+00 0.000000000000000000e+00 1.234859799921966594e+00 2.305913534883038685e-01
3.000000000000000000e+00 1.319507910772897752e+00 0.000000000000000000e+00 1.191052157245594545e+00 1.656336450886111145e-01
3.000000000000000000e+00 1.515716566510402430e+00 0.000000000000000000e+00 1.166541227021145488e+00 1.396782362039125092e-01
3.000000000000000000e+00 1.741101126592253356e+00 0.000000000000000000e+00 1.194009842909957708e+00 1.587429189230794013e-01
3.000000000000000000e+00 2.000000000000006217e+00 0.000000000000000000e+00 1.317932221137053217e+00 2.617752560865683198e-01
3.000000000000000000e+00 2.297396709994077302e+00 0.000000000000000000e+00 1.373097668388503889e+00 4.167089007883543195e-01
3.000000000000000000e+00 2.639015821545797280e+00 0.000000000000000000e+00 1.291813015677209409e+00 3.011281020148732224e-01
3.000000000000000000e+00 3.031433133020806636e+00 0.000000000000000000e+00 1.221966821379566026e+00 1.942023322455038448e-01
3.000000000000000000e+00 3.482202253184508933e+00 0.000000000000000000e+00 1.225082849648515770e+00 1.052532026150904132e-01
3.000000000000000000e+00 4.000000000000015099e+00 0.000000000000000000e+00 1.191188130606567031e+00 1.283276873586285949e-01
3.000000000000000000e+00 4.594793419988157268e+00 0.000000000000000000e+00 1.301617263558066728e+00 3.768795464029335296e-01
3.000000000000000000e+00 5.278031643091598113e+00 0.000000000000000000e+00 1.310814749457504869e+00 2.173188629616026879e-01
3.000000000000000000e+00 6.062866266041616825e+00 0.000000000000000000e+00 1.261374238119774560e+00 2.475936799586807013e-01
3.000000000000000000e+00 6.964404506369022307e+00 0.000000000000000000e+00 1.231706032910899751e+00 1.256714211523866087e-01
3.000000000000000000e+00 8.000000000000033751e+00 0.000000000000000000e+00 1.216007488926920121e+00 1.222836695258285034e-01
3.000000000000000000e+00 9.189586839976321642e+00 0.000000000000000000e+00 1.276821639332396119e+00 2.983511495853408135e-01
3.000000000000000000e+00 1.055606328618320155e+01 0.000000000000000000e+00 1.199001243368180702e+00 1.600932835738827220e-01
3.000000000000000000e+00 1.212573253208324076e+01 0.000000000000000000e+00 1.206622140069103510e+00 1.033581634572696833e-01
3.000000000000000000e+00 1.392880901273805350e+01 0.000000000000000000e+00 1.255586929362132897e+00 2.028568816381459694e-01
3.000000000000000000e+00 1.600000000000007816e+01 0.000000000000000000e+00 1.215718045267399017e+00 8.898294596684368229e-02
5.000000000000000000e+00 6.250000000000000000e-02 0.000000000000000000e+00 1.002210540218230417e+00 6.495480280699188376e-03
5.000000000000000000e+00 7.179364718731469364e-02 0.000000000000000000e+00 1.001659800025563429e+00 4.923688506071315779e-03
5.000000000000000000e+00 8.246924442330591520e-02 0.000000000000000000e+00 1.001203105767521251e+00 3.581921385346738089e-03
5.000000000000000000e+00 9.473228540689991595e-02 0.000000000000000000e+00 1.000829193844286147e+00 2.474632290808681436e-03
5.000000000000000000e+00 1.088188204120155711e-01 0.000000000000000000e+00 1.000544216109107376e+00 1.626809287591008410e-03
5.000000000000000000e+00 1.250000000000000833e-01 0.000000000000000000e+00 1.000359049288776836e+00 1.073096159495323795e-03
5.000000000000000000e+00 1.435872943746294705e-01 0.000000000000000000e+00 1.000252523196226040e+00 7.510478387041876099e-04
5.000000000000000000e+00 1.649384888466119137e-01 0.000000000000000000e+00 1.000184099058693654e+00 5.375581159326756151e-04
5.000000000000000000e+00 1.894645708137999429e-01 0.000000000000000000e+00 1.000114205372813814e+00 3.077244971036400406e-04
5.000000000000000000e+00 2.176376408240312810e-01 0.000000000000000000e+00 1.000082980381364894e+00 1.663191337137893944e-04
5.000000000000000000e+00 2.500000000000003331e-01 0.000000000000000000e+00 1.000097639291622542e+00 9.808829378681628564e-05
5.000000000000000000e+00 2.871745887492591631e-01 0.000000000000000000e+00 1.000177069422491627e+00 8.803889767500803001e-05
5.000000000000000000e+00 3.298769776932240494e-01 0.000000000000000000e+00 1.000415076443352813e+00 2.066247153912808881e-04
5.000000000000000000e+00 3.789291416276001079e-01 0.000000000000000000e+00 1.001071737436927567e+00 6.069108695882016865e-04
5.000000000000000000e+00 4.352752816480628395e-01 0.000000000000000000e+00 1.003016356179505575e+00 2.014133607826132290e-03
5.000000000000000000e+00 5.000000000000008882e-01 0.000000000000000000e+00 1.009210887819719682e+00 7.408189219106043125e-03
5.000000000000000000e+00 5.743491774985186593e-01 0.000000000000000000e+00 1.028276794029856500e+00 2.689700214758862853e-02
5.000000000000000000e+00 6.597539553864485429e-01 0.000000000000000000e+00 1.062409492957332890e+00 5.889320824714269070e-02
5.000000000000000000e+00 7.578582832552007709e-01 0.000000000000000000e+00 1.095907337387345803e+00 7.270929954646673798e-02
5.000000000000000000e+00 8.705505632961261231e-01 0.000000000000000000e+00 1.140041581574287033e+00 1.089084793597193540e-01
5.000000000000000000e+00 1.000000000000002442e+00 0.000000000000000000e+00 1.177684489818523472e+00 1.513478562563958241e-01
5.000000000000000000e+00 1.148698354997037985e+00 0.000000000000000000e+00 1.205040275960320928e+00 1.776968039223833784e-01
5.000000000000000000e+00 1.319507910772897752e+00 0.000000000000000000e+00 1.187198667951799180e+00 1.321872216282163892e-01
5.000000000000000000e+00 1.515716566510402430e+00 0.000000000000000000e+00 1.177518714450893400e+00 9.834965547241505956e-02
5.000000000000000000e+00 1.741101126592253356e+00 0.000000000000000000e+00 1.183609541162266021e+00 1.341108635258266568e-01
5.000000000000000000e+00 2.000000000000006217e+00 0.000000000000000000e+00 1.195099157357690345e+00 1.478600141844423899e-01
5.000000000000000000e+00 2.297396709994077302e+00 0.000000000000000000e+00 1.200818291397716120e+00 1.417698784318521255e-01
5.000000000000000000e+00 2.639015821545797280e+00 0.000000000000000000e+00 1.217869029509134782e+00 1.841898180523257045e-01
5.000000000000000000e+00 3.031433133020806636e+00 0.000000000000000000e+00 1.210609361780917048e+00 1.583155800598733398e-01
5.000000000000000000e+00 3.482202253184508933e+00 0.000000000000000000e+00 1.223407456934975768e+00 2.118880873614457094e-01
5.000000000000000000e+00 4.000000000000015099e+00 0.000000000000000000e+00 1.144702460153266044e+00 5.118650311476292958e-02
5.000000000000000000e+00 4.594793419988157268e+00 0.000000000000000000e+00 1.162225124834826984e+00 7.113253535896132962e-02
5.000000000000000000e+00 5.278031643091598113e+00 0.000000000000000000e+00 1.169552490132226286e+00 1.342749675499586570e-01
5.000000000000000000e+00 6.062866266041616825e+00 0.000000000000000000e+00 1.194396743189349852e+00 8.858118510160783998e-02
5.000000000000000000e+00 6.964404506369022307e+00 0.000000000000000000e+00 1.159751754771610521e+00 7.042020207475918614e-02
5.000000000000000000e+00 8.000000000000033751e+00 0.000000000000000000e+00 1.160459078891426188e+00 7.057737096967371671e-02
5.000000000000000000e+00 9.189586839976321642e+00 0.000000000000000000e+00 1.172989657609799341e+00 8.864044467746146072e-02
5.000000000000000000e+00 1.055606328618320155e+01 0.000000000000000000e+00 1.254128973310305373e+00 1.413160632838021957e-01
5.000000000000000000e+00 1.212573253208324076e+01 0.000000000000000000e+00 1.183803840050577927e+00 7.054764284253177420e-02
5.000000000000000000e+00 1.392880901273805350e+01 0.000000000000000000e+00 1.190003969017573215e+00 1.211593897298734041e-01
5.000000000000000000e+00 1.600000000000007816e+01 0.000000000000000000e+00 1.208282196906132588e+00 1.808557998851818283e-01
