1.000000000000000000e+00 6.250000000000000000e-02 0.000000000000000000e+00 1.029372124138465017e+00 4.638586604019122317e-02
1.000000000000000000e+00 6.698584140851832069e-02 0.000000000000000000e+00 1.020038997578915474e+00 3.117350434583646829e-02
1.000000000000000000e+00 7.179364718731469364e-02 0.000000000000000000e+00 1.013676695083598256e+00 2.069818661284848413e-02
1.000000000000000000e+00 7.694652583405728330e-02 0.000000000000000000e+00 1.009375438751683784e+00 1.351591066061127652e-02
1.000000000000000000e+00 8.246924442330591520e-02 0.000000000000000000e+00 1.006622972374541680e+00 9.063072027067136868e-03
1.000000000000000000e+00 8.838834764831847435e-02 0.000000000000000000e+00 1.004875132510749447e+00 6.334952987479794580e-03
1.000000000000000000e+00 9.473228540689991595e-02 0.000000000000000000e+00 1.003829598663141365e+00 4.956551818480836938e-03
1.000000000000000000e+00 1.015315495445294897e-01 0.000000000000000000e+00 1.003200639106669012e+00 4.315112128700563515e-03
1.000000000000000000e+00 1.088188204120155711e-01 0.000000000000000000e+00 1.002797071559667463e+00 3.957954091496091592e-03
1.000000000000000000e+00 1.166291239421009956e-01 0.000000000000000000e+00 1.002462344082771351e+00 3.646967492802859808e-03
1.000000000000000000e+00 1.250000000000000833e-01 0.000000000000000000e+00 1.002139931530292571e+00 3.306950450932766728e-03
1.000000000000000000e+00 1.339716828170367247e-01 0.000000000000000000e+00 1.001800052940976737e+00 2.880147887998788219e-03
1.000000000000000000e+00 1.435872943746294705e-01 0.000000000000000000e+00 1.001462443273469338e+00 2.405736290630037730e-03
1.000000000000000000e+00 1.538930516681146499e-01 0.000000000000000000e+00 1.001138619171642041e+00 1.907918811290649228e-03
1.000000000000000000e+00 1.649384888466119137e-01 0.000000000000000000e+00 1.000844581168071290e+00 1.433531535667114873e-03
1.000000000000000000e+00 1.767766952966370320e-01 0.000000000000000000e+00 1.000597702093908747e+00 1.013662192449973952e-03
1.000000000000000000e+00 1.894645708137999429e-01 0.000000000000000000e+00 1.000401189111523648e+00 6.720062057974227803e-04
1.000000000000000000e+00 2.030630990890590903e-01 0.000000000000000000e+00 1.000259386014198171e+00 4.286703060696168900e-04
1.000000000000000000e+00 2.176376408240312810e-01 0.000000000000000000e+00 1.000161876685293993e+00 2.625663523488132051e-04
1.000000000000000000e+00 2.332582478842021301e-01 0.000000000000000000e+00 1.000098661729123872e+00 1.555902254165847506e-04
1.000000000000000000e+00 2.500000000000003331e-01 0.000000000000000000e+00 1.000061850020411924e+00 8.980198298552792568e-05
1.000000000000000000e+00 2.679433656340736158e-01 0.000000000000000000e+00 1.000043266466318581e+00 5.113712454701198101e-05
1.000000000000000000e+00 2.871745887492591631e-01 0.000000000000000000e+00 1.000037608388985699e+00 3.797959435396930372e-05
1.000000000000000000e+00 3.077861033362295218e-01 0.000000000000000000e+00 1.000042733528983208e+00 5.099500731750555822e-05
1.000000000000000000e+00 3.298769776932240494e-01 0.000000000000000000e+00 1.000057937072736713e+00 7.929257901426960793e-05
1.000000000000000000e+00 3.535533905932742860e-01 0.000000000000000000e+00 1.000084797364675149e+00 1.217200871441145225e-04
1.000000000000000000e+00 3.789291416276001079e-01 0.000000000000000000e+00 1.000127151605660680e+00 1.844248906838751598e-04
1.000000000000000000e+00 4.061261981781184582e-01 0.000000000000000000e+00 1.000191586512461539e+00 2.779519326096570580e-04
1.000000000000000000e+00 4.352752816480628395e-01 0.000000000000000000e+00 1.000288510744490322e+00 4.179136339571841202e-04
1.000000000000000000e+00 4.665164957684045377e-01 0.000000000000000000e+00 1.000433387400629037e+00 6.281086452195550280e-04
1.000000000000000000e+00 5.000000000000008882e-01 0.000000000000000000e+00 1.000650296395439121e+00 9.432083640285627863e-04
1.000000000000000000e+00 5.358867312681475648e-01 0.000000000000000000e+00 1.000972585630429235e+00 1.412327807208151346e-03
1.000000000000000000e+00 5.743491774985186593e-01 0.000000000000000000e+00 1.001448443625532203e+00 2.104804160233672301e-03
1.000000000000000000e+00 6.155722066724593766e-01 0.000000000000000000e+00 1.002146171973861577e+00 3.119825470551112947e-03
1.000000000000000000e+00 6.597539553864485429e-01 0.000000000000000000e+00 1.003162108683251619e+00 4.597481288748537717e-03
1.000000000000000000e+00 7.071067811865490160e-01 0.000000000000000000e+00 1.004626746014953831e+00 6.729960308784664613e-03
1.000000000000000000e+00 7.578582832552007709e-01 0.000000000000000000e+00 1.006713431498936107e+00 9.767826859902559167e-03
1.000000000000000000e+00 8.122523963562373606e-01 0.000000000000000000e+00 1.009662088203703734e+00 1.404084722347667333e-02
1.000000000000000000e+00 8.705505632961261231e-01 0.000000000000000000e+00 1.013802009620123901e+00 2.001660739072049638e-02
1.000000000000000000e+00 9.330329915368096305e-01 0.000000000000000000e+00 1.019625082588174747e+00 2.839099470912346060e-02
1.000000000000000000e+00 1.000000000000002442e+00 0.000000000000000000e+00 1.027805294045429196e+00 4.004666929722770080e-02
1.000000000000000000e+00 1.071773462536295574e+00 0.000000000000000000e+00 1.038863949746197335e+00 5.560911643397763865e-02
1.000000000000000000e+00 1.148698354997037985e+00 0.000000000000000000e+00 1.052798546510607336e+00 7.477409343267844843e-02
1.000000000000000000e+00 1.231144413344919863e+00 0.000000000000000000e+00 1.068410492058248673e+00 9.532190699639854492e-02
1.000000000000000000e+00 1.319507910772897752e+00 0.000000000000000000e+00 1.083409276004879462e+00 1.125649950403286026e-01
1.000000000000000000e+00 1.414213562373098476e+00 0.000000000000000000e+00 1.095839624455217098e+00 1.228194719727165735e-01
1.000000000000000000e+00 1.515716566510402430e+00 0.000000000000000000e+00 1.105801385087491928e+00 1.282410130902233714e-01
1.000000000000000000e+00 1.624504792712476275e+00 0.000000000000000000e+00 1.115057423108541723e+00 1.354038988900896912e-01
1.000000000000000000e+00 1.741101126592253356e+00 0.000000000000000000e+00 1.123525960324680550e+00 1.464126901290765670e-01
1.000000000000000000e+00 1.866065983073619927e+00 0.000000000000000000e+00 1.131364986582016563e+00 1.606912985175732167e-01
1.000000000000000000e+00 2.000000000000006217e+00 0.000000000000000000e+00 1.147302152982087486e+00 1.815286101864855561e-01
1.000000000000000000e+00 2.143546925072593812e+00 0.000000000000000000e+00 1.173702127553303498e+00 2.165969655482592737e-01
1.000000000000000000e+00 2.297396709994077302e+00 0.000000000000000000e+00 1.205038627433787868e+00 2.572160955776577884e-01
1.000000000000000000e+00 2.462288826689839727e+00 0.000000000000000000e+00 1.223008892738201681e+00 2.772357237844574884e-01
1.000000000000000000e+00 2.639015821545797280e+00 0.000000000000000000e+00 1.235923700405394676e+00 2.844873557712698786e-01
1.000000000000000000e+00 2.828427124746200505e+00 0.000000000000000000e+00 1.252123478090972686e+00 2.890098140256990855e-01
1.000000000000000000e+00 3.031433133020806636e+00 0.000000000000000000e+00 1.248193594411799667e+00 2.702983348271003061e-01
1.000000000000000000e+00 3.249009585424952551e+00 0.000000000000000000e+00 1.230573513216976833e+00 2.268605084005220207e-01
1.000000000000000000e+00 3.482202253184508933e+00 0.000000000000000000e+00 1.222280955611544373e+00 2.007487422617233730e-01
1.000000000000000000e+00 3.732131966147244295e+00 0.000000000000000000e+00 1.236629167702697485e+00 1.872348946846472684e-01
1.000000000000000000e+00 4.000000000000015099e+00 0.000000000000000000e+00 1.259048022854936111e+00 1.960467344938169321e-01
1.000000000000000000e+00 4.287093850145187623e+00 0.000000000000000000e+00 1.262741748560009425e+00 1.872529946327201045e-01
1.000000000000000000e+00 4.594793419988157268e+00 0.000000000000000000e+00 1.278339695326464964e+00 2.184638587856928271e-01
1.000000000000000000e+00 4.924577653379685671e+00 0.000000000000000000e+00 1.270358794768379873e+00 2.078327223519726152e-01
1.000000000000000000e+00 5.278031643091598113e+00 0.000000000000000000e+00 1.256972775259250108e+00 1.759959275685757940e-01
1.000000000000000000e+00 5.656854249492401010e+00 0.000000000000000000e+00 1.272680352104364587e+00 1.867760233942437620e-01
1.000000000000000000e+00 6.062866266041616825e+00 0.000000000000000000e+00 1.335338214688031488e+00 2.184154644740647910e-01
1.000000000000000000e+00 6.498019170849913095e+00 0.000000000000000000e+00 1.339488536960248721e+00 2.143850509329268683e-01
1.000000000000000000e+00 6.964404506369022307e+00 0.000000000000000000e+00 1.365879118972017192e+00 2.313971357291954578e-01
1.000000000000000000e+00 7.464263932294488590e+00 0.000000000000000000e+00 1.342730593029687558e+00 2.129134853742699340e-01
1.000000000000000000e+00 8.000000000000033751e+00 0.000000000000000000e+00 1.330860468540613128e+00 1.898471322977367814e-01
1.000000000000000000e+00 8.574187700290385905e+00 0.000000000000000000e+00 1.344251771316373079e+00 1.687200025234703027e-01
1.000000000000000000e+00 9.189586839976321642e+00 0.000000000000000000e+00 1.313835418142747402e+00 1.619845948606142561e-01
1.000000000000000000e+00 9.849155306759371342e+00 0.000000000000000000e+00 1.289723571025104265e+00 1.076951955513552883e-01
1.000000000000000000e+00 1.055606328618320155e+01 0.000000000000000000e+00 1.297007826345710102e+00 1.554023593034675743e-01
1.000000000000000000e+00 1.131370849898481623e+01 0.000000000000000000e+00 1.308653863919035043e+00 1.198658292923162200e-01
1.000000000000000000e+00 1.212573253208324076e+01 0.000000000000000000e+00 1.338285694747724630e+00 1.650362462979362010e-01
1.000000000000000000e+00 1.299603834169982619e+01 0.000000000000000000e+00 1.286499967632586117e+00 1.355434924215199732e-01
1.000000000000000000e+00 1.392880901273805350e+01 0.000000000000000000e+00 1.307955475699358106e+00 1.505994958503396319e-01
1.000000000000000000e+00 1.492852786458899672e+01 0.000000000000000000e+00 1.305179679668042825e+00 1.714462876275301140e-01
1.000000000000000000e+00 1.600000000000007816e+01 0.000000000000000000e+00 1.288614136361783791e+00 1.546078160775979093e-01
1.000000000000000000e+00 1.714837540058077181e+01 0.000000000000000000e+00 1.362709374923271932e+00 2.523572553863886458e-01
1.000000000000000000e+00 1.837917367995264328e+01 0.000000000000000000e+00 1.264472729741775936e+00 1.769350471326639196e-01
1.000000000000000000e+00 1.969831061351876755e+01 0.000000000000000000e+00 1.294529320724735921e+00 1.697430086105339297e-01
1.000000000000000000e+00 2.111212657236641732e+01 0.000000000000000000e+00 1.315951426069339680e+00 3.288991256752148429e-01
1.000000000000000000e+00 2.262741699796963246e+01 0.000000000000000000e+00 1.345702523834700459e+00 2.096248947337665813e-01
1.000000000000000000e+00 2.425146506416651349e+01 0.000000000000000000e+00 1.340638419429515116e+00 2.269810604372261287e-01
1.000000000000000000e+00 2.599207668339968436e+01 0.000000000000000000e+00 1.221766957397846909e+00 1.034420807822016702e-01
1.000000000000000000e+00 2.785761802547612476e+01 0.000000000000000000e+00 1.303059366016783294e+00 1.508996395367755983e-01
1.000000000000000000e+00 2.985705572917799344e+01 0.000000000000000000e+00 1.283528006509519592e+00 8.226449895357020037e-02
1.000000000000000000e+00 3.200000000000015632e+01 0.000000000000000000e+00 1.286178454590629627e+00 1.482168976946255101e-01
1.000000000000000000e+00 3.429675080116158625e+01 0.000000000000000000e+00 1.286098128679316499e+00 1.535919603829122015e-01
1.000000000000000000e+00 3.675834735990532920e+01 0.000000000000000000e+00 1.336460784354921438e+00 2.109932376470692872e-01
1.000000000000000000e+00 3.939662122703753511e+01 0.000000000000000000e+00 1.318095384794041980e+00 2.377137842986023486e-01
1.000000000000000000e+00 4.222425314473288438e+01 0.000000000000000000e+00 1.282850093564176230e+00 2.077950898841784411e-01
1.000000000000000000e+00 4.525483399593932177e+01 0.000000000000000000e+00 1.256710766474631757e+00 1.032706486772921733e-01
1.000000000000000000e+00 4.850293012833302697e+01 0.000000000000000000e+00 1.336828594367944101e+00 1.560518623825086493e-01
1.000000000000000000e+00 5.198415336679936871e+01 0.000000000000000000e+00 1.251038731293377726e+00 1.074873557528289725e-01
1.000000000000000000e+00 5.571523605095224951e+01 0.000000000000000000e+00 1.287890351328421223e+00 1.509397854933000049e-01
1.000000000000000000e+00 5.971411145835605794e+01 0.000000000000000000e+00 1.339138490069077481e+00 1.925634088078801709e-01
1.000000000000000000e+00 6.400000000000039790e+01 0.000000000000000000e+00 1.282583063064736795e+00 2.117617014031044909e-01
1.000000000000000000e+00 6.859350160232317251e+01 0.000000000000000000e+00 1.260298756202183457e+00 1.427590535322345866e-01
1.000000000000000000e+00 7.351669471981074366e+01 0.000000000000000000e+00 1.336546432876739798e+00 2.916713254387796606e-01
1.000000000000000000e+00 7.879324245407516969e+01 0.000000000000000000e+00 1.304377964569582549e+00 1.911416379743959559e-01
1.000000000000000000e+00 8.444850628946576876e+01 0.000000000000000000e+00 1.337760936964117686e+00 2.476093162181118579e-01
1.000000000000000000e+00 9.050966799187864353e+01 0.000000000000000000e+00 1.342694342704056520e+00 2.720622708603883111e-01
1.000000000000000000e+00 9.700586025666605394e+01 0.000000000000000000e+00 1.365730700206403858e+00 2.472679456186118452e-01
1.000000000000000000e+00 1.039683067335988653e+02 0.000000000000000000e+00 1.352141385145080976e+00 2.025438619564896015e-01
1.000000000000000000e+00 1.114304721019046269e+02 0.000000000000000000e+00 1.326121215640260420e+00 1.243341598386380337e-01
1.000000000000000000e+00 1.194282229167121159e+02 0.000000000000000000e+00 1.334075938146449758e+00 1.943556387746832315e-01
1.000000000000000000e+00 1.280000000000009379e+02 0.000000000000000000e+00 1.385991206684513255e+00 3.271259580458909522e-01
