5.000000000000000000e+00 7.812500000000000000e-03 5.300000000000000266e-01 3.447917930424037714e+00 1.086591487202650530e+00
5.000000000000000000e+00 8.373230176064788352e-03 5.300000000000000266e-01 3.173838617164966180e+00 1.046075417654478423e+00
5.000000000000000000e+00 8.974205898414331500e-03 5.300000000000000266e-01 2.941546068344854881e+00 9.714734928856166851e-01
5.000000000000000000e+00 9.618315729257151739e-03 5.300000000000000266e-01 2.687187736856056830e+00 9.420969139485351196e-01
5.000000000000000000e+00 1.030865555291322552e-02 5.300000000000000266e-01 2.429803274703024929e+00 7.970980529053166563e-01
5.000000000000000000e+00 1.104854345603979195e-02 5.300000000000000266e-01 2.277698083915839167e+00 7.676241383303649135e-01
5.000000000000000000e+00 1.184153567586246694e-02 5.300000000000000266e-01 2.067006340141048781e+00 7.114185616066892592e-01
5.000000000000000000e+00 1.269144369306615845e-02 5.300000000000000266e-01 1.843357696925322475e+00 5.931331432698816464e-01
5.000000000000000000e+00 1.360235255150191343e-02 5.300000000000000266e-01 1.757866684251033318e+00 5.598282253031209299e-01
5.000000000000000000e+00 1.457864049276258282e-02 5.300000000000000266e-01 1.647639883275582973e+00 5.421665210169466231e-01
5.000000000000000000e+00 1.562499999999996184e-02 5.300000000000000266e-01 1.554162695276608996e+00 5.024572997286441689e-01
5.000000000000000000e+00 1.674646035212953507e-02 5.300000000000000266e-01 1.491938335393574899e+00 5.235963431293594317e-01
5.000000000000000000e+00 1.794841179682861790e-02 5.300000000000000266e-01 1.402187059382559164e+00 4.454170087302194436e-01
5.000000000000000000e+00 1.923663145851425491e-02 5.300000000000000266e-01 1.326837150455874470e+00 3.723672101297192949e-01
5.000000000000000000e+00 2.061731110582640247e-02 5.300000000000000266e-01 1.294573990295221133e+00 3.753359492116629670e-01
5.000000000000000000e+00 2.209708691207952838e-02 5.300000000000000266e-01 1.262111054168117530e+00 3.817526890118777549e-01
5.000000000000000000e+00 2.368307135172487837e-02 5.300000000000000266e-01 1.208242572715613417e+00 3.068052003750244561e-01
5.000000000000000000e+00 2.538288738613225445e-02 5.300000000000000266e-01 1.166017901290306025e+00 2.571642081511270606e-01
5.000000000000000000e+00 2.720470510300375747e-02 5.300000000000000266e-01 1.143263710094021501e+00 2.428771849494826829e-01
5.000000000000000000e+00 2.915728098552509626e-02 5.300000000000000266e-01 1.117523784657210140e+00 2.140198676138966583e-01
5.000000000000000000e+00 3.124999999999984734e-02 5.300000000000000266e-01 1.088709974677410930e+00 1.675083821339714008e-01
5.000000000000000000e+00 3.349292070425898687e-02 5.300000000000000266e-01 1.077609021352940788e+00 1.637804941155811267e-01
5.000000000000000000e+00 3.589682359365715253e-02 5.300000000000000266e-01 1.058279670019494301e+00 1.269692839026298758e-01
5.000000000000000000e+00 3.847326291702841267e-02 5.300000000000000266e-01 1.045345845372798399e+00 1.039184564946717265e-01
5.000000000000000000e+00 4.123462221165270086e-02 5.300000000000000266e-01 1.035321232910576539e+00 8.459031770336006284e-02
5.000000000000000000e+00 4.419417382415894574e-02 5.300000000000000266e-01 1.027704620432941862e+00 6.902155997169399926e-02
5.000000000000000000e+00 4.736614270344963878e-02 5.300000000000000266e-01 1.022090798511847698e+00 5.671821317005960178e-02
5.000000000000000000e+00 5.076577477226438401e-02 5.300000000000000266e-01 1.018107852590583340e+00 4.753873391683434424e-02
5.000000000000000000e+00 5.440941020600738309e-02 5.300000000000000266e-01 1.015271068596412363e+00 4.058339735437332951e-02
5.000000000000000000e+00 5.831456197105004680e-02 5.300000000000000266e-01 1.012872824784575299e+00 3.425598243940553012e-02
5.000000000000000000e+00 6.249999999999953509e-02 5.300000000000000266e-01 1.011202239276576709e+00 2.970816681597232209e-02
5.000000000000000000e+00 6.698584140851780722e-02 5.300000000000000266e-01 1.009718709418804483e+00 2.551069064589078436e-02
5.000000000000000000e+00 7.179364718731412465e-02 5.300000000000000266e-01 1.008653012569823648e+00 2.246054634776682019e-02
5.000000000000000000e+00 7.694652583405664492e-02 5.300000000000000266e-01 1.007540605976088965e+00 1.922263596013876891e-02
5.000000000000000000e+00 8.246924442330520744e-02 5.300000000000000266e-01 1.006541747770828943e+00 1.630315222067442796e-02
5.000000000000000000e+00 8.838834764831768331e-02 5.300000000000000266e-01 1.005608767652555358e+00 1.357160575195850982e-02
5.000000000000000000e+00 9.473228540689904165e-02 5.300000000000000266e-01 1.004807259295378508e+00 1.122897300376796831e-02
5.000000000000000000e+00 1.015315495445285182e-01 5.300000000000000266e-01 1.004072344917670723e+00 9.083341303479533155e-03
5.000000000000000000e+00 1.088188204120145025e-01 5.300000000000000266e-01 1.003472421927464220e+00 7.341516533898809031e-03
5.000000000000000000e+00 1.166291239420998022e-01 5.300000000000000266e-01 1.002977448779646341e+00 5.915434802442081329e-03
5.000000000000000000e+00 1.249999999999987649e-01 5.300000000000000266e-01 1.002589506490694449e+00 4.813012747788851867e-03
5.000000000000000000e+00 1.339716828170352814e-01 5.300000000000000266e-01 1.002291935477629181e+00 3.985692455052268317e-03
5.000000000000000000e+00 1.435872943746278885e-01 5.300000000000000266e-01 1.002054622124469052e+00 3.344462568110003354e-03
5.000000000000000000e+00 1.538930516681129013e-01 5.300000000000000266e-01 1.001868763199662116e+00 2.863329122516046748e-03
5.000000000000000000e+00 1.649384888466099985e-01 5.300000000000000266e-01 1.001678040965459093e+00 2.375734098758081579e-03
5.000000000000000000e+00 1.767766952966349225e-01 5.300000000000000266e-01 1.001472700206799127e+00 1.854280807583680085e-03
5.000000000000000000e+00 1.894645708137976114e-01 5.300000000000000266e-01 1.001267128768740466e+00 1.344111844642201497e-03
5.000000000000000000e+00 2.030630990890565368e-01 5.300000000000000266e-01 1.001099495885981128e+00 9.574954561167157334e-04
5.000000000000000000e+00 2.176376408240284499e-01 5.300000000000000266e-01 1.000986269597236689e+00 7.325993700077147990e-04
5.000000000000000000e+00 2.332582478841990492e-01 5.300000000000000266e-01 1.000899843655264299e+00 5.812512601180360198e-04
5.000000000000000000e+00 2.499999999999969191e-01 5.300000000000000266e-01 1.000821547069203010e+00 4.469167499626894996e-04
5.000000000000000000e+00 2.679433656340699521e-01 5.300000000000000266e-01 1.000761080812893278e+00 3.412055786929564256e-04
5.000000000000000000e+00 2.871745887492550553e-01 5.300000000000000266e-01 1.000739872762981486e+00 2.767834331517535695e-04
5.000000000000000000e+00 3.077861033362250809e-01 5.300000000000000266e-01 1.000764675549961957e+00 2.307315908561024045e-04
5.000000000000000000e+00 3.298769776932191644e-01 5.300000000000000266e-01 1.000842529708088069e+00 1.944822877825099524e-04
5.000000000000000000e+00 3.535533905932689569e-01 5.300000000000000266e-01 1.001011781445930282e+00 2.299529086282806718e-04
5.000000000000000000e+00 3.789291416275942792e-01 5.300000000000000266e-01 1.001333931056451743e+00 4.211413746593787558e-04
5.000000000000000000e+00 4.061261981781120745e-01 5.300000000000000266e-01 1.001921474816336310e+00 8.447177291563613038e-04
5.000000000000000000e+00 4.352752816480558451e-01 5.300000000000000266e-01 1.002990706156283052e+00 1.690776657058006482e-03
5.000000000000000000e+00 4.665164957683969327e-01 5.300000000000000266e-01 1.004946371212924738e+00 3.370014824484642620e-03
5.000000000000000000e+00 4.999999999999926170e-01 5.300000000000000266e-01 1.008533395356197904e+00 6.726777766470630644e-03
5.000000000000000000e+00 5.358867312681385719e-01 5.300000000000000266e-01 1.015093287611647632e+00 1.339179990063096674e-02
5.000000000000000000e+00 5.743491774985087783e-01 5.300000000000000266e-01 1.026142616081026970e+00 2.534816058620110307e-02
5.000000000000000000e+00 6.155722066724486075e-01 5.300000000000000266e-01 1.041497730174522962e+00 4.184124645578662927e-02
5.000000000000000000e+00 6.597539553864367745e-01 5.300000000000000266e-01 1.058081943121752300e+00 5.663064330955346060e-02
5.000000000000000000e+00 7.071067811865362485e-01 5.300000000000000266e-01 1.073961366090780523e+00 6.368767743920993041e-02
5.000000000000000000e+00 7.578582832551866710e-01 5.300000000000000266e-01 1.089026039472674068e+00 6.830714043771071720e-02
5.000000000000000000e+00 8.122523963562221505e-01 5.300000000000000266e-01 1.107994794001717853e+00 8.174096107605920147e-02
5.000000000000000000e+00 8.705505632961095808e-01 5.300000000000000266e-01 1.128541412825802670e+00 9.692331873251459895e-02
5.000000000000000000e+00 9.330329915367915339e-01 5.300000000000000266e-01 1.145302199248287023e+00 1.142598823938448666e-01
5.000000000000000000e+00 9.999999999999827915e-01 5.300000000000000266e-01 1.158972032398356555e+00 1.280912921519607173e-01
5.000000000000000000e+00 1.071773462536274479e+00 5.300000000000000266e-01 1.174108252544138420e+00 1.433206011248442102e-01
5.000000000000000000e+00 1.148698354997014670e+00 5.300000000000000266e-01 1.183449267534797622e+00 1.521967758709015794e-01
5.000000000000000000e+00 1.231144413344894106e+00 5.300000000000000266e-01 1.180037720572448157e+00 1.414956763255753869e-01
5.000000000000000000e+00 1.319507910772870218e+00 5.300000000000000266e-01 1.167608782431036163e+00 1.179775506082432895e-01
5.000000000000000000e+00 1.414213562373068944e+00 5.300000000000000266e-01 1.158694647266391708e+00 9.703153107187333093e-02
5.000000000000000000e+00 1.515716566510369789e+00 5.300000000000000266e-01 1.154696875375728737e+00 8.692059923315170744e-02
5.000000000000000000e+00 1.624504792712440304e+00 5.300000000000000266e-01 1.155908772199917722e+00 1.021029929118405233e-01
5.000000000000000000e+00 1.741101126592214943e+00 5.300000000000000266e-01 1.158695616374723958e+00 1.152116151105053166e-01
5.000000000000000000e+00 1.866065983073578627e+00 5.300000000000000266e-01 1.174509700294632752e+00 1.388909732091999916e-01
5.000000000000000000e+00 1.999999999999960698e+00 5.300000000000000266e-01 1.170603055983397311e+00 1.284176237857992398e-01
5.000000000000000000e+00 2.143546925072543630e+00 5.300000000000000266e-01 1.162961397137609598e+00 1.079452468060907028e-01
5.000000000000000000e+00 2.297396709994023567e+00 5.300000000000000266e-01 1.179808624709256293e+00 1.271479471262194905e-01
5.000000000000000000e+00 2.462288826689782439e+00 5.300000000000000266e-01 1.187311065683655631e+00 1.550544974158721279e-01
5.000000000000000000e+00 2.639015821545733775e+00 5.300000000000000266e-01 1.189868522536455808e+00 1.554932641374709712e-01
5.000000000000000000e+00 2.828427124746130783e+00 5.300000000000000266e-01 1.185290395473340475e+00 1.429448488010497120e-01
5.000000000000000000e+00 3.031433133020732029e+00 5.300000000000000266e-01 1.175333738232103631e+00 1.289804999647418682e-01
5.000000000000000000e+00 3.249009585424872615e+00 5.300000000000000266e-01 1.205435571801250827e+00 2.116334295571365154e-01
5.000000000000000000e+00 3.482202253184421004e+00 5.300000000000000266e-01 1.193873285988469535e+00 1.880824062839777377e-01
5.000000000000000000e+00 3.732131966147147928e+00 5.300000000000000266e-01 1.150957129283208591e+00 9.123864838509306019e-02
5.000000000000000000e+00 3.999999999999911182e+00 5.300000000000000266e-01 1.124943572957421312e+00 4.492087897939627678e-02
5.000000000000000000e+00 4.287093850145076601e+00 5.300000000000000266e-01 1.151998223159275581e+00 1.264755311786109615e-01
5.000000000000000000e+00 4.594793419988035588e+00 5.300000000000000266e-01 1.139481602954412587e+00 5.984063975468742469e-02
5.000000000000000000e+00 4.924577653379552444e+00 5.300000000000000266e-01 1.160363382076623040e+00 6.533324746645963188e-02
5.000000000000000000e+00 5.278031643091455116e+00 5.300000000000000266e-01 1.146065453478050999e+00 1.152804592298564967e-01
5.000000000000000000e+00 5.656854249492248243e+00 5.300000000000000266e-01 1.129592978735257214e+00 7.663269844026888988e-02
5.000000000000000000e+00 6.062866266041448959e+00 5.300000000000000266e-01 1.162381441184766384e+00 7.349647400774800277e-02
5.000000000000000000e+00 6.498019170849729242e+00 5.300000000000000266e-01 1.146525676439023700e+00 6.349214582446821575e-02
5.000000000000000000e+00 6.964404506368825132e+00 5.300000000000000266e-01 1.136310300064807155e+00 5.632360672986197470e-02
5.000000000000000000e+00 7.464263932294277204e+00 5.300000000000000266e-01 1.159619927650821003e+00 5.720842319890787758e-02
5.000000000000000000e+00 7.999999999999802824e+00 5.300000000000000266e-01 1.138568428766127072e+00 6.009368241170504749e-02
5.000000000000000000e+00 8.574187700290131886e+00 5.300000000000000266e-01 1.160818098754099026e+00 1.004325613214517299e-01
5.000000000000000000e+00 9.189586839976049859e+00 5.300000000000000266e-01 1.147929346322071442e+00 7.752598753431987066e-02
5.000000000000000000e+00 9.849155306759080020e+00 5.300000000000000266e-01 1.191016758887858185e+00 1.063156783210242040e-01
5.000000000000000000e+00 1.055606328618288359e+01 5.300000000000000266e-01 1.220444121718110342e+00 1.261958912842167102e-01
5.000000000000000000e+00 1.131370849898446806e+01 5.300000000000000266e-01 1.177143125742628582e+00 1.012545782711802150e-01
5.000000000000000000e+00 1.212573253208286772e+01 5.300000000000000266e-01 1.161476335309265639e+00 6.111406698366913387e-02
5.000000000000000000e+00 1.299603834169942651e+01 5.300000000000000266e-01 1.194092237566807047e+00 1.024106955417001669e-01
5.000000000000000000e+00 1.392880901273761651e+01 5.300000000000000266e-01 1.165958981720837784e+00 1.071365457656546089e-01
5.000000000000000000e+00 1.492852786458851710e+01 5.300000000000000266e-01 1.148081784223177859e+00 8.224591131680791811e-02
5.000000000000000000e+00 1.599999999999956657e+01 5.300000000000000266e-01 1.177746615712947698e+00 1.544850311779638052e-01
5.000000000000000000e+00 1.714837540058022114e+01 5.300000000000000266e-01 1.158230254624803779e+00 8.866577072136050397e-02
5.000000000000000000e+00 1.837917367995205353e+01 5.300000000000000266e-01 1.184868967211441193e+00 8.598437167166142481e-02
5.000000000000000000e+00 1.969831061351811385e+01 5.300000000000000266e-01 1.155843192196752245e+00 1.156203172694372922e-01
5.000000000000000000e+00 2.111212657236571388e+01 5.300000000000000266e-01 1.154785084653316307e+00 7.650342567990921216e-02
5.000000000000000000e+00 2.262741699796887929e+01 5.300000000000000266e-01 1.132212078606699146e+00 5.284254770814263841e-02
5.000000000000000000e+00 2.425146506416567505e+01 5.300000000000000266e-01 1.137277915843574849e+00 4.763170233048335395e-02
5.000000000000000000e+00 2.599207668339878907e+01 5.300000000000000266e-01 1.198084608172994781e+00 1.496132391835353348e-01
5.000000000000000000e+00 2.785761802547516197e+01 5.300000000000000266e-01 1.167601897193226268e+00 1.177686277460597980e-01
5.000000000000000000e+00 2.985705572917696315e+01 5.300000000000000266e-01 1.156064478257362138e+00 6.719736220400852889e-02
5.000000000000000000e+00 3.199999999999905498e+01 5.300000000000000266e-01 1.156637244447868529e+00 8.820536012990132235e-02
