5.000000000000000000e+00 7.812500000000000000e-03 2.399999999999999911e-01 2.006276187585219084e+00 5.036180617313298358e-01
5.000000000000000000e+00 8.373230176064788352e-03 2.399999999999999911e-01 1.848823145255146683e+00 4.473230646233850027e-01
5.000000000000000000e+00 8.974205898414331500e-03 2.399999999999999911e-01 1.753961214755933140e+00 3.946976370493175401e-01
5.000000000000000000e+00 9.618315729257151739e-03 2.399999999999999911e-01 1.650408705208205928e+00 3.846369546345496659e-01
5.000000000000000000e+00 1.030865555291322552e-02 2.399999999999999911e-01 1.554259793483616425e+00 3.126624563717391725e-01
5.000000000000000000e+00 1.104854345603979195e-02 2.399999999999999911e-01 1.493639624620962447e+00 3.157726964543210446e-01
5.000000000000000000e+00 1.184153567586246694e-02 2.399999999999999911e-01 1.407952247773187171e+00 2.849723536625731746e-01
5.000000000000000000e+00 1.269144369306615845e-02 2.399999999999999911e-01 1.325729117214121011e+00 2.418088373070827191e-01
5.000000000000000000e+00 1.360235255150191343e-02 2.399999999999999911e-01 1.292639864506149427e+00 2.280255525263441829e-01
5.000000000000000000e+00 1.457864049276258282e-02 2.399999999999999911e-01 1.247729743622149057e+00 2.143187840673924927e-01
5.000000000000000000e+00 1.562499999999996184e-02 2.399999999999999911e-01 1.215756635448481671e+00 2.067443649743241074e-01
5.000000000000000000e+00 1.674646035212953507e-02 2.399999999999999911e-01 1.189956472678310950e+00 2.098934604583283792e-01
5.000000000000000000e+00 1.794841179682861790e-02 2.399999999999999911e-01 1.155165178582810537e+00 1.771413378150659690e-01
5.000000000000000000e+00 1.923663145851425491e-02 2.399999999999999911e-01 1.123742611123121682e+00 1.416019346232408882e-01
5.000000000000000000e+00 2.061731110582640247e-02 2.399999999999999911e-01 1.112995874390283690e+00 1.465095035356058228e-01
5.000000000000000000e+00 2.209708691207952838e-02 2.399999999999999911e-01 1.099374881406659954e+00 1.454428969990921583e-01
5.000000000000000000e+00 2.368307135172487837e-02 2.399999999999999911e-01 1.078439269043278248e+00 1.153819648085886856e-01
5.000000000000000000e+00 2.538288738613225445e-02 2.399999999999999911e-01 1.062315977137553880e+00 9.621217280595885379e-02
5.000000000000000000e+00 2.720470510300375747e-02 2.399999999999999911e-01 1.053667196347595647e+00 9.066773562927481211e-02
5.000000000000000000e+00 2.915728098552509626e-02 2.399999999999999911e-01 1.043911134186689127e+00 7.970102484125202169e-02
5.000000000000000000e+00 3.124999999999984734e-02 2.399999999999999911e-01 1.033079113745694055e+00 6.228378763679210534e-02
5.000000000000000000e+00 3.349292070425898687e-02 2.399999999999999911e-01 1.028815465959467934e+00 6.074635385079907995e-02
5.000000000000000000e+00 3.589682359365715253e-02 2.399999999999999911e-01 1.021652618805699575e+00 4.729685642481928215e-02
5.000000000000000000e+00 3.847326291702841267e-02 2.399999999999999911e-01 1.016854325911654033e+00 3.888347339540367681e-02
5.000000000000000000e+00 4.123462221165270086e-02 2.399999999999999911e-01 1.013108363239716203e+00 3.174195095706298236e-02
5.000000000000000000e+00 4.419417382415894574e-02 2.399999999999999911e-01 1.010261504467012683e+00 2.598412771597385582e-02
5.000000000000000000e+00 4.736614270344963878e-02 2.399999999999999911e-01 1.008168134236205216e+00 2.143317292090433923e-02
5.000000000000000000e+00 5.076577477226438401e-02 2.399999999999999911e-01 1.006673511690762135e+00 1.800666791046320880e-02
5.000000000000000000e+00 5.440941020600738309e-02 2.399999999999999911e-01 1.005609117593417645e+00 1.540715601733784815e-02
5.000000000000000000e+00 5.831456197105004680e-02 2.399999999999999911e-01 1.004705756256013993e+00 1.302627081467794441e-02
5.000000000000000000e+00 6.249999999999953509e-02 2.399999999999999911e-01 1.004076672758928757e+00 1.131413753350653771e-02
5.000000000000000000e+00 6.698584140851780722e-02 2.399999999999999911e-01 1.003516639842352731e+00 9.727950134691142753e-03
5.000000000000000000e+00 7.179364718731412465e-02 2.399999999999999911e-01 1.003112066002338487e+00 8.567212609573871679e-03
5.000000000000000000e+00 7.694652583405664492e-02 2.399999999999999911e-01 1.002691074858846232e+00 7.338306340588351094e-03
5.000000000000000000e+00 8.246924442330520744e-02 2.399999999999999911e-01 1.002312055824611248e+00 6.226215832066000523e-03
5.000000000000000000e+00 8.838834764831768331e-02 2.399999999999999911e-01 1.001959662535765405e+00 5.189552813070009811e-03
5.000000000000000000e+00 9.473228540689904165e-02 2.399999999999999911e-01 1.001655631998637830e+00 4.295076771032923374e-03
5.000000000000000000e+00 1.015315495445285182e-01 2.399999999999999911e-01 1.001378688988400212e+00 3.479799813812603244e-03
5.000000000000000000e+00 1.088188204120145025e-01 2.399999999999999911e-01 1.001152607420410678e+00 2.815580768975613039e-03
5.000000000000000000e+00 1.166291239420998022e-01 2.399999999999999911e-01 1.000966465177522524e+00 2.270265342652571291e-03
5.000000000000000000e+00 1.249999999999987649e-01 2.399999999999999911e-01 1.000822118605712241e+00 1.849948013364298514e-03
5.000000000000000000e+00 1.339716828170352814e-01 2.399999999999999911e-01 1.000712280570896784e+00 1.533174125252215062e-03
5.000000000000000000e+00 1.435872943746278885e-01 2.399999999999999911e-01 1.000626280285394909e+00 1.288167384721033461e-03
5.000000000000000000e+00 1.538930516681129013e-01 2.399999999999999911e-01 1.000560338566909069e+00 1.103504712747189987e-03
5.000000000000000000e+00 1.649384888466099985e-01 2.399999999999999911e-01 1.000493462320270366e+00 9.161130514065381810e-04
5.000000000000000000e+00 1.767766952966349225e-01 2.399999999999999911e-01 1.000422169170668285e+00 7.149986236440481879e-04
5.000000000000000000e+00 1.894645708137976114e-01 2.399999999999999911e-01 1.000352301141157918e+00 5.165629444378476215e-04
5.000000000000000000e+00 2.030630990890565368e-01 2.399999999999999911e-01 1.000298738338854188e+00 3.632692777102435218e-04
5.000000000000000000e+00 2.176376408240284499e-01 2.399999999999999911e-01 1.000268610181592965e+00 2.720636627607635476e-04
5.000000000000000000e+00 2.332582478841990492e-01 2.399999999999999911e-01 1.000252392962389880e+00 2.086417745434228312e-04
5.000000000000000000e+00 2.499999999999969191e-01 2.399999999999999911e-01 1.000244760221959295e+00 1.488529495317484665e-04
5.000000000000000000e+00 2.679433656340699521e-01 2.399999999999999911e-01 1.000252335330206632e+00 9.869012479700623060e-05
5.000000000000000000e+00 2.871745887492550553e-01 2.399999999999999911e-01 1.000287795462918794e+00 7.813990760917103836e-05
5.000000000000000000e+00 3.077861033362250809e-01 2.399999999999999911e-01 1.000361812307116960e+00 9.740186542161063347e-05
5.000000000000000000e+00 3.298769776932191644e-01 2.399999999999999911e-01 1.000490267187663207e+00 1.634991624887893518e-04
5.000000000000000000e+00 3.535533905932689569e-01 2.399999999999999911e-01 1.000712180323632294e+00 2.963827242880955190e-04
5.000000000000000000e+00 3.789291416275942792e-01 2.399999999999999911e-01 1.001092676524787839e+00 5.433034584777105208e-04
5.000000000000000000e+00 4.061261981781120745e-01 2.399999999999999911e-01 1.001752722185369704e+00 1.005382865008966776e-03
5.000000000000000000e+00 4.352752816480558451e-01 2.399999999999999911e-01 1.002919211660672882e+00 1.893169057931424083e-03
5.000000000000000000e+00 4.665164957683969327e-01 2.399999999999999911e-01 1.005013438802800918e+00 3.633857705423101762e-03
5.000000000000000000e+00 4.999999999999926170e-01 2.399999999999999911e-01 1.008802487351531330e+00 7.093693529847255354e-03
5.000000000000000000e+00 5.358867312681385719e-01 2.399999999999999911e-01 1.015655034048307703e+00 1.392599086003355052e-02
5.000000000000000000e+00 5.743491774985087783e-01 2.399999999999999911e-01 1.027107143994851590e+00 2.610568612531872709e-02
5.000000000000000000e+00 6.155722066724486075e-01 2.399999999999999911e-01 1.042957328916169990e+00 4.280206987545073088e-02
5.000000000000000000e+00 6.597539553864367745e-01 2.399999999999999911e-01 1.060035113588410294e+00 5.771509777230958427e-02
5.000000000000000000e+00 7.071067811865362485e-01 2.399999999999999911e-01 1.076408867021259708e+00 6.500392019016357215e-02
5.000000000000000000e+00 7.578582832551866710e-01 2.399999999999999911e-01 1.092068851154643472e+00 7.035663368646577487e-02
5.000000000000000000e+00 8.122523963562221505e-01 2.399999999999999911e-01 1.111881340751649017e+00 8.516547943547306265e-02
5.000000000000000000e+00 8.705505632961095808e-01 2.399999999999999911e-01 1.133591640095162223e+00 1.023886736261683666e-01
5.000000000000000000e+00 9.330329915367915339e-01 2.399999999999999911e-01 1.151823616524822569e+00 1.221985793798008868e-01
5.000000000000000000e+00 9.999999999999827915e-01 2.399999999999999911e-01 1.167228895261018806e+00 1.386256647436690526e-01
5.000000000000000000e+00 1.071773462536274479e+00 2.399999999999999911e-01 1.183344263999554169e+00 1.549269372818224688e-01
5.000000000000000000e+00 1.148698354997014670e+00 2.399999999999999911e-01 1.192941061825338434e+00 1.635802164982822493e-01
5.000000000000000000e+00 1.231144413344894106e+00 2.399999999999999911e-01 1.189126657674135279e+00 1.507312514143694104e-01
5.000000000000000000e+00 1.319507910772870218e+00 2.399999999999999911e-01 1.176377033649435688e+00 1.242081662576317025e-01
5.000000000000000000e+00 1.414213562373068944e+00 2.399999999999999911e-01 1.168134739915489773e+00 1.015554458335665156e-01
5.000000000000000000e+00 1.515716566510369789e+00 2.399999999999999911e-01 1.165055978920212620e+00 9.181776771633751166e-02
5.000000000000000000e+00 1.624504792712440304e+00 2.399999999999999911e-01 1.166485143507874245e+00 1.085574233675832556e-01
5.000000000000000000e+00 1.741101126592214943e+00 2.399999999999999911e-01 1.169743472409657592e+00 1.234445420821965178e-01
5.000000000000000000e+00 1.866065983073578627e+00 2.399999999999999911e-01 1.186784037733370711e+00 1.494304899357448146e-01
5.000000000000000000e+00 1.999999999999960698e+00 2.399999999999999911e-01 1.181547126616140586e+00 1.371028999666973613e-01
5.000000000000000000e+00 2.143546925072543630e+00 2.399999999999999911e-01 1.172081798122532215e+00 1.152562956396794847e-01
5.000000000000000000e+00 2.297396709994023567e+00 2.399999999999999911e-01 1.189082147565624803e+00 1.338278983769285724e-01
5.000000000000000000e+00 2.462288826689782439e+00 2.399999999999999911e-01 1.197603361427907576e+00 1.637987111402900153e-01
5.000000000000000000e+00 2.639015821545733775e+00 2.399999999999999911e-01 1.202124192448579709e+00 1.682894542388048698e-01
5.000000000000000000e+00 2.828427124746130783e+00 2.399999999999999911e-01 1.200248799235042574e+00 1.556946046988198495e-01
5.000000000000000000e+00 3.031433133020732029e+00 2.399999999999999911e-01 1.190823287349774606e+00 1.417818380073842532e-01
5.000000000000000000e+00 3.249009585424872615e+00 2.399999999999999911e-01 1.220050219167853056e+00 2.264378527264699903e-01
5.000000000000000000e+00 3.482202253184421004e+00 2.399999999999999911e-01 1.206970110439835597e+00 1.985759041733437535e-01
5.000000000000000000e+00 3.732131966147147928e+00 2.399999999999999911e-01 1.159579758405040684e+00 9.467954018396362859e-02
5.000000000000000000e+00 3.999999999999911182e+00 2.399999999999999911e-01 1.133707688282556081e+00 4.755906636259348702e-02
5.000000000000000000e+00 4.287093850145076601e+00 2.399999999999999911e-01 1.164801002839293442e+00 1.386845383600081028e-01
5.000000000000000000e+00 4.594793419988035588e+00 2.399999999999999911e-01 1.149550002529708959e+00 6.467295210927996585e-02
5.000000000000000000e+00 4.924577653379552444e+00 2.399999999999999911e-01 1.173071227835594588e+00 7.283886732385366769e-02
5.000000000000000000e+00 5.278031643091455116e+00 2.399999999999999911e-01 1.156332412721401415e+00 1.236006524555144370e-01
5.000000000000000000e+00 5.656854249492248243e+00 2.399999999999999911e-01 1.140532512241899443e+00 8.507226473327937633e-02
5.000000000000000000e+00 6.062866266041448959e+00 2.399999999999999911e-01 1.176587333700533700e+00 8.001740566547267675e-02
5.000000000000000000e+00 6.498019170849729242e+00 2.399999999999999911e-01 1.158170024252082930e+00 6.728268072016441170e-02
5.000000000000000000e+00 6.964404506368825132e+00 2.399999999999999911e-01 1.146577876748636537e+00 6.231506679562711509e-02
5.000000000000000000e+00 7.464263932294277204e+00 2.399999999999999911e-01 1.169909631683745843e+00 6.314605185675999099e-02
5.000000000000000000e+00 7.999999999999802824e+00 2.399999999999999911e-01 1.148397206230655332e+00 6.473456721907759615e-02
5.000000000000000000e+00 8.574187700290131886e+00 2.399999999999999911e-01 1.173305809991663562e+00 1.128360087949037832e-01
5.000000000000000000e+00 9.189586839976049859e+00 2.399999999999999911e-01 1.159012641810185817e+00 8.242987811741477044e-02
5.000000000000000000e+00 9.849155306759080020e+00 2.399999999999999911e-01 1.205203237646846892e+00 1.141753457277466105e-01
5.000000000000000000e+00 1.055606328618288359e+01 2.399999999999999911e-01 1.235260871008140748e+00 1.327774996324891099e-01
5.000000000000000000e+00 1.131370849898446806e+01 2.399999999999999911e-01 1.188602407216749590e+00 1.082950953719897941e-01
5.000000000000000000e+00 1.212573253208286772e+01 2.399999999999999911e-01 1.171308285906494717e+00 6.521994013601459250e-02
5.000000000000000000e+00 1.299603834169942651e+01 2.399999999999999911e-01 1.208252823276561694e+00 1.104533848194628465e-01
5.000000000000000000e+00 1.392880901273761651e+01 2.399999999999999911e-01 1.176736535955216656e+00 1.133987181360532753e-01
5.000000000000000000e+00 1.492852786458851710e+01 2.399999999999999911e-01 1.159174831728211119e+00 8.674070313318264780e-02
5.000000000000000000e+00 1.599999999999956657e+01 2.399999999999999911e-01 1.191174566808883339e+00 1.660286822694254094e-01
5.000000000000000000e+00 1.714837540058022114e+01 2.399999999999999911e-01 1.169086368391493380e+00 9.445182280851457945e-02
5.000000000000000000e+00 1.837917367995205353e+01 2.399999999999999911e-01 1.195803770505511565e+00 9.163828484781048889e-02
5.000000000000000000e+00 1.969831061351811385e+01 2.399999999999999911e-01 1.166725839446749902e+00 1.229136576422753535e-01
5.000000000000000000e+00 2.111212657236571388e+01 2.399999999999999911e-01 1.166523371618972016e+00 8.244781908253635827e-02
5.000000000000000000e+00 2.262741699796887929e+01 2.399999999999999911e-01 1.142293993735435720e+00 5.606380801469527941e-02
5.000000000000000000e+00 2.425146506416567505e+01 2.399999999999999911e-01 1.146234410776455714e+00 5.100330611432421501e-02
5.000000000000000000e+00 2.599207668339878907e+01 2.399999999999999911e-01 1.209391040740481316e+00 1.608850434089533210e-01
5.000000000000000000e+00 2.785761802547516197e+01 2.399999999999999911e-01 1.177120837926400654e+00 1.240598521181826563e-01
5.000000000000000000e+00 2.985705572917696315e+01 2.399999999999999911e-01 1.166121754236859376e+00 7.405409749894925620e-02
5.000000000000000000e+00 3.199999999999905498e+01 2.399999999999999911e-01 1.167209451748423499e+00 9.360080908299482638e-02
