5.000000000000000000e+00 7.812500000000000000e-03 1.300000000000000044e-01 1.757572092507999617e+00 3.770230766765294006e-01
5.000000000000000000e+00 8.373230176064788352e-03 1.300000000000000044e-01 1.636732806217109815e+00 3.336622312800510692e-01
5.000000000000000000e+00 8.974205898414331500e-03 1.300000000000000044e-01 1.566240749356768269e+00 2.936688682089269031e-01
5.000000000000000000e+00 9.618315729257151739e-03 1.300000000000000044e-01 1.488658373639364374e+00 2.874907518621060976e-01
5.000000000000000000e+00 1.030865555291322552e-02 1.300000000000000044e-01 1.418140033634437414e+00 2.347021637667616456e-01
5.000000000000000000e+00 1.104854345603979195e-02 1.300000000000000044e-01 1.372298003816896150e+00 2.380134340699848194e-01
5.000000000000000000e+00 1.184153567586246694e-02 1.300000000000000044e-01 1.307727547773378962e+00 2.145017275215564678e-01
5.000000000000000000e+00 1.269144369306615845e-02 1.300000000000000044e-01 1.246510582437281300e+00 1.831205327573200425e-01
5.000000000000000000e+00 1.360235255150191343e-02 1.300000000000000044e-01 1.221548090848818990e+00 1.725282301572229615e-01
5.000000000000000000e+00 1.457864049276258282e-02 1.300000000000000044e-01 1.187396293455995400e+00 1.617920995773358128e-01
5.000000000000000000e+00 1.562499999999996184e-02 1.300000000000000044e-01 1.163607451378217306e+00 1.568897226634805020e-01
5.000000000000000000e+00 1.674646035212953507e-02 1.300000000000000044e-01 1.143817018664408547e+00 1.585449979852533164e-01
5.000000000000000000e+00 1.794841179682861790e-02 1.300000000000000044e-01 1.117593907155439492e+00 1.340758163197986463e-01
5.000000000000000000e+00 1.923663145851425491e-02 1.300000000000000044e-01 1.093707156229146715e+00 1.069236278218106406e-01
5.000000000000000000e+00 2.061731110582640247e-02 1.300000000000000044e-01 1.085644934133602968e+00 1.108821398616801346e-01
5.000000000000000000e+00 2.209708691207952838e-02 1.300000000000000044e-01 1.075185753991877657e+00 1.097826849265742671e-01
5.000000000000000000e+00 2.368307135172487837e-02 1.300000000000000044e-01 1.059362802326355268e+00 8.716251510955137782e-02
5.000000000000000000e+00 2.538288738613225445e-02 1.300000000000000044e-01 1.047158536106148619e+00 7.274437992815625809e-02
5.000000000000000000e+00 2.720470510300375747e-02 1.300000000000000044e-01 1.040579708502127110e+00 6.852240559393289743e-02
5.000000000000000000e+00 2.915728098552509626e-02 1.300000000000000044e-01 1.033191279873141522e+00 6.027436967075273933e-02
5.000000000000000000e+00 3.124999999999984734e-02 1.300000000000000044e-01 1.024995208301207050e+00 4.715326183797557968e-02
5.000000000000000000e+00 3.349292070425898687e-02 1.300000000000000044e-01 1.021745504768966750e+00 4.597869777645404582e-02
5.000000000000000000e+00 3.589682359365715253e-02 1.300000000000000044e-01 1.016326524219732130e+00 3.584366711596660010e-02
5.000000000000000000e+00 3.847326291702841267e-02 1.300000000000000044e-01 1.012693276531196451e+00 2.949959182292890419e-02
5.000000000000000000e+00 4.123462221165270086e-02 1.300000000000000044e-01 1.009852309492462297e+00 2.409846140179255913e-02
5.000000000000000000e+00 4.419417382415894574e-02 1.300000000000000044e-01 1.007692248319407735e+00 1.974018782706258787e-02
5.000000000000000000e+00 4.736614270344963878e-02 1.300000000000000044e-01 1.006104797604866707e+00 1.629498670240926358e-02
5.000000000000000000e+00 5.076577477226438401e-02 1.300000000000000044e-01 1.004970022383301353e+00 1.369623032475446485e-02
5.000000000000000000e+00 5.440941020600738309e-02 1.300000000000000044e-01 1.004162198290283303e+00 1.172470479053506695e-02
5.000000000000000000e+00 5.831456197105004680e-02 1.300000000000000044e-01 1.003476211181278499e+00 9.916516851399010540e-03
5.000000000000000000e+00 6.249999999999953509e-02 1.300000000000000044e-01 1.002998722158516376e+00 8.616243000594740395e-03
5.000000000000000000e+00 6.698584140851780722e-02 1.300000000000000044e-01 1.002573759654520114e+00 7.411348553371411955e-03
5.000000000000000000e+00 7.179364718731412465e-02 1.300000000000000044e-01 1.002266483062316915e+00 6.528078968256115569e-03
5.000000000000000000e+00 7.694652583405664492e-02 1.300000000000000044e-01 1.001947034238020118e+00 5.593537105891875985e-03
5.000000000000000000e+00 8.246924442330520744e-02 1.300000000000000044e-01 1.001659370095826507e+00 4.747087123203006485e-03
5.000000000000000000e+00 8.838834764831768331e-02 1.300000000000000044e-01 1.001392311985167538e+00 3.958687419222627762e-03
5.000000000000000000e+00 9.473228540689904165e-02 1.300000000000000044e-01 1.001161873536287050e+00 3.277519988468107284e-03
5.000000000000000000e+00 1.015315495445285182e-01 1.300000000000000044e-01 1.000952506964992716e+00 2.657500811467547377e-03
5.000000000000000000e+00 1.088188204120145025e-01 1.300000000000000044e-01 1.000781838730476547e+00 2.151865729235351559e-03
5.000000000000000000e+00 1.166291239420998022e-01 1.300000000000000044e-01 1.000641745867198340e+00 1.736629678565818720e-03
5.000000000000000000e+00 1.249999999999987649e-01 1.300000000000000044e-01 1.000533824641967051e+00 1.416914519788998539e-03
5.000000000000000000e+00 1.339716828170352814e-01 1.300000000000000044e-01 1.000452333469719957e+00 1.175720028041591292e-03
5.000000000000000000e+00 1.435872943746278885e-01 1.300000000000000044e-01 1.000389355302549799e+00 9.893490430824957316e-04
5.000000000000000000e+00 1.538930516681129013e-01 1.300000000000000044e-01 1.000341954592009142e+00 8.487928074529761321e-04
5.000000000000000000e+00 1.649384888466099985e-01 1.300000000000000044e-01 1.000294279711190670e+00 7.060821287482060187e-04
5.000000000000000000e+00 1.767766952966349225e-01 1.300000000000000044e-01 1.000243780789258574e+00 5.527281277511532408e-04
5.000000000000000000e+00 1.894645708137976114e-01 1.300000000000000044e-01 1.000195064854748850e+00 4.010759530637716518e-04
5.000000000000000000e+00 2.030630990890565368e-01 1.300000000000000044e-01 1.000159597650652987e+00 2.833872046219517772e-04
5.000000000000000000e+00 2.176376408240284499e-01 1.300000000000000044e-01 1.000143145261060296e+00 2.132890342795048231e-04
5.000000000000000000e+00 2.332582478841990492e-01 1.300000000000000044e-01 1.000138883413533186e+00 1.647133759996232349e-04
5.000000000000000000e+00 2.499999999999969191e-01 1.300000000000000044e-01 1.000143486258597392e+00 1.195375590104829407e-04
5.000000000000000000e+00 2.679433656340699521e-01 1.300000000000000044e-01 1.000163187239926144e+00 8.537389913253925328e-05
5.000000000000000000e+00 2.871745887492550553e-01 1.300000000000000044e-01 1.000209475997397401e+00 8.330656190860161691e-05
5.000000000000000000e+00 3.077861033362250809e-01 1.300000000000000044e-01 1.000293790145532213e+00 1.170608472794365057e-04
5.000000000000000000e+00 3.298769776932191644e-01 1.300000000000000044e-01 1.000433607553795845e+00 1.906553990712463143e-04
5.000000000000000000e+00 3.535533905932689569e-01 1.300000000000000044e-01 1.000668607734803262e+00 3.274304583122145422e-04
5.000000000000000000e+00 3.789291416275942792e-01 1.300000000000000044e-01 1.001065429078640268e+00 5.791034713131850689e-04
5.000000000000000000e+00 4.061261981781120745e-01 1.300000000000000044e-01 1.001748172490751987e+00 1.049496861504726737e-03
5.000000000000000000e+00 4.352752816480558451e-01 1.300000000000000044e-01 1.002948642175424121e+00 1.952581180082603451e-03
5.000000000000000000e+00 4.665164957683969327e-01 1.300000000000000044e-01 1.005096375377826146e+00 3.721950557478789605e-03
5.000000000000000000e+00 4.999999999999926170e-01 1.300000000000000044e-01 1.008970644396713023e+00 7.233831923662381418e-03
5.000000000000000000e+00 5.358867312681385719e-01 1.300000000000000044e-01 1.015956295407140386e+00 1.415169544976661690e-02
5.000000000000000000e+00 5.743491774985087783e-01 1.300000000000000044e-01 1.027602124839640974e+00 2.644564072529797388e-02
5.000000000000000000e+00 6.155722066724486075e-01 1.300000000000000044e-01 1.043700101104406919e+00 4.324629456713360853e-02
5.000000000000000000e+00 6.597539553864367745e-01 1.300000000000000044e-01 1.061036626869313881e+00 5.821850246844775117e-02
5.000000000000000000e+00 7.071067811865362485e-01 1.300000000000000044e-01 1.077678735250202413e+00 6.561652276092801162e-02
5.000000000000000000e+00 7.578582832551866710e-01 1.300000000000000044e-01 1.093672646889701561e+00 7.135376046960688334e-02
5.000000000000000000e+00 8.122523963562221505e-01 1.300000000000000044e-01 1.113948201304544749e+00 8.688429592447000083e-02
5.000000000000000000e+00 8.705505632961095808e-01 1.300000000000000044e-01 1.136274957885824666e+00 1.051382560246685582e-01
5.000000000000000000e+00 9.330329915367915339e-01 1.300000000000000044e-01 1.155274473614833486e+00 1.262095931917825709e-01
5.000000000000000000e+00 9.999999999999827915e-01 1.300000000000000044e-01 1.171587713841244494e+00 1.439909975439257750e-01
5.000000000000000000e+00 1.071773462536274479e+00 1.300000000000000044e-01 1.188238178982695903e+00 1.609126684940351548e-01
5.000000000000000000e+00 1.148698354997014670e+00 1.300000000000000044e-01 1.197960846099874743e+00 1.694817855746743596e-01
5.000000000000000000e+00 1.231144413344894106e+00 1.300000000000000044e-01 1.193867922078211796e+00 1.555228170280440747e-01
5.000000000000000000e+00 1.319507910772870218e+00 1.300000000000000044e-01 1.180893146098422886e+00 1.275197026855464377e-01
5.000000000000000000e+00 1.414213562373068944e+00 1.300000000000000044e-01 1.172909611033750021e+00 1.040210952903047881e-01
5.000000000000000000e+00 1.515716566510369789e+00 1.300000000000000044e-01 1.170285434172679384e+00 9.449721582070626236e-02
5.000000000000000000e+00 1.624504792712440304e+00 1.300000000000000044e-01 1.171916615996991151e+00 1.120478343289258716e-01
5.000000000000000000e+00 1.741101126592214943e+00 1.300000000000000044e-01 1.175503055222763216e+00 1.278450249703264874e-01
5.000000000000000000e+00 1.866065983073578627e+00 1.300000000000000044e-01 1.193110758148981709e+00 1.548970971283693820e-01
5.000000000000000000e+00 1.999999999999960698e+00 1.300000000000000044e-01 1.187193426737862989e+00 1.415900709059920159e-01
5.000000000000000000e+00 2.143546925072543630e+00 1.300000000000000044e-01 1.176834733712148084e+00 1.189428072000082437e-01
5.000000000000000000e+00 2.297396709994023567e+00 1.300000000000000044e-01 1.193946588808589615e+00 1.371651501161412212e-01
5.000000000000000000e+00 2.462288826689782439e+00 1.300000000000000044e-01 1.203037623931475952e+00 1.682248563992619073e-01
5.000000000000000000e+00 2.639015821545733775e+00 1.300000000000000044e-01 1.208639155288388833e+00 1.749207643496101250e-01
5.000000000000000000e+00 2.828427124746130783e+00 1.300000000000000044e-01 1.208120702932863555e+00 1.623807311672726406e-01
5.000000000000000000e+00 3.031433133020732029e+00 1.300000000000000044e-01 1.199012236978208801e+00 1.486058996878227845e-01
5.000000000000000000e+00 3.249009585424872615e+00 1.300000000000000044e-01 1.227806237380284937e+00 2.343888811983093623e-01
5.000000000000000000e+00 3.482202253184421004e+00 1.300000000000000044e-01 1.213804674143216022e+00 2.041021128607233281e-01
5.000000000000000000e+00 3.732131966147147928e+00 1.300000000000000044e-01 1.164156613588910760e+00 9.654138476023320370e-02
5.000000000000000000e+00 3.999999999999911182e+00 1.300000000000000044e-01 1.138275152862583406e+00 4.902682792093786268e-02
5.000000000000000000e+00 4.287093850145076601e+00 1.300000000000000044e-01 1.171492464221199237e+00 1.452399411526618112e-01
5.000000000000000000e+00 4.594793419988035588e+00 1.300000000000000044e-01 1.154813576813918052e+00 6.731709695217719114e-02
5.000000000000000000e+00 4.924577653379552444e+00 1.300000000000000044e-01 1.179753365349161198e+00 7.676651333347711548e-02
5.000000000000000000e+00 5.278031643091455116e+00 1.300000000000000044e-01 1.161788933443504090e+00 1.280063527984519056e-01
5.000000000000000000e+00 5.656854249492248243e+00 1.300000000000000044e-01 1.146147005035201172e+00 8.946647170270020932e-02
5.000000000000000000e+00 6.062866266041448959e+00 1.300000000000000044e-01 1.183985622729025966e+00 8.353639284567218604e-02
5.000000000000000000e+00 6.498019170849729242e+00 1.300000000000000044e-01 1.164332161886066475e+00 6.928999365577051539e-02
5.000000000000000000e+00 6.964404506368825132e+00 1.300000000000000044e-01 1.152022149816914975e+00 6.562105525260131245e-02
5.000000000000000000e+00 7.464263932294277204e+00 1.300000000000000044e-01 1.175306076143165734e+00 6.637031948161734030e-02
5.000000000000000000e+00 7.999999999999802824e+00 1.300000000000000044e-01 1.153428702667311345e+00 6.715509032195834949e-02
5.000000000000000000e+00 8.574187700290131886e+00 1.300000000000000044e-01 1.179799536348244748e+00 1.193646242107907762e-01
5.000000000000000000e+00 9.189586839976049859e+00 1.300000000000000044e-01 1.164808752510318124e+00 8.499229571529569316e-02
5.000000000000000000e+00 9.849155306759080020e+00 1.300000000000000044e-01 1.212601020332952251e+00 1.182949887984998949e-01
5.000000000000000000e+00 1.055606328618288359e+01 1.300000000000000044e-01 1.243076523207839124e+00 1.362913549017659431e-01
5.000000000000000000e+00 1.131370849898446806e+01 1.300000000000000044e-01 1.194607078472083472e+00 1.121772011043025985e-01
5.000000000000000000e+00 1.212573253208286772e+01 1.300000000000000044e-01 1.176488985711731328e+00 6.741453505889759279e-02
5.000000000000000000e+00 1.299603834169942651e+01 1.300000000000000044e-01 1.215521156083433141e+00 1.146596411524842402e-01
5.000000000000000000e+00 1.392880901273761651e+01 1.300000000000000044e-01 1.182269832760520778e+00 1.166341350927786041e-01
5.000000000000000000e+00 1.492852786458851710e+01 1.300000000000000044e-01 1.164954701057722586e+00 8.923049282025215245e-02
5.000000000000000000e+00 1.599999999999956657e+01 1.300000000000000044e-01 1.198258482587015950e+00 1.721515485275960655e-01
5.000000000000000000e+00 1.714837540058022114e+01 1.300000000000000044e-01 1.174776488905437954e+00 9.756163963500781577e-02
5.000000000000000000e+00 1.837917367995205353e+01 1.300000000000000044e-01 1.201560212003284445e+00 9.466003627095638528e-02
5.000000000000000000e+00 1.969831061351811385e+01 1.300000000000000044e-01 1.172429231167533725e+00 1.268674370399449636e-01
5.000000000000000000e+00 2.111212657236571388e+01 1.300000000000000044e-01 1.172757394105409023e+00 8.585366099233582293e-02
5.000000000000000000e+00 2.262741699796887929e+01 1.300000000000000044e-01 1.147632103914591806e+00 5.808964198550553570e-02
5.000000000000000000e+00 2.425146506416567505e+01 1.300000000000000044e-01 1.150987843464385652e+00 5.299960664745525379e-02
5.000000000000000000e+00 2.599207668339878907e+01 1.300000000000000044e-01 1.215463609877416973e+00 1.670737927065730488e-01
5.000000000000000000e+00 2.785761802547516197e+01 1.300000000000000044e-01 1.182172055194126381e+00 1.275625144740664962e-01
5.000000000000000000e+00 2.985705572917696315e+01 1.300000000000000044e-01 1.171480876087027889e+00 7.780428690122734303e-02
5.000000000000000000e+00 3.199999999999905498e+01 1.300000000000000044e-01 1.172746513346356823e+00 9.669648389363860730e-02
