5.000000000000000000e+00 7.812500000000000000e-03 8.100000000000000533e-01 5.137936776793534221e+00 1.268473848197800624e+00
5.000000000000000000e+00 8.373230176064788352e-03 8.100000000000000533e-01 5.489689985135204786e+00 9.880911031265392497e-01
5.000000000000000000e+00 8.974205898414331500e-03 8.100000000000000533e-01 5.072627056250295752e+00 1.099343730453893331e+00
5.000000000000000000e+00 9.618315729257151739e-03 8.100000000000000533e-01 5.141289838667900902e+00 9.526900130949794709e-01
5.000000000000000000e+00 1.030865555291322552e-02 8.100000000000000533e-01 4.532388176843911154e+00 1.408260998748221970e+00
5.000000000000000000e+00 1.104854345603979195e-02 8.100000000000000533e-01 4.398749626643952304e+00 1.024843454549794641e+00
5.000000000000000000e+00 1.184153567586246694e-02 8.100000000000000533e-01 4.118322088306668682e+00 1.232277860768520084e+00
5.000000000000000000e+00 1.269144369306615845e-02 8.100000000000000533e-01 3.701028852550205528e+00 1.228575277870324278e+00
5.000000000000000000e+00 1.360235255150191343e-02 8.100000000000000533e-01 3.396310823711270466e+00 1.173387692157979112e+00
5.000000000000000000e+00 1.457864049276258282e-02 8.100000000000000533e-01 3.134940303354383229e+00 1.089887549578989479e+00
5.000000000000000000e+00 1.562499999999996184e-02 8.100000000000000533e-01 2.866487052754627562e+00 1.048991345279377319e+00
5.000000000000000000e+00 1.674646035212953507e-02 8.100000000000000533e-01 2.669281113515480808e+00 1.004740921012159172e+00
5.000000000000000000e+00 1.794841179682861790e-02 8.100000000000000533e-01 2.390253958230746711e+00 9.003651329991837482e-01
5.000000000000000000e+00 1.923663145851425491e-02 8.100000000000000533e-01 2.243533930601083970e+00 9.095584747467638786e-01
5.000000000000000000e+00 2.061731110582640247e-02 8.100000000000000533e-01 2.062308326213480036e+00 8.275308809162795765e-01
5.000000000000000000e+00 2.209708691207952838e-02 8.100000000000000533e-01 1.955569912179803582e+00 9.113200870728535019e-01
5.000000000000000000e+00 2.368307135172487837e-02 8.100000000000000533e-01 1.832048013348612114e+00 8.885209685709782867e-01
5.000000000000000000e+00 2.538288738613225445e-02 8.100000000000000533e-01 1.715153845102082242e+00 8.620202325957349032e-01
5.000000000000000000e+00 2.720470510300375747e-02 8.100000000000000533e-01 1.614984538046374540e+00 8.216386986270969306e-01
5.000000000000000000e+00 2.915728098552509626e-02 8.100000000000000533e-01 1.533226099028292211e+00 8.119972604163395724e-01
5.000000000000000000e+00 3.124999999999984734e-02 8.100000000000000533e-01 1.448178264142584437e+00 7.703488516328530489e-01
5.000000000000000000e+00 3.349292070425898687e-02 8.100000000000000533e-01 1.396954970560481346e+00 7.840030347638409225e-01
5.000000000000000000e+00 3.589682359365715253e-02 8.100000000000000533e-01 1.317977158269796778e+00 6.730761899499172474e-01
5.000000000000000000e+00 3.847326291702841267e-02 8.100000000000000533e-01 1.257459196218696063e+00 5.881067251342001478e-01
5.000000000000000000e+00 4.123462221165270086e-02 8.100000000000000533e-01 1.206269441818232258e+00 5.004130847622035860e-01
5.000000000000000000e+00 4.419417382415894574e-02 8.100000000000000533e-01 1.164384080728774418e+00 4.193859147277257393e-01
5.000000000000000000e+00 4.736614270344963878e-02 8.100000000000000533e-01 1.130800809595908119e+00 3.466671027712279751e-01
5.000000000000000000e+00 5.076577477226438401e-02 8.100000000000000533e-01 1.106921212599082383e+00 2.919742698693021388e-01
5.000000000000000000e+00 5.440941020600738309e-02 8.100000000000000533e-01 1.089452252788710052e+00 2.490393629205176762e-01
5.000000000000000000e+00 5.831456197105004680e-02 8.100000000000000533e-01 1.074956658397142606e+00 2.108037248387151508e-01
5.000000000000000000e+00 6.249999999999953509e-02 8.100000000000000533e-01 1.064635518512820900e+00 1.826174369303802114e-01
5.000000000000000000e+00 6.698584140851780722e-02 8.100000000000000533e-01 1.055701527344462987e+00 1.572916789096976131e-01
5.000000000000000000e+00 7.179364718731412465e-02 8.100000000000000533e-01 1.049336370108938654e+00 1.390143161680695849e-01
5.000000000000000000e+00 7.694652583405664492e-02 8.100000000000000533e-01 1.042560898252869350e+00 1.192035431273472251e-01
5.000000000000000000e+00 8.246924442330520744e-02 8.100000000000000533e-01 1.036479856295154045e+00 1.013279873090083411e-01
5.000000000000000000e+00 8.838834764831768331e-02 8.100000000000000533e-01 1.030635281456304453e+00 8.408810172247652148e-02
5.000000000000000000e+00 9.473228540689904165e-02 8.100000000000000533e-01 1.025736258565849157e+00 6.963536436852399425e-02
5.000000000000000000e+00 1.015315495445285182e-01 8.100000000000000533e-01 1.021143179791182076e+00 5.606440775827579992e-02
5.000000000000000000e+00 1.088188204120145025e-01 8.100000000000000533e-01 1.017460345249938891e+00 4.519677997200385877e-02
5.000000000000000000e+00 1.166291239420998022e-01 8.100000000000000533e-01 1.014483301838409401e+00 3.642913854837530330e-02
5.000000000000000000e+00 1.249999999999987649e-01 8.100000000000000533e-01 1.012155604291250066e+00 2.960155966065329894e-02
5.000000000000000000e+00 1.339716828170352814e-01 8.100000000000000533e-01 1.010416389938942228e+00 2.453997999042423911e-02
5.000000000000000000e+00 1.435872943746278885e-01 8.100000000000000533e-01 1.009040501175470839e+00 2.057600827794574955e-02
5.000000000000000000e+00 1.538930516681129013e-01 8.100000000000000533e-01 1.008016897489156349e+00 1.768085785901067977e-02
5.000000000000000000e+00 1.649384888466099985e-01 8.100000000000000533e-01 1.006962741373712777e+00 1.471109966488824174e-02
5.000000000000000000e+00 1.767766952966349225e-01 8.100000000000000533e-01 1.005823081098764060e+00 1.150522031312742506e-02
5.000000000000000000e+00 1.894645708137976114e-01 8.100000000000000533e-01 1.004689908369737150e+00 8.342085547701216797e-03
5.000000000000000000e+00 2.030630990890565368e-01 8.100000000000000533e-01 1.003793452360653093e+00 5.911211401722131671e-03
5.000000000000000000e+00 2.176376408240284499e-01 8.100000000000000533e-01 1.003225229549092656e+00 4.478326886348495822e-03
5.000000000000000000e+00 2.332582478841990492e-01 8.100000000000000533e-01 1.002807806946420577e+00 3.506861578274821697e-03
5.000000000000000000e+00 2.499999999999969191e-01 8.100000000000000533e-01 1.002414199663965499e+00 2.614876763360980683e-03
5.000000000000000000e+00 2.679433656340699521e-01 8.100000000000000533e-01 1.002079255168687455e+00 1.891683915330152508e-03
5.000000000000000000e+00 2.871745887492550553e-01 8.100000000000000533e-01 1.001896347574645407e+00 1.567015833513408628e-03
5.000000000000000000e+00 3.077861033362250809e-01 8.100000000000000533e-01 1.001841151940167318e+00 1.523556332366917104e-03
5.000000000000000000e+00 3.298769776932191644e-01 8.100000000000000533e-01 1.001851045387948336e+00 1.532044558154157209e-03
5.000000000000000000e+00 3.535533905932689569e-01 8.100000000000000533e-01 1.001967958799404368e+00 1.607658870106684276e-03
5.000000000000000000e+00 3.789291416275942792e-01 8.100000000000000533e-01 1.002242913869806351e+00 1.720446629234461886e-03
5.000000000000000000e+00 4.061261981781120745e-01 8.100000000000000533e-01 1.002761227924559462e+00 1.817654037093667258e-03
5.000000000000000000e+00 4.352752816480558451e-01 8.100000000000000533e-01 1.003724152421083371e+00 2.079163340612262111e-03
5.000000000000000000e+00 4.665164957683969327e-01 8.100000000000000533e-01 1.005523673305835253e+00 3.174726176236928807e-03
5.000000000000000000e+00 4.999999999999926170e-01 8.100000000000000533e-01 1.008898817109646462e+00 6.199753995629396323e-03
5.000000000000000000e+00 5.358867312681385719e-01 8.100000000000000533e-01 1.015193678240034592e+00 1.270342581078951448e-02
5.000000000000000000e+00 5.743491774985087783e-01 8.100000000000000533e-01 1.025935884804911158e+00 2.455634166055255599e-02
5.000000000000000000e+00 6.155722066724486075e-01 8.100000000000000533e-01 1.040966369627800869e+00 4.097832750249261191e-02
5.000000000000000000e+00 6.597539553864367745e-01 8.100000000000000533e-01 1.057269201685839155e+00 5.572331053969083875e-02
5.000000000000000000e+00 7.071067811865362485e-01 8.100000000000000533e-01 1.072896739706487024e+00 6.265025211759273072e-02
5.000000000000000000e+00 7.578582832551866710e-01 8.100000000000000533e-01 1.087706943052108466e+00 6.692846433446028587e-02
5.000000000000000000e+00 8.122523963562221505e-01 8.100000000000000533e-01 1.106296105704099642e+00 7.971820602034532244e-02
5.000000000000000000e+00 8.705505632961095808e-01 8.100000000000000533e-01 1.126266840309703365e+00 9.383647180334946103e-02
5.000000000000000000e+00 9.330329915367915339e-01 8.100000000000000533e-01 1.142309553755942009e+00 1.099756377981173094e-01
5.000000000000000000e+00 9.999999999999827915e-01 8.100000000000000533e-01 1.155145553663171842e+00 1.226276019058079453e-01
5.000000000000000000e+00 1.071773462536274479e+00 8.100000000000000533e-01 1.169763309724133560e+00 1.374027200598142151e-01
5.000000000000000000e+00 1.148698354997014670e+00 8.100000000000000533e-01 1.178833997678856216e+00 1.464044830911793438e-01
5.000000000000000000e+00 1.231144413344894106e+00 8.100000000000000533e-01 1.175423404808553229e+00 1.368808784020785763e-01
5.000000000000000000e+00 1.319507910772870218e+00 8.100000000000000533e-01 1.162933554499663291e+00 1.150428979000859969e-01
5.000000000000000000e+00 1.414213562373068944e+00 8.100000000000000533e-01 1.153375608188830892e+00 9.503768799936609946e-02
5.000000000000000000e+00 1.515716566510369789e+00 8.100000000000000533e-01 1.148856148991332038e+00 8.471973381578712381e-02
5.000000000000000000e+00 1.624504792712440304e+00 8.100000000000000533e-01 1.150190460266193870e+00 9.910093539729177003e-02
5.000000000000000000e+00 1.741101126592214943e+00 8.100000000000000533e-01 1.152919823069897820e+00 1.112169951777741833e-01
5.000000000000000000e+00 1.866065983073578627e+00 8.100000000000000533e-01 1.167979084600141215e+00 1.334587605972549218e-01
5.000000000000000000e+00 1.999999999999960698e+00 8.100000000000000533e-01 1.164737511311930707e+00 1.238513158794116026e-01
5.000000000000000000e+00 2.143546925072543630e+00 8.100000000000000533e-01 1.158168548158183153e+00 1.038460822651494919e-01
5.000000000000000000e+00 2.297396709994023567e+00 8.100000000000000533e-01 1.175036246879863855e+00 1.232200295027531256e-01
5.000000000000000000e+00 2.462288826689782439e+00 8.100000000000000533e-01 1.182249665343159784e+00 1.502711077179713917e-01
5.000000000000000000e+00 2.639015821545733775e+00 8.100000000000000533e-01 1.183949169282966007e+00 1.488317294367596799e-01
5.000000000000000000e+00 2.828427124746130783e+00 8.100000000000000533e-01 1.177819785615517034e+00 1.364704842097338167e-01
5.000000000000000000e+00 3.031433133020732029e+00 8.100000000000000533e-01 1.167599179356598738e+00 1.226629182341029689e-01
5.000000000000000000e+00 3.249009585424872615e+00 8.100000000000000533e-01 1.198285517327045024e+00 2.048712805478692944e-01
5.000000000000000000e+00 3.482202253184421004e+00 8.100000000000000533e-01 1.187172557254435823e+00 1.828802107435552604e-01
5.000000000000000000e+00 3.732131966147147928e+00 8.100000000000000533e-01 1.146669658981151807e+00 8.956516865286216766e-02
5.000000000000000000e+00 3.999999999999911182e+00 8.100000000000000533e-01 1.120364548701459295e+00 4.365009239183315765e-02
5.000000000000000000e+00 4.287093850145076601e+00 8.100000000000000533e-01 1.145420591405652777e+00 1.206458586041056630e-01
5.000000000000000000e+00 4.594793419988035588e+00 8.100000000000000533e-01 1.134315338544891860e+00 5.754708182391173737e-02
5.000000000000000000e+00 4.924577653379552444e+00 8.100000000000000533e-01 1.154012848882970177e+00 6.148742285314236916e-02
5.000000000000000000e+00 5.278031643091455116e+00 8.100000000000000533e-01 1.140975428396576286e+00 1.110108766414320963e-01
5.000000000000000000e+00 5.656854249492248243e+00 8.100000000000000533e-01 1.123615688096046616e+00 7.211745218854724582e-02
5.000000000000000000e+00 6.062866266041448959e+00 8.100000000000000533e-01 1.154963673703010008e+00 7.032860154564754551e-02
5.000000000000000000e+00 6.498019170849729242e+00 8.100000000000000533e-01 1.140668843134842403e+00 6.128221384504254493e-02
5.000000000000000000e+00 6.964404506368825132e+00 8.100000000000000533e-01 1.131214617006612411e+00 5.357199053707321218e-02
5.000000000000000000e+00 7.464263932294277204e+00 8.100000000000000533e-01 1.154336814000937128e+00 5.444441555342452443e-02
5.000000000000000000e+00 7.999999999999802824e+00 8.100000000000000533e-01 1.133154642549816682e+00 5.760117135929369164e-02
5.000000000000000000e+00 8.574187700290131886e+00 8.100000000000000533e-01 1.154259893065783249e+00 9.424013365421186894e-02
5.000000000000000000e+00 9.189586839976049859e+00 8.100000000000000533e-01 1.142155242102326884e+00 7.481537008952993117e-02
5.000000000000000000e+00 9.849155306759080020e+00 8.100000000000000533e-01 1.183684666485946391e+00 1.021288928663467710e-01
5.000000000000000000e+00 1.055606328618288359e+01 8.100000000000000533e-01 1.213063631619034410e+00 1.228951249641797860e-01
5.000000000000000000e+00 1.131370849898446806e+01 8.100000000000000533e-01 1.171320135703804333e+00 9.815576919408582068e-02
5.000000000000000000e+00 1.212573253208286772e+01 8.100000000000000533e-01 1.156592890660990580e+00 5.907151338494851661e-02
5.000000000000000000e+00 1.299603834169942651e+01 8.100000000000000533e-01 1.186413657528907262e+00 9.797694890947204749e-02
5.000000000000000000e+00 1.392880901273761651e+01 8.100000000000000533e-01 1.160108263070726009e+00 1.038330380972783129e-01
5.000000000000000000e+00 1.492852786458851710e+01 8.100000000000000533e-01 1.142332998690333001e+00 8.031416957573057902e-02
5.000000000000000000e+00 1.599999999999956657e+01 8.100000000000000533e-01 1.171000191121869483e+00 1.486857814940397426e-01
5.000000000000000000e+00 1.714837540058022114e+01 8.100000000000000533e-01 1.152722325660454405e+00 8.583559348338598571e-02
5.000000000000000000e+00 1.837917367995205353e+01 8.100000000000000533e-01 1.179359416104856173e+00 8.325643234617505217e-02
5.000000000000000000e+00 1.969831061351811385e+01 8.100000000000000533e-01 1.150289209124278900e+00 1.123533902910859583e-01
5.000000000000000000e+00 2.111212657236571388e+01 8.100000000000000533e-01 1.149045115333565903e+00 7.415826804107333858e-02
5.000000000000000000e+00 2.262741699796887929e+01 8.100000000000000533e-01 1.127173284088065719e+00 5.174777349804223631e-02
5.000000000000000000e+00 2.425146506416567505e+01 8.100000000000000533e-01 1.132891611627597994e+00 4.658618767794523580e-02
5.000000000000000000e+00 2.599207668339878907e+01 8.100000000000000533e-01 1.192816532798271600e+00 1.447413889516432073e-01
5.000000000000000000e+00 2.785761802547516197e+01 8.100000000000000533e-01 1.162845189640406174e+00 1.149615433293522809e-01
5.000000000000000000e+00 2.985705572917696315e+01 8.100000000000000533e-01 1.151140050853633134e+00 6.391760735704819785e-02
5.000000000000000000e+00 3.199999999999905498e+01 8.100000000000000533e-01 1.151124707185642304e+00 8.607967749411464531e-02
