1.000000000000000000e+00 6.250000000000000000e-02 0.000000000000000000e+00 1.010528106514267721e+00 3.230801655726232846e-02
1.000000000000000000e+00 6.698584140851832069e-02 0.000000000000000000e+00 1.008205064704510212e+00 2.623242005633607751e-02
1.000000000000000000e+00 7.179364718731469364e-02 0.000000000000000000e+00 1.006404324927177685e+00 2.107909365529188339e-02
1.000000000000000000e+00 7.694652583405728330e-02 0.000000000000000000e+00 1.004971683861202614e+00 1.673570778876284221e-02
1.000000000000000000e+00 8.246924442330591520e-02 0.000000000000000000e+00 1.003865095929769469e+00 1.331441184876648934e-02
1.000000000000000000e+00 8.838834764831847435e-02 0.000000000000000000e+00 1.002997897535367500e+00 1.036581437345167681e-02
1.000000000000000000e+00 9.473228540689991595e-02 0.000000000000000000e+00 1.002329043833867450e+00 8.010766150883611922e-03
1.000000000000000000e+00 1.015315495445294897e-01 0.000000000000000000e+00 1.001798543219124760e+00 6.088782966364777310e-03
1.000000000000000000e+00 1.088188204120155711e-01 0.000000000000000000e+00 1.001391935476720008e+00 4.631938762941761357e-03
1.000000000000000000e+00 1.166291239421009956e-01 0.000000000000000000e+00 1.001078158013817720e+00 3.545011758355700541e-03
1.000000000000000000e+00 1.250000000000000833e-01 0.000000000000000000e+00 1.000828131805806542e+00 2.690054899002940550e-03
1.000000000000000000e+00 1.339716828170367247e-01 0.000000000000000000e+00 1.000631345627823299e+00 2.039552051537818315e-03
1.000000000000000000e+00 1.435872943746294705e-01 0.000000000000000000e+00 1.000482715750361074e+00 1.584618050394422670e-03
1.000000000000000000e+00 1.538930516681146499e-01 0.000000000000000000e+00 1.000369187369071211e+00 1.269428870922317083e-03
1.000000000000000000e+00 1.649384888466119137e-01 0.000000000000000000e+00 1.000283252592714112e+00 1.075038922119754201e-03
1.000000000000000000e+00 1.767766952966370320e-01 0.000000000000000000e+00 1.000221218675561907e+00 9.805117335130804530e-04
1.000000000000000000e+00 1.894645708137999429e-01 0.000000000000000000e+00 1.000177342779339895e+00 9.448991081745923516e-04
1.000000000000000000e+00 2.030630990890590903e-01 0.000000000000000000e+00 1.000147732001722467e+00 9.287715310267156575e-04
1.000000000000000000e+00 2.176376408240312810e-01 0.000000000000000000e+00 1.000128267751355216e+00 9.043867758158742956e-04
1.000000000000000000e+00 2.332582478842021301e-01 0.000000000000000000e+00 1.000116044446730079e+00 8.609184967893817805e-04
1.000000000000000000e+00 2.500000000000003331e-01 0.000000000000000000e+00 1.000109173862294254e+00 7.915170222830667131e-04
1.000000000000000000e+00 2.679433656340736158e-01 0.000000000000000000e+00 1.000107446034214087e+00 6.982405748418559020e-04
1.000000000000000000e+00 2.871745887492591631e-01 0.000000000000000000e+00 1.000113108105240345e+00 5.934170251103079849e-04
1.000000000000000000e+00 3.077861033362295218e-01 0.000000000000000000e+00 1.000130092341896537e+00 4.869212896152450573e-04
1.000000000000000000e+00 3.298769776932240494e-01 0.000000000000000000e+00 1.000166246788223745e+00 4.091344368510346384e-04
1.000000000000000000e+00 3.535533905932742860e-01 0.000000000000000000e+00 1.000233387812925034e+00 4.086938589639382922e-04
1.000000000000000000e+00 3.789291416276001079e-01 0.000000000000000000e+00 1.000352419313355501e+00 5.538228780820310610e-04
1.000000000000000000e+00 4.061261981781184582e-01 0.000000000000000000e+00 1.000559339071733111e+00 8.913365301644574253e-04
1.000000000000000000e+00 4.352752816480628395e-01 0.000000000000000000e+00 1.000918585160153862e+00 1.509449991980664442e-03
1.000000000000000000e+00 4.665164957684045377e-01 0.000000000000000000e+00 1.001546424225007392e+00 2.604680913632675867e-03
1.000000000000000000e+00 5.000000000000008882e-01 0.000000000000000000e+00 1.002653417534942637e+00 4.533911864701246214e-03
1.000000000000000000e+00 5.358867312681475648e-01 0.000000000000000000e+00 1.004606183338415226e+00 7.842372538306278257e-03
1.000000000000000000e+00 5.743491774985186593e-01 0.000000000000000000e+00 1.007981198925731015e+00 1.310044729085626386e-02
1.000000000000000000e+00 6.155722066724593766e-01 0.000000000000000000e+00 1.013535599037496571e+00 2.056047462725927449e-02
1.000000000000000000e+00 6.597539553864485429e-01 0.000000000000000000e+00 1.022216093116112168e+00 3.045715273375462426e-02
1.000000000000000000e+00 7.071067811865490160e-01 0.000000000000000000e+00 1.035184199672355865e+00 4.323941764247612313e-02
1.000000000000000000e+00 7.578582832552007709e-01 0.000000000000000000e+00 1.054509374400300459e+00 6.002340054327977986e-02
1.000000000000000000e+00 8.122523963562373606e-01 0.000000000000000000e+00 1.088124988102081581e+00 9.706337370209211501e-02
1.000000000000000000e+00 8.705505632961261231e-01 0.000000000000000000e+00 1.137183083806786454e+00 1.412037525130266646e-01
1.000000000000000000e+00 9.330329915368096305e-01 0.000000000000000000e+00 1.166444790676062215e+00 1.603879628172368288e-01
1.000000000000000000e+00 1.000000000000002442e+00 0.000000000000000000e+00 1.194913761762961268e+00 1.797723367313495690e-01
1.000000000000000000e+00 1.071773462536295574e+00 0.000000000000000000e+00 1.227255759466465923e+00 2.068704506825436995e-01
1.000000000000000000e+00 1.148698354997037985e+00 0.000000000000000000e+00 1.251989780756020965e+00 2.277137899360973938e-01
1.000000000000000000e+00 1.231144413344919863e+00 0.000000000000000000e+00 1.269824216843489673e+00 2.342158021187826789e-01
1.000000000000000000e+00 1.319507910772897752e+00 0.000000000000000000e+00 1.291924885684286650e+00 2.601021050173660254e-01
1.000000000000000000e+00 1.414213562373098476e+00 0.000000000000000000e+00 1.313992176109258780e+00 2.870659601779985692e-01
1.000000000000000000e+00 1.515716566510402430e+00 0.000000000000000000e+00 1.323104079226247620e+00 3.010724194900452066e-01
1.000000000000000000e+00 1.624504792712476275e+00 0.000000000000000000e+00 1.340427432966232901e+00 3.195896012573377631e-01
1.000000000000000000e+00 1.741101126592253356e+00 0.000000000000000000e+00 1.349262615121295639e+00 3.203541379819840329e-01
1.000000000000000000e+00 1.866065983073619927e+00 0.000000000000000000e+00 1.361106207070512442e+00 3.298746766901526906e-01
1.000000000000000000e+00 2.000000000000006217e+00 0.000000000000000000e+00 1.311386094696158633e+00 2.997673315558674889e-01
1.000000000000000000e+00 2.143546925072593812e+00 0.000000000000000000e+00 1.297042860722774860e+00 2.735533457968815640e-01
1.000000000000000000e+00 2.297396709994077302e+00 0.000000000000000000e+00 1.295335244890623239e+00 2.858644347051646495e-01
1.000000000000000000e+00 2.462288826689839727e+00 0.000000000000000000e+00 1.278985778803912288e+00 2.578154723411146820e-01
1.000000000000000000e+00 2.639015821545797280e+00 0.000000000000000000e+00 1.255576074218664795e+00 2.505183767334208111e-01
1.000000000000000000e+00 2.828427124746200505e+00 0.000000000000000000e+00 1.263908223864681712e+00 2.616019919789446813e-01
1.000000000000000000e+00 3.031433133020806636e+00 0.000000000000000000e+00 1.243792365030919278e+00 2.267943662233010416e-01
1.000000000000000000e+00 3.249009585424952551e+00 0.000000000000000000e+00 1.271335172605238206e+00 2.722646169168455033e-01
1.000000000000000000e+00 3.482202253184508933e+00 0.000000000000000000e+00 1.272201308199394143e+00 2.393961556547477554e-01
1.000000000000000000e+00 3.732131966147244295e+00 0.000000000000000000e+00 1.245270880894846277e+00 2.283095410648249557e-01
1.000000000000000000e+00 4.000000000000015099e+00 0.000000000000000000e+00 1.274828619379671846e+00 2.425842009876174599e-01
1.000000000000000000e+00 4.287093850145187623e+00 0.000000000000000000e+00 1.306328486032593439e+00 2.897062455503254252e-01
1.000000000000000000e+00 4.594793419988157268e+00 0.000000000000000000e+00 1.267330234882160678e+00 2.409093732426709489e-01
1.000000000000000000e+00 4.924577653379685671e+00 0.000000000000000000e+00 1.284124931117520463e+00 2.686256526809693845e-01
1.000000000000000000e+00 5.278031643091598113e+00 0.000000000000000000e+00 1.277156649750846640e+00 3.042212201435231522e-01
1.000000000000000000e+00 5.656854249492401010e+00 0.000000000000000000e+00 1.251630947418735040e+00 2.591808431312343508e-01
1.000000000000000000e+00 6.062866266041616825e+00 0.000000000000000000e+00 1.258904791023496950e+00 2.217738082470154526e-01
1.000000000000000000e+00 6.498019170849913095e+00 0.000000000000000000e+00 1.259909395697189405e+00 2.398404127600064772e-01
1.000000000000000000e+00 6.964404506369022307e+00 0.000000000000000000e+00 1.286117908178738167e+00 2.813517028134819298e-01
1.000000000000000000e+00 7.464263932294488590e+00 0.000000000000000000e+00 1.284971941373092008e+00 3.160477009900927170e-01
1.000000000000000000e+00 8.000000000000033751e+00 0.000000000000000000e+00 1.242139777633946451e+00 2.177762581839781109e-01
1.000000000000000000e+00 8.574187700290385905e+00 0.000000000000000000e+00 1.310505391592047930e+00 3.239323333124347060e-01
1.000000000000000000e+00 9.189586839976321642e+00 0.000000000000000000e+00 1.250249112255827688e+00 2.163593922666932623e-01
1.000000000000000000e+00 9.849155306759371342e+00 0.000000000000000000e+00 1.303149664284719123e+00 3.114589100802313548e-01
1.000000000000000000e+00 1.055606328618320155e+01 0.000000000000000000e+00 1.256390674141190322e+00 2.480885890726211018e-01
1.000000000000000000e+00 1.131370849898481623e+01 0.000000000000000000e+00 1.272194417047552539e+00 3.029324543315398133e-01
1.000000000000000000e+00 1.212573253208324076e+01 0.000000000000000000e+00 1.302521159038160681e+00 2.972431255648452786e-01
1.000000000000000000e+00 1.299603834169982619e+01 0.000000000000000000e+00 1.251490034868457890e+00 2.504603178415285569e-01
1.000000000000000000e+00 1.392880901273805350e+01 0.000000000000000000e+00 1.259927055322899392e+00 2.319034345192614865e-01
1.000000000000000000e+00 1.492852786458899672e+01 0.000000000000000000e+00 1.317930254295124559e+00 3.875699754746256831e-01
1.000000000000000000e+00 1.600000000000007816e+01 0.000000000000000000e+00 1.267407740141004657e+00 2.417353217396332188e-01
1.000000000000000000e+00 1.714837540058077181e+01 0.000000000000000000e+00 1.268064320943182555e+00 2.615657262660715521e-01
1.000000000000000000e+00 1.837917367995264328e+01 0.000000000000000000e+00 1.287163898443485222e+00 2.962949684400654760e-01
1.000000000000000000e+00 1.969831061351876755e+01 0.000000000000000000e+00 1.214643458711629265e+00 1.863118824573420651e-01
1.000000000000000000e+00 2.111212657236641732e+01 0.000000000000000000e+00 1.279661678673667424e+00 2.800073748859128187e-01
1.000000000000000000e+00 2.262741699796963246e+01 0.000000000000000000e+00 1.280038640492676238e+00 2.885602042371678277e-01
1.000000000000000000e+00 2.425146506416651349e+01 0.000000000000000000e+00 1.258668024710594358e+00 2.752534831888573952e-01
1.000000000000000000e+00 2.599207668339968436e+01 0.000000000000000000e+00 1.272968778192144379e+00 2.719522474435326354e-01
1.000000000000000000e+00 2.785761802547612476e+01 0.000000000000000000e+00 1.237613220238223954e+00 2.102385454224500461e-01
1.000000000000000000e+00 2.985705572917799344e+01 0.000000000000000000e+00 1.244997684393687409e+00 2.586922255452018815e-01
1.000000000000000000e+00 3.200000000000015632e+01 0.000000000000000000e+00 1.232472727582738514e+00 2.348474205484985811e-01
1.000000000000000000e+00 3.429675080116158625e+01 0.000000000000000000e+00 1.260500830716970944e+00 2.677337452285743491e-01
1.000000000000000000e+00 3.675834735990532920e+01 0.000000000000000000e+00 1.281258855162980215e+00 2.729433052773203583e-01
1.000000000000000000e+00 3.939662122703753511e+01 0.000000000000000000e+00 1.249494873690099039e+00 2.349571377389861881e-01
1.000000000000000000e+00 4.222425314473288438e+01 0.000000000000000000e+00 1.271966633878334196e+00 2.810789524711186371e-01
1.000000000000000000e+00 4.525483399593932177e+01 0.000000000000000000e+00 1.239085766467409533e+00 2.617003225708739444e-01
1.000000000000000000e+00 4.850293012833302697e+01 0.000000000000000000e+00 1.317145360746661220e+00 3.215962788097710967e-01
1.000000000000000000e+00 5.198415336679936871e+01 0.000000000000000000e+00 1.243002514265912906e+00 2.251183821752998637e-01
1.000000000000000000e+00 5.571523605095224951e+01 0.000000000000000000e+00 1.223247529736597450e+00 2.034399305979052441e-01
1.000000000000000000e+00 5.971411145835605794e+01 0.000000000000000000e+00 1.275286394516293775e+00 2.847641744392238605e-01
1.000000000000000000e+00 6.400000000000039790e+01 0.000000000000000000e+00 1.277684956511393688e+00 2.857196755856957759e-01
1.000000000000000000e+00 6.859350160232317251e+01 0.000000000000000000e+00 1.248172334236943515e+00 2.599721242165067281e-01
1.000000000000000000e+00 7.351669471981074366e+01 0.000000000000000000e+00 1.247187228984389940e+00 2.306736000075672866e-01
1.000000000000000000e+00 7.879324245407516969e+01 0.000000000000000000e+00 1.254982050296323814e+00 2.835305606838681713e-01
1.000000000000000000e+00 8.444850628946576876e+01 0.000000000000000000e+00 1.251008270433243919e+00 2.465964510651947883e-01
1.000000000000000000e+00 9.050966799187864353e+01 0.000000000000000000e+00 1.241707736594390488e+00 2.251607190696085503e-01
1.000000000000000000e+00 9.700586025666605394e+01 0.000000000000000000e+00 1.248110894766796042e+00 1.860982961285590764e-01
1.000000000000000000e+00 1.039683067335988653e+02 0.000000000000000000e+00 1.260367527833705203e+00 2.548244118393473423e-01
1.000000000000000000e+00 1.114304721019046269e+02 0.000000000000000000e+00 1.263050065273361833e+00 2.590596972513540264e-01
1.000000000000000000e+00 1.194282229167121159e+02 0.000000000000000000e+00 1.262609495335313969e+00 2.535872389058222431e-01
1.000000000000000000e+00 1.280000000000009379e+02 0.000000000000000000e+00 1.295521812467175460e+00 2.674070460269004079e-01
