5.000000000000000000e+00 7.812500000000000000e-03 9.100000000000000311e-01 4.611574114312936956e+00 1.256688870343087627e+00
5.000000000000000000e+00 8.373230176064788352e-03 9.100000000000000311e-01 5.003717168529061787e+00 9.593543922587958184e-01
5.000000000000000000e+00 8.974205898414331500e-03 9.100000000000000311e-01 4.618899314946293799e+00 1.064547606077321573e+00
5.000000000000000000e+00 9.618315729257151739e-03 9.100000000000000311e-01 4.917859061671735255e+00 9.100525321925393429e-01
5.000000000000000000e+00 1.030865555291322552e-02 9.100000000000000311e-01 4.336158453845934346e+00 1.382522393095159341e+00
5.000000000000000000e+00 1.104854345603979195e-02 9.100000000000000311e-01 4.507421277677769567e+00 1.011967178174920656e+00
5.000000000000000000e+00 1.184153567586246694e-02 9.100000000000000311e-01 4.386545500528950647e+00 1.201600910425349777e+00
5.000000000000000000e+00 1.269144369306615845e-02 9.100000000000000311e-01 4.330254264356504734e+00 1.193049129295581823e+00
5.000000000000000000e+00 1.360235255150191343e-02 9.100000000000000311e-01 3.838376608466565809e+00 1.168637874962769718e+00
5.000000000000000000e+00 1.457864049276258282e-02 9.100000000000000311e-01 3.647310751565329134e+00 1.019399382822672839e+00
5.000000000000000000e+00 1.562499999999996184e-02 9.100000000000000311e-01 3.540347945256471895e+00 1.053837926264957314e+00
5.000000000000000000e+00 1.674646035212953507e-02 9.100000000000000311e-01 3.327596645420703769e+00 1.033782206767298595e+00
5.000000000000000000e+00 1.794841179682861790e-02 9.100000000000000311e-01 3.047114783928672299e+00 9.579465869179693005e-01
5.000000000000000000e+00 1.923663145851425491e-02 9.100000000000000311e-01 2.915706872009883099e+00 9.743721989826709118e-01
5.000000000000000000e+00 2.061731110582640247e-02 9.100000000000000311e-01 2.716620264429121967e+00 9.450053948321920361e-01
5.000000000000000000e+00 2.209708691207952838e-02 9.100000000000000311e-01 2.583990702022806119e+00 9.146620013081880884e-01
5.000000000000000000e+00 2.368307135172487837e-02 9.100000000000000311e-01 2.409455739967276688e+00 8.787984763727832993e-01
5.000000000000000000e+00 2.538288738613225445e-02 9.100000000000000311e-01 2.268296755755540683e+00 8.239775915549215624e-01
5.000000000000000000e+00 2.720470510300375747e-02 9.100000000000000311e-01 2.117175578057977070e+00 7.760531224506436176e-01
5.000000000000000000e+00 2.915728098552509626e-02 9.100000000000000311e-01 1.973542389668584862e+00 7.951978527614251835e-01
5.000000000000000000e+00 3.124999999999984734e-02 9.100000000000000311e-01 1.844158562454138117e+00 8.427471471586337470e-01
5.000000000000000000e+00 3.349292070425898687e-02 9.100000000000000311e-01 1.729499340655510808e+00 9.005100444071402199e-01
5.000000000000000000e+00 3.589682359365715253e-02 9.100000000000000311e-01 1.611577471905403458e+00 8.699224003447780795e-01
5.000000000000000000e+00 3.847326291702841267e-02 9.100000000000000311e-01 1.514046404189824058e+00 8.572018554536405821e-01
5.000000000000000000e+00 4.123462221165270086e-02 9.100000000000000311e-01 1.428572902628815644e+00 8.230905899811944426e-01
5.000000000000000000e+00 4.419417382415894574e-02 9.100000000000000311e-01 1.361690954645992324e+00 7.913112686279945018e-01
5.000000000000000000e+00 4.736614270344963878e-02 9.100000000000000311e-01 1.301467604492278385e+00 7.284255981846139427e-01
5.000000000000000000e+00 5.076577477226438401e-02 9.100000000000000311e-01 1.260213538250346543e+00 6.777277641134474839e-01
5.000000000000000000e+00 5.440941020600738309e-02 9.100000000000000311e-01 1.227858306434463698e+00 6.221798467732541082e-01
5.000000000000000000e+00 5.831456197105004680e-02 9.100000000000000311e-01 1.207003995537779373e+00 5.827287866159247542e-01
5.000000000000000000e+00 6.249999999999953509e-02 9.100000000000000311e-01 1.189558320030984717e+00 5.426223950421975584e-01
5.000000000000000000e+00 6.698584140851780722e-02 9.100000000000000311e-01 1.177963220005390443e+00 5.142725885568524280e-01
5.000000000000000000e+00 7.179364718731412465e-02 9.100000000000000311e-01 1.168349114256681531e+00 4.889284183514276405e-01
5.000000000000000000e+00 7.694652583405664492e-02 9.100000000000000311e-01 1.155479771510105280e+00 4.524508038087221018e-01
5.000000000000000000e+00 8.246924442330520744e-02 9.100000000000000311e-01 1.140524803495605033e+00 4.090363499158117255e-01
5.000000000000000000e+00 8.838834764831768331e-02 9.100000000000000311e-01 1.121408276163116557e+00 3.527831501452579621e-01
5.000000000000000000e+00 9.473228540689904165e-02 9.100000000000000311e-01 1.103750652100190299e+00 3.006584270456643115e-01
5.000000000000000000e+00 1.015315495445285182e-01 9.100000000000000311e-01 1.084620691060699915e+00 2.439234035541591461e-01
5.000000000000000000e+00 1.088188204120145025e-01 9.100000000000000311e-01 1.068886378704946072e+00 1.972171368658550417e-01
5.000000000000000000e+00 1.166291239420998022e-01 9.100000000000000311e-01 1.056347798540468563e+00 1.599801227521639169e-01
5.000000000000000000e+00 1.249999999999987649e-01 9.100000000000000311e-01 1.046306317406253905e+00 1.301544324990206725e-01
5.000000000000000000e+00 1.339716828170352814e-01 9.100000000000000311e-01 1.038926739890123185e+00 1.082694473907908905e-01
5.000000000000000000e+00 1.435872943746278885e-01 9.100000000000000311e-01 1.032966890638005619e+00 9.062566368788407822e-02
5.000000000000000000e+00 1.538930516681129013e-01 9.100000000000000311e-01 1.028817956538239375e+00 7.841469853830991543e-02
5.000000000000000000e+00 1.649384888466099985e-01 9.100000000000000311e-01 1.024449949383946512e+00 6.555865627896069470e-02
5.000000000000000000e+00 1.767766952966349225e-01 9.100000000000000311e-01 1.019685882408269295e+00 5.153322462399029247e-02
5.000000000000000000e+00 1.894645708137976114e-01 9.100000000000000311e-01 1.014956607991914783e+00 3.763498544257001810e-02
5.000000000000000000e+00 2.030630990890565368e-01 9.100000000000000311e-01 1.011283300203397406e+00 2.692827962792760169e-02
5.000000000000000000e+00 2.176376408240284499e-01 9.100000000000000311e-01 1.009060740998014571e+00 2.059412363501763807e-02
5.000000000000000000e+00 2.332582478841990492e-01 9.100000000000000311e-01 1.007501131705703212e+00 1.626563357470183976e-02
5.000000000000000000e+00 2.499999999999969191e-01 9.100000000000000311e-01 1.006046788589831653e+00 1.226410745145807037e-02
5.000000000000000000e+00 2.679433656340699521e-01 9.100000000000000311e-01 1.004833870067116219e+00 8.983851380589111604e-03
5.000000000000000000e+00 2.871745887492550553e-01 9.100000000000000311e-01 1.004250916752772227e+00 7.558848886243939302e-03
5.000000000000000000e+00 3.077861033362250809e-01 9.100000000000000311e-01 1.004144450151038148e+00 7.487512932220802275e-03
5.000000000000000000e+00 3.298769776932191644e-01 9.100000000000000311e-01 1.004163672915632466e+00 7.658286168223750294e-03
5.000000000000000000e+00 3.535533905932689569e-01 9.100000000000000311e-01 1.004364816935239491e+00 8.121577080920172956e-03
5.000000000000000000e+00 3.789291416275942792e-01 9.100000000000000311e-01 1.004759892323831671e+00 8.711761912726666973e-03
5.000000000000000000e+00 4.061261981781120745e-01 9.100000000000000311e-01 1.005336608548068833e+00 9.024272263608112618e-03
5.000000000000000000e+00 4.352752816480558451e-01 9.100000000000000311e-01 1.006251234552976603e+00 8.877692291755168164e-03
5.000000000000000000e+00 4.665164957683969327e-01 9.100000000000000311e-01 1.007876691287152182e+00 8.338015787576117874e-03
5.000000000000000000e+00 4.999999999999926170e-01 9.100000000000000311e-01 1.010962523724238782e+00 8.473153515742003553e-03
5.000000000000000000e+00 5.358867312681385719e-01 9.100000000000000311e-01 1.016895705187886190e+00 1.265123783932162356e-02
5.000000000000000000e+00 5.743491774985087783e-01 9.100000000000000311e-01 1.027259129848089314e+00 2.372298923394966161e-02
5.000000000000000000e+00 6.155722066724486075e-01 9.100000000000000311e-01 1.041940230857215655e+00 4.005050181123205599e-02
5.000000000000000000e+00 6.597539553864367745e-01 9.100000000000000311e-01 1.057957376307433695e+00 5.485466400630201189e-02
5.000000000000000000e+00 7.071067811865362485e-01 9.100000000000000311e-01 1.073360270658691995e+00 6.181334699193174326e-02
5.000000000000000000e+00 7.578582832551866710e-01 9.100000000000000311e-01 1.088005757277905383e+00 6.612492248757545488e-02
5.000000000000000000e+00 8.122523963562221505e-01 9.100000000000000311e-01 1.106443609918580595e+00 7.894447706167226353e-02
5.000000000000000000e+00 8.705505632961095808e-01 9.100000000000000311e-01 1.126242036141874570e+00 9.298500032213695421e-02
5.000000000000000000e+00 9.330329915367915339e-01 9.100000000000000311e-01 1.142123221253204868e+00 1.090624728484044098e-01
5.000000000000000000e+00 9.999999999999827915e-01 9.100000000000000311e-01 1.154803779900581917e+00 1.216632219659113112e-01
5.000000000000000000e+00 1.071773462536274479e+00 9.100000000000000311e-01 1.169278716785688399e+00 1.364300602895066328e-01
5.000000000000000000e+00 1.148698354997014670e+00 9.100000000000000311e-01 1.178206026588866973e+00 1.454667617157567039e-01
5.000000000000000000e+00 1.231144413344894106e+00 9.100000000000000311e-01 1.174701252776022997e+00 1.361910195188709982e-01
5.000000000000000000e+00 1.319507910772870218e+00 9.100000000000000311e-01 1.162096514525905011e+00 1.146714645345481010e-01
5.000000000000000000e+00 1.414213562373068944e+00 9.100000000000000311e-01 1.152307139042799689e+00 9.484077232615902020e-02
5.000000000000000000e+00 1.515716566510369789e+00 9.100000000000000311e-01 1.147683738613742843e+00 8.446934546580099623e-02
5.000000000000000000e+00 1.624504792712440304e+00 9.100000000000000311e-01 1.149126464598511532e+00 9.872128218253532761e-02
5.000000000000000000e+00 1.741101126592214943e+00 9.100000000000000311e-01 1.151908687188714975e+00 1.106377352492666222e-01
5.000000000000000000e+00 1.866065983073578627e+00 9.100000000000000311e-01 1.166808419775391847e+00 1.325636378725735254e-01
5.000000000000000000e+00 1.999999999999960698e+00 9.100000000000000311e-01 1.163660626376969320e+00 1.230602138757895397e-01
5.000000000000000000e+00 2.143546925072543630e+00 9.100000000000000311e-01 1.157317177610390990e+00 1.030389366889580272e-01
5.000000000000000000e+00 2.297396709994023567e+00 9.100000000000000311e-01 1.174230845394586442e+00 1.223627969240703717e-01
5.000000000000000000e+00 2.462288826689782439e+00 9.100000000000000311e-01 1.181514729164284905e+00 1.493900730161522306e-01
5.000000000000000000e+00 2.639015821545733775e+00 9.100000000000000311e-01 1.183127124159096599e+00 1.476968204253157890e-01
5.000000000000000000e+00 2.828427124746130783e+00 9.100000000000000311e-01 1.176674608533193167e+00 1.354134043904424711e-01
5.000000000000000000e+00 3.031433133020732029e+00 9.100000000000000311e-01 1.166395320975742056e+00 1.216869586653522850e-01
5.000000000000000000e+00 3.249009585424872615e+00 9.100000000000000311e-01 1.197245759750351413e+00 2.041295268357492254e-01
5.000000000000000000e+00 3.482202253184421004e+00 9.100000000000000311e-01 1.186085513305478845e+00 1.821000721998558003e-01
5.000000000000000000e+00 3.732131966147147928e+00 9.100000000000000311e-01 1.146002068950282782e+00 8.930927074094792417e-02
5.000000000000000000e+00 3.999999999999911182e+00 9.100000000000000311e-01 1.119565719346439447e+00 4.344097397733204940e-02
5.000000000000000000e+00 4.287093850145076601e+00 9.100000000000000311e-01 1.144329031045917322e+00 1.198386195171073781e-01
5.000000000000000000e+00 4.594793419988035588e+00 9.100000000000000311e-01 1.133467512938563848e+00 5.719379466255750111e-02
5.000000000000000000e+00 4.924577653379552444e+00 9.100000000000000311e-01 1.153055916417818905e+00 6.081673222000227863e-02
5.000000000000000000e+00 5.278031643091455116e+00 9.100000000000000311e-01 1.140256209293556200e+00 1.102053735309662247e-01
5.000000000000000000e+00 5.656854249492248243e+00 9.100000000000000311e-01 1.122552658285814964e+00 7.116317608225727898e-02
5.000000000000000000e+00 6.062866266041448959e+00 9.100000000000000311e-01 1.153746870255882850e+00 6.972381144275667519e-02
5.000000000000000000e+00 6.498019170849729242e+00 9.100000000000000311e-01 1.139736492901571197e+00 6.072938190015646220e-02
5.000000000000000000e+00 6.964404506368825132e+00 9.100000000000000311e-01 1.130435740191871208e+00 5.320866224679048767e-02
5.000000000000000000e+00 7.464263932294277204e+00 9.100000000000000311e-01 1.153454959151903214e+00 5.408446080969619291e-02
5.000000000000000000e+00 7.999999999999802824e+00 9.100000000000000311e-01 1.132105868350467226e+00 5.712673600785816291e-02
5.000000000000000000e+00 8.574187700290131886e+00 9.100000000000000311e-01 1.153109571314105519e+00 9.328720206130314274e-02
5.000000000000000000e+00 9.189586839976049859e+00 9.100000000000000311e-01 1.141150360514863848e+00 7.425652057180022469e-02
5.000000000000000000e+00 9.849155306759080020e+00 9.100000000000000311e-01 1.182460236985704904e+00 1.013406339594064703e-01
5.000000000000000000e+00 1.055606328618288359e+01 9.100000000000000311e-01 1.211962294997598555e+00 1.223339688638147432e-01
5.000000000000000000e+00 1.131370849898446806e+01 9.100000000000000311e-01 1.170459415893406518e+00 9.773627760019656940e-02
5.000000000000000000e+00 1.212573253208286772e+01 9.100000000000000311e-01 1.155878439455257256e+00 5.871204430837353300e-02
5.000000000000000000e+00 1.299603834169942651e+01 9.100000000000000311e-01 1.184975873085919895e+00 9.706651287384920890e-02
5.000000000000000000e+00 1.392880901273761651e+01 9.100000000000000311e-01 1.159015206323324110e+00 1.032573877303660653e-01
5.000000000000000000e+00 1.492852786458851710e+01 9.100000000000000311e-01 1.141375420367581217e+00 8.011855074711851654e-02
5.000000000000000000e+00 1.599999999999956657e+01 9.100000000000000311e-01 1.169938372585162201e+00 1.477459504137790258e-01
5.000000000000000000e+00 1.714837540058022114e+01 9.100000000000000311e-01 1.151862325250230246e+00 8.538272043446090698e-02
5.000000000000000000e+00 1.837917367995205353e+01 9.100000000000000311e-01 1.178500070739169292e+00 8.286689587392166711e-02
5.000000000000000000e+00 1.969831061351811385e+01 9.100000000000000311e-01 1.149387278812457058e+00 1.120062772093184111e-01
5.000000000000000000e+00 2.111212657236571388e+01 9.100000000000000311e-01 1.148218860678976716e+00 7.401281625832847877e-02
5.000000000000000000e+00 2.262741699796887929e+01 9.100000000000000311e-01 1.126388873197097018e+00 5.169550878080850925e-02
5.000000000000000000e+00 2.425146506416567505e+01 9.100000000000000311e-01 1.132258482240845243e+00 4.668235635206403888e-02
5.000000000000000000e+00 2.599207668339878907e+01 9.100000000000000311e-01 1.192191152348702543e+00 1.442970958616437149e-01
5.000000000000000000e+00 2.785761802547516197e+01 9.100000000000000311e-01 1.162096027362127471e+00 1.146271381027414438e-01
5.000000000000000000e+00 2.985705572917696315e+01 9.100000000000000311e-01 1.150438737595795846e+00 6.337681821425643347e-02
5.000000000000000000e+00 3.199999999999905498e+01 9.100000000000000311e-01 1.150167375236312628e+00 8.594665506576690261e-02
