5.000000000000000000e+00 7.812500000000000000e-03 8.499999999999999778e-01 4.969086209269311105e+00 1.273576454270452185e+00
5.000000000000000000e+00 8.373230176064788352e-03 8.499999999999999778e-01 5.394762959205299246e+00 9.636173133092689191e-01
5.000000000000000000e+00 8.974205898414331500e-03 8.499999999999999778e-01 4.995230632563971263e+00 1.076561775935459542e+00
5.000000000000000000e+00 9.618315729257151739e-03 8.499999999999999778e-01 5.241064389436254523e+00 9.286343414268761753e-01
5.000000000000000000e+00 1.030865555291322552e-02 8.499999999999999778e-01 4.610417212135162757e+00 1.397010285325390955e+00
5.000000000000000000e+00 1.104854345603979195e-02 8.499999999999999778e-01 4.608443192912799802e+00 9.291456853228372559e-01
5.000000000000000000e+00 1.184153567586246694e-02 8.499999999999999778e-01 4.388643228834328447e+00 1.184638317111638806e+00
5.000000000000000000e+00 1.269144369306615845e-02 8.499999999999999778e-01 4.064018020191125125e+00 1.170517066056716127e+00
5.000000000000000000e+00 1.360235255150191343e-02 8.499999999999999778e-01 3.674662498501420682e+00 1.182875274987791325e+00
5.000000000000000000e+00 1.457864049276258282e-02 8.499999999999999778e-01 3.443853329901794602e+00 1.103228967737508670e+00
5.000000000000000000e+00 1.562499999999996184e-02 8.499999999999999778e-01 3.201190682959928147e+00 1.113549167150578612e+00
5.000000000000000000e+00 1.674646035212953507e-02 8.499999999999999778e-01 2.989796083599442600e+00 1.072827071999399751e+00
5.000000000000000000e+00 1.794841179682861790e-02 8.499999999999999778e-01 2.679102952409682992e+00 9.465832183726573534e-01
5.000000000000000000e+00 1.923663145851425491e-02 8.499999999999999778e-01 2.514080510523826639e+00 9.234724965294622834e-01
5.000000000000000000e+00 2.061731110582640247e-02 8.499999999999999778e-01 2.302227295476453772e+00 8.392005147252508124e-01
5.000000000000000000e+00 2.209708691207952838e-02 8.499999999999999778e-01 2.161512323183252704e+00 8.908620746097610787e-01
5.000000000000000000e+00 2.368307135172487837e-02 8.499999999999999778e-01 2.017382640746110845e+00 8.865790782732370090e-01
5.000000000000000000e+00 2.538288738613225445e-02 8.499999999999999778e-01 1.886622189214836265e+00 8.846082632200469309e-01
5.000000000000000000e+00 2.720470510300375747e-02 8.499999999999999778e-01 1.762898179851794200e+00 8.492037047749927403e-01
5.000000000000000000e+00 2.915728098552509626e-02 8.499999999999999778e-01 1.667104115611081294e+00 8.648944225247040540e-01
5.000000000000000000e+00 3.124999999999984734e-02 8.499999999999999778e-01 1.576213887658504120e+00 8.735443214907242515e-01
5.000000000000000000e+00 3.349292070425898687e-02 8.499999999999999778e-01 1.507171267406592907e+00 9.000208539660721208e-01
5.000000000000000000e+00 3.589682359365715253e-02 8.499999999999999778e-01 1.420449926215787695e+00 8.247488398213580485e-01
5.000000000000000000e+00 3.847326291702841267e-02 8.499999999999999778e-01 1.351927550220296759e+00 7.671997072739745738e-01
5.000000000000000000e+00 4.123462221165270086e-02 8.499999999999999778e-01 1.290954083702368305e+00 6.875703178285937911e-01
5.000000000000000000e+00 4.419417382415894574e-02 8.499999999999999778e-01 1.238834104518473866e+00 6.020644471520708585e-01
5.000000000000000000e+00 4.736614270344963878e-02 8.499999999999999778e-01 1.193413019876583991e+00 5.107778407451243341e-01
5.000000000000000000e+00 5.076577477226438401e-02 8.499999999999999778e-01 1.160406044316310226e+00 4.389152596429209963e-01
5.000000000000000000e+00 5.440941020600738309e-02 8.499999999999999778e-01 1.135318729877192734e+00 3.788326924713170119e-01
5.000000000000000000e+00 5.831456197105004680e-02 8.499999999999999778e-01 1.114712205885279861e+00 3.254175729821546792e-01
5.000000000000000000e+00 6.249999999999953509e-02 8.499999999999999778e-01 1.099509993965282373e+00 2.842487623195418256e-01
5.000000000000000000e+00 6.698584140851780722e-02 8.499999999999999778e-01 1.086504247525720945e+00 2.475786418820679347e-01
5.000000000000000000e+00 7.179364718731412465e-02 8.499999999999999778e-01 1.077083810070998293e+00 2.206066924873914536e-01
5.000000000000000000e+00 7.694652583405664492e-02 8.499999999999999778e-01 1.066794116129478054e+00 1.905383467783186568e-01
5.000000000000000000e+00 8.246924442330520744e-02 8.499999999999999778e-01 1.057379479464616745e+00 1.628542681964489369e-01
5.000000000000000000e+00 8.838834764831768331e-02 8.499999999999999778e-01 1.048063336208172602e+00 1.353432593310642806e-01
5.000000000000000000e+00 9.473228540689904165e-02 8.499999999999999778e-01 1.040260268049946646e+00 1.122875784938712485e-01
5.000000000000000000e+00 1.015315495445285182e-01 8.499999999999999778e-01 1.032817797696902629e+00 9.025055116575832204e-02
5.000000000000000000e+00 1.088188204120145025e-01 8.499999999999999778e-01 1.026873593908570914e+00 7.265855668420762026e-02
5.000000000000000000e+00 1.166291239420998022e-01 8.499999999999999778e-01 1.022105571587138773e+00 5.856069656223854974e-02
5.000000000000000000e+00 1.249999999999987649e-01 8.499999999999999778e-01 1.018373089423560973e+00 4.754956607929826384e-02
5.000000000000000000e+00 1.339716828170352814e-01 8.499999999999999778e-01 1.015605748533713992e+00 3.942723659981056672e-02
5.000000000000000000e+00 1.435872943746278885e-01 8.499999999999999778e-01 1.013413913526832522e+00 3.303547384349388161e-02
5.000000000000000000e+00 1.538930516681129013e-01 8.499999999999999778e-01 1.011813143670822424e+00 2.842781057273570389e-02
5.000000000000000000e+00 1.649384888466099985e-01 8.499999999999999778e-01 1.010158885803447593e+00 2.367678661797189416e-02
5.000000000000000000e+00 1.767766952966349225e-01 8.499999999999999778e-01 1.008368529939980274e+00 1.853833538636175809e-02
5.000000000000000000e+00 1.894645708137976114e-01 8.499999999999999778e-01 1.006592894430655249e+00 1.346775570154876665e-02
5.000000000000000000e+00 2.030630990890565368e-01 8.499999999999999778e-01 1.005200476035612578e+00 9.569829183806445941e-03
5.000000000000000000e+00 2.176376408240284499e-01 8.499999999999999778e-01 1.004335511265636249e+00 7.270418623339065106e-03
5.000000000000000000e+00 2.332582478841990492e-01 8.499999999999999778e-01 1.003712215264635388e+00 5.708117059528449409e-03
5.000000000000000000e+00 2.499999999999969191e-01 8.499999999999999778e-01 1.003126616081760458e+00 4.268064833904435321e-03
5.000000000000000000e+00 2.679433656340699521e-01 8.499999999999999778e-01 1.002631419571003768e+00 3.093516782200389243e-03
5.000000000000000000e+00 2.871745887492550553e-01 8.499999999999999778e-01 1.002371648844341046e+00 2.576880658301578756e-03
5.000000000000000000e+00 3.077861033362250809e-01 8.499999999999999778e-01 1.002300356442264118e+00 2.534545163700000631e-03
5.000000000000000000e+00 3.298769776932191644e-01 8.499999999999999778e-01 1.002304512117539570e+00 2.578687406673400330e-03
5.000000000000000000e+00 3.535533905932689569e-01 8.499999999999999778e-01 1.002428642133162295e+00 2.728544806282946940e-03
5.000000000000000000e+00 3.789291416275942792e-01 8.499999999999999778e-01 1.002716903790391578e+00 2.924060246478020746e-03
5.000000000000000000e+00 4.061261981781120745e-01 8.499999999999999778e-01 1.003237232708481086e+00 3.029507963743940848e-03
5.000000000000000000e+00 4.352752816480558451e-01 8.499999999999999778e-01 1.004182948496167960e+00 3.094402490217642958e-03
5.000000000000000000e+00 4.665164957683969327e-01 8.499999999999999778e-01 1.005942214761988307e+00 3.665373381790066557e-03
5.000000000000000000e+00 4.999999999999926170e-01 8.499999999999999778e-01 1.009255736012081517e+00 6.200034924731138986e-03
5.000000000000000000e+00 5.358867312681385719e-01 8.499999999999999778e-01 1.015475316511075032e+00 1.250689044756082835e-02
5.000000000000000000e+00 5.743491774985087783e-01 8.499999999999999778e-01 1.026138922633084816e+00 2.432209445008778545e-02
5.000000000000000000e+00 6.155722066724486075e-01 8.499999999999999778e-01 1.041096677978143870e+00 4.075451550706483961e-02
5.000000000000000000e+00 6.597539553864367745e-01 8.499999999999999778e-01 1.057341551749604758e+00 5.551536068588283634e-02
5.000000000000000000e+00 7.071067811865362485e-01 8.499999999999999778e-01 1.072923576879772689e+00 6.244203371615675291e-02
5.000000000000000000e+00 7.578582832551866710e-01 8.499999999999999778e-01 1.087700563094253114e+00 6.671069590997688592e-02
5.000000000000000000e+00 8.122523963562221505e-01 8.499999999999999778e-01 1.106251787151104837e+00 7.947569625951336758e-02
5.000000000000000000e+00 8.705505632961095808e-01 8.499999999999999778e-01 1.126168573204870516e+00 9.352597077071594933e-02
5.000000000000000000e+00 9.330329915367915339e-01 8.499999999999999778e-01 1.142153701655988396e+00 1.096014300782978956e-01
5.000000000000000000e+00 9.999999999999827915e-01 8.499999999999999778e-01 1.154928563207359371e+00 1.221982616792597481e-01
5.000000000000000000e+00 1.071773462536274479e+00 8.499999999999999778e-01 1.169494013211510364e+00 1.369526505948657213e-01
5.000000000000000000e+00 1.148698354997014670e+00 8.499999999999999778e-01 1.178515179961729276e+00 1.459643611910247107e-01
5.000000000000000000e+00 1.231144413344894106e+00 8.499999999999999778e-01 1.175075226782869908e+00 1.365477479357226909e-01
5.000000000000000000e+00 1.319507910772870218e+00 8.499999999999999778e-01 1.162546472250665985e+00 1.148536117794665828e-01
5.000000000000000000e+00 1.414213562373068944e+00 8.499999999999999778e-01 1.152896557707664860e+00 9.492761700259062796e-02
5.000000000000000000e+00 1.515716566510369789e+00 8.499999999999999778e-01 1.148330623612930035e+00 8.458702712383020517e-02
5.000000000000000000e+00 1.624504792712440304e+00 8.499999999999999778e-01 1.149704530561749927e+00 9.890664863957664144e-02
5.000000000000000000e+00 1.741101126592214943e+00 8.499999999999999778e-01 1.152450801385510815e+00 1.109333357696639100e-01
5.000000000000000000e+00 1.866065983073578627e+00 8.499999999999999778e-01 1.167439210382241077e+00 1.330361825426992495e-01
5.000000000000000000e+00 1.999999999999960698e+00 8.499999999999999778e-01 1.164244188299358163e+00 1.234829997563654108e-01
5.000000000000000000e+00 2.143546925072543630e+00 8.499999999999999778e-01 1.157775272592745264e+00 1.034824565228834453e-01
5.000000000000000000e+00 2.297396709994023567e+00 8.499999999999999778e-01 1.174658820006138304e+00 1.228435710087441290e-01
5.000000000000000000e+00 2.462288826689782439e+00 8.499999999999999778e-01 1.181889162509101032e+00 1.498669407365294248e-01
5.000000000000000000e+00 2.639015821545733775e+00 8.499999999999999778e-01 1.183540547219944505e+00 1.483012495739753911e-01
5.000000000000000000e+00 2.828427124746130783e+00 8.499999999999999778e-01 1.177267685708234701e+00 1.359710050366722545e-01
5.000000000000000000e+00 3.031433133020732029e+00 8.499999999999999778e-01 1.167021730837156435e+00 1.221943893361412958e-01
5.000000000000000000e+00 3.249009585424872615e+00 8.499999999999999778e-01 1.197776145341152843e+00 2.044705366488200615e-01
5.000000000000000000e+00 3.482202253184421004e+00 8.499999999999999778e-01 1.186656815772054063e+00 1.825017315071349733e-01
5.000000000000000000e+00 3.732131966147147928e+00 8.499999999999999778e-01 1.146349623696719000e+00 8.944210914441454163e-02
5.000000000000000000e+00 3.999999999999911182e+00 8.499999999999999778e-01 1.119993577219716041e+00 4.355208752532390565e-02
5.000000000000000000e+00 4.287093850145076601e+00 8.499999999999999778e-01 1.144906232733963414e+00 1.202450169369747995e-01
5.000000000000000000e+00 4.594793419988035588e+00 8.499999999999999778e-01 1.133913895665797922e+00 5.737933712264357139e-02
5.000000000000000000e+00 4.924577653379552444e+00 8.499999999999999778e-01 1.153546268662873020e+00 6.118126406421961483e-02
5.000000000000000000e+00 5.278031643091455116e+00 8.499999999999999778e-01 1.140608543670555974e+00 1.106574707327077495e-01
5.000000000000000000e+00 5.656854249492248243e+00 8.499999999999999778e-01 1.123109694466691844e+00 7.171421639156572159e-02
5.000000000000000000e+00 6.062866266041448959e+00 8.499999999999999778e-01 1.154376118846121013e+00 7.007733250360854982e-02
5.000000000000000000e+00 6.498019170849729242e+00 8.499999999999999778e-01 1.140223158823648886e+00 6.105048605459924282e-02
5.000000000000000000e+00 6.964404506368825132e+00 8.499999999999999778e-01 1.130838782403493337e+00 5.338937496918279291e-02
5.000000000000000000e+00 7.464263932294277204e+00 8.499999999999999778e-01 1.153922121794330735e+00 5.426223285283458125e-02
5.000000000000000000e+00 7.999999999999802824e+00 8.499999999999999778e-01 1.132680448371982562e+00 5.738621477636732249e-02
5.000000000000000000e+00 8.574187700290131886e+00 8.499999999999999778e-01 1.153726084734336910e+00 9.378159270113402279e-02
5.000000000000000000e+00 9.189586839976049859e+00 8.499999999999999778e-01 1.141688074029249211e+00 7.456748582102826206e-02
5.000000000000000000e+00 9.849155306759080020e+00 8.499999999999999778e-01 1.183108137737120646e+00 1.017711949549590517e-01
5.000000000000000000e+00 1.055606328618288359e+01 8.499999999999999778e-01 1.212524821507096506e+00 1.226373936749271115e-01
5.000000000000000000e+00 1.131370849898446806e+01 8.499999999999999778e-01 1.170887892419828491e+00 9.796274715697712854e-02
5.000000000000000000e+00 1.212573253208286772e+01 8.499999999999999778e-01 1.156240521411036726e+00 5.891074920439081514e-02
5.000000000000000000e+00 1.299603834169942651e+01 8.499999999999999778e-01 1.185757976891769649e+00 9.757227497985208886e-02
5.000000000000000000e+00 1.392880901273761651e+01 8.499999999999999778e-01 1.159609117497751196e+00 1.035654517148514447e-01
5.000000000000000000e+00 1.492852786458851710e+01 8.499999999999999778e-01 1.141880067355712791e+00 8.020845635669486551e-02
5.000000000000000000e+00 1.599999999999956657e+01 8.499999999999999778e-01 1.170491728083747462e+00 1.482414363027869109e-01
5.000000000000000000e+00 1.714837540058022114e+01 8.499999999999999778e-01 1.152306750502069210e+00 8.562442557128877030e-02
5.000000000000000000e+00 1.837917367995205353e+01 8.499999999999999778e-01 1.178946017466359297e+00 8.306592190843482826e-02
5.000000000000000000e+00 1.969831061351811385e+01 8.499999999999999778e-01 1.149861071688160763e+00 1.121646560073130683e-01
5.000000000000000000e+00 2.111212657236571388e+01 8.499999999999999778e-01 1.148637963947234608e+00 7.405945764628892036e-02
5.000000000000000000e+00 2.262741699796887929e+01 8.499999999999999778e-01 1.126796230750500616e+00 5.170875581437515273e-02
5.000000000000000000e+00 2.425146506416567505e+01 8.499999999999999778e-01 1.132579885096276717e+00 4.659666543409308331e-02
5.000000000000000000e+00 2.599207668339878907e+01 8.499999999999999778e-01 1.192486001029286147e+00 1.444860507993989684e-01
5.000000000000000000e+00 2.785761802547516197e+01 8.499999999999999778e-01 1.162487116738510018e+00 1.147874700306040080e-01
5.000000000000000000e+00 2.985705572917696315e+01 8.499999999999999778e-01 1.150789648609185534e+00 6.367191314753865850e-02
5.000000000000000000e+00 3.199999999999905498e+01 8.499999999999999778e-01 1.150678249167564449e+00 8.599002321207707689e-02
