1.000000000000000000e+00 6.250000000000000000e-02 0.000000000000000000e+00 1.021793514779820500e+00 0.000000000000000000e+00
1.000000000000000000e+00 1.250000000000000000e-01 0.000000000000000000e+00 1.003110606085338974e+00 0.000000000000000000e+00
1.000000000000000000e+00 2.500000000000000000e-01 0.000000000000000000e+00 1.000065978043567005e+00 0.000000000000000000e+00
1.000000000000000000e+00 5.000000000000000000e-01 0.000000000000000000e+00 1.000585590741337461e+00 0.000000000000000000e+00
1.000000000000000000e+00 1.000000000000000000e+00 0.000000000000000000e+00 1.409201362911050692e+00 0.000000000000000000e+00
1.000000000000000000e+00 2.000000000000000000e+00 0.000000000000000000e+00 1.007253365690288227e+00 0.000000000000000000e+00
1.000000000000000000e+00 4.000000000000000000e+00 0.000000000000000000e+00 1.540393037142618882e+00 0.000000000000000000e+00
1.000000000000000000e+00 8.000000000000000000e+00 0.000000000000000000e+00 1.034901425151060206e+00 0.000000000000000000e+00
1.000000000000000000e+00 1.600000000000000000e+01 0.000000000000000000e+00 1.034918719889393657e+00 0.000000000000000000e+00
1.000000000000000000e+00 3.200000000000000000e+01 0.000000000000000000e+00 1.029433849126589307e+00 0.000000000000000000e+00
1.000000000000000000e+00 6.400000000000000000e+01 0.000000000000000000e+00 1.059674622725485182e+00 0.000000000000000000e+00
1.000000000000000000e+00 1.280000000000000000e+02 0.000000000000000000e+00 1.066425075852419635e+00 0.000000000000000000e+00
2.000000000000000000e+00 6.250000000000000000e-02 0.000000000000000000e+00 1.000036943169154924e+00 0.000000000000000000e+00
2.000000000000000000e+00 1.250000000000000000e-01 0.000000000000000000e+00 1.000000016921531065e+00 0.000000000000000000e+00
2.000000000000000000e+00 2.500000000000000000e-01 0.000000000000000000e+00 1.000001276651934834e+00 0.000000000000000000e+00
2.000000000000000000e+00 5.000000000000000000e-01 0.000000000000000000e+00 1.000186358208602577e+00 0.000000000000000000e+00
2.000000000000000000e+00 1.000000000000000000e+00 0.000000000000000000e+00 1.519733977825389992e+00 0.000000000000000000e+00
2.000000000000000000e+00 2.000000000000000000e+00 0.000000000000000000e+00 1.250231471830465679e+00 0.000000000000000000e+00
2.000000000000000000e+00 4.000000000000000000e+00 0.000000000000000000e+00 1.192281511810712180e+00 0.000000000000000000e+00
2.000000000000000000e+00 8.000000000000000000e+00 0.000000000000000000e+00 2.214178974090961205e+00 0.000000000000000000e+00
2.000000000000000000e+00 1.600000000000000000e+01 0.000000000000000000e+00 1.699245645937034199e+00 0.000000000000000000e+00
2.000000000000000000e+00 3.200000000000000000e+01 0.000000000000000000e+00 2.509708136447018401e+00 0.000000000000000000e+00
2.000000000000000000e+00 6.400000000000000000e+01 0.000000000000000000e+00 1.510502385970268202e+00 0.000000000000000000e+00
2.000000000000000000e+00 1.280000000000000000e+02 0.000000000000000000e+00 2.229169267642384433e+00 0.000000000000000000e+00
3.000000000000000000e+00 6.250000000000000000e-02 0.000000000000000000e+00 1.035013503617475017e+00 0.000000000000000000e+00
3.000000000000000000e+00 1.250000000000000000e-01 0.000000000000000000e+00 1.000555396117894569e+00 0.000000000000000000e+00
3.000000000000000000e+00 2.500000000000000000e-01 0.000000000000000000e+00 1.000028247022064720e+00 0.000000000000000000e+00
3.000000000000000000e+00 5.000000000000000000e-01 0.000000000000000000e+00 1.001695048474319893e+00 0.000000000000000000e+00
3.000000000000000000e+00 1.000000000000000000e+00 0.000000000000000000e+00 1.051347720813944120e+00 0.000000000000000000e+00
3.000000000000000000e+00 2.000000000000000000e+00 0.000000000000000000e+00 1.345176539466809373e+00 0.000000000000000000e+00
3.000000000000000000e+00 4.000000000000000000e+00 0.000000000000000000e+00 1.254008586044835560e+00 0.000000000000000000e+00
3.000000000000000000e+00 8.000000000000000000e+00 0.000000000000000000e+00 1.299419131308986897e+00 0.000000000000000000e+00
3.000000000000000000e+00 1.600000000000000000e+01 0.000000000000000000e+00 1.123506614490506372e+00 0.000000000000000000e+00
3.000000000000000000e+00 3.200000000000000000e+01 0.000000000000000000e+00 1.147412607151902852e+00 0.000000000000000000e+00
3.000000000000000000e+00 6.400000000000000000e+01 0.000000000000000000e+00 1.205649994198121355e+00 0.000000000000000000e+00
3.000000000000000000e+00 1.280000000000000000e+02 0.000000000000000000e+00 1.201429854557855670e+00 0.000000000000000000e+00
4.000000000000000000e+00 6.250000000000000000e-02 0.000000000000000000e+00 1.025796936862820807e+00 0.000000000000000000e+00
4.000000000000000000e+00 1.250000000000000000e-01 0.000000000000000000e+00 1.000384980351211706e+00 0.000000000000000000e+00
4.000000000000000000e+00 2.500000000000000000e-01 0.000000000000000000e+00 1.000023870249964641e+00 0.000000000000000000e+00
4.000000000000000000e+00 5.000000000000000000e-01 0.000000000000000000e+00 1.001596370188128082e+00 0.000000000000000000e+00
4.000000000000000000e+00 1.000000000000000000e+00 0.000000000000000000e+00 1.120014810344165390e+00 0.000000000000000000e+00
4.000000000000000000e+00 2.000000000000000000e+00 0.000000000000000000e+00 1.441530165949604925e+00 0.000000000000000000e+00
4.000000000000000000e+00 4.000000000000000000e+00 0.000000000000000000e+00 1.258930549880561633e+00 0.000000000000000000e+00
4.000000000000000000e+00 8.000000000000000000e+00 0.000000000000000000e+00 1.173749727222945127e+00 0.000000000000000000e+00
4.000000000000000000e+00 1.600000000000000000e+01 0.000000000000000000e+00 1.108501899534090063e+00 0.000000000000000000e+00
4.000000000000000000e+00 3.200000000000000000e+01 0.000000000000000000e+00 1.114661651077476501e+00 0.000000000000000000e+00
4.000000000000000000e+00 6.400000000000000000e+01 0.000000000000000000e+00 1.132834356624208949e+00 0.000000000000000000e+00
4.000000000000000000e+00 1.280000000000000000e+02 0.000000000000000000e+00 1.161205050822432527e+00 0.000000000000000000e+00
5.000000000000000000e+00 6.250000000000000000e-02 0.000000000000000000e+00 1.001056642841065880e+00 0.000000000000000000e+00
5.000000000000000000e+00 1.250000000000000000e-01 0.000000000000000000e+00 1.000002269901540730e+00 0.000000000000000000e+00
5.000000000000000000e+00 2.500000000000000000e-01 0.000000000000000000e+00 1.000042150817328501e+00 0.000000000000000000e+00
5.000000000000000000e+00 5.000000000000000000e-01 0.000000000000000000e+00 1.003636998629119814e+00 0.000000000000000000e+00
5.000000000000000000e+00 1.000000000000000000e+00 0.000000000000000000e+00 1.178979140469111675e+00 0.000000000000000000e+00
5.000000000000000000e+00 2.000000000000000000e+00 0.000000000000000000e+00 1.242430741769066316e+00 0.000000000000000000e+00
5.000000000000000000e+00 4.000000000000000000e+00 0.000000000000000000e+00 1.274108105202931496e+00 0.000000000000000000e+00
5.000000000000000000e+00 8.000000000000000000e+00 0.000000000000000000e+00 1.140650763243195698e+00 0.000000000000000000e+00
5.000000000000000000e+00 1.600000000000000000e+01 0.000000000000000000e+00 1.213049605843334877e+00 0.000000000000000000e+00
5.000000000000000000e+00 3.200000000000000000e+01 0.000000000000000000e+00 1.171657022418848504e+00 0.000000000000000000e+00
5.000000000000000000e+00 6.400000000000000000e+01 0.000000000000000000e+00 1.228945031306291735e+00 0.000000000000000000e+00
5.000000000000000000e+00 1.280000000000000000e+02 0.000000000000000000e+00 1.157542357149686341e+00 0.000000000000000000e+00
