1.000000000000000000e+00 6.250000000000000000e-02 0.000000000000000000e+00 2.662929279467267547e-03 5.762273449506738303e-03 3.218452843510447373e-04 3.275401097923295608e-03
1.000000000000000000e+00 1.250000000000000000e-01 0.000000000000000000e+00 1.734924936230512488e-03 3.068337777682661298e-03 6.276696903541326622e-04 1.618691334838908129e-03
1.000000000000000000e+00 2.500000000000000000e-01 0.000000000000000000e+00 9.892250807937922729e-04 1.547407664809539443e-03 2.204876306919408165e-04 4.327745985166528788e-04
1.000000000000000000e+00 5.000000000000000000e-01 0.000000000000000000e+00 8.702576578734006526e-04 1.306132580112558898e-03 2.317371216687852701e-04 3.373980404991114269e-04
1.000000000000000000e+00 1.000000000000000000e+00 0.000000000000000000e+00 1.516006996029296231e-03 2.265726776582933834e-03 5.679242816411315649e-04 9.551275627076364055e-04
1.000000000000000000e+00 2.000000000000000000e+00 0.000000000000000000e+00 1.891577407260184099e-03 2.918366064726208263e-03 4.035945146334633522e-04 9.155799873997068350e-04
1.000000000000000000e+00 4.000000000000000000e+00 0.000000000000000000e+00 2.016333873278948648e-03 3.117961258652139460e-03 2.713302592882613456e-04 7.350109243998136652e-04
1.000000000000000000e+00 8.000000000000000000e+00 0.000000000000000000e+00 1.972830374415211144e-03 3.120064376378413329e-03 2.744867737828630885e-04 7.684478886689018228e-04
1.000000000000000000e+00 1.600000000000000000e+01 0.000000000000000000e+00 2.048221481958284289e-03 3.309063631290709052e-03 3.020787831586773439e-04 8.242880902108086104e-04
1.000000000000000000e+00 3.200000000000000000e+01 0.000000000000000000e+00 2.016563916341273556e-03 3.184697410473401151e-03 2.157691656085153049e-04 5.811555236589709779e-04
1.000000000000000000e+00 6.400000000000000000e+01 0.000000000000000000e+00 2.071575343677974947e-03 3.295367993685701432e-03 1.775231554375428700e-04 6.243738902378386402e-04
1.000000000000000000e+00 1.280000000000000000e+02 0.000000000000000000e+00 2.091380671003856533e-03 3.348397770973315923e-03 1.976011569456560097e-04 7.292661791043962517e-04
2.000000000000000000e+00 6.250000000000000000e-02 9.000000000000000222e-01 3.240339707760943235e-03 6.051780307882745867e-03 3.703207217850784205e-04 2.735658764933211144e-03
2.000000000000000000e+00 1.250000000000000000e-01 9.000000000000000222e-01 1.423697943500202689e-03 5.644531829964089149e-03 2.581051266852305123e-04 1.193498873853122977e-02
2.000000000000000000e+00 2.500000000000000000e-01 9.000000000000000222e-01 8.573129846604410137e-04 9.083774062063834512e-04 9.036128279458380903e-05 2.048973054347603831e-04
2.000000000000000000e+00 5.000000000000000000e-01 9.000000000000000222e-01 5.349336036941117591e-04 4.954927373497904292e-04 8.323541167357294203e-05 7.892455071329250601e-05
2.000000000000000000e+00 1.000000000000000000e+00 9.000000000000000222e-01 8.149570180655332785e-04 8.046496644511406471e-04 1.832865396299608130e-04 2.018345986541059350e-04
2.000000000000000000e+00 2.000000000000000000e+00 9.000000000000000222e-01 1.198730707449041904e-03 1.262263934948726959e-03 5.467232015774970344e-04 5.806868110005708071e-04
2.000000000000000000e+00 4.000000000000000000e+00 9.000000000000000222e-01 1.192776044243068403e-03 1.276231033542706873e-03 4.721430440721895378e-04 5.301290956512482670e-04
2.000000000000000000e+00 8.000000000000000000e+00 9.000000000000000222e-01 1.120848342024651249e-03 1.225780636446222645e-03 3.733337111892197097e-04 4.351138259475611516e-04
2.000000000000000000e+00 1.600000000000000000e+01 9.000000000000000222e-01 1.216601307799201805e-03 1.340339877194052492e-03 3.333881756210900450e-04 3.819072185287546769e-04
2.000000000000000000e+00 3.200000000000000000e+01 9.000000000000000222e-01 1.306952121068255795e-03 1.453207490235060859e-03 3.769637728370018215e-04 4.381430246728054614e-04
2.000000000000000000e+00 6.400000000000000000e+01 9.000000000000000222e-01 1.285980574269144977e-03 1.415411446558590552e-03 2.806548870815093501e-04 2.851216496444797547e-04
2.000000000000000000e+00 1.280000000000000000e+02 9.000000000000000222e-01 1.316959639079142829e-03 1.465278127017515409e-03 1.961033078104347364e-04 1.983688163345374118e-04
3.000000000000000000e+00 6.250000000000000000e-02 9.000000000000000222e-01 3.015290495323687779e-03 2.343776707898582168e-01 2.872926479203032654e-04 6.035438261890183620e-01
3.000000000000000000e+00 1.250000000000000000e-01 9.000000000000000222e-01 1.290126654771919356e-03 1.398518155387357999e-02 2.732716846977599218e-04 1.942647323984007454e-02
3.000000000000000000e+00 2.500000000000000000e-01 9.000000000000000222e-01 7.456551887800571404e-04 8.690988973876299234e-04 6.425941115232829798e-05 3.809852620351197026e-04
3.000000000000000000e+00 5.000000000000000000e-01 9.000000000000000222e-01 4.163671630118692549e-04 4.025290031303420087e-04 4.791882710589511705e-05 6.157328962956210212e-05
3.000000000000000000e+00 1.000000000000000000e+00 9.000000000000000222e-01 4.048660105839535636e-04 4.123539426105279492e-04 4.858816986258741166e-05 5.934671876261485334e-05
3.000000000000000000e+00 2.000000000000000000e+00 9.000000000000000222e-01 4.869150528368239826e-04 5.409581821063160498e-04 1.614173537351060292e-04 2.042757559477645553e-04
3.000000000000000000e+00 4.000000000000000000e+00 9.000000000000000222e-01 5.710140201615026808e-04 6.719363680469019138e-04 1.933217163922202188e-04 2.464761693645528486e-04
3.000000000000000000e+00 8.000000000000000000e+00 9.000000000000000222e-01 6.270829957972774791e-04 7.444318694786236906e-04 1.350871185635204544e-04 1.647676195281443242e-04
3.000000000000000000e+00 1.600000000000000000e+01 9.000000000000000222e-01 6.137504213392666825e-04 7.262686708105743714e-04 1.541067200089129153e-04 2.228897944281668729e-04
3.000000000000000000e+00 3.200000000000000000e+01 9.000000000000000222e-01 7.858061007798098491e-04 9.582613477829883541e-04 2.719153054149368995e-04 3.452554860659380826e-04
3.000000000000000000e+00 6.400000000000000000e+01 9.000000000000000222e-01 7.600500678683395992e-04 9.130059297940820500e-04 2.473177419404471128e-04 3.052592460395212753e-04
3.000000000000000000e+00 1.280000000000000000e+02 9.000000000000000222e-01 6.941473500696197698e-04 8.821452571756629047e-04 1.759946469115596492e-04 2.381807596926994270e-04
4.000000000000000000e+00 6.250000000000000000e-02 9.000000000000000222e-01 2.629764763709863291e-03 4.925340835507424631e-01 4.126332968840474343e-04 9.259852132506092293e-01
4.000000000000000000e+00 1.250000000000000000e-01 9.000000000000000222e-01 1.100151834266038797e-03 2.841526624682840230e-01 9.179916861562079425e-05 6.371624114989931087e-01
4.000000000000000000e+00 2.500000000000000000e-01 9.000000000000000222e-01 6.615198098803029645e-04 7.083243719202377475e-04 6.372328671589085633e-05 9.015999524460980360e-05
4.000000000000000000e+00 5.000000000000000000e-01 9.000000000000000222e-01 3.143651307615641095e-04 3.182348030058974831e-04 2.216729437736712755e-05 3.387122812032629377e-05
4.000000000000000000e+00 1.000000000000000000e+00 9.000000000000000222e-01 3.455393882287655549e-04 3.689257077506619869e-04 5.084718577593666994e-05 4.496418098928463367e-05
4.000000000000000000e+00 2.000000000000000000e+00 9.000000000000000222e-01 4.220924032249386243e-04 5.288624069336056877e-04 1.384521623673401762e-04 2.048125458027590443e-04
4.000000000000000000e+00 4.000000000000000000e+00 9.000000000000000222e-01 4.445220303318047597e-04 5.890878927680072734e-04 2.079467724631708253e-04 2.969759380551594235e-04
4.000000000000000000e+00 8.000000000000000000e+00 9.000000000000000222e-01 4.798614375137741708e-04 6.250641589566849907e-04 1.787165784986442395e-04 2.618783972771079145e-04
4.000000000000000000e+00 1.600000000000000000e+01 9.000000000000000222e-01 4.853721528974838727e-04 6.705120586453447180e-04 1.466809311460600220e-04 2.209828548756850722e-04
4.000000000000000000e+00 3.200000000000000000e+01 9.000000000000000222e-01 4.942875715143047865e-04 6.797379097629852431e-04 1.389535721970543418e-04 2.150215107803942990e-04
4.000000000000000000e+00 6.400000000000000000e+01 9.000000000000000222e-01 5.741379123357880348e-04 7.975435099396145731e-04 2.311518860726098125e-04 3.401251495935521049e-04
4.000000000000000000e+00 1.280000000000000000e+02 9.000000000000000222e-01 5.633773472029939998e-04 7.900797283680776120e-04 1.212054705473498799e-04 1.760617994119956188e-04
5.000000000000000000e+00 6.250000000000000000e-02 9.000000000000000222e-01 2.339624904833271894e-03 9.925997144972139585e-01 3.676173619630458407e-04 1.031489858580232344e+00
5.000000000000000000e+00 1.250000000000000000e-01 9.000000000000000222e-01 1.073022103122287484e-03 1.009372774850981480e-01 3.837610542944922833e-05 1.952614310940200826e-01
5.000000000000000000e+00 2.500000000000000000e-01 9.000000000000000222e-01 6.358753793816282647e-04 4.551714296451832807e-03 5.888883481687697924e-05 8.097226523086675440e-03
5.000000000000000000e+00 5.000000000000000000e-01 9.000000000000000222e-01 2.817779768196801383e-04 3.718681842632991967e-04 2.612202978406720570e-05 1.302512414237621500e-04
5.000000000000000000e+00 1.000000000000000000e+00 9.000000000000000222e-01 2.647885745520512399e-04 3.074008170102048151e-04 2.938759391157854563e-05 4.534519527378711053e-05
5.000000000000000000e+00 2.000000000000000000e+00 9.000000000000000222e-01 2.634006919167519267e-04 3.686268075674373375e-04 1.028126881086883468e-04 1.416686243787473399e-04
5.000000000000000000e+00 4.000000000000000000e+00 9.000000000000000222e-01 2.453955276118663376e-04 3.767717059087362244e-04 9.303319400671953188e-05 1.511446998754649570e-04
5.000000000000000000e+00 8.000000000000000000e+00 9.000000000000000222e-01 2.951208184697628914e-04 4.648262632597086269e-04 8.255913513953322424e-05 1.300214469740398600e-04
5.000000000000000000e+00 1.600000000000000000e+01 9.000000000000000222e-01 3.168282097301201080e-04 5.027869822874315910e-04 9.980265481545561989e-05 1.577433073792891332e-04
5.000000000000000000e+00 3.200000000000000000e+01 9.000000000000000222e-01 3.408365071444907505e-04 5.086647372826191057e-04 9.147098879864439382e-05 1.586706073587914852e-04
5.000000000000000000e+00 6.400000000000000000e+01 9.000000000000000222e-01 3.409285191155683476e-04 5.437688929192183033e-04 1.183634386420382377e-04 1.715684538087292911e-04
5.000000000000000000e+00 1.280000000000000000e+02 9.000000000000000222e-01 3.959941879241015632e-04 6.314221660049367663e-04 8.832429290401635233e-05 1.282797786415550373e-04
