1.000000000000000000e+00 6.250000000000000000e-02 0.000000000000000000e+00 2.606921217579482100e-05 2.652237953213188243e-05 3.224378679108451819e-06 3.111188093179681383e-06
1.000000000000000000e+00 1.250000000000000000e-01 0.000000000000000000e+00 1.618244485017903070e-05 2.358902435415970790e-05 5.918958034582255972e-06 1.848827549185963744e-05
1.000000000000000000e+00 2.500000000000000000e-01 0.000000000000000000e+00 1.073296871075112064e-05 1.203959620866571253e-05 1.159076798284701278e-06 9.200898104288741435e-07
1.000000000000000000e+00 5.000000000000000000e-01 0.000000000000000000e+00 1.006984125458200530e-05 1.134536110360074020e-05 1.308597588957293122e-07 3.128473894553420463e-07
1.000000000000000000e+00 1.000000000000000000e+00 0.000000000000000000e+00 1.003598247542080701e-05 1.119035693590612599e-05 1.287232604657384430e-07 9.630627027342971536e-08
1.000000000000000000e+00 2.000000000000000000e+00 0.000000000000000000e+00 9.901181937852454145e-06 1.122763646987479098e-05 4.103183029784456941e-08 1.125136239125940582e-07
1.000000000000000000e+00 4.000000000000000000e+00 0.000000000000000000e+00 9.850538961672162305e-06 1.122570202473952719e-05 4.235560822217136176e-08 1.025848888004950571e-07
1.000000000000000000e+00 8.000000000000000000e+00 0.000000000000000000e+00 9.864225837115790204e-06 1.120301291097283234e-05 6.147006453277181349e-08 7.330546016862925939e-08
1.000000000000000000e+00 1.600000000000000000e+01 0.000000000000000000e+00 9.856689220138977218e-06 1.121732338141436868e-05 7.571213659922210328e-08 1.076667813360733650e-07
1.000000000000000000e+00 3.200000000000000000e+01 0.000000000000000000e+00 9.834175711072696912e-06 1.119165481941982303e-05 4.772184897845288169e-08 6.356117808801496163e-08
1.000000000000000000e+00 6.400000000000000000e+01 0.000000000000000000e+00 9.829435387423058235e-06 1.122429709803476700e-05 7.028624802270930851e-08 9.134026879951195250e-08
1.000000000000000000e+00 1.280000000000000000e+02 0.000000000000000000e+00 9.844633507267360278e-06 1.125752138675099262e-05 5.549160569715431331e-08 8.807462972120570371e-08
2.000000000000000000e+00 6.250000000000000000e-02 9.000000000000000222e-01 1.955425831793579058e-05 2.580940295884198685e-05 1.885832339600089287e-06 4.940487430880476242e-06
2.000000000000000000e+00 1.250000000000000000e-01 9.000000000000000222e-01 1.085909993352052504e-05 5.668315213987552609e-05 1.194601526207732494e-06 8.505882044574286302e-05
2.000000000000000000e+00 2.500000000000000000e-01 9.000000000000000222e-01 1.038791889281727204e-05 1.180674743538858419e-05 8.197019651571302719e-08 6.079729096342958594e-08
2.000000000000000000e+00 5.000000000000000000e-01 9.000000000000000222e-01 1.030915032771244050e-05 1.162574423111012399e-05 1.450711229125669418e-07 1.550791756426130942e-07
2.000000000000000000e+00 1.000000000000000000e+00 9.000000000000000222e-01 9.849410506746735650e-06 1.158398914143426603e-05 4.181326359959898077e-07 3.503864519476871891e-07
2.000000000000000000e+00 2.000000000000000000e+00 9.000000000000000222e-01 9.409185972296543683e-06 1.166332994651596397e-05 4.468590473840218715e-07 6.211064958700712099e-07
2.000000000000000000e+00 4.000000000000000000e+00 9.000000000000000222e-01 8.992820785216859932e-06 1.135730149373618757e-05 2.513793189443575947e-07 2.999423745330863331e-07
2.000000000000000000e+00 8.000000000000000000e+00 9.000000000000000222e-01 9.027984514962240594e-06 1.143296575215437929e-05 2.696740157942730763e-07 3.670817025497594903e-07
2.000000000000000000e+00 1.600000000000000000e+01 9.000000000000000222e-01 8.992129641338764164e-06 1.128447550694816021e-05 1.494160816187245026e-07 2.083004582672175862e-07
2.000000000000000000e+00 3.200000000000000000e+01 9.000000000000000222e-01 9.041338976227652048e-06 1.139787107523843889e-05 1.997089687754555347e-07 2.635931704077666416e-07
2.000000000000000000e+00 6.400000000000000000e+01 9.000000000000000222e-01 8.965015025237872589e-06 1.131470087636780083e-05 1.936254149615246252e-07 2.753294177835232843e-07
2.000000000000000000e+00 1.280000000000000000e+02 9.000000000000000222e-01 8.885633025846055412e-06 1.127740274225699467e-05 8.525786375068305623e-08 1.177437818974786810e-07
3.000000000000000000e+00 6.250000000000000000e-02 9.000000000000000222e-01 1.941801466642634037e-05 4.732652224788492568e-05 6.814177976727507558e-07 2.928632759470118342e-05
3.000000000000000000e+00 1.250000000000000000e-01 9.000000000000000222e-01 1.049476178463321912e-05 5.913294004947363628e-05 1.251470719841288565e-06 9.211422013508330448e-05
3.000000000000000000e+00 2.500000000000000000e-01 9.000000000000000222e-01 1.008911498996799491e-05 1.304898761189327669e-05 1.027901990650828914e-07 2.988688961911534029e-06
3.000000000000000000e+00 5.000000000000000000e-01 9.000000000000000222e-01 1.015147315032113680e-05 1.188681924700068895e-05 1.019905784180821693e-07 1.744361826528859940e-07
3.000000000000000000e+00 1.000000000000000000e+00 9.000000000000000222e-01 9.526820489478090057e-06 1.191584476344502960e-05 3.352934985918061079e-07 3.643858251805399823e-07
3.000000000000000000e+00 2.000000000000000000e+00 9.000000000000000222e-01 8.907180475102962399e-06 1.174941286823461139e-05 1.793305582966392671e-07 3.167389705669039433e-07
3.000000000000000000e+00 4.000000000000000000e+00 9.000000000000000222e-01 8.572257828305982164e-06 1.179644311042150238e-05 1.506842303529131955e-07 3.147658615596658229e-07
3.000000000000000000e+00 8.000000000000000000e+00 9.000000000000000222e-01 8.579678210895271196e-06 1.180887103140594581e-05 2.228977159051033692e-07 4.751763985109515097e-07
3.000000000000000000e+00 1.600000000000000000e+01 9.000000000000000222e-01 8.497731249662100387e-06 1.169070090380607905e-05 9.755213913515871831e-08 1.486849482356432765e-07
3.000000000000000000e+00 3.200000000000000000e+01 9.000000000000000222e-01 8.532413042858219202e-06 1.178775960304361132e-05 8.076622593268513625e-08 2.454020416514224995e-07
3.000000000000000000e+00 6.400000000000000000e+01 9.000000000000000222e-01 8.496536767387609005e-06 1.166689440489016691e-05 9.966501313286628320e-08 1.073543287595226730e-07
3.000000000000000000e+00 1.280000000000000000e+02 9.000000000000000222e-01 8.555210371136992635e-06 1.186783004570517499e-05 2.394364344739389290e-07 2.775178022367668121e-07
4.000000000000000000e+00 6.250000000000000000e-02 9.000000000000000222e-01 1.632756613632281034e-05 6.039970324603178377e-05 2.529897752682748803e-06 5.468346403529244837e-05
4.000000000000000000e+00 1.250000000000000000e-01 9.000000000000000222e-01 9.655006569593108879e-06 9.943632061838621184e-05 1.621960791054594143e-07 1.349994977469399506e-04
4.000000000000000000e+00 2.500000000000000000e-01 9.000000000000000222e-01 9.832064885944985375e-06 1.232070354751315786e-05 7.955884670959989457e-08 4.206756856700087224e-07
4.000000000000000000e+00 5.000000000000000000e-01 9.000000000000000222e-01 9.624166527129340582e-06 1.186255868925408797e-05 2.129316039136195899e-07 2.586593134711986159e-07
4.000000000000000000e+00 1.000000000000000000e+00 9.000000000000000222e-01 8.844277020590774391e-06 1.169213376454778755e-05 1.847337366785873831e-07 2.220785577132212703e-07
4.000000000000000000e+00 2.000000000000000000e+00 9.000000000000000222e-01 8.292126921142850749e-06 1.192976958980408522e-05 9.609040472755740677e-08 1.076086127646390511e-07
4.000000000000000000e+00 4.000000000000000000e+00 9.000000000000000222e-01 8.013805481067596740e-06 1.221532269055276661e-05 7.446796468172376450e-08 1.915991347164472049e-07
4.000000000000000000e+00 8.000000000000000000e+00 9.000000000000000222e-01 8.007273968265610038e-06 1.225654014684907856e-05 7.882950831257262805e-08 2.098980385898643710e-07
4.000000000000000000e+00 1.600000000000000000e+01 9.000000000000000222e-01 7.986550416258621636e-06 1.220898619069139531e-05 8.971589713145835310e-08 2.633536200511475964e-07
4.000000000000000000e+00 3.200000000000000000e+01 9.000000000000000222e-01 7.977638349974222308e-06 1.217259698185816306e-05 5.704055699596304968e-08 2.655578077316941543e-07
4.000000000000000000e+00 6.400000000000000000e+01 9.000000000000000222e-01 7.972047846955988696e-06 1.230171754712093482e-05 8.538107000826790631e-08 2.585212350212139349e-07
4.000000000000000000e+00 1.280000000000000000e+02 9.000000000000000222e-01 7.986624310108563572e-06 1.226331221903020385e-05 8.354817150917257422e-08 2.509218509413242450e-07
5.000000000000000000e+00 6.250000000000000000e-02 9.000000000000000222e-01 1.540096944455435863e-05 2.479916403259809095e-04 2.550492632998020735e-06 2.831146601052520894e-04
5.000000000000000000e+00 1.250000000000000000e-01 9.000000000000000222e-01 9.297982005410545444e-06 3.666662506977560006e-05 1.036298076687006788e-07 3.498451356673109582e-05
5.000000000000000000e+00 2.500000000000000000e-01 9.000000000000000222e-01 9.527025403077782551e-06 2.491569236561379003e-05 9.443067982586378792e-08 2.499828281907824938e-05
5.000000000000000000e+00 5.000000000000000000e-01 9.000000000000000222e-01 9.260125377236647998e-06 1.211666294874151406e-05 1.687159374425766438e-07 2.996539638659888986e-07
5.000000000000000000e+00 1.000000000000000000e+00 9.000000000000000222e-01 8.492040733661414595e-06 1.216063690967767637e-05 7.777677464737792087e-08 2.075402151356626530e-07
5.000000000000000000e+00 2.000000000000000000e+00 9.000000000000000222e-01 7.929869488547109960e-06 1.251792709496687060e-05 1.032096627613121415e-07 1.905654649233405855e-07
5.000000000000000000e+00 4.000000000000000000e+00 9.000000000000000222e-01 7.615102235165295837e-06 1.296585165626663644e-05 1.060369340106203346e-07 3.044476219079588120e-07
5.000000000000000000e+00 8.000000000000000000e+00 9.000000000000000222e-01 7.639370112546993625e-06 1.276665610216675992e-05 9.071118012179427382e-08 1.904646767347969735e-07
5.000000000000000000e+00 1.600000000000000000e+01 9.000000000000000222e-01 7.566082717387364427e-06 1.298277919464993446e-05 9.423167681776330914e-08 3.458170313216853643e-07
5.000000000000000000e+00 3.200000000000000000e+01 9.000000000000000222e-01 7.557539961763751470e-06 1.286321049198941069e-05 9.417043012746947234e-08 2.604394581432606021e-07
5.000000000000000000e+00 6.400000000000000000e+01 9.000000000000000222e-01 7.553817604595631355e-06 1.298950856710243778e-05 7.235233776246425452e-08 2.473893711832750484e-07
5.000000000000000000e+00 1.280000000000000000e+02 9.000000000000000222e-01 7.545108050415692599e-06 1.308232130429073588e-05 7.256368075823952006e-08 4.296298710864837828e-07
