1.000000000000000000e+00 6.250000000000000000e-02 0.000000000000000000e+00 2.606921217579482100e-05 2.652237953213188243e-05 3.224378679108451819e-06 3.111188093179681383e-06
1.000000000000000000e+00 1.250000000000000000e-01 0.000000000000000000e+00 1.618244485017903070e-05 2.358902435415970790e-05 5.918958034582255972e-06 1.848827549185963744e-05
1.000000000000000000e+00 2.500000000000000000e-01 0.000000000000000000e+00 1.073296871075112064e-05 1.203959620866571253e-05 1.159076798284701278e-06 9.200898104288741435e-07
1.000000000000000000e+00 5.000000000000000000e-01 0.000000000000000000e+00 1.006984125458200530e-05 1.134536110360074020e-05 1.308597588957293122e-07 3.128473894553420463e-07
1.000000000000000000e+00 1.000000000000000000e+00 0.000000000000000000e+00 1.003598247542080701e-05 1.119035693590612599e-05 1.287232604657384430e-07 9.630627027342971536e-08
1.000000000000000000e+00 2.000000000000000000e+00 0.000000000000000000e+00 9.901181937852454145e-06 1.122763646987479098e-05 4.103183029784456941e-08 1.125136239125940582e-07
1.000000000000000000e+00 4.000000000000000000e+00 0.000000000000000000e+00 9.850538961672162305e-06 1.122570202473952719e-05 4.235560822217136176e-08 1.025848888004950571e-07
1.000000000000000000e+00 8.000000000000000000e+00 0.000000000000000000e+00 9.864225837115790204e-06 1.120301291097283234e-05 6.147006453277181349e-08 7.330546016862925939e-08
1.000000000000000000e+00 1.600000000000000000e+01 0.000000000000000000e+00 9.856689220138977218e-06 1.121732338141436868e-05 7.571213659922210328e-08 1.076667813360733650e-07
1.000000000000000000e+00 3.200000000000000000e+01 0.000000000000000000e+00 9.834175711072696912e-06 1.119165481941982303e-05 4.772184897845288169e-08 6.356117808801496163e-08
1.000000000000000000e+00 6.400000000000000000e+01 0.000000000000000000e+00 9.829435387423058235e-06 1.122429709803476700e-05 7.028624802270930851e-08 9.134026879951195250e-08
1.000000000000000000e+00 1.280000000000000000e+02 0.000000000000000000e+00 9.844633507267360278e-06 1.125752138675099262e-05 5.549160569715431331e-08 8.807462972120570371e-08
2.000000000000000000e+00 6.250000000000000000e-02 5.000000000000000000e-01 1.748917194463491987e-05 4.028904397890673190e-05 2.255114735788750727e-06 2.504580683185553619e-05
2.000000000000000000e+00 1.250000000000000000e-01 5.000000000000000000e-01 9.693490737644643094e-06 1.968817345327736091e-05 7.063265317623082800e-07 1.434392814545706145e-05
2.000000000000000000e+00 2.500000000000000000e-01 5.000000000000000000e-01 9.199011159104186606e-06 1.210693767235522650e-05 6.590313704130984837e-08 1.692439717478728422e-07
2.000000000000000000e+00 5.000000000000000000e-01 5.000000000000000000e-01 9.195355023159570087e-06 1.210026414943132472e-05 1.068376482756604807e-07 2.158855199382884195e-07
2.000000000000000000e+00 1.000000000000000000e+00 5.000000000000000000e-01 9.005681174811227722e-06 1.238518299722561958e-05 1.504564349989592848e-07 2.956057871810957517e-07
2.000000000000000000e+00 2.000000000000000000e+00 5.000000000000000000e-01 8.756259271894234369e-06 1.235398958550990412e-05 2.329586185348326493e-07 4.024730995625991730e-07
2.000000000000000000e+00 4.000000000000000000e+00 5.000000000000000000e-01 8.643450460965110813e-06 1.219220450029245225e-05 1.584348848008004381e-07 2.964706191127903010e-07
2.000000000000000000e+00 8.000000000000000000e+00 5.000000000000000000e-01 8.611922870346202515e-06 1.239586085527249914e-05 1.973062304423265282e-07 3.789577035781831337e-07
2.000000000000000000e+00 1.600000000000000000e+01 5.000000000000000000e-01 8.658508315999937610e-06 1.233789585469514518e-05 1.762501154903804341e-07 3.844825688374950490e-07
2.000000000000000000e+00 3.200000000000000000e+01 5.000000000000000000e-01 8.653541072243052022e-06 1.232157353169489876e-05 1.666769736446376395e-07 3.843957317634224839e-07
2.000000000000000000e+00 6.400000000000000000e+01 5.000000000000000000e-01 8.643587678244487707e-06 1.225254852822137531e-05 1.938693626495049070e-07 5.683333247796114491e-07
2.000000000000000000e+00 1.280000000000000000e+02 5.000000000000000000e-01 8.572512376837306978e-06 1.222373225781755109e-05 1.394997482900543204e-07 3.045587219919952128e-07
3.000000000000000000e+00 6.250000000000000000e-02 5.000000000000000000e-01 1.727598267428860011e-05 7.255768701344452300e-05 1.437586867383559932e-06 7.281972170233402515e-05
3.000000000000000000e+00 1.250000000000000000e-01 5.000000000000000000e-01 9.292249318931404328e-06 9.635577787599673781e-05 1.042255787263530565e-06 2.271125675842740311e-04
3.000000000000000000e+00 2.500000000000000000e-01 5.000000000000000000e-01 8.950616970347868650e-06 1.304151256619180600e-05 9.521712661385723622e-08 1.786471961807205248e-06
3.000000000000000000e+00 5.000000000000000000e-01 5.000000000000000000e-01 8.929552073209242675e-06 1.256613732176774645e-05 6.668632783075525113e-08 2.077282403042751617e-07
3.000000000000000000e+00 1.000000000000000000e+00 5.000000000000000000e-01 8.648712817894715926e-06 1.291677661285263947e-05 1.479395983480177379e-07 2.031584992488694323e-07
3.000000000000000000e+00 2.000000000000000000e+00 5.000000000000000000e-01 8.337541035564843174e-06 1.327827056677564305e-05 1.249886175173925483e-07 4.078646267076255645e-07
3.000000000000000000e+00 4.000000000000000000e+00 5.000000000000000000e-01 8.301177524318708456e-06 1.327395564127367784e-05 9.739081332049451480e-08 3.960024125751932476e-07
3.000000000000000000e+00 8.000000000000000000e+00 5.000000000000000000e-01 8.189357779729802047e-06 1.332961705195962517e-05 1.723892091247408611e-07 3.049184218311374703e-07
3.000000000000000000e+00 1.600000000000000000e+01 5.000000000000000000e-01 8.132292704111302511e-06 1.311602726860671752e-05 1.771068909821663043e-07 3.725003933039715141e-07
3.000000000000000000e+00 3.200000000000000000e+01 5.000000000000000000e-01 8.236880030720047938e-06 1.321906587822971225e-05 1.500789593983455266e-07 4.439750013817969317e-07
3.000000000000000000e+00 6.400000000000000000e+01 5.000000000000000000e-01 8.148372779821641681e-06 1.319616956160671613e-05 1.430775439527198312e-07 5.171473006051965124e-07
3.000000000000000000e+00 1.280000000000000000e+02 5.000000000000000000e-01 8.152200112983281629e-06 1.311052447214635621e-05 1.138011328405049472e-07 5.071054692013916331e-07
4.000000000000000000e+00 6.250000000000000000e-02 5.000000000000000000e-01 1.441444143373583050e-05 8.750509943496678094e-05 2.491582562831257015e-06 9.798229657375860495e-05
4.000000000000000000e+00 1.250000000000000000e-01 5.000000000000000000e-01 8.639564344349361791e-06 1.104695465731736048e-04 1.445398102197293941e-07 1.394126835022656632e-04
4.000000000000000000e+00 2.500000000000000000e-01 5.000000000000000000e-01 8.681365736900946401e-06 1.335365132504425501e-05 7.076342618077319578e-08 1.051691481338092713e-06
4.000000000000000000e+00 5.000000000000000000e-01 5.000000000000000000e-01 8.586608832603631191e-06 1.287960092949232581e-05 1.327192423234940751e-07 3.006526423824403361e-07
4.000000000000000000e+00 1.000000000000000000e+00 5.000000000000000000e-01 8.185903544068547826e-06 1.323081555112641691e-05 1.084295689220108017e-07 3.534179489241276811e-07
4.000000000000000000e+00 2.000000000000000000e+00 5.000000000000000000e-01 7.771363488884574659e-06 1.378348873073118661e-05 1.165305902804637341e-07 3.554492596507270087e-07
4.000000000000000000e+00 4.000000000000000000e+00 5.000000000000000000e-01 7.661539250285846634e-06 1.375839533483932206e-05 1.225059891266030352e-07 4.443466755226097339e-07
4.000000000000000000e+00 8.000000000000000000e+00 5.000000000000000000e-01 7.617771045380167907e-06 1.348419572116491524e-05 1.492356942843836909e-07 3.173981787557020745e-07
4.000000000000000000e+00 1.600000000000000000e+01 5.000000000000000000e-01 7.633413677787788079e-06 1.382877893367639835e-05 1.377169604583335003e-07 4.346267505917979232e-07
4.000000000000000000e+00 3.200000000000000000e+01 5.000000000000000000e-01 7.598962023412024346e-06 1.380587226815241767e-05 8.064937282705449319e-08 4.678672501992678859e-07
4.000000000000000000e+00 6.400000000000000000e+01 5.000000000000000000e-01 7.602906749670928343e-06 1.372557167564230698e-05 1.164587587262317749e-07 4.937350291397833522e-07
4.000000000000000000e+00 1.280000000000000000e+02 5.000000000000000000e-01 7.557960102146649992e-06 1.385606217710223148e-05 9.835204383792956983e-08 4.305154672474429812e-07
5.000000000000000000e+00 6.250000000000000000e-02 5.000000000000000000e-01 1.314177360796557498e-05 2.311017911179397079e-04 2.330784858633110657e-06 3.556365272319351339e-04
5.000000000000000000e+00 1.250000000000000000e-01 5.000000000000000000e-01 8.247271733130423233e-06 1.145600020653331078e-04 1.804218766662535105e-07 1.496971621204916598e-04
5.000000000000000000e+00 2.500000000000000000e-01 5.000000000000000000e-01 8.408744001158112579e-06 2.466852079833820974e-05 9.965872232666441360e-08 2.224170366522617735e-05
5.000000000000000000e+00 5.000000000000000000e-01 5.000000000000000000e-01 8.325312777702124049e-06 1.359791042617971603e-05 1.276927213629443777e-07 1.062799922736780752e-06
5.000000000000000000e+00 1.000000000000000000e+00 5.000000000000000000e-01 7.924730311504615709e-06 1.405097841277461148e-05 1.616257480771320443e-07 4.819414297237665008e-07
5.000000000000000000e+00 2.000000000000000000e+00 5.000000000000000000e-01 7.397704254259078468e-06 1.454804202281637931e-05 1.748747457546174546e-07 3.239897040748670879e-07
5.000000000000000000e+00 4.000000000000000000e+00 5.000000000000000000e-01 7.298197423246690226e-06 1.477821980609560998e-05 1.529207542174404028e-07 4.363542651434786191e-07
5.000000000000000000e+00 8.000000000000000000e+00 5.000000000000000000e-01 7.312142433838880176e-06 1.446965235083493465e-05 1.656921726715541251e-07 5.875856009721344821e-07
5.000000000000000000e+00 1.600000000000000000e+01 5.000000000000000000e-01 7.219891135131037513e-06 1.508188449587352618e-05 1.246683322453741174e-07 7.595401300609860337e-07
5.000000000000000000e+00 3.200000000000000000e+01 5.000000000000000000e-01 7.138606535978804407e-06 1.482251018234849037e-05 8.059395441109086306e-08 5.338070478454888279e-07
5.000000000000000000e+00 6.400000000000000000e+01 5.000000000000000000e-01 7.141430189701688090e-06 1.500783316110858626e-05 1.243192330059527502e-07 4.779166518344336053e-07
5.000000000000000000e+00 1.280000000000000000e+02 5.000000000000000000e-01 7.163601654532425192e-06 1.494435417489052768e-05 1.134663885322475218e-07 5.996978927398082439e-07
