1.000000000000000000e+00 6.250000000000000000e-02 0.000000000000000000e+00 3.988864765862438523e-03 4.570713922569629752e-03 4.512192746965217049e-04 7.941269793521996308e-04
1.000000000000000000e+00 1.250000000000000000e-01 0.000000000000000000e+00 2.763525271890530238e-03 3.970458976344837070e-03 7.217797250811372510e-04 2.937217132122655911e-03
1.000000000000000000e+00 2.500000000000000000e-01 0.000000000000000000e+00 1.444380404904457068e-03 1.704624771142625086e-03 4.521857029945842792e-04 4.883939027640499817e-04
1.000000000000000000e+00 5.000000000000000000e-01 0.000000000000000000e+00 2.904690237046857432e-04 3.626201309705276302e-04 2.295610695537214586e-04 2.752095269409625985e-04
1.000000000000000000e+00 1.000000000000000000e+00 0.000000000000000000e+00 1.102900592429024160e-04 1.426010025788407450e-04 6.826879323831634521e-05 9.096325167079539922e-05
1.000000000000000000e+00 2.000000000000000000e+00 0.000000000000000000e+00 8.479640818489264415e-05 1.134389139900742247e-04 5.524735471272864638e-05 7.211989262849254328e-05
1.000000000000000000e+00 4.000000000000000000e+00 0.000000000000000000e+00 8.047212665898364646e-05 1.073168429071587988e-04 4.738396021864806675e-05 6.294273751271604032e-05
1.000000000000000000e+00 8.000000000000000000e+00 0.000000000000000000e+00 1.125984039427815897e-04 1.570940396188991552e-04 5.745863117462481100e-05 8.083972864402271202e-05
1.000000000000000000e+00 1.600000000000000000e+01 0.000000000000000000e+00 1.062519764103371826e-04 1.429268439432710141e-04 4.165693438174164612e-05 5.338518396287560434e-05
1.000000000000000000e+00 3.200000000000000000e+01 0.000000000000000000e+00 1.069962084251807366e-04 1.432322353571828532e-04 4.281198771457693736e-05 4.805289890784373614e-05
1.000000000000000000e+00 6.400000000000000000e+01 0.000000000000000000e+00 1.091913300451002097e-04 1.563182326728095300e-04 5.425253322260164732e-05 8.009842751618033907e-05
1.000000000000000000e+00 1.280000000000000000e+02 0.000000000000000000e+00 1.067931111981245936e-04 1.488922062437089569e-04 5.279105846147421743e-05 6.727912837240977945e-05
2.000000000000000000e+00 6.250000000000000000e-02 9.000000000000000222e-01 3.583956843635960256e-03 6.550118638912733222e-03 3.561325129140641924e-04 2.393613504433322100e-03
2.000000000000000000e+00 1.250000000000000000e-01 9.000000000000000222e-01 2.164675572455158382e-03 4.628483489702612738e-03 1.687776380066985252e-04 7.348910954253048272e-03
2.000000000000000000e+00 2.500000000000000000e-01 9.000000000000000222e-01 7.517732304101240994e-04 8.197675910275682492e-04 3.074674076839309551e-04 3.009288862784287961e-04
2.000000000000000000e+00 5.000000000000000000e-01 9.000000000000000222e-01 1.067301356990739560e-04 1.243836266054515450e-04 7.281379102611740652e-05 8.527985800956166867e-05
2.000000000000000000e+00 1.000000000000000000e+00 9.000000000000000222e-01 5.438630118513675608e-06 5.852017536905829021e-06 5.482119628165676301e-06 5.743277107512658005e-06
2.000000000000000000e+00 2.000000000000000000e+00 9.000000000000000222e-01 7.283773389424051976e-07 8.684860561969825446e-07 5.407983825720803672e-07 6.616741464565927659e-07
2.000000000000000000e+00 4.000000000000000000e+00 9.000000000000000222e-01 4.153010545757565424e-07 4.939269052430025550e-07 3.036914932835288251e-07 3.496719630596572261e-07
2.000000000000000000e+00 8.000000000000000000e+00 9.000000000000000222e-01 3.922336897940916414e-07 4.748017039455857866e-07 2.159293594322780032e-07 2.636703634619637469e-07
2.000000000000000000e+00 1.600000000000000000e+01 9.000000000000000222e-01 2.910860995398760152e-07 3.596268100437887120e-07 2.126461330349299610e-07 2.687045035448259847e-07
2.000000000000000000e+00 3.200000000000000000e+01 9.000000000000000222e-01 2.329940073650110351e-07 2.767478647695552876e-07 1.495147666342509361e-07 1.650779698755659776e-07
2.000000000000000000e+00 6.400000000000000000e+01 9.000000000000000222e-01 2.735236245247271639e-07 3.341670630700574274e-07 7.911985235562491899e-08 9.103811096622489538e-08
2.000000000000000000e+00 1.280000000000000000e+02 9.000000000000000222e-01 2.283191563340713078e-07 2.847994189833530159e-07 9.664780812952018973e-08 1.147977311830492432e-07
3.000000000000000000e+00 6.250000000000000000e-02 9.000000000000000222e-01 1.413612660612750772e-03 9.876058218220374121e-03 4.034674886998233843e-05 1.799250625650879870e-02
3.000000000000000000e+00 1.250000000000000000e-01 9.000000000000000222e-01 9.298003648388786669e-04 8.329682322169370753e-03 1.222922791804392382e-04 1.139179554880550768e-02
3.000000000000000000e+00 2.500000000000000000e-01 9.000000000000000222e-01 4.696584264962189517e-04 5.607549989514252738e-04 1.027211646290726300e-04 1.248947675304440277e-04
3.000000000000000000e+00 5.000000000000000000e-01 9.000000000000000222e-01 7.255499927359328487e-05 8.412713741914686527e-05 5.094114878021948018e-05 5.615657968942281580e-05
3.000000000000000000e+00 1.000000000000000000e+00 9.000000000000000222e-01 4.172759136927391056e-06 4.811180710587644672e-06 8.965508520702665030e-06 1.028789847624022890e-05
3.000000000000000000e+00 2.000000000000000000e+00 9.000000000000000222e-01 2.833150926965435771e-07 3.652160624449200360e-07 3.281050378449586569e-07 4.210439366304518646e-07
3.000000000000000000e+00 4.000000000000000000e+00 9.000000000000000222e-01 1.166696134744339907e-07 1.568253244424219451e-07 9.071689327401854651e-08 1.146031044847010422e-07
3.000000000000000000e+00 8.000000000000000000e+00 9.000000000000000222e-01 8.131417598401704342e-08 1.077886120172344424e-07 4.028773293383263904e-08 4.917009526233463703e-08
3.000000000000000000e+00 1.600000000000000000e+01 9.000000000000000222e-01 7.847181620095935793e-08 1.060581075044982896e-07 3.874102685948871660e-08 5.138455027100356790e-08
3.000000000000000000e+00 3.200000000000000000e+01 9.000000000000000222e-01 6.691427161053157097e-08 9.150612129156683367e-08 2.060702949273993665e-08 2.882651522789596302e-08
3.000000000000000000e+00 6.400000000000000000e+01 9.000000000000000222e-01 6.287774579698100649e-08 8.526164098592183014e-08 2.344318507397809369e-08 3.270132050487680615e-08
3.000000000000000000e+00 1.280000000000000000e+02 9.000000000000000222e-01 7.640776798529445968e-08 1.088342936034935821e-07 6.363972089440960055e-08 1.013453880737713451e-07
4.000000000000000000e+00 6.250000000000000000e-02 9.000000000000000222e-01 1.286607577821404598e-03 2.640368656337828066e-02 1.198558627733600491e-04 4.763981164630988474e-02
4.000000000000000000e+00 1.250000000000000000e-01 9.000000000000000222e-01 8.037608460161711158e-04 1.206095755136686251e-02 7.161489822841525380e-05 1.295658723730236384e-02
4.000000000000000000e+00 2.500000000000000000e-01 9.000000000000000222e-01 4.010596101012337987e-04 5.043077480077663580e-04 6.860547928094998141e-05 1.081667881628688263e-04
4.000000000000000000e+00 5.000000000000000000e-01 9.000000000000000222e-01 3.135448253766029935e-05 3.963800704188833536e-05 1.870945818306573040e-05 2.284485415116114021e-05
4.000000000000000000e+00 1.000000000000000000e+00 9.000000000000000222e-01 3.591713180222098617e-07 4.293718162165008364e-07 2.755214448868014802e-07 3.153334350936883804e-07
4.000000000000000000e+00 2.000000000000000000e+00 9.000000000000000222e-01 5.071623689081148591e-08 7.042259751340662947e-08 1.398376546423168564e-08 1.826192584309412254e-08
4.000000000000000000e+00 4.000000000000000000e+00 9.000000000000000222e-01 2.666345917374869474e-08 4.230413829240238800e-08 9.997031554000863593e-09 1.596201863656276304e-08
4.000000000000000000e+00 8.000000000000000000e+00 9.000000000000000222e-01 2.376269222789379775e-08 3.676654545977347888e-08 1.137500029468281458e-08 1.712661232603466830e-08
4.000000000000000000e+00 1.600000000000000000e+01 9.000000000000000222e-01 2.309847373546056108e-08 3.473272042224705659e-08 5.995019211021825558e-09 8.445552370902244016e-09
4.000000000000000000e+00 3.200000000000000000e+01 9.000000000000000222e-01 1.787014884469537263e-08 2.734294964532189003e-08 5.338258076506887677e-09 7.565165170563093727e-09
4.000000000000000000e+00 6.400000000000000000e+01 9.000000000000000222e-01 1.811088674994455439e-08 2.803330627633799928e-08 5.898438140025698991e-09 8.561669516456322893e-09
4.000000000000000000e+00 1.280000000000000000e+02 9.000000000000000222e-01 1.888980591119332044e-08 2.941109378433718082e-08 5.120745025623632339e-09 7.286061151697485789e-09
5.000000000000000000e+00 6.250000000000000000e-02 9.000000000000000222e-01 1.223861221211453151e-03 1.060160726988725044e-01 8.957799061484548314e-05 1.813342001639346723e-01
5.000000000000000000e+00 1.250000000000000000e-01 9.000000000000000222e-01 7.391523479148797132e-04 3.782123092227512168e-02 3.126730417227903630e-05 8.344862295193616886e-02
5.000000000000000000e+00 2.500000000000000000e-01 9.000000000000000222e-01 3.837193360088110290e-04 3.640083436820902487e-03 4.558014782911830488e-05 8.740383975692267438e-03
5.000000000000000000e+00 5.000000000000000000e-01 9.000000000000000222e-01 2.547661617780560189e-05 3.621250202948544537e-05 9.287443220239575522e-06 1.298893105432157823e-05
5.000000000000000000e+00 1.000000000000000000e+00 9.000000000000000222e-01 1.703755621172835063e-07 2.350158664557479651e-07 8.369624204693074871e-08 1.160781186861453058e-07
5.000000000000000000e+00 2.000000000000000000e+00 9.000000000000000222e-01 3.297514987293870911e-08 5.275444707909441194e-08 1.507573558978592803e-08 2.568144863763219902e-08
5.000000000000000000e+00 4.000000000000000000e+00 9.000000000000000222e-01 1.693004431295737992e-08 3.030296013723863782e-08 6.570874429056175094e-09 1.281538439259202956e-08
5.000000000000000000e+00 8.000000000000000000e+00 9.000000000000000222e-01 1.291574259480548640e-08 2.289595186452031264e-08 2.678310970670258667e-09 5.183756510301623407e-09
5.000000000000000000e+00 1.600000000000000000e+01 9.000000000000000222e-01 1.271255088495334828e-08 2.312575182494410622e-08 2.719808540840924683e-09 4.660264842351746701e-09
5.000000000000000000e+00 3.200000000000000000e+01 9.000000000000000222e-01 1.185306950156747515e-08 2.120145716992227285e-08 3.053385427565988013e-09 5.774156766153577197e-09
5.000000000000000000e+00 6.400000000000000000e+01 9.000000000000000222e-01 1.122610712982049649e-08 2.066573529903679902e-08 1.801594590894027720e-09 3.666478904244448598e-09
5.000000000000000000e+00 1.280000000000000000e+02 9.000000000000000222e-01 1.137308790753924527e-08 1.989917418553446164e-08 3.558456480552959247e-09 6.363250108226477408e-09
