1.000000000000000000e+00 6.250000000000000000e-02 0.000000000000000000e+00 3.336199323108254757e-03 5.021864919966801538e-03 2.914567999086811723e-04 1.952029437620089562e-03
1.000000000000000000e+00 1.250000000000000000e-01 0.000000000000000000e+00 2.329364570392724373e-03 2.604018118214015878e-03 5.524648802278184917e-04 8.376063432050767340e-04
1.000000000000000000e+00 2.500000000000000000e-01 0.000000000000000000e+00 1.430663104049713277e-03 1.425188761582944471e-03 3.338542304410360641e-04 3.549881982283318443e-04
1.000000000000000000e+00 5.000000000000000000e-01 0.000000000000000000e+00 8.805589639108350828e-04 8.851345007506517589e-04 3.412967308472700115e-04 3.480503365462532441e-04
1.000000000000000000e+00 1.000000000000000000e+00 0.000000000000000000e+00 1.394949800174692493e-03 1.427930830390872815e-03 7.849720129038015000e-04 7.842742017819899405e-04
1.000000000000000000e+00 2.000000000000000000e+00 0.000000000000000000e+00 1.964787276228300173e-03 2.080523739364464539e-03 7.482108051713448746e-04 8.037854412041088407e-04
1.000000000000000000e+00 4.000000000000000000e+00 0.000000000000000000e+00 2.240767753906549881e-03 2.365446992773903231e-03 5.946907027431244750e-04 6.530518415585454851e-04
1.000000000000000000e+00 8.000000000000000000e+00 0.000000000000000000e+00 2.257800647654750487e-03 2.417312047621468420e-03 5.699387176441707368e-04 6.208424643124654590e-04
1.000000000000000000e+00 1.600000000000000000e+01 0.000000000000000000e+00 2.465205128381408629e-03 2.607245674306812866e-03 3.406771591408325152e-04 3.768521329289649304e-04
1.000000000000000000e+00 3.200000000000000000e+01 0.000000000000000000e+00 2.352600458477621150e-03 2.478740839660475374e-03 3.053147126541867458e-04 2.987466390021854910e-04
1.000000000000000000e+00 6.400000000000000000e+01 0.000000000000000000e+00 2.465487430085362870e-03 2.627170868283624106e-03 2.756048675519977287e-04 3.088730023867183004e-04
1.000000000000000000e+00 1.280000000000000000e+02 0.000000000000000000e+00 2.557128192854476404e-03 2.706155572817483569e-03 1.760748533877242784e-04 2.102679685241269853e-04
2.000000000000000000e+00 6.250000000000000000e-02 9.000000000000000222e-01 3.104046276260536211e-03 7.510540267583886050e-03 1.974604135122932783e-04 6.078685387386833887e-03
2.000000000000000000e+00 1.250000000000000000e-01 9.000000000000000222e-01 1.637816484586911451e-03 3.551905166108430129e-03 2.411086124067301410e-04 3.063370969714274313e-03
2.000000000000000000e+00 2.500000000000000000e-01 9.000000000000000222e-01 8.737649031752313996e-04 1.070170951977751899e-03 1.452351911949225662e-04 1.538431690239587806e-04
2.000000000000000000e+00 5.000000000000000000e-01 9.000000000000000222e-01 3.015029937789680671e-04 3.801540200933042511e-04 1.141865120434725172e-04 1.364780384849094766e-04
2.000000000000000000e+00 1.000000000000000000e+00 9.000000000000000222e-01 3.158639027355000079e-04 3.991239699889471623e-04 8.539579844018768229e-05 1.008407894273174375e-04
2.000000000000000000e+00 2.000000000000000000e+00 9.000000000000000222e-01 4.139511912355282484e-04 5.465706515033209303e-04 2.070441900553235621e-04 2.623602899237058674e-04
2.000000000000000000e+00 4.000000000000000000e+00 9.000000000000000222e-01 3.903246098209796279e-04 5.158285732263682500e-04 1.869609911788815777e-04 2.314157999607170050e-04
2.000000000000000000e+00 8.000000000000000000e+00 9.000000000000000222e-01 4.291468554376832957e-04 5.782957998401792692e-04 2.181889126817608885e-04 2.781932028991246776e-04
2.000000000000000000e+00 1.600000000000000000e+01 9.000000000000000222e-01 4.807163196914399431e-04 6.333512109171423547e-04 1.775044221990549188e-04 2.317887369191473917e-04
2.000000000000000000e+00 3.200000000000000000e+01 9.000000000000000222e-01 5.292797235418796346e-04 7.016488719396851963e-04 1.692785818320129902e-04 2.181003738981991745e-04
2.000000000000000000e+00 6.400000000000000000e+01 9.000000000000000222e-01 5.062645871229374834e-04 6.784650230379136483e-04 1.113569462399982172e-04 1.395963272278126326e-04
2.000000000000000000e+00 1.280000000000000000e+02 9.000000000000000222e-01 5.261750103660820530e-04 6.955935102539660252e-04 8.519986928526820707e-05 1.177444131123016265e-04
3.000000000000000000e+00 6.250000000000000000e-02 9.000000000000000222e-01 3.025740193051446644e-03 3.648337109702373682e-02 1.257785834859782034e-04 6.752246885594206938e-02
3.000000000000000000e+00 1.250000000000000000e-01 9.000000000000000222e-01 1.501475459586986468e-03 6.602143404097962978e-03 2.342861972383205379e-04 6.030001687995260699e-03
3.000000000000000000e+00 2.500000000000000000e-01 9.000000000000000222e-01 7.092119333416324525e-04 9.266635965652547571e-04 7.788418572782628154e-05 8.768701751000390675e-05
3.000000000000000000e+00 5.000000000000000000e-01 9.000000000000000222e-01 1.847896512518734560e-04 2.470252628911871187e-04 4.404246963002570733e-05 5.119676801179490324e-05
3.000000000000000000e+00 1.000000000000000000e+00 9.000000000000000222e-01 1.200965402086999402e-04 1.723093698190590768e-04 2.763529450284644181e-05 3.830078737415958806e-05
3.000000000000000000e+00 2.000000000000000000e+00 9.000000000000000222e-01 1.076057586404244445e-04 1.632491117923758344e-04 3.677439774923847704e-05 5.285564806936842786e-05
3.000000000000000000e+00 4.000000000000000000e+00 9.000000000000000222e-01 1.048173364892843488e-04 1.640341829261737696e-04 3.527014651804980135e-05 4.919575397683716069e-05
3.000000000000000000e+00 8.000000000000000000e+00 9.000000000000000222e-01 1.475725331461816650e-04 2.270392095651334004e-04 4.576729702232781204e-05 6.999546639891922426e-05
3.000000000000000000e+00 1.600000000000000000e+01 9.000000000000000222e-01 1.472188024008600426e-04 2.352999431382192812e-04 4.813471268077725051e-05 7.452874493459247488e-05
3.000000000000000000e+00 3.200000000000000000e+01 9.000000000000000222e-01 1.964655068958470166e-04 3.011154834097097967e-04 7.041261393200477813e-05 1.016214050148260881e-04
3.000000000000000000e+00 6.400000000000000000e+01 9.000000000000000222e-01 2.099789914486460967e-04 3.356858515517773976e-04 8.594840793784119240e-05 1.345318273132796948e-04
3.000000000000000000e+00 1.280000000000000000e+02 9.000000000000000222e-01 1.904265662530990123e-04 2.901918907240438666e-04 7.626302006919733292e-05 1.176625785479399288e-04
4.000000000000000000e+00 6.250000000000000000e-02 9.000000000000000222e-01 2.711400775258693274e-03 1.257934225829052989e-02 2.781215472270649205e-04 7.611385468854628758e-03
4.000000000000000000e+00 1.250000000000000000e-01 9.000000000000000222e-01 1.359927198905629088e-03 4.801849996444877526e-03 1.138148732818259132e-04 3.611867426378771641e-03
4.000000000000000000e+00 2.500000000000000000e-01 9.000000000000000222e-01 6.197698288361884250e-04 8.647640194235269853e-04 1.062044356013454283e-04 1.748873499225827525e-04
4.000000000000000000e+00 5.000000000000000000e-01 9.000000000000000222e-01 1.239223623662953871e-04 1.778758756400268775e-04 1.994224230423085500e-05 3.097620844522192858e-05
4.000000000000000000e+00 1.000000000000000000e+00 9.000000000000000222e-01 7.181851024958075592e-05 1.062636005698879514e-04 1.537894798821670518e-05 2.047255972135483246e-05
4.000000000000000000e+00 2.000000000000000000e+00 9.000000000000000222e-01 6.845255491346323071e-05 1.098077927469926851e-04 2.273930501739833927e-05 3.425005192360321311e-05
4.000000000000000000e+00 4.000000000000000000e+00 9.000000000000000222e-01 6.212785703907382055e-05 1.084704648123535880e-04 3.283317093678962082e-05 5.948169148727976417e-05
4.000000000000000000e+00 8.000000000000000000e+00 9.000000000000000222e-01 7.555193116389418264e-05 1.323173080602480607e-04 2.863772632470682744e-05 4.850654512872637215e-05
4.000000000000000000e+00 1.600000000000000000e+01 9.000000000000000222e-01 8.579648102849140223e-05 1.524731612929136788e-04 3.738457772372449786e-05 6.278834570139681245e-05
4.000000000000000000e+00 3.200000000000000000e+01 9.000000000000000222e-01 8.649198211833444860e-05 1.583334177680854556e-04 2.661628919575750104e-05 4.924972133349601552e-05
4.000000000000000000e+00 6.400000000000000000e+01 9.000000000000000222e-01 1.021924103539927292e-04 1.793815486245066058e-04 5.761009649795122346e-05 9.594975074436966464e-05
4.000000000000000000e+00 1.280000000000000000e+02 9.000000000000000222e-01 1.004335624082540473e-04 1.825924308873871612e-04 3.935865409444996117e-05 7.252064675983060449e-05
5.000000000000000000e+00 6.250000000000000000e-02 9.000000000000000222e-01 2.637341993025830479e-03 1.400319583947816880e-02 2.069930497022294351e-04 1.111082530283123357e-02
5.000000000000000000e+00 1.250000000000000000e-01 9.000000000000000222e-01 1.342237694025825556e-03 3.039029499420297167e-02 6.202168259868498122e-05 6.860603396808270804e-02
5.000000000000000000e+00 2.500000000000000000e-01 9.000000000000000222e-01 6.005328294091882239e-04 2.037324534656589480e-03 7.484243565589117657e-05 3.261272064910262884e-03
5.000000000000000000e+00 5.000000000000000000e-01 9.000000000000000222e-01 1.076352431463978949e-04 1.756166093866785090e-04 2.586184268677156435e-05 4.689212738124338861e-05
5.000000000000000000e+00 1.000000000000000000e+00 9.000000000000000222e-01 5.025244695772460805e-05 8.561364273896450406e-05 1.619071927620199013e-05 2.690891720909073252e-05
5.000000000000000000e+00 2.000000000000000000e+00 9.000000000000000222e-01 4.126235631025925051e-05 7.671656743366948460e-05 2.507148367115882308e-05 4.165502430017454361e-05
5.000000000000000000e+00 4.000000000000000000e+00 9.000000000000000222e-01 3.001071377383215943e-05 6.142031332326974586e-05 1.118728534826680291e-05 2.313204729841819121e-05
5.000000000000000000e+00 8.000000000000000000e+00 9.000000000000000222e-01 4.206963202580650069e-05 8.591819866398558471e-05 2.033505315580092548e-05 3.767794007909472024e-05
5.000000000000000000e+00 1.600000000000000000e+01 9.000000000000000222e-01 4.517581454369926157e-05 9.428963842387797704e-05 2.071389171482352547e-05 4.535123800194425676e-05
5.000000000000000000e+00 3.200000000000000000e+01 9.000000000000000222e-01 4.828220136490896910e-05 9.769706802479138984e-05 2.548511811170042711e-05 4.405825090383496437e-05
5.000000000000000000e+00 6.400000000000000000e+01 9.000000000000000222e-01 5.147656848982994467e-05 1.100370329658170780e-04 2.573567167042474708e-05 5.579623351090945351e-05
5.000000000000000000e+00 1.280000000000000000e+02 9.000000000000000222e-01 6.065136494797772088e-05 1.281930374041066376e-04 2.272166244217482971e-05 4.867224592780954739e-05
