1.000000000000000000e+00 6.250000000000000000e-02 0.000000000000000000e+00 2.662929279467267547e-03 5.762273449506738303e-03 3.218452843510447373e-04 3.275401097923295608e-03
1.000000000000000000e+00 1.250000000000000000e-01 0.000000000000000000e+00 1.734924936230512488e-03 3.068337777682661298e-03 6.276696903541326622e-04 1.618691334838908129e-03
1.000000000000000000e+00 2.500000000000000000e-01 0.000000000000000000e+00 9.892250807937922729e-04 1.547407664809539443e-03 2.204876306919408165e-04 4.327745985166528788e-04
1.000000000000000000e+00 5.000000000000000000e-01 0.000000000000000000e+00 8.702576578734006526e-04 1.306132580112558898e-03 2.317371216687852701e-04 3.373980404991114269e-04
1.000000000000000000e+00 1.000000000000000000e+00 0.000000000000000000e+00 1.516006996029296231e-03 2.265726776582933834e-03 5.679242816411315649e-04 9.551275627076364055e-04
1.000000000000000000e+00 2.000000000000000000e+00 0.000000000000000000e+00 1.891577407260184099e-03 2.918366064726208263e-03 4.035945146334633522e-04 9.155799873997068350e-04
1.000000000000000000e+00 4.000000000000000000e+00 0.000000000000000000e+00 2.016333873278948648e-03 3.117961258652139460e-03 2.713302592882613456e-04 7.350109243998136652e-04
1.000000000000000000e+00 8.000000000000000000e+00 0.000000000000000000e+00 1.972830374415211144e-03 3.120064376378413329e-03 2.744867737828630885e-04 7.684478886689018228e-04
1.000000000000000000e+00 1.600000000000000000e+01 0.000000000000000000e+00 2.048221481958284289e-03 3.309063631290709052e-03 3.020787831586773439e-04 8.242880902108086104e-04
1.000000000000000000e+00 3.200000000000000000e+01 0.000000000000000000e+00 2.016563916341273556e-03 3.184697410473401151e-03 2.157691656085153049e-04 5.811555236589709779e-04
1.000000000000000000e+00 6.400000000000000000e+01 0.000000000000000000e+00 2.071575343677974947e-03 3.295367993685701432e-03 1.775231554375428700e-04 6.243738902378386402e-04
1.000000000000000000e+00 1.280000000000000000e+02 0.000000000000000000e+00 2.091380671003856533e-03 3.348397770973315923e-03 1.976011569456560097e-04 7.292661791043962517e-04
