1.000000000000000000e+00 6.250000000000000000e-02 0.000000000000000000e+00 3.988864765862438523e-03 4.570713922569629752e-03 4.512192746965217049e-04 7.941269793521996308e-04
1.000000000000000000e+00 1.250000000000000000e-01 0.000000000000000000e+00 2.763525271890530238e-03 3.970458976344837070e-03 7.217797250811372510e-04 2.937217132122655911e-03
1.000000000000000000e+00 2.500000000000000000e-01 0.000000000000000000e+00 1.444380404904457068e-03 1.704624771142625086e-03 4.521857029945842792e-04 4.883939027640499817e-04
1.000000000000000000e+00 5.000000000000000000e-01 0.000000000000000000e+00 2.904690237046857432e-04 3.626201309705276302e-04 2.295610695537214586e-04 2.752095269409625985e-04
1.000000000000000000e+00 1.000000000000000000e+00 0.000000000000000000e+00 1.102900592429024160e-04 1.426010025788407450e-04 6.826879323831634521e-05 9.096325167079539922e-05
1.000000000000000000e+00 2.000000000000000000e+00 0.000000000000000000e+00 8.479640818489264415e-05 1.134389139900742247e-04 5.524735471272864638e-05 7.211989262849254328e-05
1.000000000000000000e+00 4.000000000000000000e+00 0.000000000000000000e+00 8.047212665898364646e-05 1.073168429071587988e-04 4.738396021864806675e-05 6.294273751271604032e-05
1.000000000000000000e+00 8.000000000000000000e+00 0.000000000000000000e+00 1.125984039427815897e-04 1.570940396188991552e-04 5.745863117462481100e-05 8.083972864402271202e-05
1.000000000000000000e+00 1.600000000000000000e+01 0.000000000000000000e+00 1.062519764103371826e-04 1.429268439432710141e-04 4.165693438174164612e-05 5.338518396287560434e-05
1.000000000000000000e+00 3.200000000000000000e+01 0.000000000000000000e+00 1.069962084251807366e-04 1.432322353571828532e-04 4.281198771457693736e-05 4.805289890784373614e-05
1.000000000000000000e+00 6.400000000000000000e+01 0.000000000000000000e+00 1.091913300451002097e-04 1.563182326728095300e-04 5.425253322260164732e-05 8.009842751618033907e-05
1.000000000000000000e+00 1.280000000000000000e+02 0.000000000000000000e+00 1.067931111981245936e-04 1.488922062437089569e-04 5.279105846147421743e-05 6.727912837240977945e-05
