1.000000000000000000e+00 6.250000000000000000e-02 0.000000000000000000e+00 2.662929279467267547e-03 5.762273449506738303e-03 3.218452843510447373e-04 3.275401097923295608e-03
1.000000000000000000e+00 1.250000000000000000e-01 0.000000000000000000e+00 1.734924936230512488e-03 3.068337777682661298e-03 6.276696903541326622e-04 1.618691334838908129e-03
1.000000000000000000e+00 2.500000000000000000e-01 0.000000000000000000e+00 9.892250807937922729e-04 1.547407664809539443e-03 2.204876306919408165e-04 4.327745985166528788e-04
1.000000000000000000e+00 5.000000000000000000e-01 0.000000000000000000e+00 8.702576578734006526e-04 1.306132580112558898e-03 2.317371216687852701e-04 3.373980404991114269e-04
1.000000000000000000e+00 1.000000000000000000e+00 0.000000000000000000e+00 1.516006996029296231e-03 2.265726776582933834e-03 5.679242816411315649e-04 9.551275627076364055e-04
1.000000000000000000e+00 2.000000000000000000e+00 0.000000000000000000e+00 1.891577407260184099e-03 2.918366064726208263e-03 4.035945146334633522e-04 9.155799873997068350e-04
1.000000000000000000e+00 4.000000000000000000e+00 0.000000000000000000e+00 2.016333873278948648e-03 3.117961258652139460e-03 2.713302592882613456e-04 7.350109243998136652e-04
1.000000000000000000e+00 8.000000000000000000e+00 0.000000000000000000e+00 1.972830374415211144e-03 3.120064376378413329e-03 2.744867737828630885e-04 7.684478886689018228e-04
1.000000000000000000e+00 1.600000000000000000e+01 0.000000000000000000e+00 2.048221481958284289e-03 3.309063631290709052e-03 3.020787831586773439e-04 8.242880902108086104e-04
1.000000000000000000e+00 3.200000000000000000e+01 0.000000000000000000e+00 2.016563916341273556e-03 3.184697410473401151e-03 2.157691656085153049e-04 5.811555236589709779e-04
1.000000000000000000e+00 6.400000000000000000e+01 0.000000000000000000e+00 2.071575343677974947e-03 3.295367993685701432e-03 1.775231554375428700e-04 6.243738902378386402e-04
1.000000000000000000e+00 1.280000000000000000e+02 0.000000000000000000e+00 2.091380671003856533e-03 3.348397770973315923e-03 1.976011569456560097e-04 7.292661791043962517e-04
2.000000000000000000e+00 6.250000000000000000e-02 0.000000000000000000e+00 2.357371103843830702e-03 1.292675193054809712e-02 3.513459961773804721e-04 1.292085383975083088e-02
2.000000000000000000e+00 1.250000000000000000e-01 0.000000000000000000e+00 1.181939254465838715e-03 3.286906272425154513e-03 1.824689191753100050e-04 3.876167256914591405e-03
2.000000000000000000e+00 2.500000000000000000e-01 0.000000000000000000e+00 6.675517286937071061e-04 9.426348045097522480e-04 9.069523871793326347e-05 1.055383311865266537e-04
2.000000000000000000e+00 5.000000000000000000e-01 0.000000000000000000e+00 5.435191592282875763e-04 8.040310174704133270e-04 1.615659025770802297e-04 1.776313075306505565e-04
2.000000000000000000e+00 1.000000000000000000e+00 0.000000000000000000e+00 1.504120201459803550e-03 2.064874441158445675e-03 5.158575579495025629e-04 6.582138288514737239e-04
2.000000000000000000e+00 2.000000000000000000e+00 0.000000000000000000e+00 2.040801490654983296e-03 2.714644419714891312e-03 7.024919607951914200e-04 8.119718402746030263e-04
2.000000000000000000e+00 4.000000000000000000e+00 0.000000000000000000e+00 2.019701901275772378e-03 2.719778188729334630e-03 6.885717011422425905e-04 8.354524870912300718e-04
2.000000000000000000e+00 8.000000000000000000e+00 0.000000000000000000e+00 2.002480272721936672e-03 2.712228099489513104e-03 4.863784700214805420e-04 5.828003743394260649e-04
2.000000000000000000e+00 1.600000000000000000e+01 0.000000000000000000e+00 2.137563834693516438e-03 2.877898825106204976e-03 5.357503417336021215e-04 6.542723494388419164e-04
2.000000000000000000e+00 3.200000000000000000e+01 0.000000000000000000e+00 2.115431354695847862e-03 2.846828339058700853e-03 5.138914240736792115e-04 6.593262261747044085e-04
2.000000000000000000e+00 6.400000000000000000e+01 0.000000000000000000e+00 2.003891101738568357e-03 2.724987672164647188e-03 5.024577105137888536e-04 6.603693120663984987e-04
2.000000000000000000e+00 1.280000000000000000e+02 0.000000000000000000e+00 2.016810803655366170e-03 2.704198810562145720e-03 4.515460673731936563e-04 5.528018735489259117e-04
3.000000000000000000e+00 6.250000000000000000e-02 0.000000000000000000e+00 2.213519348004504284e-03 1.908149829066831116e-01 2.721865849471219348e-04 5.241164955292267891e-01
3.000000000000000000e+00 1.250000000000000000e-01 0.000000000000000000e+00 1.050846039701275065e-03 4.731372591234650829e-03 1.662421524701584454e-04 5.666393279229536666e-03
3.000000000000000000e+00 2.500000000000000000e-01 0.000000000000000000e+00 5.618374835254996225e-04 1.153119800155161506e-03 4.758206120966937869e-05 9.923182066369632456e-04
3.000000000000000000e+00 5.000000000000000000e-01 0.000000000000000000e+00 2.877804186274645747e-04 5.151086863804427325e-04 4.429591555337556054e-05 5.309710204104429847e-05
3.000000000000000000e+00 1.000000000000000000e+00 0.000000000000000000e+00 6.477482147646988287e-04 1.016428066270811314e-03 2.959339518592547878e-04 3.906465806274133637e-04
3.000000000000000000e+00 2.000000000000000000e+00 0.000000000000000000e+00 1.160368930106427587e-03 1.805065631321413344e-03 5.121059485556802952e-04 6.932089291760648196e-04
3.000000000000000000e+00 4.000000000000000000e+00 0.000000000000000000e+00 1.387846178760244759e-03 2.100798519915253720e-03 4.997524131776491128e-04 7.484177348030119758e-04
3.000000000000000000e+00 8.000000000000000000e+00 0.000000000000000000e+00 1.472232053869786854e-03 2.237482011488623693e-03 2.651055796194312988e-04 3.859952009233357829e-04
3.000000000000000000e+00 1.600000000000000000e+01 0.000000000000000000e+00 1.466102471138407094e-03 2.228281167630127152e-03 3.599259017248673895e-04 4.985181029061086424e-04
3.000000000000000000e+00 3.200000000000000000e+01 0.000000000000000000e+00 1.579948440869448009e-03 2.439934164941650989e-03 3.674935425159150449e-04 5.448392343951346823e-04
3.000000000000000000e+00 6.400000000000000000e+01 0.000000000000000000e+00 1.693011992846021451e-03 2.497063879619434903e-03 3.506489714061286666e-04 5.195240105548772254e-04
3.000000000000000000e+00 1.280000000000000000e+02 0.000000000000000000e+00 1.568092085413084688e-03 2.332352245017696012e-03 2.396723811189121101e-04 3.059639024384230052e-04
4.000000000000000000e+00 6.250000000000000000e-02 0.000000000000000000e+00 1.921778753012275435e-03 2.616396470498047466e-01 3.267884710287837424e-04 6.551784687509626393e-01
4.000000000000000000e+00 1.250000000000000000e-01 0.000000000000000000e+00 9.416801631862000907e-04 7.302093438825946019e-03 7.350239652434627810e-05 1.246880736644413387e-02
4.000000000000000000e+00 2.500000000000000000e-01 0.000000000000000000e+00 5.094228853945647825e-04 8.409889576456240200e-04 5.084748175683040155e-05 1.199448090768571356e-04
4.000000000000000000e+00 5.000000000000000000e-01 0.000000000000000000e+00 2.288673493706319553e-04 4.528294111888825010e-04 2.877469580316643276e-05 3.379595323195400044e-05
4.000000000000000000e+00 1.000000000000000000e+00 0.000000000000000000e+00 6.566679114309096872e-04 1.097469462977035837e-03 3.152963680390431550e-04 4.176731340632985727e-04
4.000000000000000000e+00 2.000000000000000000e+00 0.000000000000000000e+00 1.259602098971849670e-03 2.025491215599605800e-03 4.412849830301769660e-04 6.166691075499080264e-04
4.000000000000000000e+00 4.000000000000000000e+00 0.000000000000000000e+00 1.331552294982766681e-03 2.266740595778013456e-03 4.833273137139188587e-04 7.516088049613771404e-04
4.000000000000000000e+00 8.000000000000000000e+00 0.000000000000000000e+00 1.345894739372507486e-03 2.287993841659257798e-03 3.951497017820744225e-04 6.461962588627264250e-04
4.000000000000000000e+00 1.600000000000000000e+01 0.000000000000000000e+00 1.511207081232165180e-03 2.448860442430569363e-03 3.142641638802449577e-04 4.835979199120596654e-04
4.000000000000000000e+00 3.200000000000000000e+01 0.000000000000000000e+00 1.510589205349938124e-03 2.499361303349862447e-03 3.173107319979250117e-04 4.833094170741826078e-04
4.000000000000000000e+00 6.400000000000000000e+01 0.000000000000000000e+00 1.563439316872528668e-03 2.598044929309002021e-03 2.827822839496626421e-04 4.769730794310535877e-04
4.000000000000000000e+00 1.280000000000000000e+02 0.000000000000000000e+00 1.565786314385347183e-03 2.595009693660171521e-03 1.694683855316930342e-04 2.943151690021696435e-04
5.000000000000000000e+00 6.250000000000000000e-02 0.000000000000000000e+00 1.805127447021847176e-03 1.768893023895793115e-01 1.942899808461628311e-04 3.933735488998381657e-01
5.000000000000000000e+00 1.250000000000000000e-01 0.000000000000000000e+00 9.214470176407410160e-04 5.667343203042099660e-03 3.599645399184529619e-05 5.615573278869774067e-03
5.000000000000000000e+00 2.500000000000000000e-01 0.000000000000000000e+00 5.074124540035082360e-04 1.916786567872557539e-03 4.963580326029371756e-05 1.884025995315866077e-03
5.000000000000000000e+00 5.000000000000000000e-01 0.000000000000000000e+00 2.036842428785406132e-04 4.399422394423320340e-04 3.443796349817413046e-05 6.504164397207540184e-05
5.000000000000000000e+00 1.000000000000000000e+00 0.000000000000000000e+00 3.787879678098343391e-04 7.435449665929161215e-04 1.771443629986586756e-04 2.392648021941957189e-04
5.000000000000000000e+00 2.000000000000000000e+00 0.000000000000000000e+00 6.796390352268253656e-04 1.373043369562725047e-03 3.146104997656353950e-04 5.012903643163897117e-04
5.000000000000000000e+00 4.000000000000000000e+00 0.000000000000000000e+00 8.819992011273352283e-04 1.660062368097088310e-03 3.468699466912916860e-04 5.157655779026288061e-04
5.000000000000000000e+00 8.000000000000000000e+00 0.000000000000000000e+00 1.055913499154592780e-03 2.004304805524942477e-03 3.007045562066437304e-04 5.606149778406741783e-04
5.000000000000000000e+00 1.600000000000000000e+01 0.000000000000000000e+00 1.129684300353530615e-03 2.101542784787146373e-03 2.035292576850798534e-04 3.608894933329148636e-04
5.000000000000000000e+00 3.200000000000000000e+01 0.000000000000000000e+00 1.165356359129753484e-03 2.167343455843783254e-03 2.022473736976811338e-04 2.240685594825571629e-04
5.000000000000000000e+00 6.400000000000000000e+01 0.000000000000000000e+00 1.232728090846640099e-03 2.286758012265579891e-03 1.487796941392792655e-04 2.231225075086495219e-04
5.000000000000000000e+00 1.280000000000000000e+02 0.000000000000000000e+00 1.289305766834588805e-03 2.394517210966659593e-03 1.307811846034271969e-04 2.199963969675258800e-04
