1.000000000000000000e+00 6.250000000000000000e-02 0.000000000000000000e+00 3.705283307986890953e-03 4.657314032247298653e-03 2.421065333486045008e-04 1.903001358732514265e-03
1.000000000000000000e+00 1.250000000000000000e-01 0.000000000000000000e+00 2.595027812817697448e-03 2.980253414464181273e-03 7.425825083579654096e-04 1.052779350744477730e-03
1.000000000000000000e+00 2.500000000000000000e-01 0.000000000000000000e+00 1.425762744804797821e-03 1.539610902027603503e-03 3.043900911803332264e-04 3.690469222832445028e-04
1.000000000000000000e+00 5.000000000000000000e-01 0.000000000000000000e+00 5.642525318147462166e-04 6.155949412679859872e-04 2.362854913614203611e-04 2.347651914984298584e-04
1.000000000000000000e+00 1.000000000000000000e+00 0.000000000000000000e+00 7.235153370406935186e-04 8.099404706743612353e-04 6.285705782661938886e-04 6.915757681634823045e-04
1.000000000000000000e+00 2.000000000000000000e+00 0.000000000000000000e+00 1.236914802661655656e-03 1.401997116580982377e-03 8.779849492703146454e-04 9.864430116046675728e-04
1.000000000000000000e+00 4.000000000000000000e+00 0.000000000000000000e+00 1.396685989220911505e-03 1.635351366857036668e-03 8.352159166796162661e-04 9.456525508300958963e-04
1.000000000000000000e+00 8.000000000000000000e+00 0.000000000000000000e+00 1.644949117911149745e-03 1.902789482100828659e-03 6.823065713288438633e-04 7.725713773099866398e-04
1.000000000000000000e+00 1.600000000000000000e+01 0.000000000000000000e+00 1.772890703201693329e-03 1.994505320453206654e-03 5.166960769601757278e-04 5.565057675756075652e-04
1.000000000000000000e+00 3.200000000000000000e+01 0.000000000000000000e+00 1.584149963983578699e-03 1.847189223378617202e-03 5.585756815644014450e-04 6.447457096800218420e-04
1.000000000000000000e+00 6.400000000000000000e+01 0.000000000000000000e+00 1.855844562942624097e-03 2.094303555108455346e-03 4.613436181414865282e-04 5.153255382559589724e-04
1.000000000000000000e+00 1.280000000000000000e+02 0.000000000000000000e+00 1.905085145027494943e-03 2.165402981368370981e-03 4.025425164972791189e-04 4.557885558804884978e-04
2.000000000000000000e+00 6.250000000000000000e-02 5.000000000000000000e-01 3.403041773110702072e-03 4.152264640368415541e-03 2.396834592002016287e-04 1.082819464743156775e-03
2.000000000000000000e+00 1.250000000000000000e-01 5.000000000000000000e-01 2.133568338402891829e-03 2.867432656334362347e-03 2.817103122521260228e-04 1.639684995502521539e-03
2.000000000000000000e+00 2.500000000000000000e-01 5.000000000000000000e-01 1.163275088823901649e-03 1.132103169002379988e-03 2.066264801237751659e-04 1.967639279926097036e-04
2.000000000000000000e+00 5.000000000000000000e-01 5.000000000000000000e-01 2.379583715107915051e-04 2.383162722623028990e-04 1.623496254676372915e-04 1.607508889708446408e-04
2.000000000000000000e+00 1.000000000000000000e+00 5.000000000000000000e-01 2.017840103169355294e-04 2.094753238023298208e-04 9.390704838237660371e-05 9.967389162767949131e-05
2.000000000000000000e+00 2.000000000000000000e+00 5.000000000000000000e-01 3.060314452717118744e-04 3.352002525879373444e-04 1.515905897455611462e-04 1.679986365385491786e-04
2.000000000000000000e+00 4.000000000000000000e+00 5.000000000000000000e-01 2.683329581204251532e-04 2.943302637445436567e-04 1.237902306129141602e-04 1.345508465302558778e-04
2.000000000000000000e+00 8.000000000000000000e+00 5.000000000000000000e-01 3.300733875488289209e-04 3.579276141639780467e-04 1.461268932404861107e-04 1.611082373246632070e-04
2.000000000000000000e+00 1.600000000000000000e+01 5.000000000000000000e-01 4.139505121096259785e-04 4.536319937820247920e-04 1.541132532932756156e-04 1.743152339193133091e-04
2.000000000000000000e+00 3.200000000000000000e+01 5.000000000000000000e-01 3.744431730137549809e-04 4.086830566299398497e-04 1.252999777477273129e-04 1.484792240179068985e-04
2.000000000000000000e+00 6.400000000000000000e+01 5.000000000000000000e-01 4.205428979609852859e-04 4.638634329558388378e-04 1.571523998830150226e-04 1.757055084444088483e-04
2.000000000000000000e+00 1.280000000000000000e+02 5.000000000000000000e-01 4.362128551178743002e-04 4.784042423669261526e-04 1.290130699836025512e-04 1.459974626710358202e-04
3.000000000000000000e+00 6.250000000000000000e-02 5.000000000000000000e-01 3.327840330103211570e-03 8.213754357779028820e-03 1.903654794684072357e-04 9.938009504634151559e-03
3.000000000000000000e+00 1.250000000000000000e-01 5.000000000000000000e-01 1.907806235800438375e-03 7.483528294248885382e-03 1.320843727605038650e-04 1.386679896220552669e-02
3.000000000000000000e+00 2.500000000000000000e-01 5.000000000000000000e-01 9.141395409331211147e-04 1.020164195141512161e-03 1.168120278474325905e-04 3.935616374108631948e-04
3.000000000000000000e+00 5.000000000000000000e-01 5.000000000000000000e-01 1.108515425857354149e-04 1.130085320350497776e-04 3.540120487719322238e-05 3.971623835570843174e-05
3.000000000000000000e+00 1.000000000000000000e+00 5.000000000000000000e-01 4.109960777570013653e-05 4.781305119387009762e-05 1.524554287040196103e-05 1.828526325771160179e-05
3.000000000000000000e+00 2.000000000000000000e+00 5.000000000000000000e-01 4.564975677980713813e-05 5.685821383926013188e-05 1.937975766102004247e-05 2.626963273778047360e-05
3.000000000000000000e+00 4.000000000000000000e+00 5.000000000000000000e-01 6.394423212077929969e-05 8.244191399734755277e-05 2.601060479175707017e-05 3.283510646923948475e-05
3.000000000000000000e+00 8.000000000000000000e+00 5.000000000000000000e-01 8.956679940610866753e-05 1.125683943665993373e-04 3.752144910295885066e-05 4.750913760969868282e-05
3.000000000000000000e+00 1.600000000000000000e+01 5.000000000000000000e-01 9.159628165170512746e-05 1.127313649956819552e-04 3.756167613234228189e-05 4.753055435999319989e-05
3.000000000000000000e+00 3.200000000000000000e+01 5.000000000000000000e-01 1.168149120347867196e-04 1.457510937632175484e-04 3.825341163887584607e-05 4.954144114770219539e-05
3.000000000000000000e+00 6.400000000000000000e+01 5.000000000000000000e-01 1.228179893980493832e-04 1.496004236605797126e-04 4.837940894320820706e-05 5.609360705135811505e-05
3.000000000000000000e+00 1.280000000000000000e+02 5.000000000000000000e-01 1.258043659385082048e-04 1.585615293874067296e-04 5.975437789999287126e-05 7.140426014524946794e-05
4.000000000000000000e+00 6.250000000000000000e-02 5.000000000000000000e-01 3.051144236155119756e-03 1.460293636721669841e-02 2.892928078253213060e-04 1.509229592405286237e-02
4.000000000000000000e+00 1.250000000000000000e-01 5.000000000000000000e-01 1.777868548045840203e-03 1.349965639381186036e-02 1.251865269974649308e-04 2.444482871094588380e-02
4.000000000000000000e+00 2.500000000000000000e-01 5.000000000000000000e-01 8.188871970195686504e-04 8.617196873006013544e-04 1.420174224009846655e-04 2.186831118431608787e-04
4.000000000000000000e+00 5.000000000000000000e-01 5.000000000000000000e-01 7.200184676128403255e-05 7.683373966498425144e-05 2.349280385632524561e-05 2.580718077690194413e-05
4.000000000000000000e+00 1.000000000000000000e+00 5.000000000000000000e-01 2.109947069765185461e-05 2.557575565997288359e-05 6.790941489128543717e-06 8.354497948907552585e-06
4.000000000000000000e+00 2.000000000000000000e+00 5.000000000000000000e-01 2.957303695583198957e-05 4.154257882726426635e-05 1.538388487780541683e-05 2.095322857583302258e-05
4.000000000000000000e+00 4.000000000000000000e+00 5.000000000000000000e-01 3.350489764541365770e-05 4.526725000908184929e-05 1.764793075270559264e-05 2.380878849855917664e-05
4.000000000000000000e+00 8.000000000000000000e+00 5.000000000000000000e-01 4.869581364096340855e-05 6.805283091728895879e-05 1.467341510861266163e-05 2.096012494091944295e-05
4.000000000000000000e+00 1.600000000000000000e+01 5.000000000000000000e-01 4.840515765725874350e-05 6.818096257023243886e-05 1.415078400780122732e-05 1.884015605582196415e-05
4.000000000000000000e+00 3.200000000000000000e+01 5.000000000000000000e-01 5.290055485271403840e-05 7.467933177179098328e-05 1.435243985372420941e-05 1.943249829213822987e-05
4.000000000000000000e+00 6.400000000000000000e+01 5.000000000000000000e-01 6.122197732683137752e-05 8.554320076389635634e-05 2.762586149169645868e-05 3.410184587366162594e-05
4.000000000000000000e+00 1.280000000000000000e+02 5.000000000000000000e-01 6.493672271331031565e-05 9.039104419772316795e-05 1.921997791705385016e-05 2.723207042342403622e-05
5.000000000000000000e+00 6.250000000000000000e-02 5.000000000000000000e-01 2.899729678699378577e-03 2.411416893230965836e-02 1.842126005371241837e-04 3.045885721145553948e-02
5.000000000000000000e+00 1.250000000000000000e-01 5.000000000000000000e-01 1.766824894731438417e-03 4.447712216889897902e-03 6.746165874449842653e-05 3.478700781571912592e-03
5.000000000000000000e+00 2.500000000000000000e-01 5.000000000000000000e-01 8.164352408700822471e-04 1.070934625116183809e-03 7.194643353293758204e-05 5.473437555781850280e-04
5.000000000000000000e+00 5.000000000000000000e-01 5.000000000000000000e-01 6.888527198893305988e-05 8.211296988516602485e-05 2.022806990965323809e-05 2.957192123507571352e-05
5.000000000000000000e+00 1.000000000000000000e+00 5.000000000000000000e-01 1.598152723501735826e-05 2.161642381507377904e-05 4.120389584849808554e-06 5.277220182380376027e-06
5.000000000000000000e+00 2.000000000000000000e+00 5.000000000000000000e-01 1.863817354985314195e-05 2.877513154235605312e-05 1.348979292606140307e-05 2.028384078120108234e-05
5.000000000000000000e+00 4.000000000000000000e+00 5.000000000000000000e-01 2.032468983156667652e-05 3.304312391340980161e-05 1.306895109019772880e-05 2.121853328217795785e-05
5.000000000000000000e+00 8.000000000000000000e+00 5.000000000000000000e-01 2.302674405851915291e-05 3.849195737628714889e-05 8.482520730432638296e-06 1.150276423946088904e-05
5.000000000000000000e+00 1.600000000000000000e+01 5.000000000000000000e-01 2.773138398954410643e-05 4.508224231669867501e-05 1.145032189593194101e-05 1.751517370669721711e-05
5.000000000000000000e+00 3.200000000000000000e+01 5.000000000000000000e-01 3.272978567692237710e-05 5.393183849537550457e-05 1.868833376242544744e-05 3.016221781941214185e-05
5.000000000000000000e+00 6.400000000000000000e+01 5.000000000000000000e-01 3.400757570391591022e-05 5.935208159795546048e-05 1.118905835623595148e-05 2.548446446304200019e-05
5.000000000000000000e+00 1.280000000000000000e+02 5.000000000000000000e-01 3.370413276424325812e-05 5.518289640932997166e-05 1.004155413190442734e-05 1.600254532696656029e-05
