1.000000000000000000e+00 6.250000000000000000e-02 0.000000000000000000e+00 2.606921217579482100e-05 2.652237953213188243e-05 3.224378679108451819e-06 3.111188093179681383e-06
1.000000000000000000e+00 1.250000000000000000e-01 0.000000000000000000e+00 1.618244485017903070e-05 2.358902435415970790e-05 5.918958034582255972e-06 1.848827549185963744e-05
1.000000000000000000e+00 2.500000000000000000e-01 0.000000000000000000e+00 1.073296871075112064e-05 1.203959620866571253e-05 1.159076798284701278e-06 9.200898104288741435e-07
1.000000000000000000e+00 5.000000000000000000e-01 0.000000000000000000e+00 1.006984125458200530e-05 1.134536110360074020e-05 1.308597588957293122e-07 3.128473894553420463e-07
1.000000000000000000e+00 1.000000000000000000e+00 0.000000000000000000e+00 1.003598247542080701e-05 1.119035693590612599e-05 1.287232604657384430e-07 9.630627027342971536e-08
1.000000000000000000e+00 2.000000000000000000e+00 0.000000000000000000e+00 9.901181937852454145e-06 1.122763646987479098e-05 4.103183029784456941e-08 1.125136239125940582e-07
1.000000000000000000e+00 4.000000000000000000e+00 0.000000000000000000e+00 9.850538961672162305e-06 1.122570202473952719e-05 4.235560822217136176e-08 1.025848888004950571e-07
1.000000000000000000e+00 8.000000000000000000e+00 0.000000000000000000e+00 9.864225837115790204e-06 1.120301291097283234e-05 6.147006453277181349e-08 7.330546016862925939e-08
1.000000000000000000e+00 1.600000000000000000e+01 0.000000000000000000e+00 9.856689220138977218e-06 1.121732338141436868e-05 7.571213659922210328e-08 1.076667813360733650e-07
1.000000000000000000e+00 3.200000000000000000e+01 0.000000000000000000e+00 9.834175711072696912e-06 1.119165481941982303e-05 4.772184897845288169e-08 6.356117808801496163e-08
1.000000000000000000e+00 6.400000000000000000e+01 0.000000000000000000e+00 9.829435387423058235e-06 1.122429709803476700e-05 7.028624802270930851e-08 9.134026879951195250e-08
1.000000000000000000e+00 1.280000000000000000e+02 0.000000000000000000e+00 9.844633507267360278e-06 1.125752138675099262e-05 5.549160569715431331e-08 8.807462972120570371e-08
