1.000000000000000000e+00 6.250000000000000000e-02 5.000000000000000000e-01 3.641901482423159052e-03 5.040478911815122684e-03 2.922601204139267921e-04 1.993742807523790194e-03
1.000000000000000000e+00 1.250000000000000000e-01 5.000000000000000000e-01 2.526228207266389969e-03 2.783069762638845732e-03 7.021079229411277033e-04 7.575192114635689953e-04
1.000000000000000000e+00 2.500000000000000000e-01 5.000000000000000000e-01 1.400882477149219870e-03 1.611225045836351842e-03 3.027380326912266118e-04 3.307761170526427714e-04
1.000000000000000000e+00 5.000000000000000000e-01 5.000000000000000000e-01 5.676457984899452563e-04 6.305078964341629972e-04 2.235545363396768484e-04 2.588746949042329808e-04
1.000000000000000000e+00 1.000000000000000000e+00 5.000000000000000000e-01 7.215753186991375173e-04 7.723059262660784182e-04 5.969630453475782824e-04 6.441227057438216833e-04
1.000000000000000000e+00 2.000000000000000000e+00 5.000000000000000000e-01 1.229484310154085446e-03 1.302899128766327836e-03 8.710532299367480238e-04 9.187936710807560661e-04
1.000000000000000000e+00 4.000000000000000000e+00 5.000000000000000000e-01 1.417579294827232914e-03 1.555201140668962569e-03 8.375896116523224525e-04 9.162901379360678927e-04
1.000000000000000000e+00 8.000000000000000000e+00 5.000000000000000000e-01 1.662438281825434974e-03 1.837754250779926159e-03 6.693761592616550345e-04 7.316519625138079600e-04
1.000000000000000000e+00 1.600000000000000000e+01 5.000000000000000000e-01 1.798172911461922872e-03 1.967351717453670688e-03 4.689836828944830057e-04 5.358886314225669995e-04
1.000000000000000000e+00 3.200000000000000000e+01 5.000000000000000000e-01 1.617169287138370921e-03 1.784329446316225377e-03 5.468646186580727831e-04 6.213111122622461992e-04
1.000000000000000000e+00 6.400000000000000000e+01 5.000000000000000000e-01 1.843523594952050856e-03 1.980935949118792314e-03 4.285501522218230185e-04 4.817194717145032606e-04
1.000000000000000000e+00 1.280000000000000000e+02 5.000000000000000000e-01 1.909956439249728150e-03 2.074565395571467512e-03 3.890550081746214830e-04 4.062835534285389578e-04
2.000000000000000000e+00 6.250000000000000000e-02 5.000000000000000000e-01 3.184269804207420698e-03 4.467130273735298897e-03 2.666498514775158700e-04 1.308631182340478207e-03
2.000000000000000000e+00 1.250000000000000000e-01 5.000000000000000000e-01 1.933205984414900196e-03 2.760590105022457143e-03 2.753738395687652389e-04 1.442243527705108731e-03
2.000000000000000000e+00 2.500000000000000000e-01 5.000000000000000000e-01 1.042087104387622596e-03 1.260372706720781994e-03 1.769921182726558043e-04 1.875160263925911410e-04
2.000000000000000000e+00 5.000000000000000000e-01 5.000000000000000000e-01 2.237848755652038465e-04 2.677089564371571404e-04 1.422996905712052280e-04 1.814744399886960213e-04
2.000000000000000000e+00 1.000000000000000000e+00 5.000000000000000000e-01 2.119841653893582368e-04 2.348367995472836183e-04 1.089869691102700360e-04 1.143519497787796348e-04
2.000000000000000000e+00 2.000000000000000000e+00 5.000000000000000000e-01 2.921318285207994379e-04 3.431904472546944878e-04 1.168236813599629332e-04 1.351919425494653437e-04
2.000000000000000000e+00 4.000000000000000000e+00 5.000000000000000000e-01 2.469146858081697898e-04 2.901410950358689306e-04 1.090597738731141506e-04 1.248001643012999935e-04
2.000000000000000000e+00 8.000000000000000000e+00 5.000000000000000000e-01 2.741393889977996419e-04 3.190666650099651834e-04 9.657192516563767011e-05 1.006376062462114543e-04
2.000000000000000000e+00 1.600000000000000000e+01 5.000000000000000000e-01 3.162441636604141357e-04 3.670487727132732770e-04 9.979688130527195620e-05 1.155191505045249429e-04
2.000000000000000000e+00 3.200000000000000000e+01 5.000000000000000000e-01 3.386716192652769941e-04 4.217071338115592244e-04 1.051921845348633203e-04 1.347022131679485965e-04
2.000000000000000000e+00 6.400000000000000000e+01 5.000000000000000000e-01 3.346214607461058259e-04 4.089134714156510966e-04 6.816342337825213903e-05 8.961731027197619498e-05
2.000000000000000000e+00 1.280000000000000000e+02 5.000000000000000000e-01 3.431935777551628768e-04 4.156096788361670724e-04 4.239210854305259439e-05 5.802127484612670517e-05
3.000000000000000000e+00 6.250000000000000000e-02 5.000000000000000000e-01 3.155227835806246293e-03 2.646767331404095008e-02 2.335349992229891584e-04 6.484075036827607885e-02
3.000000000000000000e+00 1.250000000000000000e-01 5.000000000000000000e-01 1.717791935516911530e-03 3.029177389992194873e-03 1.497879029448463011e-04 1.723526336393973405e-03
3.000000000000000000e+00 2.500000000000000000e-01 5.000000000000000000e-01 8.498766376628570391e-04 1.114222031990523944e-03 1.064511474717630196e-04 2.631183889869969207e-04
3.000000000000000000e+00 5.000000000000000000e-01 5.000000000000000000e-01 1.013553859800354304e-04 1.228891659980912174e-04 3.531309023888785345e-05 4.436593001766991732e-05
3.000000000000000000e+00 1.000000000000000000e+00 5.000000000000000000e-01 4.835812207097258628e-05 5.866679244725537520e-05 2.367867659163944749e-05 2.650132951688235653e-05
3.000000000000000000e+00 2.000000000000000000e+00 5.000000000000000000e-01 4.815023894917552127e-05 6.181297190192846808e-05 2.175902553008663329e-05 2.740789218346558850e-05
3.000000000000000000e+00 4.000000000000000000e+00 5.000000000000000000e-01 6.627843361291443230e-05 8.867754409485200946e-05 3.240538214588971295e-05 4.336348142075822991e-05
3.000000000000000000e+00 8.000000000000000000e+00 5.000000000000000000e-01 8.916620585670661972e-05 1.216348006049307068e-04 3.926567205212655248e-05 5.416861735088481623e-05
3.000000000000000000e+00 1.600000000000000000e+01 5.000000000000000000e-01 9.162873098646615218e-05 1.285460005295617448e-04 3.898213878369551446e-05 5.480971366914546444e-05
3.000000000000000000e+00 3.200000000000000000e+01 5.000000000000000000e-01 1.217796825364945545e-04 1.627884649330272183e-04 5.162364754746710783e-05 6.365449209915754938e-05
3.000000000000000000e+00 6.400000000000000000e+01 5.000000000000000000e-01 1.235372579126554318e-04 1.607134154709131707e-04 4.177535161243267723e-05 5.246392919469430096e-05
3.000000000000000000e+00 1.280000000000000000e+02 5.000000000000000000e-01 1.310541028158221496e-04 1.775227441582797824e-04 5.506859070140035940e-05 7.233987478162951228e-05
4.000000000000000000e+00 6.250000000000000000e-02 5.000000000000000000e-01 2.816762993642095252e-03 4.496930612813639094e-02 2.543198807423736473e-04 7.825701888428496233e-02
4.000000000000000000e+00 1.250000000000000000e-01 5.000000000000000000e-01 1.622667059986245301e-03 2.623052662331686741e-02 1.030594439005088703e-04 6.278526314807102160e-02
4.000000000000000000e+00 2.500000000000000000e-01 5.000000000000000000e-01 7.708834956262078115e-04 9.865925615558926096e-04 1.325486074064385336e-04 1.790369318479586170e-04
4.000000000000000000e+00 5.000000000000000000e-01 5.000000000000000000e-01 6.134827384667071828e-05 8.275723932272971840e-05 1.911266802096336066e-05 2.792702302283242533e-05
4.000000000000000000e+00 1.000000000000000000e+00 5.000000000000000000e-01 2.152617968152175718e-05 2.846501060411884648e-05 6.169133545340348818e-06 8.642559298527619795e-06
4.000000000000000000e+00 2.000000000000000000e+00 5.000000000000000000e-01 2.725739673796569171e-05 3.988888604641102761e-05 1.488630741109925954e-05 2.062346735064665579e-05
4.000000000000000000e+00 4.000000000000000000e+00 5.000000000000000000e-01 3.689095474478612009e-05 5.446197021618235691e-05 2.028397615203040170e-05 2.841812620814966232e-05
4.000000000000000000e+00 8.000000000000000000e+00 5.000000000000000000e-01 5.276013527773976456e-05 7.844636242918283028e-05 1.928266453202125770e-05 2.982786445204588940e-05
4.000000000000000000e+00 1.600000000000000000e+01 5.000000000000000000e-01 5.109187392869156240e-05 7.434274394121833524e-05 1.653539540477860450e-05 2.170293257509468249e-05
4.000000000000000000e+00 3.200000000000000000e+01 5.000000000000000000e-01 5.634789303564922188e-05 8.513419966148043881e-05 1.227518958139136736e-05 1.768889143908531329e-05
4.000000000000000000e+00 6.400000000000000000e+01 5.000000000000000000e-01 6.003689172789476454e-05 9.236334176106108444e-05 1.552585640126089928e-05 2.499412142850149891e-05
4.000000000000000000e+00 1.280000000000000000e+02 5.000000000000000000e-01 6.406237244301114884e-05 9.696070775987844829e-05 2.049918391692318953e-05 2.923001987956275460e-05
5.000000000000000000e+00 6.250000000000000000e-02 5.000000000000000000e-01 2.769813608985513369e-03 5.988571326485099544e-02 1.256585584381226845e-04 1.015205303575357210e-01
5.000000000000000000e+00 1.250000000000000000e-01 5.000000000000000000e-01 1.590822580286671561e-03 3.223153882314919345e-03 4.976037807629845645e-05 1.301151164879518199e-03
5.000000000000000000e+00 2.500000000000000000e-01 5.000000000000000000e-01 7.730537774768141569e-04 1.230526449416618302e-03 7.874076367480645179e-05 5.099450612228103880e-04
5.000000000000000000e+00 5.000000000000000000e-01 5.000000000000000000e-01 5.708944305239564232e-05 8.279895129046838434e-05 1.763757176011177739e-05 2.710770270829660104e-05
5.000000000000000000e+00 1.000000000000000000e+00 5.000000000000000000e-01 1.671949890029924022e-05 2.442255468503052665e-05 5.657324332120258127e-06 8.842610689483256826e-06
5.000000000000000000e+00 2.000000000000000000e+00 5.000000000000000000e-01 1.803330206933534668e-05 3.021339910589148343e-05 1.185380821589345518e-05 2.064765895384945734e-05
5.000000000000000000e+00 4.000000000000000000e+00 5.000000000000000000e-01 1.905848943022924071e-05 3.294489411741835722e-05 1.122248378471970967e-05 2.049813527663217705e-05
5.000000000000000000e+00 8.000000000000000000e+00 5.000000000000000000e-01 2.578062245253918543e-05 4.327364523971749500e-05 1.055106675070378650e-05 1.722518024943760399e-05
5.000000000000000000e+00 1.600000000000000000e+01 5.000000000000000000e-01 2.955963128667973638e-05 5.081932217992782622e-05 1.421398982363164583e-05 2.412715465801092721e-05
5.000000000000000000e+00 3.200000000000000000e+01 5.000000000000000000e-01 3.205171664566996688e-05 5.609331832595354809e-05 1.357338495095065829e-05 2.317613185688769588e-05
5.000000000000000000e+00 6.400000000000000000e+01 5.000000000000000000e-01 3.588934317239327477e-05 6.095978200356284024e-05 1.447473195604846973e-05 2.147404679230267965e-05
5.000000000000000000e+00 1.280000000000000000e+02 5.000000000000000000e-01 3.370265023581279508e-05 5.739212724552942294e-05 1.135137394231571288e-05 2.212560509330416966e-05
