1.000000000000000000e+00 6.250000000000000000e-02 0.000000000000000000e+00 3.705283307986890953e-03 4.657314032247298653e-03 2.421065333486045008e-04 1.903001358732514265e-03
1.000000000000000000e+00 1.250000000000000000e-01 0.000000000000000000e+00 2.595027812817697448e-03 2.980253414464181273e-03 7.425825083579654096e-04 1.052779350744477730e-03
1.000000000000000000e+00 2.500000000000000000e-01 0.000000000000000000e+00 1.425762744804797821e-03 1.539610902027603503e-03 3.043900911803332264e-04 3.690469222832445028e-04
1.000000000000000000e+00 5.000000000000000000e-01 0.000000000000000000e+00 5.642525318147462166e-04 6.155949412679859872e-04 2.362854913614203611e-04 2.347651914984298584e-04
1.000000000000000000e+00 1.000000000000000000e+00 0.000000000000000000e+00 7.235153370406935186e-04 8.099404706743612353e-04 6.285705782661938886e-04 6.915757681634823045e-04
1.000000000000000000e+00 2.000000000000000000e+00 0.000000000000000000e+00 1.236914802661655656e-03 1.401997116580982377e-03 8.779849492703146454e-04 9.864430116046675728e-04
1.000000000000000000e+00 4.000000000000000000e+00 0.000000000000000000e+00 1.396685989220911505e-03 1.635351366857036668e-03 8.352159166796162661e-04 9.456525508300958963e-04
1.000000000000000000e+00 8.000000000000000000e+00 0.000000000000000000e+00 1.644949117911149745e-03 1.902789482100828659e-03 6.823065713288438633e-04 7.725713773099866398e-04
1.000000000000000000e+00 1.600000000000000000e+01 0.000000000000000000e+00 1.772890703201693329e-03 1.994505320453206654e-03 5.166960769601757278e-04 5.565057675756075652e-04
1.000000000000000000e+00 3.200000000000000000e+01 0.000000000000000000e+00 1.584149963983578699e-03 1.847189223378617202e-03 5.585756815644014450e-04 6.447457096800218420e-04
1.000000000000000000e+00 6.400000000000000000e+01 0.000000000000000000e+00 1.855844562942624097e-03 2.094303555108455346e-03 4.613436181414865282e-04 5.153255382559589724e-04
1.000000000000000000e+00 1.280000000000000000e+02 0.000000000000000000e+00 1.905085145027494943e-03 2.165402981368370981e-03 4.025425164972791189e-04 4.557885558804884978e-04
2.000000000000000000e+00 6.250000000000000000e-02 9.000000000000000222e-01 3.597866616404090008e-03 6.399579792767101823e-03 2.640819108544499106e-04 4.794593282533564892e-03
2.000000000000000000e+00 1.250000000000000000e-01 9.000000000000000222e-01 2.071857036220146973e-03 3.508676180329293234e-03 3.108360306605345937e-04 2.521443064679160847e-03
2.000000000000000000e+00 2.500000000000000000e-01 9.000000000000000222e-01 1.078391138249727363e-03 1.151399395708418722e-03 1.642028373312616300e-04 1.863932508869110480e-04
2.000000000000000000e+00 5.000000000000000000e-01 9.000000000000000222e-01 2.401817111706293676e-04 2.549264373837571338e-04 1.421527131025718011e-04 1.484926744447776826e-04
2.000000000000000000e+00 1.000000000000000000e+00 9.000000000000000222e-01 9.413946894950412140e-05 1.070285357535698099e-04 4.156590285121761533e-05 4.067269867948218896e-05
2.000000000000000000e+00 2.000000000000000000e+00 9.000000000000000222e-01 5.257396205054719036e-05 6.166726956084610169e-05 1.148170344819522958e-05 1.153232735419562270e-05
2.000000000000000000e+00 4.000000000000000000e+00 9.000000000000000222e-01 3.685196633593647802e-05 4.361269835617880231e-05 1.026429360300651444e-05 1.179945934155265857e-05
2.000000000000000000e+00 8.000000000000000000e+00 9.000000000000000222e-01 4.557987147625021851e-05 5.356745748421951064e-05 1.768480043655250091e-05 1.866174062314017809e-05
2.000000000000000000e+00 1.600000000000000000e+01 9.000000000000000222e-01 5.373889373995643150e-05 6.365441960830387044e-05 2.136513306283105079e-05 2.800330260160389939e-05
2.000000000000000000e+00 3.200000000000000000e+01 9.000000000000000222e-01 4.692862349542463723e-05 5.716172911303834040e-05 1.349772207576443886e-05 1.753263813186039320e-05
2.000000000000000000e+00 6.400000000000000000e+01 9.000000000000000222e-01 5.334956387168797611e-05 6.541221712447042446e-05 2.143031630735355960e-05 2.361897944437110368e-05
2.000000000000000000e+00 1.280000000000000000e+02 9.000000000000000222e-01 5.624911605587297692e-05 6.675162617379389908e-05 2.453455270939423622e-05 2.802075019704135548e-05
3.000000000000000000e+00 6.250000000000000000e-02 9.000000000000000222e-01 3.560286034729878007e-03 6.886607361314178548e-03 1.237055958718916192e-04 5.038179740414663876e-03
3.000000000000000000e+00 1.250000000000000000e-01 9.000000000000000222e-01 1.889551407400758042e-03 1.445968427372212005e-02 1.897455526690096036e-04 2.667416793707024988e-02
3.000000000000000000e+00 2.500000000000000000e-01 9.000000000000000222e-01 8.610859054689022629e-04 9.985580587031678453e-04 1.041793700877599507e-04 2.650990083535812586e-04
3.000000000000000000e+00 5.000000000000000000e-01 9.000000000000000222e-01 1.308715211638178453e-04 1.463018548422545669e-04 5.975534470801594904e-05 6.261050889450949788e-05
3.000000000000000000e+00 1.000000000000000000e+00 9.000000000000000222e-01 2.644995567302294660e-05 3.186531359753413787e-05 1.537008501939025730e-05 1.758130799167889309e-05
3.000000000000000000e+00 2.000000000000000000e+00 9.000000000000000222e-01 1.077022121457598146e-05 1.355967793858135108e-05 3.242883216308182354e-06 4.368455169523753593e-06
3.000000000000000000e+00 4.000000000000000000e+00 9.000000000000000222e-01 7.527806699636032808e-06 1.037386156681873149e-05 1.679689256830234777e-06 2.606518034078351750e-06
3.000000000000000000e+00 8.000000000000000000e+00 9.000000000000000222e-01 8.827381755794480863e-06 1.210980948257506672e-05 1.840136015674641899e-06 2.649708102258327868e-06
3.000000000000000000e+00 1.600000000000000000e+01 9.000000000000000222e-01 1.122334325555835191e-05 1.529218883709211732e-05 4.224808813658184701e-06 5.571271083769687566e-06
3.000000000000000000e+00 3.200000000000000000e+01 9.000000000000000222e-01 1.139805195909138902e-05 1.581932990708394992e-05 4.632584680140347249e-06 6.960035265852991594e-06
3.000000000000000000e+00 6.400000000000000000e+01 9.000000000000000222e-01 1.147393896064543681e-05 1.619107769322020586e-05 5.105687843769905659e-06 6.948032339772207652e-06
3.000000000000000000e+00 1.280000000000000000e+02 9.000000000000000222e-01 1.067005530747097605e-05 1.527792136219761286e-05 4.162017163037848636e-06 5.749023232966691521e-06
4.000000000000000000e+00 6.250000000000000000e-02 9.000000000000000222e-01 3.220985419454205738e-03 3.618327810427272861e-02 2.358026018460696613e-04 5.263360397476280622e-02
4.000000000000000000e+00 1.250000000000000000e-01 9.000000000000000222e-01 1.727035175706413640e-03 1.321251606244918872e-02 1.674756863723198658e-04 1.775945897618981528e-02
4.000000000000000000e+00 2.500000000000000000e-01 9.000000000000000222e-01 7.179344379353894915e-04 8.688285137426017199e-04 1.303967745704291616e-04 2.888729340348298626e-04
4.000000000000000000e+00 5.000000000000000000e-01 9.000000000000000222e-01 7.631688260206357028e-05 9.144807112271222127e-05 2.947353071509194002e-05 3.449777029438881300e-05
4.000000000000000000e+00 1.000000000000000000e+00 9.000000000000000222e-01 9.456476186212091776e-06 1.291885611360510809e-05 4.421964481849083172e-06 5.797115510060563369e-06
4.000000000000000000e+00 2.000000000000000000e+00 9.000000000000000222e-01 5.087297128222769815e-06 7.648991180365453778e-06 1.747513608299760322e-06 2.967424167768534440e-06
4.000000000000000000e+00 4.000000000000000000e+00 9.000000000000000222e-01 3.645133063048810933e-06 5.769391082491225563e-06 9.932546901190911876e-07 1.822132112775254856e-06
4.000000000000000000e+00 8.000000000000000000e+00 9.000000000000000222e-01 4.142448086770999542e-06 6.631775660847564020e-06 7.855925102388460146e-07 1.149670307465163548e-06
4.000000000000000000e+00 1.600000000000000000e+01 9.000000000000000222e-01 3.780455543682898970e-06 6.053600712028214653e-06 7.689647691097600775e-07 1.127359624118915237e-06
4.000000000000000000e+00 3.200000000000000000e+01 9.000000000000000222e-01 4.122431660701728451e-06 6.822142986597100789e-06 1.520256006748679663e-06 2.368118262342305285e-06
4.000000000000000000e+00 6.400000000000000000e+01 9.000000000000000222e-01 3.947183998717441839e-06 6.286605780787076866e-06 8.049065388524255964e-07 1.388754368751432158e-06
4.000000000000000000e+00 1.280000000000000000e+02 9.000000000000000222e-01 4.567474739146042722e-06 7.513672236824026082e-06 1.180723644403520551e-06 2.349024196153514532e-06
5.000000000000000000e+00 6.250000000000000000e-02 9.000000000000000222e-01 3.108381817422637729e-03 3.946398430131621560e-02 2.637066342142215035e-04 7.560315683833435108e-02
5.000000000000000000e+00 1.250000000000000000e-01 9.000000000000000222e-01 1.661694975261103447e-03 9.279720676736562604e-03 6.112008623650300285e-05 1.067427482653477040e-02
5.000000000000000000e+00 2.500000000000000000e-01 9.000000000000000222e-01 7.024196670256956619e-04 1.363570097231147759e-03 7.328474872249211196e-05 1.035807167879077310e-03
5.000000000000000000e+00 5.000000000000000000e-01 9.000000000000000222e-01 6.989542833370787915e-05 9.041272057456292319e-05 2.078863961823306772e-05 2.781627075240004579e-05
5.000000000000000000e+00 1.000000000000000000e+00 9.000000000000000222e-01 6.614960766959607399e-06 9.741143172297871960e-06 2.083321415647385899e-06 2.997322707357573239e-06
5.000000000000000000e+00 2.000000000000000000e+00 9.000000000000000222e-01 3.153959706712175931e-06 5.084459305507397573e-06 1.829233733119317155e-06 2.858898187584956875e-06
5.000000000000000000e+00 4.000000000000000000e+00 9.000000000000000222e-01 2.100706957274931855e-06 3.916307581554873880e-06 6.351754918487998606e-07 1.178521494211155216e-06
5.000000000000000000e+00 8.000000000000000000e+00 9.000000000000000222e-01 2.076874470472045007e-06 3.852963489725923551e-06 4.172412083919999499e-07 8.999497597333273845e-07
5.000000000000000000e+00 1.600000000000000000e+01 9.000000000000000222e-01 1.963053694155403280e-06 3.746227574288595656e-06 4.610633673426858253e-07 1.023660120257831966e-06
5.000000000000000000e+00 3.200000000000000000e+01 9.000000000000000222e-01 2.481482574977030035e-06 4.607969909721094159e-06 1.213350740238423820e-06 2.349883536164568904e-06
5.000000000000000000e+00 6.400000000000000000e+01 9.000000000000000222e-01 2.315264388877124722e-06 4.390809731243096125e-06 4.981500660005436612e-07 1.087719297685878781e-06
5.000000000000000000e+00 1.280000000000000000e+02 9.000000000000000222e-01 2.344362737267291608e-06 4.575717766953725584e-06 4.238271801551622929e-07 8.127046997333428786e-07
