1.000000000000000000e+00 6.250000000000000000e-02 0.000000000000000000e+00 2.606921217579482100e-05 2.652237953213188243e-05 3.224378679108451819e-06 3.111188093179681383e-06
1.000000000000000000e+00 1.250000000000000000e-01 0.000000000000000000e+00 1.618244485017903070e-05 2.358902435415970790e-05 5.918958034582255972e-06 1.848827549185963744e-05
1.000000000000000000e+00 2.500000000000000000e-01 0.000000000000000000e+00 1.073296871075112064e-05 1.203959620866571253e-05 1.159076798284701278e-06 9.200898104288741435e-07
1.000000000000000000e+00 5.000000000000000000e-01 0.000000000000000000e+00 1.006984125458200530e-05 1.134536110360074020e-05 1.308597588957293122e-07 3.128473894553420463e-07
1.000000000000000000e+00 1.000000000000000000e+00 0.000000000000000000e+00 1.003598247542080701e-05 1.119035693590612599e-05 1.287232604657384430e-07 9.630627027342971536e-08
1.000000000000000000e+00 2.000000000000000000e+00 0.000000000000000000e+00 9.901181937852454145e-06 1.122763646987479098e-05 4.103183029784456941e-08 1.125136239125940582e-07
1.000000000000000000e+00 4.000000000000000000e+00 0.000000000000000000e+00 9.850538961672162305e-06 1.122570202473952719e-05 4.235560822217136176e-08 1.025848888004950571e-07
1.000000000000000000e+00 8.000000000000000000e+00 0.000000000000000000e+00 9.864225837115790204e-06 1.120301291097283234e-05 6.147006453277181349e-08 7.330546016862925939e-08
1.000000000000000000e+00 1.600000000000000000e+01 0.000000000000000000e+00 9.856689220138977218e-06 1.121732338141436868e-05 7.571213659922210328e-08 1.076667813360733650e-07
1.000000000000000000e+00 3.200000000000000000e+01 0.000000000000000000e+00 9.834175711072696912e-06 1.119165481941982303e-05 4.772184897845288169e-08 6.356117808801496163e-08
1.000000000000000000e+00 6.400000000000000000e+01 0.000000000000000000e+00 9.829435387423058235e-06 1.122429709803476700e-05 7.028624802270930851e-08 9.134026879951195250e-08
1.000000000000000000e+00 1.280000000000000000e+02 0.000000000000000000e+00 9.844633507267360278e-06 1.125752138675099262e-05 5.549160569715431331e-08 8.807462972120570371e-08
2.000000000000000000e+00 6.250000000000000000e-02 0.000000000000000000e+00 2.091260327301521421e-05 3.652123473725145142e-05 3.406053670969017717e-06 1.169644539252057868e-05
2.000000000000000000e+00 1.250000000000000000e-01 0.000000000000000000e+00 1.134941269999481026e-05 2.625815709071983189e-05 8.667308764457043768e-07 2.081849555227366426e-05
2.000000000000000000e+00 2.500000000000000000e-01 0.000000000000000000e+00 1.058428670297514993e-05 1.206898781521783775e-05 8.430057380960874978e-08 3.991961380756086434e-07
2.000000000000000000e+00 5.000000000000000000e-01 0.000000000000000000e+00 1.050958657060074321e-05 1.191631580260855515e-05 1.258473909147468923e-07 1.993371846730187758e-07
2.000000000000000000e+00 1.000000000000000000e+00 0.000000000000000000e+00 1.029496577972849848e-05 1.204873102001435194e-05 1.246893137421064063e-07 2.001166621335437531e-07
2.000000000000000000e+00 2.000000000000000000e+00 0.000000000000000000e+00 1.001476540309185838e-05 1.233058879940847642e-05 1.040315038112613150e-07 1.966503485917181016e-07
2.000000000000000000e+00 4.000000000000000000e+00 0.000000000000000000e+00 1.002439079882112896e-05 1.235622417274029195e-05 8.331790923334770982e-08 1.936798243473269135e-07
2.000000000000000000e+00 8.000000000000000000e+00 0.000000000000000000e+00 9.966957043289299611e-06 1.242315805271987784e-05 1.040546129453443256e-07 2.147794357600692757e-07
2.000000000000000000e+00 1.600000000000000000e+01 0.000000000000000000e+00 1.002119699362475231e-05 1.237414340737066527e-05 7.608103296726085846e-08 2.024758405199516458e-07
2.000000000000000000e+00 3.200000000000000000e+01 0.000000000000000000e+00 9.962941080694038344e-06 1.244761205577553601e-05 1.219758932397853018e-07 2.799873526086169267e-07
2.000000000000000000e+00 6.400000000000000000e+01 0.000000000000000000e+00 9.972292266437321321e-06 1.236686539737270113e-05 8.740384137977246154e-08 1.750927185849686836e-07
2.000000000000000000e+00 1.280000000000000000e+02 0.000000000000000000e+00 9.932411888437332327e-06 1.254952244661924734e-05 6.612057537257482076e-08 2.223858915898821539e-07
3.000000000000000000e+00 6.250000000000000000e-02 0.000000000000000000e+00 1.990455879870080437e-05 1.545540330631646714e-04 2.648353826942817474e-06 2.797031318654877286e-04
3.000000000000000000e+00 1.250000000000000000e-01 0.000000000000000000e+00 1.079317271524429921e-05 2.364403373641224638e-05 7.075628239780290683e-07 2.481286310541985004e-05
3.000000000000000000e+00 2.500000000000000000e-01 0.000000000000000000e+00 1.035424928779426922e-05 1.239807644343800426e-05 4.259981151596343647e-08 2.689020841359523565e-07
3.000000000000000000e+00 5.000000000000000000e-01 0.000000000000000000e+00 1.031076672237257233e-05 1.222701624290212761e-05 1.833729502875499120e-07 2.179172349949333771e-07
3.000000000000000000e+00 1.000000000000000000e+00 0.000000000000000000e+00 9.943593575231727947e-06 1.252200517338534213e-05 8.124008089807777703e-08 1.734009915089382897e-07
3.000000000000000000e+00 2.000000000000000000e+00 0.000000000000000000e+00 9.539416060004699246e-06 1.322390833859343393e-05 1.706050889299179398e-07 3.304493736091653960e-07
3.000000000000000000e+00 4.000000000000000000e+00 0.000000000000000000e+00 9.457198282211760112e-06 1.317232460062759165e-05 7.153209462288249112e-08 2.346519163472217962e-07
3.000000000000000000e+00 8.000000000000000000e+00 0.000000000000000000e+00 9.431607754805623631e-06 1.303896982027351648e-05 9.133292399041444933e-08 2.421883597930214710e-07
3.000000000000000000e+00 1.600000000000000000e+01 0.000000000000000000e+00 9.384933253904008570e-06 1.320527490009752104e-05 1.319917756167999816e-07 4.130587665277166053e-07
3.000000000000000000e+00 3.200000000000000000e+01 0.000000000000000000e+00 9.448020954708213982e-06 1.314841743185349114e-05 7.304529656454162772e-08 3.586135700517109242e-07
3.000000000000000000e+00 6.400000000000000000e+01 0.000000000000000000e+00 9.389702743915045844e-06 1.328170348197744771e-05 9.846165731947974289e-08 3.282960479425496255e-07
3.000000000000000000e+00 1.280000000000000000e+02 0.000000000000000000e+00 9.324023661132710761e-06 1.340319496302789650e-05 8.709693953771416303e-08 2.373035495762144618e-07
4.000000000000000000e+00 6.250000000000000000e-02 0.000000000000000000e+00 1.662368879008270934e-05 1.846006644430902438e-04 3.545691499778808645e-06 2.376809493225378581e-04
4.000000000000000000e+00 1.250000000000000000e-01 0.000000000000000000e+00 1.005529275213747267e-05 8.631800462315219872e-05 1.541571964718807230e-07 1.441050484489714008e-04
4.000000000000000000e+00 2.500000000000000000e-01 0.000000000000000000e+00 1.002270244215942341e-05 1.295525031581337921e-05 1.155718853385907440e-07 5.589890399950919897e-07
4.000000000000000000e+00 5.000000000000000000e-01 0.000000000000000000e+00 9.899421829298684063e-06 1.262822005186751384e-05 1.094598812536309207e-07 1.745795479084080448e-07
4.000000000000000000e+00 1.000000000000000000e+00 0.000000000000000000e+00 9.528709876236785272e-06 1.320023584697234561e-05 2.516474902386582106e-07 2.051979518696801100e-07
4.000000000000000000e+00 2.000000000000000000e+00 0.000000000000000000e+00 9.025729254290656249e-06 1.391562738420759722e-05 7.211450739756047830e-08 4.036533614733363649e-07
4.000000000000000000e+00 4.000000000000000000e+00 0.000000000000000000e+00 8.910532766135061228e-06 1.388294156970047678e-05 1.201945235167547259e-07 2.753201776861142234e-07
4.000000000000000000e+00 8.000000000000000000e+00 0.000000000000000000e+00 8.962075105108648846e-06 1.398052835593666752e-05 1.049922015224197258e-07 3.700762181572504305e-07
4.000000000000000000e+00 1.600000000000000000e+01 0.000000000000000000e+00 8.897290766171732639e-06 1.391165776653643829e-05 1.380210472029127783e-07 2.794040272781792489e-07
4.000000000000000000e+00 3.200000000000000000e+01 0.000000000000000000e+00 8.893061606869551625e-06 1.386723023128408305e-05 1.202119531263787513e-07 3.272929390687992271e-07
4.000000000000000000e+00 6.400000000000000000e+01 0.000000000000000000e+00 8.950463427537744480e-06 1.398900555199881166e-05 1.160123761389871292e-07 1.694523739061055849e-07
4.000000000000000000e+00 1.280000000000000000e+02 0.000000000000000000e+00 8.888052906864001270e-06 1.391069960790205072e-05 1.031405139011854350e-07 3.189403883145485971e-07
5.000000000000000000e+00 6.250000000000000000e-02 0.000000000000000000e+00 1.584551565498121015e-05 1.918858792094610779e-04 2.093049106281451000e-06 2.630208778359360345e-04
5.000000000000000000e+00 1.250000000000000000e-01 0.000000000000000000e+00 9.714070177309979765e-06 9.227157687688341864e-05 1.645016678454975769e-07 9.667966977614611231e-05
5.000000000000000000e+00 2.500000000000000000e-01 0.000000000000000000e+00 9.761651624664897066e-06 3.276094749405063027e-05 1.032774784539870867e-07 4.102798097619704830e-05
5.000000000000000000e+00 5.000000000000000000e-01 0.000000000000000000e+00 9.633129384100044766e-06 1.296921014912166499e-05 9.767059951581074804e-08 2.058857590831349808e-07
5.000000000000000000e+00 1.000000000000000000e+00 0.000000000000000000e+00 9.072180040607304575e-06 1.367949481923318056e-05 7.332042543365662656e-08 1.953737837979086561e-07
5.000000000000000000e+00 2.000000000000000000e+00 0.000000000000000000e+00 8.482258688123495014e-06 1.469374614438906523e-05 1.400096604389711243e-07 3.298178341018459205e-07
5.000000000000000000e+00 4.000000000000000000e+00 0.000000000000000000e+00 8.437409180204414192e-06 1.485330772310955006e-05 9.151988021479538237e-08 4.571462187434585851e-07
5.000000000000000000e+00 8.000000000000000000e+00 0.000000000000000000e+00 8.394859152941261054e-06 1.493390976275351872e-05 9.547819200632360193e-08 2.712842539091141629e-07
5.000000000000000000e+00 1.600000000000000000e+01 0.000000000000000000e+00 8.310027945629758087e-06 1.496224451895742971e-05 1.547100534093277129e-07 4.172179949690465632e-07
5.000000000000000000e+00 3.200000000000000000e+01 0.000000000000000000e+00 8.308922705526047129e-06 1.505737739089223017e-05 9.548615429776632125e-08 5.098786298029360547e-07
5.000000000000000000e+00 6.400000000000000000e+01 0.000000000000000000e+00 8.340050871332106553e-06 1.500770197083310567e-05 1.147155010579670003e-07 2.973097023095952383e-07
5.000000000000000000e+00 1.280000000000000000e+02 0.000000000000000000e+00 8.270210645055226973e-06 1.485006691459029172e-05 8.611754573213190340e-08 4.136679707858184246e-07
