1.000000000000000000e+00 6.250000000000000000e-02 0.000000000000000000e+00 3.705283307986890953e-03 4.657314032247298653e-03 2.421065333486045008e-04 1.903001358732514265e-03
1.000000000000000000e+00 1.250000000000000000e-01 0.000000000000000000e+00 2.595027812817697448e-03 2.980253414464181273e-03 7.425825083579654096e-04 1.052779350744477730e-03
1.000000000000000000e+00 2.500000000000000000e-01 0.000000000000000000e+00 1.425762744804797821e-03 1.539610902027603503e-03 3.043900911803332264e-04 3.690469222832445028e-04
1.000000000000000000e+00 5.000000000000000000e-01 0.000000000000000000e+00 5.642525318147462166e-04 6.155949412679859872e-04 2.362854913614203611e-04 2.347651914984298584e-04
1.000000000000000000e+00 1.000000000000000000e+00 0.000000000000000000e+00 7.235153370406935186e-04 8.099404706743612353e-04 6.285705782661938886e-04 6.915757681634823045e-04
1.000000000000000000e+00 2.000000000000000000e+00 0.000000000000000000e+00 1.236914802661655656e-03 1.401997116580982377e-03 8.779849492703146454e-04 9.864430116046675728e-04
1.000000000000000000e+00 4.000000000000000000e+00 0.000000000000000000e+00 1.396685989220911505e-03 1.635351366857036668e-03 8.352159166796162661e-04 9.456525508300958963e-04
1.000000000000000000e+00 8.000000000000000000e+00 0.000000000000000000e+00 1.644949117911149745e-03 1.902789482100828659e-03 6.823065713288438633e-04 7.725713773099866398e-04
1.000000000000000000e+00 1.600000000000000000e+01 0.000000000000000000e+00 1.772890703201693329e-03 1.994505320453206654e-03 5.166960769601757278e-04 5.565057675756075652e-04
1.000000000000000000e+00 3.200000000000000000e+01 0.000000000000000000e+00 1.584149963983578699e-03 1.847189223378617202e-03 5.585756815644014450e-04 6.447457096800218420e-04
1.000000000000000000e+00 6.400000000000000000e+01 0.000000000000000000e+00 1.855844562942624097e-03 2.094303555108455346e-03 4.613436181414865282e-04 5.153255382559589724e-04
1.000000000000000000e+00 1.280000000000000000e+02 0.000000000000000000e+00 1.905085145027494943e-03 2.165402981368370981e-03 4.025425164972791189e-04 4.557885558804884978e-04
2.000000000000000000e+00 6.250000000000000000e-02 0.000000000000000000e+00 3.177596545690239502e-03 4.161559912693113365e-03 2.683435855526648838e-04 1.961405536982717239e-03
2.000000000000000000e+00 1.250000000000000000e-01 0.000000000000000000e+00 2.070048240975028240e-03 2.736621245990699444e-03 2.752046277065488245e-04 1.881766772097715184e-03
2.000000000000000000e+00 2.500000000000000000e-01 0.000000000000000000e+00 1.092582801786885511e-03 1.162127309650417498e-03 1.977566846847822002e-04 2.331686764056824560e-04
2.000000000000000000e+00 5.000000000000000000e-01 0.000000000000000000e+00 2.595779735984482116e-04 2.923649080912342968e-04 1.762200772910239670e-04 1.915826973271088807e-04
2.000000000000000000e+00 1.000000000000000000e+00 0.000000000000000000e+00 4.792754037060725130e-04 5.791448773121617979e-04 2.809542860894970705e-04 3.609690941843390313e-04
2.000000000000000000e+00 2.000000000000000000e+00 0.000000000000000000e+00 9.889328903275602500e-04 1.272312536969246680e-03 4.500870561563315945e-04 5.577326996479434413e-04
2.000000000000000000e+00 4.000000000000000000e+00 0.000000000000000000e+00 9.029263254953532941e-04 1.118508160593824092e-03 4.269163603430284229e-04 5.258649467844928385e-04
2.000000000000000000e+00 8.000000000000000000e+00 0.000000000000000000e+00 1.014660927135935644e-03 1.233181514237978666e-03 4.664066905414556070e-04 5.437003077940580787e-04
2.000000000000000000e+00 1.600000000000000000e+01 0.000000000000000000e+00 1.212380565252752906e-03 1.476361946648152481e-03 4.319999937093228033e-04 5.227512959704776283e-04
2.000000000000000000e+00 3.200000000000000000e+01 0.000000000000000000e+00 1.174462046401683092e-03 1.464426736029159938e-03 3.640340583036511912e-04 4.245569248661731541e-04
2.000000000000000000e+00 6.400000000000000000e+01 0.000000000000000000e+00 1.240544877063574003e-03 1.549892372717922261e-03 2.908191335734963343e-04 3.144488640556104223e-04
2.000000000000000000e+00 1.280000000000000000e+02 0.000000000000000000e+00 1.281803703187967686e-03 1.538344672830049137e-03 2.218542666120651961e-04 2.128673922653186634e-04
3.000000000000000000e+00 6.250000000000000000e-02 0.000000000000000000e+00 3.148764026739280571e-03 1.584115672855818807e-02 2.365069936209894844e-04 2.948835999427302026e-02
3.000000000000000000e+00 1.250000000000000000e-01 0.000000000000000000e+00 1.835255453520475560e-03 2.660128788932116135e-03 1.121282065419435496e-04 1.035113406011694799e-03
3.000000000000000000e+00 2.500000000000000000e-01 0.000000000000000000e+00 8.802027506695328952e-04 1.022360861770715054e-03 9.211847174615689642e-05 2.569594075989702184e-04
3.000000000000000000e+00 5.000000000000000000e-01 0.000000000000000000e+00 1.045592099714125303e-04 1.193531925333523192e-04 3.351958582432156366e-05 3.523984661963775730e-05
3.000000000000000000e+00 1.000000000000000000e+00 0.000000000000000000e+00 6.672420869862226065e-05 8.876767624331043929e-05 2.232235359751076940e-05 3.330553399107836582e-05
3.000000000000000000e+00 2.000000000000000000e+00 0.000000000000000000e+00 1.421653555950860696e-04 2.002595892743551636e-04 1.133614061957796768e-04 1.595815072626874506e-04
3.000000000000000000e+00 4.000000000000000000e+00 0.000000000000000000e+00 2.650221105326945538e-04 3.777757014846049488e-04 1.727989726704430714e-04 2.553791338759779802e-04
3.000000000000000000e+00 8.000000000000000000e+00 0.000000000000000000e+00 3.599702760563496928e-04 5.221009122013909806e-04 1.781380047821548910e-04 2.772017662255263099e-04
3.000000000000000000e+00 1.600000000000000000e+01 0.000000000000000000e+00 3.647008700629322656e-04 5.185948654482456632e-04 1.936423558931411025e-04 2.732642003967603343e-04
3.000000000000000000e+00 3.200000000000000000e+01 0.000000000000000000e+00 5.006869676887464862e-04 7.308769196008935761e-04 2.241372559605244895e-04 3.325706182693477964e-04
3.000000000000000000e+00 6.400000000000000000e+01 0.000000000000000000e+00 4.914519061267267740e-04 7.119914026970144407e-04 1.935099910198430047e-04 2.904579287295522890e-04
3.000000000000000000e+00 1.280000000000000000e+02 0.000000000000000000e+00 5.494845108808189176e-04 7.992007536191173250e-04 2.307572924294466245e-04 3.366023116562015787e-04
4.000000000000000000e+00 6.250000000000000000e-02 0.000000000000000000e+00 2.880371933195144483e-03 9.279784334930579054e-03 2.570320732742536096e-04 6.485653539184577272e-03
4.000000000000000000e+00 1.250000000000000000e-01 0.000000000000000000e+00 1.730995296546718101e-03 2.434212318135059797e-03 1.202990823464002553e-04 9.486134465882739087e-04
4.000000000000000000e+00 2.500000000000000000e-01 0.000000000000000000e+00 8.154638140212482978e-04 9.943761974348709100e-04 1.502108754687330578e-04 1.876895993441399083e-04
4.000000000000000000e+00 5.000000000000000000e-01 0.000000000000000000e+00 7.057737025563860670e-05 8.842301997034614051e-05 2.198180318629032614e-05 3.193797106531956118e-05
4.000000000000000000e+00 1.000000000000000000e+00 0.000000000000000000e+00 4.211416834765771723e-05 6.148425321539862341e-05 1.490694847070642994e-05 2.565416614495937150e-05
4.000000000000000000e+00 2.000000000000000000e+00 0.000000000000000000e+00 1.091041173212535059e-04 1.784771472510346814e-04 8.112234610530087275e-05 1.375711245498009076e-04
4.000000000000000000e+00 4.000000000000000000e+00 0.000000000000000000e+00 1.583674720761018119e-04 2.655373940187441615e-04 1.180039952147751481e-04 2.021053001326601024e-04
4.000000000000000000e+00 8.000000000000000000e+00 0.000000000000000000e+00 2.334309883868342030e-04 3.947381713442966078e-04 1.108794498809115970e-04 1.863476450872028492e-04
4.000000000000000000e+00 1.600000000000000000e+01 0.000000000000000000e+00 2.660598949346869801e-04 4.572031277451056651e-04 1.098404023354198413e-04 2.099708503404376550e-04
4.000000000000000000e+00 3.200000000000000000e+01 0.000000000000000000e+00 2.558686250841556847e-04 4.564484585772591511e-04 7.187988798357463174e-05 1.432187866844319491e-04
4.000000000000000000e+00 6.400000000000000000e+01 0.000000000000000000e+00 3.222974610239511461e-04 5.524349689482420389e-04 1.469148091117742131e-04 2.404884884534062134e-04
4.000000000000000000e+00 1.280000000000000000e+02 0.000000000000000000e+00 3.283559563712710864e-04 5.596696640902865030e-04 7.327778298282784880e-05 1.394849654701321945e-04
5.000000000000000000e+00 6.250000000000000000e-02 0.000000000000000000e+00 2.766583237899832189e-03 1.433720284514590146e-02 1.082038623406765348e-04 2.084772349167991409e-02
5.000000000000000000e+00 1.250000000000000000e-01 0.000000000000000000e+00 1.718020988261177110e-03 3.272898584601412197e-03 5.841158266720671314e-05 2.232960474686035684e-03
5.000000000000000000e+00 2.500000000000000000e-01 0.000000000000000000e+00 8.073685679772397159e-04 1.241739236846798851e-03 8.964470717519333381e-05 4.293728574702428895e-04
5.000000000000000000e+00 5.000000000000000000e-01 0.000000000000000000e+00 6.855419780523925081e-05 9.058358135552487390e-05 2.465825682246051842e-05 3.108371089298479220e-05
5.000000000000000000e+00 1.000000000000000000e+00 0.000000000000000000e+00 2.993014058594758349e-05 5.323377596513221346e-05 9.839677186180916958e-06 2.010566681395733045e-05
5.000000000000000000e+00 2.000000000000000000e+00 0.000000000000000000e+00 6.664449397328200476e-05 1.249482460034618202e-04 6.415201465144384097e-05 1.233950217125455190e-04
5.000000000000000000e+00 4.000000000000000000e+00 0.000000000000000000e+00 9.991856001772812823e-05 1.917767852608419756e-04 9.653237454586142442e-05 1.864794722584366224e-04
5.000000000000000000e+00 8.000000000000000000e+00 0.000000000000000000e+00 1.229128890514897946e-04 2.545445253438711553e-04 7.636281478822943831e-05 1.849416164500670078e-04
5.000000000000000000e+00 1.600000000000000000e+01 0.000000000000000000e+00 1.535872284716169019e-04 3.067917603389638250e-04 1.000031157779759493e-04 2.108189752010010203e-04
5.000000000000000000e+00 3.200000000000000000e+01 0.000000000000000000e+00 1.729308772045507099e-04 3.461517645330404458e-04 9.308350263285980215e-05 1.890261583304931280e-04
5.000000000000000000e+00 6.400000000000000000e+01 0.000000000000000000e+00 1.982856745477069740e-04 3.958627224835067492e-04 9.862656885264370137e-05 1.848440734431100539e-04
5.000000000000000000e+00 1.280000000000000000e+02 0.000000000000000000e+00 2.056998233162721701e-04 4.213215279422667268e-04 8.541069855090071487e-05 1.850218575541344229e-04
