1.000000000000000000e+00 6.250000000000000000e-02 1.000000000000000000e+00 4.472355981391593766e-03 5.304833564171925440e-03 2.261232962300561023e-03 4.340778711147389238e-03
1.000000000000000000e+00 1.250000000000000000e-01 1.000000000000000000e+00 2.395180643027256234e-03 2.719579286958392125e-03 8.766161333796200494e-04 1.446793744327968438e-03
1.000000000000000000e+00 2.500000000000000000e-01 1.000000000000000000e+00 1.251384279774875926e-03 1.343430275140234222e-03 3.986271784331154818e-04 3.157577805161387060e-04
1.000000000000000000e+00 5.000000000000000000e-01 1.000000000000000000e+00 4.388852399160763956e-04 4.894236476069579751e-04 1.767629296237176986e-04 1.865938185919102470e-04
1.000000000000000000e+00 1.000000000000000000e+00 1.000000000000000000e+00 9.132006084283002256e-04 1.019528416253286194e-03 5.227608279941292494e-04 5.754710980958420300e-04
1.000000000000000000e+00 2.000000000000000000e+00 1.000000000000000000e+00 1.737562780855640785e-03 1.942710947715274149e-03 8.243175872477649310e-04 8.781703216991553276e-04
1.000000000000000000e+00 4.000000000000000000e+00 1.000000000000000000e+00 1.785604652260175656e-03 2.050264455740982705e-03 6.712489141383922017e-04 7.575785467124197640e-04
1.000000000000000000e+00 8.000000000000000000e+00 1.000000000000000000e+00 1.955525822262085735e-03 2.221826847732383085e-03 4.601713664457918922e-04 5.046009462116120064e-04
1.000000000000000000e+00 1.600000000000000000e+01 1.000000000000000000e+00 2.053444972697797063e-03 2.300287617567995692e-03 2.005686608765033514e-04 2.090384659447603005e-04
1.000000000000000000e+00 3.200000000000000000e+01 1.000000000000000000e+00 2.014875068509319484e-03 2.251007552543234872e-03 1.891655986622459249e-04 2.050692372713375038e-04
1.000000000000000000e+00 6.400000000000000000e+01 1.000000000000000000e+00 2.078344105750119363e-03 2.334028203836751008e-03 1.541372237062975370e-04 1.157301787048713675e-04
1.000000000000000000e+00 1.280000000000000000e+02 1.000000000000000000e+00 2.154050600215559781e-03 2.424733009825240978e-03 2.696589051931513772e-04 2.560578345072364440e-04
1.000000000000000000e+00 2.560000000000000000e+02 1.000000000000000000e+00 2.087113544774614991e-03 2.389315226436343996e-03 2.490567023741416990e-04 2.464523803876979887e-04
1.000000000000000000e+00 5.120000000000000000e+02 1.000000000000000000e+00 2.158759765431431891e-03 2.463728328778207015e-03 2.649196621036325160e-04 2.935151532629531076e-04
1.000000000000000000e+00 1.024000000000000000e+03 1.000000000000000000e+00 2.145453704625999332e-03 2.424511788905339346e-03 2.331471491579238144e-04 2.297923089863054390e-04
2.000000000000000000e+00 6.250000000000000000e-02 1.000000000000000000e+00 6.887367117068157740e-02 1.102704657585025227e-01 9.150089332508060114e-02 1.414981818006682268e-01
2.000000000000000000e+00 1.250000000000000000e-01 1.000000000000000000e+00 2.663945180246972064e-02 3.747856579474573985e-02 4.980973115449040950e-02 7.014324187220662143e-02
2.000000000000000000e+00 2.500000000000000000e-01 1.000000000000000000e+00 1.710980558252385778e-02 2.479291237377917803e-02 2.799305071444070994e-02 4.427273574494278857e-02
2.000000000000000000e+00 5.000000000000000000e-01 1.000000000000000000e+00 8.005319654305186744e-03 1.043915177306655416e-02 1.222404514566725452e-03 2.838410459215181050e-03
2.000000000000000000e+00 1.000000000000000000e+00 1.000000000000000000e+00 8.453948508503396700e-03 1.208184713375816226e-02 1.328087771028970418e-03 2.844250437706817829e-03
2.000000000000000000e+00 2.000000000000000000e+00 1.000000000000000000e+00 8.158570052440059645e-03 1.206707903796665031e-02 1.048586740508807924e-03 4.393361355202266179e-03
2.000000000000000000e+00 4.000000000000000000e+00 1.000000000000000000e+00 8.395782075785503812e-03 1.161743599370524717e-02 1.252340951333491157e-03 2.882128287955370780e-03
2.000000000000000000e+00 8.000000000000000000e+00 1.000000000000000000e+00 8.834406196903102707e-03 1.253866326949777676e-02 2.925364068243181356e-04 6.831187338116590348e-04
2.000000000000000000e+00 1.600000000000000000e+01 1.000000000000000000e+00 8.901100749697191811e-03 1.262538120649206973e-02 2.911821861365311744e-04 6.909453657076593518e-04
2.000000000000000000e+00 3.200000000000000000e+01 1.000000000000000000e+00 8.800389719925558879e-03 1.239061461768257641e-02 3.617589600662257394e-05 8.850417619374403454e-05
2.000000000000000000e+00 6.400000000000000000e+01 1.000000000000000000e+00 8.518186598564157080e-03 1.173860696368641578e-02 5.642531981719704987e-04 1.320428470467007592e-03
2.000000000000000000e+00 1.280000000000000000e+02 1.000000000000000000e+00 8.797709654823168690e-03 1.238611884692392660e-02 2.083528646764911391e-06 3.580074970388356855e-06
2.000000000000000000e+00 2.560000000000000000e+02 1.000000000000000000e+00 8.796867926010806110e-03 1.238569962330694427e-02 1.931326537239003959e-06 4.089419604829527039e-06
2.000000000000000000e+00 5.120000000000000000e+02 1.000000000000000000e+00 8.796492801246119306e-03 1.238462718994305135e-02 8.834492527455901898e-07 1.923724637690688674e-06
2.000000000000000000e+00 1.024000000000000000e+03 1.000000000000000000e+00 8.675634044017263569e-03 1.209761461182877126e-02 3.630193526213564459e-04 8.628781622452806610e-04
3.000000000000000000e+00 6.250000000000000000e-02 1.000000000000000000e+00 1.517199274689791766e+00 2.172644708673305836e+00 3.649314306914714479e+00 4.495075571844792783e+00
3.000000000000000000e+00 1.250000000000000000e-01 1.000000000000000000e+00 3.541634354347036329e+00 3.795127279427848777e+00 4.957939130444487752e+00 6.248155639751687751e+00
3.000000000000000000e+00 2.500000000000000000e-01 1.000000000000000000e+00 7.396979621706048502e-02 1.029739069995606326e-01 1.739755633504742882e-01 2.256390241345875847e-01
3.000000000000000000e+00 5.000000000000000000e-01 1.000000000000000000e+00 8.842618723876696438e-03 1.532907299170347196e-02 4.224650000637927144e-03 1.835094355509354902e-02
3.000000000000000000e+00 1.000000000000000000e+00 1.000000000000000000e+00 8.431441167632326011e-03 1.349363821718956372e-02 2.464822340660570692e-03 1.129566975366410111e-02
3.000000000000000000e+00 2.000000000000000000e+00 1.000000000000000000e+00 8.338843682523485942e-03 1.216767321539658289e-02 7.365075581852646800e-04 4.099450491171913180e-03
3.000000000000000000e+00 4.000000000000000000e+00 1.000000000000000000e+00 5.451896192409583231e-01 2.771525033044880404e-01 1.609932742165234520e+00 7.962885762955325131e-01
3.000000000000000000e+00 8.000000000000000000e+00 1.000000000000000000e+00 4.915033818886601624e-01 2.865321678575087905e-01 1.448798310798623978e+00 8.245020766671000700e-01
3.000000000000000000e+00 1.600000000000000000e+01 1.000000000000000000e+00 5.595890103767759971e-01 2.679623413860410808e-01 1.653394051834804035e+00 7.690715180824969632e-01
3.000000000000000000e+00 3.200000000000000000e+01 1.000000000000000000e+00 6.488063949327274038e-01 2.333685050950006501e-01 1.920765288908106605e+00 6.646512373583118860e-01
3.000000000000000000e+00 6.400000000000000000e+01 1.000000000000000000e+00 5.799438321774943450e-01 2.608492903053502010e-01 1.713990193750915214e+00 7.466749387216277123e-01
3.000000000000000000e+00 1.280000000000000000e+02 1.000000000000000000e+00 5.948770817929344146e-01 2.527727587474798976e-01 1.758906050103907992e+00 7.226912539671591640e-01
3.000000000000000000e+00 2.560000000000000000e+02 1.000000000000000000e+00 6.134222408441605268e-01 2.463861362826296197e-01 1.814494865880055041e+00 7.034422530269891505e-01
3.000000000000000000e+00 5.120000000000000000e+02 1.000000000000000000e+00 5.710855093068528676e-01 2.607037864545456163e-01 1.687522352208380649e+00 7.464751968179894615e-01
3.000000000000000000e+00 1.024000000000000000e+03 1.000000000000000000e+00 8.579913879990724163e-03 1.297339703562737367e-02 6.842521247934108420e-04 3.833333224223373342e-03
4.000000000000000000e+00 6.250000000000000000e-02 1.000000000000000000e+00 1.566875264651756972e+00 2.959137321992047820e+00 2.768785243059493695e+00 6.726593632364129327e+00
4.000000000000000000e+00 1.250000000000000000e-01 1.000000000000000000e+00 9.101647574822029352e-01 5.370939547569585137e+00 8.597781785023262957e-01 1.411595672414073377e+01
4.000000000000000000e+00 2.500000000000000000e-01 1.000000000000000000e+00 2.244378722809961535e-01 2.250311064656907445e-01 4.139342591026188289e-01 4.017614537411254294e-01
4.000000000000000000e+00 5.000000000000000000e-01 1.000000000000000000e+00 1.888131285159449710e-02 3.001057603586117575e-02 3.257576851436656817e-02 5.855266510179523570e-02
4.000000000000000000e+00 1.000000000000000000e+00 1.000000000000000000e+00 7.664968971773355663e-03 9.366527630143910502e-03 1.256702412928626571e-03 2.642486127929440359e-03
4.000000000000000000e+00 2.000000000000000000e+00 1.000000000000000000e+00 1.079928612448527274e-02 1.774685047486640813e-02 6.632334039032449294e-03 1.547118610769314048e-02
4.000000000000000000e+00 4.000000000000000000e+00 1.000000000000000000e+00 7.962119841897102521e-03 1.049006889957844642e-02 1.073404816766574538e-03 2.433690557476420133e-03
4.000000000000000000e+00 8.000000000000000000e+00 1.000000000000000000e+00 8.781342790047427793e-03 1.278760646019614679e-02 2.054495420211247241e-03 5.580515562565019176e-03
4.000000000000000000e+00 1.600000000000000000e+01 1.000000000000000000e+00 8.644835560269273703e-03 1.239085886019869812e-02 5.501414806915275743e-04 1.824190099614442836e-03
4.000000000000000000e+00 3.200000000000000000e+01 1.000000000000000000e+00 9.412528958298851597e-03 1.436394716311980777e-02 2.499472369821394840e-03 7.447648493929111442e-03
4.000000000000000000e+00 6.400000000000000000e+01 1.000000000000000000e+00 8.778295984505328151e-03 1.240400579849081433e-02 8.812751790974624952e-04 2.166087521518923666e-03
4.000000000000000000e+00 1.280000000000000000e+02 1.000000000000000000e+00 1.077951286523915961e-02 1.756206212323135896e-02 6.854102149813687435e-03 1.763666727165442635e-02
4.000000000000000000e+00 2.560000000000000000e+02 1.000000000000000000e+00 2.306995909707074480e-02 4.051970868457065167e-02 4.325145053015246044e-02 8.536818061604528607e-02
4.000000000000000000e+00 5.120000000000000000e+02 1.000000000000000000e+00 1.061516128067242770e-02 1.725532002534088324e-02 6.603484154903385001e-03 1.726997482421392671e-02
4.000000000000000000e+00 1.024000000000000000e+03 1.000000000000000000e+00 9.586016828551795904e-03 1.454879436774618104e-02 1.663352204458056491e-03 4.601660882643234148e-03
5.000000000000000000e+00 6.250000000000000000e-02 1.000000000000000000e+00 1.156944062961638098e+00 6.006873758694245780e+00 1.610723418793921224e+00 1.541322352473126678e+01
5.000000000000000000e+00 1.250000000000000000e-01 1.000000000000000000e+00 1.942204575966743452e+00 6.396309012647854786e+00 2.464879824281788423e+00 1.605890888073956546e+01
5.000000000000000000e+00 2.500000000000000000e-01 1.000000000000000000e+00 1.375057691019043182e-01 1.486848603307352468e-01 3.072771516705669059e-01 3.006906017702450362e-01
5.000000000000000000e+00 5.000000000000000000e-01 1.000000000000000000e+00 9.543441582792357505e-03 1.493461862580913214e-02 3.282360170775854621e-03 9.485404109545998372e-03
5.000000000000000000e+00 1.000000000000000000e+00 1.000000000000000000e+00 7.629820898338232626e-03 9.746305488479503620e-03 9.229765241823513272e-04 2.121680866433255791e-03
5.000000000000000000e+00 2.000000000000000000e+00 1.000000000000000000e+00 8.154726862551451433e-03 1.062879635666536329e-02 2.034177096301860877e-03 3.845575901547008870e-03
5.000000000000000000e+00 4.000000000000000000e+00 1.000000000000000000e+00 8.560730499658580905e-03 1.180733915548021380e-02 4.942145241965122419e-04 1.164852561317538749e-03
5.000000000000000000e+00 8.000000000000000000e+00 1.000000000000000000e+00 9.034818966867105491e-03 1.312647556128251902e-02 1.166692224627886810e-03 3.096824003631649860e-03
5.000000000000000000e+00 1.600000000000000000e+01 1.000000000000000000e+00 8.297457444400274662e-03 1.120387074470315623e-02 7.135645566366324855e-04 1.648702544202052282e-03
5.000000000000000000e+00 3.200000000000000000e+01 1.000000000000000000e+00 8.275019011525542451e-03 1.117751685102504750e-02 8.001529253321202186e-04 1.863764651566905423e-03
5.000000000000000000e+00 6.400000000000000000e+01 1.000000000000000000e+00 8.291854728590456608e-03 1.120757928606329334e-02 7.691389620508128685e-04 1.790387738693231204e-03
5.000000000000000000e+00 1.280000000000000000e+02 1.000000000000000000e+00 8.750273786881224494e-03 1.237560530279229083e-02 5.705807537681199717e-04 1.588189923509640772e-03
5.000000000000000000e+00 2.560000000000000000e+02 1.000000000000000000e+00 8.518922717544324258e-03 1.173791254136775757e-02 5.547594247694374436e-04 1.295097509103617815e-03
5.000000000000000000e+00 5.120000000000000000e+02 1.000000000000000000e+00 8.462033651841551971e-03 1.160670948507154521e-02 6.737802000334065225e-04 1.567125188340989014e-03
5.000000000000000000e+00 1.024000000000000000e+03 1.000000000000000000e+00 8.699622166839681564e-03 1.216004059167931708e-02 2.913965474197610780e-04 6.760162182476264466e-04
