1.000000000000000000e+00 6.250000000000000000e-02 1.000000000000000056e-01 5.058815933964583983e-03 6.743608173606012272e-03 2.354217421273552095e-03 5.438715887841577383e-03
1.000000000000000000e+00 1.250000000000000000e-01 1.000000000000000056e-01 2.750306831971679588e-03 3.757997412845944830e-03 1.912992997718481478e-03 4.672028153232418886e-03
1.000000000000000000e+00 2.500000000000000000e-01 1.000000000000000056e-01 1.372821135583129123e-03 1.385581474755609704e-03 2.902141568513020306e-04 3.193308463425608605e-04
1.000000000000000000e+00 5.000000000000000000e-01 1.000000000000000056e-01 4.976870952713151634e-04 5.300974419352275525e-04 2.279487021503474203e-04 2.473070659128468992e-04
1.000000000000000000e+00 1.000000000000000000e+00 1.000000000000000056e-01 8.664996468675941702e-04 9.304021955993908377e-04 5.739361996689161007e-04 6.221259338402680911e-04
1.000000000000000000e+00 2.000000000000000000e+00 1.000000000000000056e-01 1.533676368197064510e-03 1.703308778674639257e-03 8.258551367974171576e-04 9.227500884547713529e-04
1.000000000000000000e+00 4.000000000000000000e+00 1.000000000000000056e-01 1.772232064064164668e-03 1.921028458303774460e-03 7.689880587674365183e-04 8.386626176816935549e-04
1.000000000000000000e+00 8.000000000000000000e+00 1.000000000000000056e-01 1.779154793880706855e-03 1.981833130022254801e-03 7.061816985535968646e-04 7.964961366634821247e-04
1.000000000000000000e+00 1.600000000000000000e+01 1.000000000000000056e-01 1.795571846006660489e-03 1.956152594100307642e-03 4.281224805876834914e-04 4.701895947182272817e-04
1.000000000000000000e+00 3.200000000000000000e+01 1.000000000000000056e-01 1.838477859329927131e-03 2.000380436021559523e-03 4.966434323182568854e-04 5.819018736075578331e-04
1.000000000000000000e+00 6.400000000000000000e+01 1.000000000000000056e-01 1.778435789067810092e-03 1.961576962390277311e-03 5.310130674293058383e-04 6.044242924754842598e-04
1.000000000000000000e+00 1.280000000000000000e+02 1.000000000000000056e-01 1.984890789383680389e-03 2.175334458945228297e-03 3.777438241178969632e-04 4.257069345711628422e-04
1.000000000000000000e+00 2.560000000000000000e+02 1.000000000000000056e-01 2.084993682158320979e-03 2.289584242074518307e-03 2.477978937704217264e-04 2.956344875437845010e-04
1.000000000000000000e+00 5.120000000000000000e+02 1.000000000000000056e-01 1.971543587990592494e-03 2.190937304238016296e-03 2.878065535489467402e-04 3.042178776264213699e-04
1.000000000000000000e+00 1.024000000000000000e+03 1.000000000000000056e-01 2.135895612752569239e-03 2.314827317235578722e-03 3.169300894619693433e-04 3.655158962897874647e-04
2.000000000000000000e+00 6.250000000000000000e-02 1.000000000000000056e-01 1.067423546058806835e-02 2.366109781924643357e-02 1.311476624061129644e-02 3.599680533688241757e-02
2.000000000000000000e+00 1.250000000000000000e-01 1.000000000000000056e-01 2.139211520094109076e-03 2.278388983675676618e-03 3.136027395733236001e-04 4.502222181178303431e-04
2.000000000000000000e+00 2.500000000000000000e-01 1.000000000000000056e-01 1.277246843191166088e-03 1.490967161061523653e-03 5.051380243055453431e-04 1.078245038290075132e-03
2.000000000000000000e+00 5.000000000000000000e-01 1.000000000000000056e-01 2.111970676836236161e-04 2.389166110139440450e-04 8.783839639125423366e-05 1.029704945908474696e-04
2.000000000000000000e+00 1.000000000000000000e+00 1.000000000000000056e-01 2.192067546778704633e-04 2.464174108893828164e-04 1.816624785822876470e-04 2.062202296146152048e-04
2.000000000000000000e+00 2.000000000000000000e+00 1.000000000000000056e-01 3.666375933400572691e-04 4.454319701562597824e-04 3.149131868488469401e-04 3.756980647660120996e-04
2.000000000000000000e+00 4.000000000000000000e+00 1.000000000000000056e-01 5.312219408639599991e-04 6.624043098018886876e-04 3.194650569645814402e-04 4.035435022099704097e-04
2.000000000000000000e+00 8.000000000000000000e+00 1.000000000000000056e-01 6.528443823859466635e-04 7.706992751787534969e-04 3.693614040270682200e-04 4.315296012763555769e-04
2.000000000000000000e+00 1.600000000000000000e+01 1.000000000000000056e-01 7.338353951092397697e-04 9.180229229621922424e-04 3.862582695461509708e-04 4.885582802053072471e-04
2.000000000000000000e+00 3.200000000000000000e+01 1.000000000000000056e-01 7.478515660055467997e-04 9.277729692756328398e-04 3.727159095475937340e-04 4.755810259229274186e-04
2.000000000000000000e+00 6.400000000000000000e+01 1.000000000000000056e-01 7.894881830464746527e-04 9.692682709811171202e-04 3.336475813152406942e-04 4.211224329988372630e-04
2.000000000000000000e+00 1.280000000000000000e+02 1.000000000000000056e-01 8.043250734612299863e-04 9.723485210445179105e-04 2.904042759489269777e-04 3.550639889298879835e-04
2.000000000000000000e+00 2.560000000000000000e+02 1.000000000000000056e-01 8.898193802753101827e-04 1.102733124090220359e-03 3.122896770193723040e-04 4.021252570050292134e-04
2.000000000000000000e+00 5.120000000000000000e+02 1.000000000000000056e-01 9.023853069054803191e-04 1.083323922229779924e-03 2.984197491956474863e-04 3.438256452866294373e-04
2.000000000000000000e+00 1.024000000000000000e+03 1.000000000000000056e-01 9.178734817821476363e-04 1.101190050040368271e-03 2.326592299213618123e-04 2.819615389420912651e-04
3.000000000000000000e+00 6.250000000000000000e-02 1.000000000000000056e-01 1.071898133335733999e-01 1.281501013369160447e+00 2.857942522908953897e-01 3.777651155168787245e+00
3.000000000000000000e+00 1.250000000000000000e-01 1.000000000000000056e-01 5.528125039003052299e-01 2.763499521908273082e-01 1.638140417345568700e+00 7.984024717426358997e-01
3.000000000000000000e+00 2.500000000000000000e-01 1.000000000000000056e-01 1.632086569120442653e-03 2.269752867642012371e-03 2.367537914514251506e-03 4.134014641485557473e-03
3.000000000000000000e+00 5.000000000000000000e-01 1.000000000000000056e-01 1.002771609898319685e-04 1.175312321981830004e-04 3.873047437481509474e-05 4.111335391912194598e-05
3.000000000000000000e+00 1.000000000000000000e+00 1.000000000000000056e-01 7.436254702345016833e-05 9.445892317651657802e-05 4.495657379634537284e-05 5.675174564958150066e-05
3.000000000000000000e+00 2.000000000000000000e+00 1.000000000000000056e-01 1.596849303956831558e-04 2.221219061577976250e-04 1.592181346659973806e-04 2.256321166381316048e-04
3.000000000000000000e+00 4.000000000000000000e+00 1.000000000000000056e-01 2.045362977840957299e-04 2.776035689064514263e-04 1.508657364494561323e-04 2.082857984016112920e-04
3.000000000000000000e+00 8.000000000000000000e+00 1.000000000000000056e-01 2.525022389932470024e-04 3.525941378360595343e-04 1.204089145748672582e-04 1.786948022832868905e-04
3.000000000000000000e+00 1.600000000000000000e+01 1.000000000000000056e-01 3.378982136955741987e-04 4.517018665351377432e-04 1.620942598263463616e-04 2.137366963753836691e-04
3.000000000000000000e+00 3.200000000000000000e+01 1.000000000000000056e-01 3.501946702560438242e-04 4.879525247967248414e-04 1.615707554381953836e-04 2.264334712492974567e-04
3.000000000000000000e+00 6.400000000000000000e+01 1.000000000000000056e-01 4.069133968550587557e-04 5.560499071623666847e-04 1.688716658698206973e-04 2.587447128567537573e-04
3.000000000000000000e+00 1.280000000000000000e+02 1.000000000000000056e-01 4.680521959904442486e-04 6.452097896281359848e-04 1.635002515948155277e-04 2.189001748471361268e-04
3.000000000000000000e+00 2.560000000000000000e+02 1.000000000000000056e-01 5.071272964412276967e-04 6.818563476232008397e-04 1.464147282623614243e-04 1.889682637598431197e-04
3.000000000000000000e+00 5.120000000000000000e+02 1.000000000000000056e-01 4.303011857377038755e-04 5.899811544402459125e-04 9.190599320560700035e-05 1.299226998027693696e-04
3.000000000000000000e+00 1.024000000000000000e+03 1.000000000000000056e-01 4.617500636408105870e-04 6.551837108430369309e-04 1.560300786839272211e-04 2.196453526331150930e-04
4.000000000000000000e+00 6.250000000000000000e-02 1.000000000000000056e-01 2.743998781721897554e-02 5.760498310144517020e-02 2.645297469665338838e-02 6.378222569287940458e-02
4.000000000000000000e+00 1.250000000000000000e-01 1.000000000000000056e-01 7.175411885103152691e-03 1.284882841714745684e-02 1.148537371470820766e-02 2.514840653652078081e-02
4.000000000000000000e+00 2.500000000000000000e-01 1.000000000000000056e-01 8.674737609539011352e-04 9.447216172083115152e-04 2.153666026328378757e-04 2.407328526034024690e-04
4.000000000000000000e+00 5.000000000000000000e-01 1.000000000000000056e-01 7.689751129344937091e-05 9.456908912853825822e-05 2.990524397124710740e-05 3.916714868920812839e-05
4.000000000000000000e+00 1.000000000000000000e+00 1.000000000000000056e-01 4.036016059621838463e-05 5.367259418729102130e-05 2.823104524507991767e-05 3.482505030329191331e-05
4.000000000000000000e+00 2.000000000000000000e+00 1.000000000000000056e-01 6.554544299572115742e-05 1.015777862024933194e-04 4.185428932527051796e-05 6.591504118375861451e-05
4.000000000000000000e+00 4.000000000000000000e+00 1.000000000000000056e-01 9.568831550644244692e-05 1.519531199595765335e-04 5.025083576735390551e-05 8.696654772941967489e-05
4.000000000000000000e+00 8.000000000000000000e+00 1.000000000000000056e-01 1.540480626244990377e-04 2.459362778728029853e-04 8.875556250227472580e-05 1.563096024765313753e-04
4.000000000000000000e+00 1.600000000000000000e+01 1.000000000000000056e-01 1.389599165678728917e-04 2.232610803846953355e-04 6.534901681368290643e-05 1.075242083370063338e-04
4.000000000000000000e+00 3.200000000000000000e+01 1.000000000000000056e-01 1.758165915023106990e-04 2.847859148789275174e-04 7.672052960317539850e-05 1.390011581183640843e-04
4.000000000000000000e+00 6.400000000000000000e+01 1.000000000000000056e-01 1.807001589757157038e-04 2.782916871799687533e-04 7.661027146476510929e-05 1.101494773268167361e-04
4.000000000000000000e+00 1.280000000000000000e+02 1.000000000000000056e-01 2.264298901212211394e-04 3.612721963734357887e-04 7.556899972888313861e-05 1.214831666771153628e-04
4.000000000000000000e+00 2.560000000000000000e+02 1.000000000000000056e-01 2.409396268260283300e-04 4.019077304325540810e-04 7.003922993333395401e-05 1.496495301984437053e-04
4.000000000000000000e+00 5.120000000000000000e+02 1.000000000000000056e-01 2.408109525486810932e-04 3.917131500673983087e-04 4.821778615345098179e-05 8.478331927995146739e-05
4.000000000000000000e+00 1.024000000000000000e+03 1.000000000000000056e-01 2.656328450365667837e-04 4.152584447402092875e-04 7.502114856033497174e-05 1.129263256727632757e-04
5.000000000000000000e+00 6.250000000000000000e-02 1.000000000000000056e-01 4.537749297264045967e-02 1.503127963881257245e-01 3.821751239839623476e-02 1.486507031480440166e-01
5.000000000000000000e+00 1.250000000000000000e-01 1.000000000000000056e-01 1.352448482405837170e-02 3.027069914919235452e-02 1.874075153827613541e-02 4.352143693609093755e-02
5.000000000000000000e+00 2.500000000000000000e-01 1.000000000000000056e-01 1.223180361538543821e-03 2.031700974008805900e-03 9.469928963710703756e-04 2.624869016239529413e-03
5.000000000000000000e+00 5.000000000000000000e-01 1.000000000000000056e-01 6.034104184822074082e-05 7.878166149683682961e-05 1.877548615613960906e-05 2.853729284094127955e-05
5.000000000000000000e+00 1.000000000000000000e+00 1.000000000000000056e-01 2.406051122927255851e-05 3.638466743050642720e-05 1.243949542939167345e-05 1.866203980030181622e-05
5.000000000000000000e+00 2.000000000000000000e+00 1.000000000000000056e-01 5.562124016370238304e-05 1.043726728500906086e-04 3.861285163111007664e-05 7.771461470084829585e-05
5.000000000000000000e+00 4.000000000000000000e+00 1.000000000000000056e-01 8.318880158702083064e-05 1.447630458052384910e-04 5.450114293006617141e-05 9.275744606416655381e-05
5.000000000000000000e+00 8.000000000000000000e+00 1.000000000000000056e-01 1.222330662893316019e-04 2.214844909726934184e-04 6.738947350340831826e-05 1.309506002409479945e-04
5.000000000000000000e+00 1.600000000000000000e+01 1.000000000000000056e-01 1.300290372590780772e-04 2.490736381387947821e-04 5.108264936100883550e-05 1.056734333751981845e-04
5.000000000000000000e+00 3.200000000000000000e+01 1.000000000000000056e-01 1.367844938587519179e-04 2.445458116770461970e-04 4.068755925869618919e-05 7.740041902783169044e-05
5.000000000000000000e+00 6.400000000000000000e+01 1.000000000000000056e-01 1.639972137362799044e-04 3.016761805893407528e-04 5.283826260043741218e-05 1.049801610409893421e-04
5.000000000000000000e+00 1.280000000000000000e+02 1.000000000000000056e-01 1.561144387350827994e-04 2.855392161595937694e-04 4.168886259547582656e-05 7.697518231350751255e-05
5.000000000000000000e+00 2.560000000000000000e+02 1.000000000000000056e-01 1.730131459477338434e-04 3.337093892128620938e-04 3.125459339928827329e-05 7.059785395642373743e-05
5.000000000000000000e+00 5.120000000000000000e+02 1.000000000000000056e-01 1.843652531041310250e-04 3.459185672188780586e-04 4.543039517267152632e-05 8.447214304419859744e-05
5.000000000000000000e+00 1.024000000000000000e+03 1.000000000000000056e-01 1.724903435867474561e-04 3.247274848427578165e-04 3.899026005149566852e-05 7.401631790524918083e-05
