1.000000000000000000e+00 6.250000000000000000e-02 0.000000000000000000e+00 3.336199323108254757e-03 5.021864919966801538e-03 2.914567999086811723e-04 1.952029437620089562e-03
1.000000000000000000e+00 1.250000000000000000e-01 0.000000000000000000e+00 2.329364570392724373e-03 2.604018118214015878e-03 5.524648802278184917e-04 8.376063432050767340e-04
1.000000000000000000e+00 2.500000000000000000e-01 0.000000000000000000e+00 1.430663104049713277e-03 1.425188761582944471e-03 3.338542304410360641e-04 3.549881982283318443e-04
1.000000000000000000e+00 5.000000000000000000e-01 0.000000000000000000e+00 8.805589639108350828e-04 8.851345007506517589e-04 3.412967308472700115e-04 3.480503365462532441e-04
1.000000000000000000e+00 1.000000000000000000e+00 0.000000000000000000e+00 1.394949800174692493e-03 1.427930830390872815e-03 7.849720129038015000e-04 7.842742017819899405e-04
1.000000000000000000e+00 2.000000000000000000e+00 0.000000000000000000e+00 1.964787276228300173e-03 2.080523739364464539e-03 7.482108051713448746e-04 8.037854412041088407e-04
1.000000000000000000e+00 4.000000000000000000e+00 0.000000000000000000e+00 2.240767753906549881e-03 2.365446992773903231e-03 5.946907027431244750e-04 6.530518415585454851e-04
1.000000000000000000e+00 8.000000000000000000e+00 0.000000000000000000e+00 2.257800647654750487e-03 2.417312047621468420e-03 5.699387176441707368e-04 6.208424643124654590e-04
1.000000000000000000e+00 1.600000000000000000e+01 0.000000000000000000e+00 2.465205128381408629e-03 2.607245674306812866e-03 3.406771591408325152e-04 3.768521329289649304e-04
1.000000000000000000e+00 3.200000000000000000e+01 0.000000000000000000e+00 2.352600458477621150e-03 2.478740839660475374e-03 3.053147126541867458e-04 2.987466390021854910e-04
1.000000000000000000e+00 6.400000000000000000e+01 0.000000000000000000e+00 2.465487430085362870e-03 2.627170868283624106e-03 2.756048675519977287e-04 3.088730023867183004e-04
1.000000000000000000e+00 1.280000000000000000e+02 0.000000000000000000e+00 2.557128192854476404e-03 2.706155572817483569e-03 1.760748533877242784e-04 2.102679685241269853e-04
2.000000000000000000e+00 6.250000000000000000e-02 5.000000000000000000e-01 3.204330037584664139e-03 4.661362404343801988e-03 2.660867505597679962e-04 1.297311267113391729e-03
2.000000000000000000e+00 1.250000000000000000e-01 5.000000000000000000e-01 1.721971504249071626e-03 3.298325641275420307e-03 2.188037939886996563e-04 4.270762391399321803e-03
2.000000000000000000e+00 2.500000000000000000e-01 5.000000000000000000e-01 9.241279588566621035e-04 9.928823438040957055e-04 1.480942385550026107e-04 1.629416326397309367e-04
2.000000000000000000e+00 5.000000000000000000e-01 5.000000000000000000e-01 3.559459880814102922e-04 3.996506803850866335e-04 1.335829393960971071e-04 1.527449050940544323e-04
2.000000000000000000e+00 1.000000000000000000e+00 5.000000000000000000e-01 7.732024628765392501e-04 8.841977920772180286e-04 3.335196723046643624e-04 3.741306477389806954e-04
2.000000000000000000e+00 2.000000000000000000e+00 5.000000000000000000e-01 1.449045913397301738e-03 1.661254248309913892e-03 6.779474303751333508e-04 7.390389920999909396e-04
2.000000000000000000e+00 4.000000000000000000e+00 5.000000000000000000e-01 1.448428784023431332e-03 1.655563449035032985e-03 6.402686484008920497e-04 7.037606012960733685e-04
2.000000000000000000e+00 8.000000000000000000e+00 5.000000000000000000e-01 1.341763236923286052e-03 1.544387148111754562e-03 5.331918439554628316e-04 5.991836841329532901e-04
2.000000000000000000e+00 1.600000000000000000e+01 5.000000000000000000e-01 1.510744270092829458e-03 1.738173269237345067e-03 4.796203370301204381e-04 5.234418087916810130e-04
2.000000000000000000e+00 3.200000000000000000e+01 5.000000000000000000e-01 1.663457391559341721e-03 1.938385856625386445e-03 4.186468749120240713e-04 4.811739049448135247e-04
2.000000000000000000e+00 6.400000000000000000e+01 5.000000000000000000e-01 1.686224979619443346e-03 1.934964358099918597e-03 3.100392321509294114e-04 3.312486377837972075e-04
2.000000000000000000e+00 1.280000000000000000e+02 5.000000000000000000e-01 1.669398528335210973e-03 1.918949907192726194e-03 1.960685595332181056e-04 2.045279242679679899e-04
3.000000000000000000e+00 6.250000000000000000e-02 5.000000000000000000e-01 3.102177836746383352e-03 1.295266716614193979e-02 2.492138648507117985e-04 1.440985292025779782e-02
3.000000000000000000e+00 1.250000000000000000e-01 5.000000000000000000e-01 1.540462133323640360e-03 2.636784216535973703e-03 2.115406046278315232e-04 1.287943557783960673e-03
3.000000000000000000e+00 2.500000000000000000e-01 5.000000000000000000e-01 7.704021113127486244e-04 8.638353387154240615e-04 5.779938254407340417e-05 9.242695792036728132e-05
3.000000000000000000e+00 5.000000000000000000e-01 5.000000000000000000e-01 1.850760238280549006e-04 2.224769521971843437e-04 3.674859097840421521e-05 6.321903433278789339e-05
3.000000000000000000e+00 1.000000000000000000e+00 5.000000000000000000e-01 1.957793907337688371e-04 2.435836207675753527e-04 4.902897608564728450e-05 5.891655854615841754e-05
3.000000000000000000e+00 2.000000000000000000e+00 5.000000000000000000e-01 3.917945796488158132e-04 5.022645479937325186e-04 2.740351581009942659e-04 3.525480615673621566e-04
3.000000000000000000e+00 4.000000000000000000e+00 5.000000000000000000e-01 5.659004508692672001e-04 7.326947591317474690e-04 3.338125604179446437e-04 4.289368253291722340e-04
3.000000000000000000e+00 8.000000000000000000e+00 5.000000000000000000e-01 6.960552605424256360e-04 9.156298015959823521e-04 2.851843283118521096e-04 3.751690406246060679e-04
3.000000000000000000e+00 1.600000000000000000e+01 5.000000000000000000e-01 7.460276419591052501e-04 9.526820066983026627e-04 3.256403928474781054e-04 4.149849856599516847e-04
3.000000000000000000e+00 3.200000000000000000e+01 5.000000000000000000e-01 9.407174503486597167e-04 1.216130141022789529e-03 3.689140092394449554e-04 4.842732418276331306e-04
3.000000000000000000e+00 6.400000000000000000e+01 5.000000000000000000e-01 9.251792830146970048e-04 1.213984235637185962e-03 3.188508876631516672e-04 4.277833022216383338e-04
3.000000000000000000e+00 1.280000000000000000e+02 5.000000000000000000e-01 9.297528027362691105e-04 1.233808390556973781e-03 3.348820070927960735e-04 4.308347169647269020e-04
4.000000000000000000e+00 6.250000000000000000e-02 5.000000000000000000e-01 2.745663165134697332e-03 8.516785237948595877e-02 3.597289492468565969e-04 1.605285214915847525e-01
4.000000000000000000e+00 1.250000000000000000e-01 5.000000000000000000e-01 1.397943370413541218e-03 3.404457143599255806e-03 1.159825544952804090e-04 2.808316403600930825e-03
4.000000000000000000e+00 2.500000000000000000e-01 5.000000000000000000e-01 6.938463175446328655e-04 8.107150724865257261e-04 1.039955769706451530e-04 1.128000659678683385e-04
4.000000000000000000e+00 5.000000000000000000e-01 5.000000000000000000e-01 1.326610716410996376e-04 1.647962330462686832e-04 1.583759392647710230e-05 2.005962811315969196e-05
4.000000000000000000e+00 1.000000000000000000e+00 5.000000000000000000e-01 1.495537606768922395e-04 2.029909669814631971e-04 4.531619287353573711e-05 6.116525448333242536e-05
4.000000000000000000e+00 2.000000000000000000e+00 5.000000000000000000e-01 3.010584208488497368e-04 4.383246997915797995e-04 1.709210103081362472e-04 2.455735071032896051e-04
4.000000000000000000e+00 4.000000000000000000e+00 5.000000000000000000e-01 4.371931312438994831e-04 6.453093306895583622e-04 2.980356806894007208e-04 4.325213245609690850e-04
4.000000000000000000e+00 8.000000000000000000e+00 5.000000000000000000e-01 5.268371193897337197e-04 7.684822200784159054e-04 2.729022589355993046e-04 3.929845694992453189e-04
4.000000000000000000e+00 1.600000000000000000e+01 5.000000000000000000e-01 5.812502937430053494e-04 8.447329318701987926e-04 3.029891176606272626e-04 4.063690375187227325e-04
4.000000000000000000e+00 3.200000000000000000e+01 5.000000000000000000e-01 5.946875330361403936e-04 8.997063764656917451e-04 2.218995697610535609e-04 3.357477700464816129e-04
4.000000000000000000e+00 6.400000000000000000e+01 5.000000000000000000e-01 6.916896476379547640e-04 1.020954823368413296e-03 3.096558425390642756e-04 4.394260119079219451e-04
4.000000000000000000e+00 1.280000000000000000e+02 5.000000000000000000e-01 7.344824152128220842e-04 1.102106750417379544e-03 2.241067922075859204e-04 2.916253846006840373e-04
5.000000000000000000e+00 6.250000000000000000e-02 5.000000000000000000e-01 2.572158220684802200e-03 3.488759887335575460e-02 1.961868357090561514e-04 3.871801895622140749e-02
5.000000000000000000e+00 1.250000000000000000e-01 5.000000000000000000e-01 1.389360725753691593e-03 3.878587254319330099e-03 5.110327518415868541e-05 3.379826991894689919e-03
5.000000000000000000e+00 2.500000000000000000e-01 5.000000000000000000e-01 6.794933849849115522e-04 9.469231004566279475e-04 7.260183097806247499e-05 2.847140392066853007e-04
5.000000000000000000e+00 5.000000000000000000e-01 5.000000000000000000e-01 1.212015128950714326e-04 1.735331486573481977e-04 3.123250101224585241e-05 4.984744564861633614e-05
5.000000000000000000e+00 1.000000000000000000e+00 5.000000000000000000e-01 1.036347267194263395e-04 1.539243726473188715e-04 2.369665462124326117e-05 3.728871616388005662e-05
5.000000000000000000e+00 2.000000000000000000e+00 5.000000000000000000e-01 1.801705027197981947e-04 3.102296226377194055e-04 1.852619471791937884e-04 3.136466273698158185e-04
5.000000000000000000e+00 4.000000000000000000e+00 5.000000000000000000e-01 2.183969197259238526e-04 3.746799165919646496e-04 2.068622982867005010e-04 3.373416401094083577e-04
5.000000000000000000e+00 8.000000000000000000e+00 5.000000000000000000e-01 3.086689476526524286e-04 5.371781287585527826e-04 2.063066340609541450e-04 3.455354164786177107e-04
5.000000000000000000e+00 1.600000000000000000e+01 5.000000000000000000e-01 3.624740784799114794e-04 6.451205689693166514e-04 1.904890855469891552e-04 3.540263628645119991e-04
5.000000000000000000e+00 3.200000000000000000e+01 5.000000000000000000e-01 3.660214877169392202e-04 6.414367243564526432e-04 1.654939224390816440e-04 2.968172848282054558e-04
5.000000000000000000e+00 6.400000000000000000e+01 5.000000000000000000e-01 3.999192102096465551e-04 7.038867670527947920e-04 2.197447119980301298e-04 3.636417392925822816e-04
5.000000000000000000e+00 1.280000000000000000e+02 5.000000000000000000e-01 4.901766045293164077e-04 8.307511681907422734e-04 1.785121957715396599e-04 3.000925647097363964e-04
