1.000000000000000000e+00 6.250000000000000000e-02 0.000000000000000000e+00 3.988864765862438523e-03 4.570713922569629752e-03 4.512192746965217049e-04 7.941269793521996308e-04
1.000000000000000000e+00 1.250000000000000000e-01 0.000000000000000000e+00 2.763525271890530238e-03 3.970458976344837070e-03 7.217797250811372510e-04 2.937217132122655911e-03
1.000000000000000000e+00 2.500000000000000000e-01 0.000000000000000000e+00 1.444380404904457068e-03 1.704624771142625086e-03 4.521857029945842792e-04 4.883939027640499817e-04
1.000000000000000000e+00 5.000000000000000000e-01 0.000000000000000000e+00 2.904690237046857432e-04 3.626201309705276302e-04 2.295610695537214586e-04 2.752095269409625985e-04
1.000000000000000000e+00 1.000000000000000000e+00 0.000000000000000000e+00 1.102900592429024160e-04 1.426010025788407450e-04 6.826879323831634521e-05 9.096325167079539922e-05
1.000000000000000000e+00 2.000000000000000000e+00 0.000000000000000000e+00 8.479640818489264415e-05 1.134389139900742247e-04 5.524735471272864638e-05 7.211989262849254328e-05
1.000000000000000000e+00 4.000000000000000000e+00 0.000000000000000000e+00 8.047212665898364646e-05 1.073168429071587988e-04 4.738396021864806675e-05 6.294273751271604032e-05
1.000000000000000000e+00 8.000000000000000000e+00 0.000000000000000000e+00 1.125984039427815897e-04 1.570940396188991552e-04 5.745863117462481100e-05 8.083972864402271202e-05
1.000000000000000000e+00 1.600000000000000000e+01 0.000000000000000000e+00 1.062519764103371826e-04 1.429268439432710141e-04 4.165693438174164612e-05 5.338518396287560434e-05
1.000000000000000000e+00 3.200000000000000000e+01 0.000000000000000000e+00 1.069962084251807366e-04 1.432322353571828532e-04 4.281198771457693736e-05 4.805289890784373614e-05
1.000000000000000000e+00 6.400000000000000000e+01 0.000000000000000000e+00 1.091913300451002097e-04 1.563182326728095300e-04 5.425253322260164732e-05 8.009842751618033907e-05
1.000000000000000000e+00 1.280000000000000000e+02 0.000000000000000000e+00 1.067931111981245936e-04 1.488922062437089569e-04 5.279105846147421743e-05 6.727912837240977945e-05
2.000000000000000000e+00 6.250000000000000000e-02 5.000000000000000000e-01 3.471358455712566550e-03 5.877580904795095054e-03 5.007972662076963857e-04 2.832811388484666494e-03
2.000000000000000000e+00 1.250000000000000000e-01 5.000000000000000000e-01 1.973685688576010209e-03 2.374888353284762034e-03 1.628590996708785185e-04 1.966225419730504795e-04
2.000000000000000000e+00 2.500000000000000000e-01 5.000000000000000000e-01 7.092756751110674066e-04 8.924665224171195090e-04 2.895227880229248106e-04 3.350098229277208035e-04
2.000000000000000000e+00 5.000000000000000000e-01 5.000000000000000000e-01 8.523626828498002863e-05 1.049093749905505822e-04 5.748197822690138617e-05 6.819608732654784396e-05
2.000000000000000000e+00 1.000000000000000000e+00 5.000000000000000000e-01 7.697853010045730494e-06 1.048125363211876277e-05 4.696598023946451941e-06 5.970242390968630308e-06
2.000000000000000000e+00 2.000000000000000000e+00 5.000000000000000000e-01 3.819621306159762086e-06 6.064704503126542129e-06 2.033171108294023860e-06 3.228019660714070804e-06
2.000000000000000000e+00 4.000000000000000000e+00 5.000000000000000000e-01 2.907795801062791234e-06 4.451206118790859634e-06 1.234775350197866648e-06 1.761686741664793681e-06
2.000000000000000000e+00 8.000000000000000000e+00 5.000000000000000000e-01 3.318757896969828205e-06 5.200623013377586286e-06 2.066189683657147394e-06 3.308835090846398101e-06
2.000000000000000000e+00 1.600000000000000000e+01 5.000000000000000000e-01 2.859100862753395813e-06 4.353593225442053375e-06 1.282401459751254585e-06 1.619094519701455733e-06
2.000000000000000000e+00 3.200000000000000000e+01 5.000000000000000000e-01 2.539960762667699554e-06 3.873479324730857525e-06 9.846300719745584054e-07 1.390678481691963084e-06
2.000000000000000000e+00 6.400000000000000000e+01 5.000000000000000000e-01 2.502142045008212081e-06 3.880497695013184229e-06 5.122135119314457456e-07 7.888788130819120988e-07
2.000000000000000000e+00 1.280000000000000000e+02 5.000000000000000000e-01 2.734126262482984094e-06 4.303417504110145758e-06 6.652472885044108865e-07 1.070686631060929696e-06
3.000000000000000000e+00 6.250000000000000000e-02 5.000000000000000000e-01 1.443133221744908549e-03 8.465882979843729686e-03 1.292968062204978227e-04 1.110796311255941859e-02
3.000000000000000000e+00 1.250000000000000000e-01 5.000000000000000000e-01 8.622161377296611853e-04 1.986934842028496503e-03 1.467060989252554125e-04 1.438974847924738218e-03
3.000000000000000000e+00 2.500000000000000000e-01 5.000000000000000000e-01 4.064263887963026492e-04 5.810810083882996056e-04 5.984805105864730743e-05 2.183293277583643025e-04
3.000000000000000000e+00 5.000000000000000000e-01 5.000000000000000000e-01 5.101132336627363492e-05 6.649294260216496825e-05 3.018940137071409182e-05 4.011471964805769390e-05
3.000000000000000000e+00 1.000000000000000000e+00 5.000000000000000000e-01 3.802682072049396639e-06 5.243176787141172243e-06 6.426155286710049288e-06 8.527258108229671024e-06
3.000000000000000000e+00 2.000000000000000000e+00 5.000000000000000000e-01 1.055521533130108463e-06 1.687714467728027592e-06 6.201613793294157607e-07 9.745272372061044653e-07
3.000000000000000000e+00 4.000000000000000000e+00 5.000000000000000000e-01 9.364712701091440286e-07 1.577733919960924635e-06 4.860247900173016194e-07 7.194538889970588625e-07
3.000000000000000000e+00 8.000000000000000000e+00 5.000000000000000000e-01 7.199084970158091219e-07 1.297553719486283957e-06 2.061548690352428009e-07 3.993528895710896080e-07
3.000000000000000000e+00 1.600000000000000000e+01 5.000000000000000000e-01 8.563385798459019837e-07 1.480009011483299200e-06 4.361514082564106077e-07 7.475342450924800803e-07
3.000000000000000000e+00 3.200000000000000000e+01 5.000000000000000000e-01 7.799827578388522723e-07 1.340437687061273865e-06 2.304280946076956889e-07 3.627977420022650796e-07
3.000000000000000000e+00 6.400000000000000000e+01 5.000000000000000000e-01 7.393102563983069695e-07 1.322556627751878906e-06 2.207672121311927069e-07 4.030042075714614815e-07
3.000000000000000000e+00 1.280000000000000000e+02 5.000000000000000000e-01 7.227846752436815146e-07 1.267088232386139654e-06 2.120602590062499592e-07 3.620937744607337386e-07
4.000000000000000000e+00 6.250000000000000000e-02 5.000000000000000000e-01 1.235707884666512740e-03 2.933233691628347843e-03 1.808475517339712933e-04 1.655277841714693525e-03
4.000000000000000000e+00 1.250000000000000000e-01 5.000000000000000000e-01 7.167331252730677407e-04 6.165208199199564976e-03 8.219749482673000516e-05 9.210874540518977638e-03
4.000000000000000000e+00 2.500000000000000000e-01 5.000000000000000000e-01 3.455932827275896000e-04 4.829305955661437780e-04 5.172166982883797992e-05 9.666961353701700047e-05
4.000000000000000000e+00 5.000000000000000000e-01 5.000000000000000000e-01 2.401454899390812473e-05 3.313687277940037632e-05 1.369335702969434332e-05 1.878218001173701009e-05
4.000000000000000000e+00 1.000000000000000000e+00 5.000000000000000000e-01 7.136721700536006627e-07 1.150530973311639782e-06 4.267825395264901758e-07 7.053616321400250301e-07
4.000000000000000000e+00 2.000000000000000000e+00 5.000000000000000000e-01 3.252993707693081706e-07 6.052862571159979497e-07 1.814021958346077329e-07 3.383751172242099504e-07
4.000000000000000000e+00 4.000000000000000000e+00 5.000000000000000000e-01 2.934876870595605413e-07 6.119402755026274491e-07 7.846930303673364845e-08 1.515649240956654990e-07
4.000000000000000000e+00 8.000000000000000000e+00 5.000000000000000000e-01 2.800754574874038692e-07 5.717984642889568312e-07 9.812726439211033880e-08 1.648623896610658503e-07
4.000000000000000000e+00 1.600000000000000000e+01 5.000000000000000000e-01 2.814288010059741675e-07 5.922899499671036713e-07 7.815079751774387393e-08 1.612869067637345196e-07
4.000000000000000000e+00 3.200000000000000000e+01 5.000000000000000000e-01 2.626395464464147608e-07 5.303131598406004862e-07 7.669970174578582114e-08 1.481737144158901417e-07
4.000000000000000000e+00 6.400000000000000000e+01 5.000000000000000000e-01 2.103422765271411746e-07 4.508422394883239188e-07 4.880599359738230922e-08 1.050882296441778254e-07
4.000000000000000000e+00 1.280000000000000000e+02 5.000000000000000000e-01 2.482339196112206905e-07 5.140680135244634138e-07 7.061803968131402159e-08 1.360633905137388009e-07
5.000000000000000000e+00 6.250000000000000000e-02 5.000000000000000000e-01 1.166753616234200795e-03 2.224647053387374812e-02 1.099595546557118308e-04 3.791663859291175692e-02
5.000000000000000000e+00 1.250000000000000000e-01 5.000000000000000000e-01 6.639824512655283359e-04 4.143362317781573885e-03 4.184450632354164785e-05 3.580002849467398864e-03
5.000000000000000000e+00 2.500000000000000000e-01 5.000000000000000000e-01 3.468808942930311071e-04 1.479396550915464733e-03 3.030365842437800203e-05 2.404503320556967364e-03
5.000000000000000000e+00 5.000000000000000000e-01 5.000000000000000000e-01 2.037120266037547594e-05 3.210514214918731011e-05 7.943888161841190131e-06 1.268055077254737548e-05
5.000000000000000000e+00 1.000000000000000000e+00 5.000000000000000000e-01 4.891937476327683284e-07 8.471000693598562771e-07 2.077434014416478044e-07 3.689540556955806213e-07
5.000000000000000000e+00 2.000000000000000000e+00 5.000000000000000000e-01 2.395163223184370757e-07 4.894414172131447493e-07 1.196051983340122970e-07 2.416903356267655100e-07
5.000000000000000000e+00 4.000000000000000000e+00 5.000000000000000000e-01 1.557955920387724864e-07 3.864549591513188481e-07 4.511273934239373396e-08 1.176504093551098010e-07
5.000000000000000000e+00 8.000000000000000000e+00 5.000000000000000000e-01 1.454907599740751457e-07 3.369896371453437686e-07 4.015261276633897481e-08 9.836254387846275524e-08
5.000000000000000000e+00 1.600000000000000000e+01 5.000000000000000000e-01 1.499776028384232083e-07 3.471976231210394651e-07 4.114780820230183917e-08 8.310185591878123242e-08
5.000000000000000000e+00 3.200000000000000000e+01 5.000000000000000000e-01 1.312356854713554852e-07 3.163187561237359527e-07 4.415276560098253482e-08 1.146615082947416311e-07
5.000000000000000000e+00 6.400000000000000000e+01 5.000000000000000000e-01 1.328172869725108158e-07 3.139103063489286397e-07 2.971210434696226620e-08 7.088025798513958079e-08
5.000000000000000000e+00 1.280000000000000000e+02 5.000000000000000000e-01 1.170039772101119250e-07 2.845856318813619382e-07 3.035505717036454183e-08 7.194387189309316372e-08
