1.000000000000000000e+00 6.250000000000000000e-02 6.999999999999999556e-01 5.406330783080710509e-03 7.339557352379155394e-03 3.605860838432260480e-03 7.129061285554517437e-03
1.000000000000000000e+00 1.250000000000000000e-01 6.999999999999999556e-01 3.041383096959538422e-03 3.918286579390130482e-03 1.988433500730983107e-03 3.495651168948395431e-03
1.000000000000000000e+00 2.500000000000000000e-01 6.999999999999999556e-01 1.316350855633252170e-03 1.382512764012246934e-03 2.165743930160216946e-04 2.262620636109888956e-04
1.000000000000000000e+00 5.000000000000000000e-01 6.999999999999999556e-01 4.743422975221485123e-04 5.435913853773369827e-04 2.362901869337672421e-04 2.573519461768455419e-04
1.000000000000000000e+00 1.000000000000000000e+00 6.999999999999999556e-01 7.256289470868821983e-04 8.844174787110617572e-04 4.642543526551633627e-04 5.711243017850203699e-04
1.000000000000000000e+00 2.000000000000000000e+00 6.999999999999999556e-01 1.509475515596870676e-03 1.861085146146903343e-03 9.387079530638291333e-04 1.155793811834402666e-03
1.000000000000000000e+00 4.000000000000000000e+00 6.999999999999999556e-01 1.555688091739539309e-03 1.932662382679495002e-03 6.265373380266364483e-04 7.961633294685812288e-04
1.000000000000000000e+00 8.000000000000000000e+00 6.999999999999999556e-01 1.743879377298970107e-03 2.167153178488138553e-03 5.275107307630523068e-04 6.432486463613891264e-04
1.000000000000000000e+00 1.600000000000000000e+01 6.999999999999999556e-01 1.771724524888414112e-03 2.155167929987002271e-03 5.781770182358794176e-04 6.682034606956896309e-04
1.000000000000000000e+00 3.200000000000000000e+01 6.999999999999999556e-01 1.868045871106903660e-03 2.346182741245328180e-03 3.715643175015924090e-04 4.779224639353832566e-04
1.000000000000000000e+00 6.400000000000000000e+01 6.999999999999999556e-01 2.114088278144730850e-03 2.586657661034204823e-03 3.705850724143738037e-04 4.200337407259666154e-04
1.000000000000000000e+00 1.280000000000000000e+02 6.999999999999999556e-01 2.035843899529369248e-03 2.477182397983133944e-03 3.631675573996881608e-04 4.113594876585295818e-04
1.000000000000000000e+00 2.560000000000000000e+02 6.999999999999999556e-01 1.954288240649124965e-03 2.364902992703684769e-03 2.473665565707276596e-04 3.192002650788954726e-04
1.000000000000000000e+00 5.120000000000000000e+02 6.999999999999999556e-01 2.308307827117468593e-03 2.830682268982859587e-03 2.790918908676429762e-04 3.475108632125091610e-04
1.000000000000000000e+00 1.024000000000000000e+03 6.999999999999999556e-01 2.121087290730169772e-03 2.560587508234562094e-03 1.361066089500856835e-04 1.704159690380699615e-04
2.000000000000000000e+00 6.250000000000000000e-02 6.999999999999999556e-01 5.104371319791738137e-02 1.751172580055558314e-01 7.944730681554920682e-02 3.469956379521995093e-01
2.000000000000000000e+00 1.250000000000000000e-01 6.999999999999999556e-01 2.799759286100139428e-03 4.220414814030343589e-03 2.195934527339884947e-03 4.538825231895761078e-03
2.000000000000000000e+00 2.500000000000000000e-01 6.999999999999999556e-01 1.043170711995623431e-03 1.105215994794624384e-03 1.184805338295930288e-04 1.262175615588456766e-04
2.000000000000000000e+00 5.000000000000000000e-01 6.999999999999999556e-01 1.629312330408586940e-04 1.994260987820177468e-04 3.802063697069268819e-05 4.636353234455363475e-05
2.000000000000000000e+00 1.000000000000000000e+00 6.999999999999999556e-01 9.435918630244005049e-05 1.251282772139726009e-04 2.803964718916956921e-05 3.717142931602786444e-05
2.000000000000000000e+00 2.000000000000000000e+00 6.999999999999999556e-01 8.551449680717594572e-05 1.288509439949422073e-04 3.723663378005543528e-05 5.899174856104959035e-05
2.000000000000000000e+00 4.000000000000000000e+00 6.999999999999999556e-01 8.493323041256203095e-05 1.269237830520501267e-04 3.332262342427352593e-05 5.421587669694266442e-05
2.000000000000000000e+00 8.000000000000000000e+00 6.999999999999999556e-01 9.187968272112985273e-05 1.398419138509486950e-04 2.447303346613624884e-05 4.337139412408662668e-05
2.000000000000000000e+00 1.600000000000000000e+01 6.999999999999999556e-01 8.608618019767201232e-05 1.271304960113685452e-04 1.679278948977326724e-05 2.495579067470727404e-05
2.000000000000000000e+00 3.200000000000000000e+01 6.999999999999999556e-01 1.016378611301211113e-04 1.553124332394759306e-04 2.815461910255103286e-05 4.127472518051586171e-05
2.000000000000000000e+00 6.400000000000000000e+01 6.999999999999999556e-01 1.145585722839242797e-04 1.713330570128433067e-04 3.331474707646432377e-05 5.202363788537316412e-05
2.000000000000000000e+00 1.280000000000000000e+02 6.999999999999999556e-01 1.205868408195001125e-04 1.829987668098132902e-04 2.457912279265507871e-05 3.882085780741396572e-05
2.000000000000000000e+00 2.560000000000000000e+02 6.999999999999999556e-01 1.224803539684669298e-04 1.834027054029856879e-04 1.833603648860536564e-05 2.477718474365644201e-05
2.000000000000000000e+00 5.120000000000000000e+02 6.999999999999999556e-01 1.122044924868102696e-04 1.758467021204113275e-04 1.336959983823672910e-05 2.286338507261932040e-05
2.000000000000000000e+00 1.024000000000000000e+03 6.999999999999999556e-01 1.404650255586805427e-04 2.121846466584392799e-04 4.328503472291374965e-05 5.932905637517719831e-05
3.000000000000000000e+00 6.250000000000000000e-02 6.999999999999999556e-01 1.093973357837068505e+00 6.230959335262054033e-01 3.004942105063796998e+00 1.112651704948211417e+00
3.000000000000000000e+00 1.250000000000000000e-01 6.999999999999999556e-01 6.371638470806979988e-03 1.584349140310115436e-02 7.097530281597533817e-03 2.369868306123402296e-02
3.000000000000000000e+00 2.500000000000000000e-01 6.999999999999999556e-01 9.211451951233248911e-04 1.025940325926059070e-03 1.650546257761967663e-04 1.814465486006289923e-04
3.000000000000000000e+00 5.000000000000000000e-01 6.999999999999999556e-01 9.930908842021295851e-05 1.255088851606306702e-04 5.278153979160088460e-05 6.341263635401908909e-05
3.000000000000000000e+00 1.000000000000000000e+00 6.999999999999999556e-01 3.412026254963170581e-05 5.002324318827379099e-05 8.377159891236257296e-06 1.386963711900632969e-05
3.000000000000000000e+00 2.000000000000000000e+00 6.999999999999999556e-01 3.440955579565414476e-05 5.882915813174327714e-05 1.654923652770167101e-05 2.977998708861700428e-05
3.000000000000000000e+00 4.000000000000000000e+00 6.999999999999999556e-01 3.602158617568592509e-05 6.191698413733088136e-05 1.266496552069051496e-05 2.188661443869080776e-05
3.000000000000000000e+00 8.000000000000000000e+00 6.999999999999999556e-01 3.845117659507626463e-05 6.969047902355089274e-05 7.155214939284119198e-06 1.598714629806824526e-05
3.000000000000000000e+00 1.600000000000000000e+01 6.999999999999999556e-01 3.803895639316486315e-05 6.646323860079141792e-05 8.037342596109853441e-06 1.637576532496888031e-05
3.000000000000000000e+00 3.200000000000000000e+01 6.999999999999999556e-01 4.633378905104239178e-05 7.824713730386484976e-05 1.464870765301945947e-05 2.294534711702662146e-05
3.000000000000000000e+00 6.400000000000000000e+01 6.999999999999999556e-01 4.843023030365001350e-05 8.679539421706380323e-05 7.174069378945991109e-06 1.598763650988553760e-05
3.000000000000000000e+00 1.280000000000000000e+02 6.999999999999999556e-01 5.009197644647836640e-05 8.880543421726751685e-05 1.104109215418640841e-05 1.937729412459388977e-05
3.000000000000000000e+00 2.560000000000000000e+02 6.999999999999999556e-01 4.838610072767735249e-05 8.567421250748779628e-05 9.807262759359852851e-06 1.622443412776341032e-05
3.000000000000000000e+00 5.120000000000000000e+02 6.999999999999999556e-01 4.706303708591255393e-05 8.418059688576665339e-05 7.922881816153308821e-06 1.240398494104579617e-05
3.000000000000000000e+00 1.024000000000000000e+03 6.999999999999999556e-01 5.144557273185932034e-05 9.270637928566873920e-05 7.942836751664084430e-06 1.331169935292892594e-05
4.000000000000000000e+00 6.250000000000000000e-02 6.999999999999999556e-01 2.058190829425385893e-01 2.653914722051193387e+00 3.334669471985454159e-01 5.935429498801854997e+00
4.000000000000000000e+00 1.250000000000000000e-01 6.999999999999999556e-01 7.521499868080222355e-03 2.185387020806923292e-02 1.368174798907811213e-02 4.457360595534100300e-02
4.000000000000000000e+00 2.500000000000000000e-01 6.999999999999999556e-01 7.667108696310876098e-04 8.914732975568894413e-04 1.049070763663905912e-04 1.001335753940769063e-04
4.000000000000000000e+00 5.000000000000000000e-01 6.999999999999999556e-01 5.861813192624073816e-05 7.676556359165232510e-05 1.067968199507638841e-05 1.486409081070145427e-05
4.000000000000000000e+00 1.000000000000000000e+00 6.999999999999999556e-01 1.233164516198709455e-05 1.945903822397671942e-05 3.228148621527954086e-06 5.215920184694444893e-06
4.000000000000000000e+00 2.000000000000000000e+00 6.999999999999999556e-01 1.236421852029323897e-05 2.271507884420647478e-05 6.231127765951637458e-06 1.250348132785759665e-05
4.000000000000000000e+00 4.000000000000000000e+00 6.999999999999999556e-01 1.305365688550522576e-05 2.544365241779034833e-05 5.783751639507149981e-06 1.114893482592859344e-05
4.000000000000000000e+00 8.000000000000000000e+00 6.999999999999999556e-01 1.479831442138793257e-05 2.828148570395429918e-05 5.488952249129616567e-06 1.035821152961799777e-05
4.000000000000000000e+00 1.600000000000000000e+01 6.999999999999999556e-01 1.772186170517122262e-05 3.697847724162613863e-05 6.730632839647199022e-06 1.677126204514042463e-05
4.000000000000000000e+00 3.200000000000000000e+01 6.999999999999999556e-01 2.011679934600623437e-05 3.929435510386166004e-05 5.429050003472268557e-06 1.085745459366355095e-05
4.000000000000000000e+00 6.400000000000000000e+01 6.999999999999999556e-01 2.032191464233216286e-05 4.079699044535777571e-05 4.427316974896620695e-06 1.004063641313363544e-05
4.000000000000000000e+00 1.280000000000000000e+02 6.999999999999999556e-01 2.361247124354224556e-05 4.628836666174908013e-05 7.496362302741311978e-06 1.571098100059915438e-05
4.000000000000000000e+00 2.560000000000000000e+02 6.999999999999999556e-01 2.377347087424118704e-05 4.736204096195394684e-05 6.350495152126641383e-06 1.406933441944064659e-05
4.000000000000000000e+00 5.120000000000000000e+02 6.999999999999999556e-01 2.307970425370619799e-05 4.552679438840368111e-05 2.925550735002944824e-06 6.662801525664878828e-06
4.000000000000000000e+00 1.024000000000000000e+03 6.999999999999999556e-01 2.514028453089364780e-05 5.206858280843621280e-05 3.730001548379198835e-06 7.166179579471499863e-06
5.000000000000000000e+00 6.250000000000000000e-02 6.999999999999999556e-01 1.473969399995335383e+00 2.801022401437120557e+00 2.878829881850777372e+00 4.529079474915752357e+00
5.000000000000000000e+00 1.250000000000000000e-01 6.999999999999999556e-01 3.821567955622525575e-02 1.235503560787391403e-01 5.847567169699668249e-02 2.040883752098753834e-01
5.000000000000000000e+00 2.500000000000000000e-01 6.999999999999999556e-01 3.289364883056614727e-03 7.848454363516698881e-03 6.046514054922542437e-03 1.827075963936712968e-02
5.000000000000000000e+00 5.000000000000000000e-01 6.999999999999999556e-01 5.666755056488103709e-05 7.893107563705596534e-05 2.563931813097108326e-05 3.550202598962899403e-05
5.000000000000000000e+00 1.000000000000000000e+00 6.999999999999999556e-01 9.796207242329602673e-06 1.639921057295402873e-05 6.064969062383201263e-06 9.801150076710261715e-06
5.000000000000000000e+00 2.000000000000000000e+00 6.999999999999999556e-01 7.457441282149238303e-06 1.480750211007949270e-05 3.538840590092991902e-06 7.186164225542363715e-06
5.000000000000000000e+00 4.000000000000000000e+00 6.999999999999999556e-01 8.137523598270977553e-06 1.664657525021986752e-05 4.929020122849434802e-06 1.056388717987077354e-05
5.000000000000000000e+00 8.000000000000000000e+00 6.999999999999999556e-01 9.021330821102395507e-06 1.979046838129096180e-05 3.538630389039855340e-06 8.087274843843614283e-06
5.000000000000000000e+00 1.600000000000000000e+01 6.999999999999999556e-01 1.012546423842869349e-05 2.300385464528234976e-05 4.285511745703147065e-06 1.052664952041892576e-05
5.000000000000000000e+00 3.200000000000000000e+01 6.999999999999999556e-01 1.010643525404969511e-05 2.314384814776321869e-05 2.719070363812681210e-06 6.444347138844775571e-06
5.000000000000000000e+00 6.400000000000000000e+01 6.999999999999999556e-01 1.146178483212267931e-05 2.645012271883201660e-05 2.665877312956511568e-06 6.174651484646894436e-06
5.000000000000000000e+00 1.280000000000000000e+02 6.999999999999999556e-01 1.253891032294488081e-05 3.033974229294636018e-05 2.854434009597055057e-06 7.948982752479943846e-06
5.000000000000000000e+00 2.560000000000000000e+02 6.999999999999999556e-01 1.152243985855528892e-05 2.703738593814505113e-05 1.710487610165592954e-06 3.948622164949445284e-06
5.000000000000000000e+00 5.120000000000000000e+02 6.999999999999999556e-01 1.287651599598414893e-05 3.043699863937059382e-05 2.195070650316059336e-06 5.399897882527299509e-06
5.000000000000000000e+00 1.024000000000000000e+03 6.999999999999999556e-01 1.285916400765326827e-05 3.003653183909742180e-05 1.901275336534244020e-06 4.004497648195135523e-06
