1.000000000000000000e+00 6.250000000000000000e-02 0.000000000000000000e+00 3.988864765862438523e-03 4.570713922569629752e-03 4.512192746965217049e-04 7.941269793521996308e-04
1.000000000000000000e+00 1.250000000000000000e-01 0.000000000000000000e+00 2.763525271890530238e-03 3.970458976344837070e-03 7.217797250811372510e-04 2.937217132122655911e-03
1.000000000000000000e+00 2.500000000000000000e-01 0.000000000000000000e+00 1.444380404904457068e-03 1.704624771142625086e-03 4.521857029945842792e-04 4.883939027640499817e-04
1.000000000000000000e+00 5.000000000000000000e-01 0.000000000000000000e+00 2.904690237046857432e-04 3.626201309705276302e-04 2.295610695537214586e-04 2.752095269409625985e-04
1.000000000000000000e+00 1.000000000000000000e+00 0.000000000000000000e+00 1.102900592429024160e-04 1.426010025788407450e-04 6.826879323831634521e-05 9.096325167079539922e-05
1.000000000000000000e+00 2.000000000000000000e+00 0.000000000000000000e+00 8.479640818489264415e-05 1.134389139900742247e-04 5.524735471272864638e-05 7.211989262849254328e-05
1.000000000000000000e+00 4.000000000000000000e+00 0.000000000000000000e+00 8.047212665898364646e-05 1.073168429071587988e-04 4.738396021864806675e-05 6.294273751271604032e-05
1.000000000000000000e+00 8.000000000000000000e+00 0.000000000000000000e+00 1.125984039427815897e-04 1.570940396188991552e-04 5.745863117462481100e-05 8.083972864402271202e-05
1.000000000000000000e+00 1.600000000000000000e+01 0.000000000000000000e+00 1.062519764103371826e-04 1.429268439432710141e-04 4.165693438174164612e-05 5.338518396287560434e-05
1.000000000000000000e+00 3.200000000000000000e+01 0.000000000000000000e+00 1.069962084251807366e-04 1.432322353571828532e-04 4.281198771457693736e-05 4.805289890784373614e-05
1.000000000000000000e+00 6.400000000000000000e+01 0.000000000000000000e+00 1.091913300451002097e-04 1.563182326728095300e-04 5.425253322260164732e-05 8.009842751618033907e-05
1.000000000000000000e+00 1.280000000000000000e+02 0.000000000000000000e+00 1.067931111981245936e-04 1.488922062437089569e-04 5.279105846147421743e-05 6.727912837240977945e-05
2.000000000000000000e+00 6.250000000000000000e-02 0.000000000000000000e+00 3.531543156974796711e-03 5.337630625813181984e-03 4.238709957472662905e-04 1.834443805646095030e-03
2.000000000000000000e+00 1.250000000000000000e-01 0.000000000000000000e+00 2.292156532900723603e-03 2.535125838991965364e-03 1.705455635623292642e-04 4.564450766935425059e-04
2.000000000000000000e+00 2.500000000000000000e-01 0.000000000000000000e+00 1.076820132847740438e-03 1.313247225255384466e-03 2.571398829122205809e-04 4.010712876136808330e-04
2.000000000000000000e+00 5.000000000000000000e-01 0.000000000000000000e+00 1.078019644976767463e-04 1.177904553705869773e-04 8.391743898834055481e-05 9.480050844575442579e-05
2.000000000000000000e+00 1.000000000000000000e+00 0.000000000000000000e+00 2.680306524198161429e-05 3.281864316711799668e-05 1.831515483148338534e-05 2.094033571906677980e-05
2.000000000000000000e+00 2.000000000000000000e+00 0.000000000000000000e+00 2.756940230167824430e-05 3.569779868287519415e-05 1.448055846096214683e-05 1.758290654992307001e-05
2.000000000000000000e+00 4.000000000000000000e+00 0.000000000000000000e+00 2.039582735090049760e-05 2.661589121811237894e-05 7.983711144412486497e-06 9.833159723245892654e-06
2.000000000000000000e+00 8.000000000000000000e+00 0.000000000000000000e+00 2.098155069171659068e-05 2.833568244586017739e-05 1.031724009344456243e-05 1.493624457635860172e-05
2.000000000000000000e+00 1.600000000000000000e+01 0.000000000000000000e+00 2.361224334093927054e-05 3.104866263099332051e-05 7.377381470444728503e-06 1.014653427516815816e-05
2.000000000000000000e+00 3.200000000000000000e+01 0.000000000000000000e+00 2.005761560861085211e-05 2.648079540613636920e-05 6.058002328055647772e-06 8.123119471389920820e-06
2.000000000000000000e+00 6.400000000000000000e+01 0.000000000000000000e+00 2.111662445419034139e-05 2.924931525207871171e-05 4.481343565778575043e-06 6.433294960553804775e-06
2.000000000000000000e+00 1.280000000000000000e+02 0.000000000000000000e+00 2.292685413862814619e-05 3.148161749595029970e-05 3.799502925505070207e-06 5.584100373433253128e-06
3.000000000000000000e+00 6.250000000000000000e-02 0.000000000000000000e+00 3.436800726145133877e-03 3.985228997156957387e-02 3.032051449053411660e-04 1.003846588665532058e-01
3.000000000000000000e+00 1.250000000000000000e-01 0.000000000000000000e+00 2.137300399105849895e-03 3.316729195722920541e-03 1.407267012535449861e-04 1.183150100257136361e-03
3.000000000000000000e+00 2.500000000000000000e-01 0.000000000000000000e+00 7.648133108803781190e-04 9.915728510414968493e-04 1.710132279408179377e-04 4.353939643348166003e-04
3.000000000000000000e+00 5.000000000000000000e-01 0.000000000000000000e+00 5.246093776270112629e-05 6.359850672493980975e-05 3.122865254131222418e-05 4.885199988991671742e-05
3.000000000000000000e+00 1.000000000000000000e+00 0.000000000000000000e+00 7.163181768569723060e-06 9.115391050650079513e-06 8.990488657270712979e-06 1.152941835205915569e-05
3.000000000000000000e+00 2.000000000000000000e+00 0.000000000000000000e+00 5.030846532708315202e-06 7.225082903963358521e-06 2.405333618796826182e-06 3.331924690967355049e-06
3.000000000000000000e+00 4.000000000000000000e+00 0.000000000000000000e+00 6.140609546781379239e-06 9.438011958645125347e-06 2.892087084773697644e-06 4.618058459617833524e-06
3.000000000000000000e+00 8.000000000000000000e+00 0.000000000000000000e+00 5.885815201217583304e-06 8.887079747642827191e-06 2.374689387725020436e-06 3.610593054544844415e-06
3.000000000000000000e+00 1.600000000000000000e+01 0.000000000000000000e+00 6.340654105279204060e-06 9.690676661827336217e-06 3.059932501112818619e-06 4.818652691569999533e-06
3.000000000000000000e+00 3.200000000000000000e+01 0.000000000000000000e+00 7.016118311146087432e-06 1.070820932311074306e-05 2.441019124355215047e-06 4.051090556637281436e-06
3.000000000000000000e+00 6.400000000000000000e+01 0.000000000000000000e+00 6.756098540106676804e-06 1.113338333579454422e-05 1.818683797670199612e-06 3.409166905777004098e-06
3.000000000000000000e+00 1.280000000000000000e+02 0.000000000000000000e+00 6.839482664768996774e-06 1.085282215303494930e-05 2.060853604285404236e-06 3.459617787342567359e-06
4.000000000000000000e+00 6.250000000000000000e-02 0.000000000000000000e+00 3.070686042279889214e-03 1.488417637394126233e-02 3.804937116628272784e-04 2.270290422347458204e-02
4.000000000000000000e+00 1.250000000000000000e-01 0.000000000000000000e+00 1.974557044492001277e-03 7.676746537129032141e-03 1.735984911882810892e-04 1.039277422580086631e-02
4.000000000000000000e+00 2.500000000000000000e-01 0.000000000000000000e+00 6.554829638216640641e-04 8.328987180930292602e-04 2.020092006676576851e-04 2.712017413527921376e-04
4.000000000000000000e+00 5.000000000000000000e-01 0.000000000000000000e+00 2.603280221614926712e-05 3.096613725852987429e-05 1.453779104537964989e-05 1.714453342808088535e-05
4.000000000000000000e+00 1.000000000000000000e+00 0.000000000000000000e+00 2.268563184891412010e-06 3.160770474563431624e-06 1.457215824513516914e-06 2.169059607059449245e-06
4.000000000000000000e+00 2.000000000000000000e+00 0.000000000000000000e+00 2.362574931084864925e-06 3.991934747050027248e-06 2.070233967520149136e-06 3.500768092862965942e-06
4.000000000000000000e+00 4.000000000000000000e+00 0.000000000000000000e+00 2.745161637655565022e-06 4.648061169243072705e-06 6.327518383238308552e-07 1.238637037421499984e-06
4.000000000000000000e+00 8.000000000000000000e+00 0.000000000000000000e+00 2.613423213226518706e-06 4.673929486064561559e-06 4.808264552300390638e-07 7.455673000024032159e-07
4.000000000000000000e+00 1.600000000000000000e+01 0.000000000000000000e+00 2.889868283303651883e-06 5.286056800491497730e-06 6.026156264015613739e-07 1.153538947375747187e-06
4.000000000000000000e+00 3.200000000000000000e+01 0.000000000000000000e+00 2.983439635796676400e-06 5.500000798499604172e-06 7.475855614909864369e-07 1.323455753803764195e-06
4.000000000000000000e+00 6.400000000000000000e+01 0.000000000000000000e+00 2.629763672137923371e-06 4.721741487990845035e-06 7.517680258078043072e-07 1.173525741710471499e-06
4.000000000000000000e+00 1.280000000000000000e+02 0.000000000000000000e+00 2.866528387445575917e-06 5.183973593836399370e-06 5.868054230487217770e-07 1.250139111447849825e-06
5.000000000000000000e+00 6.250000000000000000e-02 0.000000000000000000e+00 2.950096816746409795e-03 1.036594693317206828e-01 1.859298120835970521e-04 2.226558810652579656e-01
5.000000000000000000e+00 1.250000000000000000e-01 0.000000000000000000e+00 1.964993233901633687e-03 6.157413542773973805e-03 7.819659105262603989e-05 4.269963204427091458e-03
5.000000000000000000e+00 2.500000000000000000e-01 0.000000000000000000e+00 6.570671302136130067e-04 2.155861201914199138e-03 1.117965224291621036e-04 2.580679776107809749e-03
5.000000000000000000e+00 5.000000000000000000e-01 0.000000000000000000e+00 2.176910228432289224e-05 2.876939681417671043e-05 9.257206356042389596e-06 1.198013411848447338e-05
5.000000000000000000e+00 1.000000000000000000e+00 0.000000000000000000e+00 1.467767677253728412e-06 2.455862349722324042e-06 7.266728265204941912e-07 1.286304423678004268e-06
5.000000000000000000e+00 2.000000000000000000e+00 0.000000000000000000e+00 1.621839923473966770e-06 3.128817651634779392e-06 9.812023112467449760e-07 2.116951935242355229e-06
5.000000000000000000e+00 4.000000000000000000e+00 0.000000000000000000e+00 1.542107212567970036e-06 3.132494928611619935e-06 7.237390813388334506e-07 1.471128721478394346e-06
5.000000000000000000e+00 8.000000000000000000e+00 0.000000000000000000e+00 1.571213971960042658e-06 3.266414581460631795e-06 5.430476540164063884e-07 1.150257823775100602e-06
5.000000000000000000e+00 1.600000000000000000e+01 0.000000000000000000e+00 1.653726607070425707e-06 3.340381208415498717e-06 4.931178809646903205e-07 9.948017604781336008e-07
5.000000000000000000e+00 3.200000000000000000e+01 0.000000000000000000e+00 1.585277034508731382e-06 3.422246887940226443e-06 6.434642464791319849e-07 1.383700433221005261e-06
5.000000000000000000e+00 6.400000000000000000e+01 0.000000000000000000e+00 1.636742054766407709e-06 3.630884138666274522e-06 3.548928835736202403e-07 8.991187021383461793e-07
5.000000000000000000e+00 1.280000000000000000e+02 0.000000000000000000e+00 1.442967474389257755e-06 3.025623859258409986e-06 4.146628149135423174e-07 9.300171736452354221e-07
