1.000000000000000000e+00 6.250000000000000000e-02 1.000000000000000056e-01 3.694171907967380101e-03 4.855426521469470395e-03 2.798367258441881891e-04 1.662828151954411603e-03
1.000000000000000000e+00 1.250000000000000000e-01 1.000000000000000056e-01 2.638359658967354485e-03 3.592469136615773859e-03 7.106208177669976964e-04 2.192005870793465021e-03
1.000000000000000000e+00 2.500000000000000000e-01 1.000000000000000056e-01 1.476034254554611964e-03 1.643493912802684561e-03 3.386390503909980773e-04 3.772414504182235542e-04
1.000000000000000000e+00 5.000000000000000000e-01 1.000000000000000056e-01 5.598080616385171706e-04 6.591700209750883579e-04 2.210925030067865493e-04 2.500867357722061867e-04
1.000000000000000000e+00 1.000000000000000000e+00 1.000000000000000056e-01 7.142549033607580467e-04 8.830205656406399980e-04 6.030474466699097197e-04 7.486288019946574137e-04
1.000000000000000000e+00 2.000000000000000000e+00 1.000000000000000056e-01 1.236181955263064439e-03 1.510561713522694163e-03 8.844853524967890950e-04 1.046687103408540549e-03
1.000000000000000000e+00 4.000000000000000000e+00 1.000000000000000056e-01 1.452520789736759825e-03 1.744419501630902272e-03 8.528434949532027109e-04 9.892253796094162104e-04
1.000000000000000000e+00 8.000000000000000000e+00 1.000000000000000056e-01 1.700572327764395073e-03 2.008011983910642281e-03 7.031545594776149495e-04 8.179449462121022967e-04
1.000000000000000000e+00 1.600000000000000000e+01 1.000000000000000056e-01 1.798135547687817375e-03 2.128400123271194377e-03 5.203446690895714580e-04 5.417782534212862641e-04
1.000000000000000000e+00 3.200000000000000000e+01 1.000000000000000056e-01 1.663218268765111240e-03 1.982973386578410629e-03 5.892161570309808203e-04 6.478858631331732868e-04
1.000000000000000000e+00 6.400000000000000000e+01 1.000000000000000056e-01 1.860701035628645628e-03 2.220541024846141125e-03 4.497459215554498279e-04 5.146003175132116180e-04
1.000000000000000000e+00 1.280000000000000000e+02 1.000000000000000056e-01 1.934040949599003748e-03 2.331787962980153180e-03 3.757442560171374074e-04 4.091352078133129230e-04
2.000000000000000000e+00 6.250000000000000000e-02 1.000000000000000056e-01 3.263119250561348668e-03 4.707368658046677881e-03 3.161484945682739036e-04 7.615854372154254922e-04
2.000000000000000000e+00 1.250000000000000000e-01 1.000000000000000056e-01 2.006629084530371643e-03 2.647043719155331605e-03 2.871854527814078216e-04 8.339547590551549174e-04
2.000000000000000000e+00 2.500000000000000000e-01 1.000000000000000056e-01 1.067296316843198726e-03 1.247050497823850050e-03 1.993832998473309636e-04 2.486662883314764592e-04
2.000000000000000000e+00 5.000000000000000000e-01 1.000000000000000056e-01 2.419546422398350521e-04 2.986069932670304536e-04 1.556876981255718125e-04 1.793911821423655524e-04
2.000000000000000000e+00 1.000000000000000000e+00 1.000000000000000056e-01 4.140765413551209255e-04 5.657125738612673238e-04 2.569500030418344011e-04 3.393088540439179136e-04
2.000000000000000000e+00 2.000000000000000000e+00 1.000000000000000056e-01 8.492035113403581656e-04 1.172324474263548985e-03 4.077050089090935832e-04 4.885212193368238844e-04
2.000000000000000000e+00 4.000000000000000000e+00 1.000000000000000056e-01 7.174333399563482963e-04 1.028796214736497254e-03 3.446991244195964934e-04 4.749842865487408083e-04
2.000000000000000000e+00 8.000000000000000000e+00 1.000000000000000056e-01 8.648777584795780881e-04 1.167392111210098808e-03 3.979674197621742857e-04 5.021352863144463432e-04
2.000000000000000000e+00 1.600000000000000000e+01 1.000000000000000056e-01 9.976150173547642004e-04 1.445858145974439953e-03 3.575568949234596413e-04 5.117443523212475464e-04
2.000000000000000000e+00 3.200000000000000000e+01 1.000000000000000056e-01 1.011219509309214644e-03 1.429471160907717356e-03 3.221255599218176072e-04 4.237231443060690832e-04
2.000000000000000000e+00 6.400000000000000000e+01 1.000000000000000056e-01 1.035338727685949489e-03 1.503003379460527171e-03 2.675333543863062449e-04 3.620838762600016476e-04
2.000000000000000000e+00 1.280000000000000000e+02 1.000000000000000056e-01 1.064689851599874559e-03 1.497529826512859936e-03 2.178741201233802994e-04 2.411874246527848532e-04
3.000000000000000000e+00 6.250000000000000000e-02 1.000000000000000056e-01 3.219386896616601573e-03 1.494383378908211747e-02 2.349318770637332085e-04 2.420982483937254848e-02
3.000000000000000000e+00 1.250000000000000000e-01 1.000000000000000056e-01 1.773591186090418175e-03 1.248857413477559922e-02 1.408565812148502769e-04 2.774182315815125477e-02
3.000000000000000000e+00 2.500000000000000000e-01 1.000000000000000056e-01 8.460066707819024123e-04 1.035390921914508674e-03 1.018566743009182384e-04 2.006872316173193840e-04
3.000000000000000000e+00 5.000000000000000000e-01 1.000000000000000056e-01 1.004136037095064335e-04 1.339476273551462224e-04 3.367201239318830816e-05 4.182312588347993250e-05
3.000000000000000000e+00 1.000000000000000000e+00 1.000000000000000056e-01 6.112381955366117281e-05 8.903944748201643336e-05 2.106616008356255708e-05 3.153813516213850929e-05
3.000000000000000000e+00 2.000000000000000000e+00 1.000000000000000056e-01 1.121381010600525546e-04 1.892783734964138364e-04 7.734614935813481564e-05 1.414646457857384148e-04
3.000000000000000000e+00 4.000000000000000000e+00 1.000000000000000056e-01 2.045751409229782281e-04 3.407564360536714711e-04 1.298435591967581364e-04 2.199637205601060700e-04
3.000000000000000000e+00 8.000000000000000000e+00 1.000000000000000056e-01 2.739910564452653586e-04 4.838799324057157267e-04 1.392924126663593162e-04 2.503418887707761667e-04
3.000000000000000000e+00 1.600000000000000000e+01 1.000000000000000056e-01 2.783047206116859339e-04 4.873600202636290952e-04 1.438708376379563010e-04 2.502451802383968667e-04
3.000000000000000000e+00 3.200000000000000000e+01 1.000000000000000056e-01 3.823927971187497579e-04 6.568933027431325114e-04 1.708927104190250833e-04 2.918837717945284033e-04
3.000000000000000000e+00 6.400000000000000000e+01 1.000000000000000056e-01 3.834452079315688803e-04 6.626101449452778940e-04 1.428441782775105009e-04 2.617973022996822764e-04
3.000000000000000000e+00 1.280000000000000000e+02 1.000000000000000056e-01 4.207055461091373000e-04 7.418774565579910104e-04 1.800632034173681824e-04 3.170699314946851606e-04
4.000000000000000000e+00 6.250000000000000000e-02 1.000000000000000056e-01 2.884571790941325726e-03 1.535403098567751298e-02 2.694058236282819091e-04 1.036681674870157562e-02
4.000000000000000000e+00 1.250000000000000000e-01 1.000000000000000056e-01 1.658090555245158746e-03 1.206550522626283033e-02 9.966157705919799947e-05 2.354338487834711779e-02
4.000000000000000000e+00 2.500000000000000000e-01 1.000000000000000056e-01 7.706287723230513054e-04 9.556545145870977680e-04 1.493012027591489202e-04 1.930021300381914843e-04
4.000000000000000000e+00 5.000000000000000000e-01 1.000000000000000056e-01 6.524794829712006288e-05 9.157603133722458236e-05 2.058032152034092594e-05 2.715700748930511963e-05
4.000000000000000000e+00 1.000000000000000000e+00 1.000000000000000056e-01 3.561675154629401473e-05 5.906066242163697316e-05 1.056422137381889275e-05 1.802210990966329800e-05
4.000000000000000000e+00 2.000000000000000000e+00 1.000000000000000056e-01 8.625050651440810303e-05 1.726684981676460313e-04 6.171212061549513888e-05 1.376604021746911531e-04
4.000000000000000000e+00 4.000000000000000000e+00 1.000000000000000056e-01 1.175859012493050233e-04 2.354986228654772139e-04 8.723370428289400403e-05 1.768027975551500887e-04
4.000000000000000000e+00 8.000000000000000000e+00 1.000000000000000056e-01 1.719567410899568356e-04 3.450051030156562346e-04 7.322394103523869246e-05 1.599031338919906786e-04
4.000000000000000000e+00 1.600000000000000000e+01 1.000000000000000056e-01 1.961072235127893294e-04 4.005539161337379889e-04 7.912010193686102612e-05 1.577970878133539670e-04
4.000000000000000000e+00 3.200000000000000000e+01 1.000000000000000056e-01 1.957250162926868725e-04 4.016124754280203874e-04 5.333188653137663112e-05 1.186973015318990780e-04
4.000000000000000000e+00 6.400000000000000000e+01 1.000000000000000056e-01 2.288345411957419734e-04 4.721275938842558746e-04 9.065742961542036971e-05 2.002317513705046206e-04
4.000000000000000000e+00 1.280000000000000000e+02 1.000000000000000056e-01 2.435053454930107811e-04 5.021485239240319840e-04 6.523500224403675168e-05 1.269658408398300156e-04
5.000000000000000000e+00 6.250000000000000000e-02 1.000000000000000056e-01 2.804814879304872496e-03 1.758392479161341102e-02 1.041988457314314685e-04 1.738791680724044442e-02
5.000000000000000000e+00 1.250000000000000000e-01 1.000000000000000056e-01 1.647300883383097988e-03 6.849855926732937098e-03 5.197913350748374623e-05 7.963607048935823426e-03
5.000000000000000000e+00 2.500000000000000000e-01 1.000000000000000056e-01 7.808330348211840050e-04 1.268754773486181113e-03 1.011356961058187525e-04 8.117758797365631513e-04
5.000000000000000000e+00 5.000000000000000000e-01 1.000000000000000056e-01 6.083721847229141928e-05 9.495742874368826307e-05 1.974473984596323363e-05 3.304108076584401572e-05
5.000000000000000000e+00 1.000000000000000000e+00 1.000000000000000056e-01 2.702575234357772909e-05 4.832425046382626067e-05 8.858532226883901521e-06 1.624208288870239664e-05
5.000000000000000000e+00 2.000000000000000000e+00 1.000000000000000056e-01 5.141954731214082270e-05 1.167603017323758877e-04 4.595391567416798491e-05 1.056346092718747718e-04
5.000000000000000000e+00 4.000000000000000000e+00 1.000000000000000056e-01 7.395013398880232098e-05 1.732817273893230464e-04 6.417516566435394040e-05 1.576941375131097028e-04
5.000000000000000000e+00 8.000000000000000000e+00 1.000000000000000056e-01 8.862826163164722049e-05 2.216115732317093089e-04 4.770756289628937661e-05 1.400779164202328383e-04
5.000000000000000000e+00 1.600000000000000000e+01 1.000000000000000056e-01 1.120128788090420417e-04 2.704910216584921478e-04 7.076517853999151123e-05 1.792365523168216351e-04
5.000000000000000000e+00 3.200000000000000000e+01 1.000000000000000056e-01 1.245375241964492992e-04 2.957802728341274055e-04 6.293620536914113525e-05 1.470094393636447788e-04
5.000000000000000000e+00 6.400000000000000000e+01 1.000000000000000056e-01 1.407853977124083231e-04 3.414668694157403693e-04 6.816679354763530152e-05 1.627422557180300926e-04
5.000000000000000000e+00 1.280000000000000000e+02 1.000000000000000056e-01 1.446997131002209674e-04 3.601297025557519040e-04 5.626751115213562119e-05 1.473296100749286433e-04
