1.000000000000000000e+00 6.250000000000000000e-02 2.999999999999999889e-01 3.518758739877461683e-03 4.266006913450977323e-03 2.376397064321662562e-04 9.629435591290444550e-04
1.000000000000000000e+00 1.250000000000000000e-01 2.999999999999999889e-01 2.540048032789069248e-03 2.854636704282900467e-03 6.401016686416692841e-04 8.060493146212930823e-04
1.000000000000000000e+00 2.500000000000000000e-01 2.999999999999999889e-01 1.476594246991966286e-03 1.607128212825611070e-03 2.983893109519380592e-04 3.489436065046141598e-04
1.000000000000000000e+00 5.000000000000000000e-01 2.999999999999999889e-01 5.901258438801998147e-04 6.622938511942937567e-04 2.397364820005944087e-04 2.732760889976953663e-04
1.000000000000000000e+00 1.000000000000000000e+00 2.999999999999999889e-01 7.314633075539590931e-04 8.294435355886864859e-04 6.199353484255268809e-04 7.054258637064576756e-04
1.000000000000000000e+00 2.000000000000000000e+00 2.999999999999999889e-01 1.210159133904540165e-03 1.447743677688111607e-03 8.506645019391852018e-04 1.012488729607594366e-03
1.000000000000000000e+00 4.000000000000000000e+00 2.999999999999999889e-01 1.412363351291509583e-03 1.690707268166038047e-03 8.114397088201789378e-04 9.618192342462542717e-04
1.000000000000000000e+00 8.000000000000000000e+00 2.999999999999999889e-01 1.646635381516447800e-03 1.975244984076553884e-03 6.615398733246022475e-04 7.604228135778252993e-04
1.000000000000000000e+00 1.600000000000000000e+01 2.999999999999999889e-01 1.789514625575232970e-03 2.156128333326263503e-03 4.842071738863742742e-04 5.898451973167745475e-04
1.000000000000000000e+00 3.200000000000000000e+01 2.999999999999999889e-01 1.632564212287167856e-03 1.921436180029629116e-03 5.584105722602938004e-04 6.351527440362076922e-04
1.000000000000000000e+00 6.400000000000000000e+01 2.999999999999999889e-01 1.826063330326097803e-03 2.132663598051129806e-03 4.268331893776408452e-04 4.881937213631368060e-04
1.000000000000000000e+00 1.280000000000000000e+02 2.999999999999999889e-01 1.897228916100685697e-03 2.270320270368172445e-03 3.519856274044915584e-04 4.331472563602684002e-04
2.000000000000000000e+00 6.250000000000000000e-02 2.999999999999999889e-01 3.155786027505262659e-03 4.256799228275372042e-03 2.266199495903152138e-04 1.279663884403179708e-03
2.000000000000000000e+00 1.250000000000000000e-01 2.999999999999999889e-01 1.976054742409788685e-03 2.730034992202931034e-03 2.652971359062887232e-04 1.531246236027692612e-03
2.000000000000000000e+00 2.500000000000000000e-01 2.999999999999999889e-01 1.115603590379643777e-03 1.228384727687805312e-03 1.802812618112562860e-04 1.876160190090530265e-04
2.000000000000000000e+00 5.000000000000000000e-01 2.999999999999999889e-01 2.453315064031931416e-04 2.901567281783885366e-04 1.642080841205685268e-04 1.885100898466975691e-04
2.000000000000000000e+00 1.000000000000000000e+00 2.999999999999999889e-01 3.016580282880808122e-04 3.925024159780585620e-04 1.676208102465344960e-04 2.139327943453074512e-04
2.000000000000000000e+00 2.000000000000000000e+00 2.999999999999999889e-01 5.445774259855562646e-04 7.492518607557195620e-04 2.336206884395177440e-04 3.297259274881592507e-04
2.000000000000000000e+00 4.000000000000000000e+00 2.999999999999999889e-01 4.712284524433582459e-04 6.587599881766270865e-04 2.214531587476426986e-04 3.129637774891454714e-04
2.000000000000000000e+00 8.000000000000000000e+00 2.999999999999999889e-01 5.406823519445394955e-04 7.349513333206035039e-04 2.166333861200308165e-04 3.106163217178674568e-04
2.000000000000000000e+00 1.600000000000000000e+01 2.999999999999999889e-01 6.475672755583112379e-04 8.911532531527481104e-04 2.353165270964801322e-04 3.083028112468020926e-04
2.000000000000000000e+00 3.200000000000000000e+01 2.999999999999999889e-01 6.758070484593261271e-04 9.276029116638561962e-04 2.193531730314677739e-04 2.939619624922260293e-04
2.000000000000000000e+00 6.400000000000000000e+01 2.999999999999999889e-01 6.740491159220871661e-04 9.249414086946414768e-04 2.060526592143267603e-04 2.623912503667805867e-04
2.000000000000000000e+00 1.280000000000000000e+02 2.999999999999999889e-01 6.951286749521248332e-04 9.565356047365386255e-04 1.228356728749517600e-04 1.660654986627495917e-04
3.000000000000000000e+00 6.250000000000000000e-02 2.999999999999999889e-01 3.109293997203822508e-03 6.074487163200871509e-02 2.173408815181300600e-04 1.246752865518057363e-01
3.000000000000000000e+00 1.250000000000000000e-01 2.999999999999999889e-01 1.759905527985213686e-03 2.464527160737626545e-03 1.161485987115881327e-04 1.117411061426473728e-03
3.000000000000000000e+00 2.500000000000000000e-01 2.999999999999999889e-01 9.165366599227061295e-04 1.110034507627768573e-03 1.048060750137171473e-04 2.678208857919463508e-04
3.000000000000000000e+00 5.000000000000000000e-01 2.999999999999999889e-01 1.037743317894449711e-04 1.304827734867255041e-04 3.338506722076779048e-05 4.058816344886187212e-05
3.000000000000000000e+00 1.000000000000000000e+00 2.999999999999999889e-01 5.623104732474996481e-05 7.666623319981351868e-05 2.210746452160730657e-05 3.129740924226263849e-05
3.000000000000000000e+00 2.000000000000000000e+00 2.999999999999999889e-01 7.718465635661421269e-05 1.160243952251057613e-04 4.725711719877318624e-05 7.107489304359541731e-05
3.000000000000000000e+00 4.000000000000000000e+00 2.999999999999999889e-01 1.230606146649833310e-04 1.937945027204324567e-04 6.546560864086299408e-05 1.072506372020433184e-04
3.000000000000000000e+00 8.000000000000000000e+00 2.999999999999999889e-01 1.741967405821722174e-04 2.843252758440717996e-04 8.433351210594154917e-05 1.440505301121699588e-04
3.000000000000000000e+00 1.600000000000000000e+01 2.999999999999999889e-01 1.850464449790862015e-04 2.928057297505463267e-04 8.941884063771060901e-05 1.468728644225544638e-04
3.000000000000000000e+00 3.200000000000000000e+01 2.999999999999999889e-01 2.397078410317693474e-04 3.792296593614194922e-04 9.873384086360575940e-05 1.602571040762353083e-04
3.000000000000000000e+00 6.400000000000000000e+01 2.999999999999999889e-01 2.468017335961236779e-04 3.959991720067461006e-04 8.641847877385756686e-05 1.445315643765733506e-04
3.000000000000000000e+00 1.280000000000000000e+02 2.999999999999999889e-01 2.635669177048360770e-04 4.211612845996035156e-04 1.100008124562722796e-04 1.756585828391468772e-04
4.000000000000000000e+00 6.250000000000000000e-02 2.999999999999999889e-01 2.829525564521360049e-03 3.696627152230824720e-02 2.406379042070449115e-04 7.566852921887275152e-02
4.000000000000000000e+00 1.250000000000000000e-01 2.999999999999999889e-01 1.667266434858145950e-03 9.317187345620713684e-03 9.118084329528737834e-05 1.893570141210169921e-02
4.000000000000000000e+00 2.500000000000000000e-01 2.999999999999999889e-01 8.405368737714703428e-04 9.951386168514787627e-04 1.468507700731078657e-04 1.755603205012506540e-04
4.000000000000000000e+00 5.000000000000000000e-01 2.999999999999999889e-01 6.684843338673926406e-05 8.912119686030891359e-05 2.196091924376982813e-05 2.957445014513989111e-05
4.000000000000000000e+00 1.000000000000000000e+00 2.999999999999999889e-01 2.817267284767057219e-05 4.272131522161353438e-05 8.593307791326291014e-06 1.154143997611071854e-05
4.000000000000000000e+00 2.000000000000000000e+00 2.999999999999999889e-01 5.426148795790359006e-05 9.814623373975612543e-05 3.772117257068311938e-05 6.806961152415522251e-05
4.000000000000000000e+00 4.000000000000000000e+00 2.999999999999999889e-01 7.149494053785093403e-05 1.352690511206377068e-04 4.597224112611866462e-05 1.011011507326384272e-04
4.000000000000000000e+00 8.000000000000000000e+00 2.999999999999999889e-01 1.060413692594281256e-04 2.044182486684547446e-04 4.328785345472999091e-05 9.144176538943192220e-05
4.000000000000000000e+00 1.600000000000000000e+01 2.999999999999999889e-01 1.126624725916529720e-04 2.126983384306039507e-04 4.297268089625006909e-05 8.238733751735750996e-05
4.000000000000000000e+00 3.200000000000000000e+01 2.999999999999999889e-01 1.191543815848516524e-04 2.357245895357083180e-04 3.374453193233570416e-05 6.235166444497869224e-05
4.000000000000000000e+00 6.400000000000000000e+01 2.999999999999999889e-01 1.348249739067635257e-04 2.644074750454710908e-04 4.955352474106841892e-05 1.086891739506380488e-04
4.000000000000000000e+00 1.280000000000000000e+02 2.999999999999999889e-01 1.431692666583677883e-04 2.769726376405091907e-04 4.195605118427485927e-05 8.320624097305227883e-05
5.000000000000000000e+00 6.250000000000000000e-02 2.999999999999999889e-01 2.761448848878278982e-03 2.870971335568079860e-02 1.033505945745135572e-04 3.525703599169253272e-02
5.000000000000000000e+00 1.250000000000000000e-01 2.999999999999999889e-01 1.646237656239144670e-03 3.627438255506621693e-03 3.899343230739980935e-05 1.971874847605279996e-03
5.000000000000000000e+00 2.500000000000000000e-01 2.999999999999999889e-01 8.478398194422563173e-04 1.173234539709677119e-03 9.199489790454028497e-05 3.159452113414924139e-04
5.000000000000000000e+00 5.000000000000000000e-01 2.999999999999999889e-01 6.409239132672804335e-05 9.452199460951693749e-05 2.226061266434841275e-05 3.408542420490758641e-05
5.000000000000000000e+00 1.000000000000000000e+00 2.999999999999999889e-01 2.175151056996339551e-05 3.630933201235524507e-05 7.314225013173955360e-06 1.177423145056447823e-05
5.000000000000000000e+00 2.000000000000000000e+00 2.999999999999999889e-01 3.269352798984695273e-05 6.692038432552160573e-05 2.646868827891430217e-05 5.417879594564496687e-05
5.000000000000000000e+00 4.000000000000000000e+00 2.999999999999999889e-01 3.850522907606629413e-05 9.079297874036987217e-05 2.627875958043991608e-05 7.189087712840611230e-05
5.000000000000000000e+00 8.000000000000000000e+00 2.999999999999999889e-01 5.327296115276683355e-05 1.098920943415729898e-04 2.744301320664076891e-05 5.567383530980376198e-05
5.000000000000000000e+00 1.600000000000000000e+01 2.999999999999999889e-01 6.359762164742592647e-05 1.412165889903997174e-04 3.609290277354062159e-05 8.403403201847036959e-05
5.000000000000000000e+00 3.200000000000000000e+01 2.999999999999999889e-01 7.507780382688875845e-05 1.633852880389759666e-04 3.814727168071425418e-05 7.293224611602080510e-05
5.000000000000000000e+00 6.400000000000000000e+01 2.999999999999999889e-01 8.297116943053705327e-05 1.832274917936913005e-04 4.036171388606670462e-05 8.781572066090941877e-05
5.000000000000000000e+00 1.280000000000000000e+02 2.999999999999999889e-01 7.988450657956883008e-05 1.830527693541536354e-04 3.087520394343548169e-05 7.740312173313133762e-05
