1.000000000000000000e+00 6.250000000000000000e-02 6.999999999999999556e-01 3.610847947949339613e-03 4.884041317777060298e-03 2.342175025725704170e-04 1.425640883017182531e-03
1.000000000000000000e+00 1.250000000000000000e-01 6.999999999999999556e-01 2.613648748278310941e-03 3.054374339041220771e-03 6.746416124663893663e-04 1.332352811197984625e-03
1.000000000000000000e+00 2.500000000000000000e-01 6.999999999999999556e-01 1.457655544826054472e-03 1.562810807286388760e-03 3.193774552399337779e-04 3.407390887470917659e-04
1.000000000000000000e+00 5.000000000000000000e-01 6.999999999999999556e-01 5.669672968337029434e-04 6.432657685393906172e-04 2.281206724256380704e-04 2.606422394248574925e-04
1.000000000000000000e+00 1.000000000000000000e+00 6.999999999999999556e-01 7.416493773827309002e-04 7.876084133107933306e-04 6.419580640126111657e-04 6.734390502523210364e-04
1.000000000000000000e+00 2.000000000000000000e+00 6.999999999999999556e-01 1.246167018036965866e-03 1.334617085369310761e-03 8.967217209495323416e-04 9.438808406949726441e-04
1.000000000000000000e+00 4.000000000000000000e+00 6.999999999999999556e-01 1.443155487598200316e-03 1.585065922766602797e-03 8.611459518540263806e-04 9.216295417576062052e-04
1.000000000000000000e+00 8.000000000000000000e+00 6.999999999999999556e-01 1.680077552077059288e-03 1.806738307598927023e-03 7.000128393868783284e-04 6.980053720898453948e-04
1.000000000000000000e+00 1.600000000000000000e+01 6.999999999999999556e-01 1.816165221404049401e-03 1.971448009809189696e-03 4.918687566265850762e-04 5.194637946191451791e-04
1.000000000000000000e+00 3.200000000000000000e+01 6.999999999999999556e-01 1.634307355232641036e-03 1.801997605733464099e-03 5.824443935590741060e-04 6.127310740412445292e-04
1.000000000000000000e+00 6.400000000000000000e+01 6.999999999999999556e-01 1.848128543630104138e-03 2.002460505222809078e-03 4.523258494644016555e-04 4.935238302711343400e-04
1.000000000000000000e+00 1.280000000000000000e+02 6.999999999999999556e-01 1.948997231745968825e-03 2.088091942379492402e-03 4.106637149217642262e-04 4.236424083261648797e-04
2.000000000000000000e+00 6.250000000000000000e-02 6.999999999999999556e-01 3.266352427472647701e-03 5.537369391471802342e-03 2.268474559033957288e-04 3.905948958314744632e-03
2.000000000000000000e+00 1.250000000000000000e-01 6.999999999999999556e-01 2.041016783387716339e-03 2.740520706101349895e-03 2.903841596800617385e-04 7.796277828297729778e-04
2.000000000000000000e+00 2.500000000000000000e-01 6.999999999999999556e-01 1.095371732240167954e-03 1.213203171696323763e-03 1.707743486703834743e-04 2.006890340422022600e-04
2.000000000000000000e+00 5.000000000000000000e-01 6.999999999999999556e-01 2.295276212703239636e-04 2.746805385572922064e-04 1.365854425685167676e-04 1.587151841054314759e-04
2.000000000000000000e+00 1.000000000000000000e+00 6.999999999999999556e-01 1.489491134070186932e-04 1.743198777021592524e-04 6.653886597871478152e-05 7.862354001767460257e-05
2.000000000000000000e+00 2.000000000000000000e+00 6.999999999999999556e-01 1.279027951614507860e-04 1.565293752648685825e-04 5.131377209283494650e-05 6.291033769500903338e-05
2.000000000000000000e+00 4.000000000000000000e+00 6.999999999999999556e-01 1.046754495274010172e-04 1.312220069103491493e-04 3.545798203169650391e-05 4.225293653575921683e-05
2.000000000000000000e+00 8.000000000000000000e+00 6.999999999999999556e-01 1.169106418160183587e-04 1.438375487663194532e-04 2.838959097703424876e-05 3.048008784549473293e-05
2.000000000000000000e+00 1.600000000000000000e+01 6.999999999999999556e-01 1.198590671253423317e-04 1.487701329087961653e-04 2.959437145168587882e-05 3.795090658366483631e-05
2.000000000000000000e+00 3.200000000000000000e+01 6.999999999999999556e-01 1.392808117262174191e-04 1.754378136699366250e-04 3.478178361782854877e-05 4.262737229732568259e-05
2.000000000000000000e+00 6.400000000000000000e+01 6.999999999999999556e-01 1.408386648189468920e-04 1.724493769733455805e-04 2.133779902245424865e-05 2.630204197213340358e-05
2.000000000000000000e+00 1.280000000000000000e+02 6.999999999999999556e-01 1.348963474002576942e-04 1.676673009799673278e-04 1.781041875145366547e-05 2.093391663561888029e-05
3.000000000000000000e+00 6.250000000000000000e-02 6.999999999999999556e-01 3.233852826694899769e-03 2.237035071001725051e-02 1.918221782925581473e-04 3.499844797217045028e-02
3.000000000000000000e+00 1.250000000000000000e-01 6.999999999999999556e-01 1.862975826295925133e-03 1.966571151144007670e-02 1.689775036178302239e-04 4.449139145651762051e-02
3.000000000000000000e+00 2.500000000000000000e-01 6.999999999999999556e-01 8.925913776427464802e-04 1.126066034085023001e-03 1.110046324587151160e-04 3.809711729333283242e-04
3.000000000000000000e+00 5.000000000000000000e-01 6.999999999999999556e-01 1.100628542217722469e-04 1.399622160238454989e-04 4.256042558593603909e-05 5.469447289974464066e-05
3.000000000000000000e+00 1.000000000000000000e+00 6.999999999999999556e-01 3.952550115611078342e-05 5.066679277121350917e-05 1.855125412866639914e-05 2.370758935103754796e-05
3.000000000000000000e+00 2.000000000000000000e+00 6.999999999999999556e-01 2.516537335090552032e-05 3.403891117402243832e-05 6.253584220216102325e-06 8.693836855771601335e-06
3.000000000000000000e+00 4.000000000000000000e+00 6.999999999999999556e-01 3.049271613786827385e-05 4.256082557347382040e-05 1.206960586915230884e-05 1.717705039558338207e-05
3.000000000000000000e+00 8.000000000000000000e+00 6.999999999999999556e-01 3.722636864793089955e-05 5.395262299677601507e-05 1.511813912208967577e-05 2.091173089311815705e-05
3.000000000000000000e+00 1.600000000000000000e+01 6.999999999999999556e-01 3.798285331634307865e-05 5.442452996956696933e-05 1.350570593989718129e-05 1.988705325086078386e-05
3.000000000000000000e+00 3.200000000000000000e+01 6.999999999999999556e-01 4.738785860950286483e-05 6.734969947533905443e-05 1.656657716715261310e-05 2.504525348924012526e-05
3.000000000000000000e+00 6.400000000000000000e+01 6.999999999999999556e-01 4.963204697591568580e-05 6.859822018177812023e-05 1.541807542517691123e-05 2.049249976933163817e-05
3.000000000000000000e+00 1.280000000000000000e+02 6.999999999999999556e-01 4.983516576099129755e-05 7.050684198692971460e-05 1.867057976514474246e-05 2.708675834559351301e-05
4.000000000000000000e+00 6.250000000000000000e-02 6.999999999999999556e-01 2.940219839657665004e-03 1.072874893664086879e-02 2.270479055512877875e-04 1.268877726266006735e-02
4.000000000000000000e+00 1.250000000000000000e-01 6.999999999999999556e-01 1.714308650892845589e-03 1.798416819728091559e-02 1.120123342899749714e-04 3.258042388930897787e-02
4.000000000000000000e+00 2.500000000000000000e-01 6.999999999999999556e-01 8.134869128003563345e-04 9.787216726928221235e-04 1.380833191058741566e-04 1.456894976145640909e-04
4.000000000000000000e+00 5.000000000000000000e-01 6.999999999999999556e-01 6.463981407104081828e-05 8.614051988012314822e-05 2.155918639521229194e-05 2.812223239132786035e-05
4.000000000000000000e+00 1.000000000000000000e+00 6.999999999999999556e-01 1.616592474848116477e-05 2.204382315698804646e-05 5.358282379459683658e-06 6.806382914687768122e-06
4.000000000000000000e+00 2.000000000000000000e+00 6.999999999999999556e-01 1.243967947471857316e-05 1.903253472444249643e-05 4.908275769299307311e-06 7.372424897821070460e-06
4.000000000000000000e+00 4.000000000000000000e+00 6.999999999999999556e-01 1.646438231110107153e-05 2.647754632153680456e-05 7.538508029311825988e-06 1.307391796915673471e-05
4.000000000000000000e+00 8.000000000000000000e+00 6.999999999999999556e-01 1.833890592321527540e-05 2.929955433343710210e-05 4.949593998979777883e-06 8.474788045545619968e-06
4.000000000000000000e+00 1.600000000000000000e+01 6.999999999999999556e-01 1.860128675842293258e-05 3.056337108237759312e-05 5.000064679060208882e-06 8.094654502373960068e-06
4.000000000000000000e+00 3.200000000000000000e+01 6.999999999999999556e-01 2.025941393290337555e-05 3.380776586379494598e-05 2.651941695551143715e-06 5.804315401502259115e-06
4.000000000000000000e+00 6.400000000000000000e+01 6.999999999999999556e-01 2.220705070374180261e-05 3.519697715141809557e-05 4.264532871147174426e-06 7.222227032165717635e-06
4.000000000000000000e+00 1.280000000000000000e+02 6.999999999999999556e-01 2.228068961967371361e-05 3.520571427762845092e-05 4.048778613498890885e-06 8.242090179650424201e-06
5.000000000000000000e+00 6.250000000000000000e-02 6.999999999999999556e-01 2.901769676289410980e-03 2.008804610462043561e-02 1.271630058049979097e-04 2.569222422612084389e-02
5.000000000000000000e+00 1.250000000000000000e-01 6.999999999999999556e-01 1.715102042506506160e-03 3.870321644351914191e-03 6.904723034179615173e-05 2.133073079969647311e-03
5.000000000000000000e+00 2.500000000000000000e-01 6.999999999999999556e-01 8.089021581472654807e-04 1.408162490034456284e-03 8.850398181860486782e-05 8.358666715151904548e-04
5.000000000000000000e+00 5.000000000000000000e-01 6.999999999999999556e-01 6.307893617335218607e-05 8.979801106556884068e-05 2.482719642746423751e-05 3.229416243556021415e-05
5.000000000000000000e+00 1.000000000000000000e+00 6.999999999999999556e-01 1.171714469732458371e-05 1.715764136811748854e-05 3.797691338682988709e-06 5.678782357291314119e-06
5.000000000000000000e+00 2.000000000000000000e+00 6.999999999999999556e-01 8.743111532722765692e-06 1.493875013738183894e-05 4.867063860863448592e-06 8.762292912013769860e-06
5.000000000000000000e+00 4.000000000000000000e+00 6.999999999999999556e-01 8.048218581016303519e-06 1.445746022855565637e-05 3.547638097666995831e-06 5.705576231338720767e-06
5.000000000000000000e+00 8.000000000000000000e+00 6.999999999999999556e-01 9.389569487711866628e-06 1.672238729376506529e-05 2.604903660036250867e-06 4.503913024280003687e-06
5.000000000000000000e+00 1.600000000000000000e+01 6.999999999999999556e-01 1.169730182550242687e-05 2.066648704745649862e-05 4.558886351812742327e-06 7.967022210439117137e-06
5.000000000000000000e+00 3.200000000000000000e+01 6.999999999999999556e-01 1.143263494100924286e-05 2.150934761399991886e-05 3.411579340546737422e-06 7.048981022376322929e-06
5.000000000000000000e+00 6.400000000000000000e+01 6.999999999999999556e-01 1.274510895397456978e-05 2.309189508640015033e-05 3.347692030947243126e-06 5.880823609356294321e-06
5.000000000000000000e+00 1.280000000000000000e+02 6.999999999999999556e-01 1.248518899880094718e-05 2.307885396874576604e-05 4.958509228786388837e-06 7.762241477026415133e-06
