1.000000000000000000e+00 6.250000000000000000e-02 9.000000000000000222e-01 3.626223904441673498e-03 4.229950660961693046e-03 2.087304774376587055e-04 1.181374989959971646e-03
1.000000000000000000e+00 1.250000000000000000e-01 9.000000000000000222e-01 2.573894738095707999e-03 3.711288506943002420e-03 7.057553251612812229e-04 2.435263954225583543e-03
1.000000000000000000e+00 2.500000000000000000e-01 9.000000000000000222e-01 1.411485100153874427e-03 1.498687449304970032e-03 3.128395494514894380e-04 3.225196938903074156e-04
1.000000000000000000e+00 5.000000000000000000e-01 9.000000000000000222e-01 5.318696007680678069e-04 5.960809478409235043e-04 2.284437833468941543e-04 2.510349359872743086e-04
1.000000000000000000e+00 1.000000000000000000e+00 9.000000000000000222e-01 6.978292133963450447e-04 7.909028351534219074e-04 6.038506277364525136e-04 6.700176779200356109e-04
1.000000000000000000e+00 2.000000000000000000e+00 9.000000000000000222e-01 1.205262561451721833e-03 1.380845660365864758e-03 8.744861228373882129e-04 9.634721339037382974e-04
1.000000000000000000e+00 4.000000000000000000e+00 9.000000000000000222e-01 1.372946829457043954e-03 1.581490654000038435e-03 8.242465119510103888e-04 9.317891242965275307e-04
1.000000000000000000e+00 8.000000000000000000e+00 9.000000000000000222e-01 1.576838894707048577e-03 1.814979990459043759e-03 6.573372764715404567e-04 7.555508994612875843e-04
1.000000000000000000e+00 1.600000000000000000e+01 9.000000000000000222e-01 1.731905245173674928e-03 1.990782474833071268e-03 4.787014511193486330e-04 5.215686360411921855e-04
1.000000000000000000e+00 3.200000000000000000e+01 9.000000000000000222e-01 1.559902979035652842e-03 1.799387922593437576e-03 5.611469248455679647e-04 6.301120423711176286e-04
1.000000000000000000e+00 6.400000000000000000e+01 9.000000000000000222e-01 1.751408807534189996e-03 2.061813121868986704e-03 4.515951859899265328e-04 5.003842918086161013e-04
1.000000000000000000e+00 1.280000000000000000e+02 9.000000000000000222e-01 1.826584285504081768e-03 2.129981987025892851e-03 3.840568566032421388e-04 4.055966695983675681e-04
2.000000000000000000e+00 6.250000000000000000e-02 9.000000000000000222e-01 3.382397069004017438e-03 9.653324098261478400e-03 1.879007479610213932e-04 6.737592427537489499e-03
2.000000000000000000e+00 1.250000000000000000e-01 9.000000000000000222e-01 2.016961036419735124e-03 3.331638958350218675e-03 2.842096453422852552e-04 2.534386047949787387e-03
2.000000000000000000e+00 2.500000000000000000e-01 9.000000000000000222e-01 1.079542141740182266e-03 1.185244522580532027e-03 1.477346238853704272e-04 1.475594338460369643e-04
2.000000000000000000e+00 5.000000000000000000e-01 9.000000000000000222e-01 2.546494122942961100e-04 2.920124772979843615e-04 1.298138545209316609e-04 1.456363953012074436e-04
2.000000000000000000e+00 1.000000000000000000e+00 9.000000000000000222e-01 1.071592542230053130e-04 1.330618832243981513e-04 5.204553519842550869e-05 6.513801003698948102e-05
2.000000000000000000e+00 2.000000000000000000e+00 9.000000000000000222e-01 3.981775262692692854e-05 5.269776257807772468e-05 1.515694867872898987e-05 2.000926347144547427e-05
2.000000000000000000e+00 4.000000000000000000e+00 9.000000000000000222e-01 3.313141491036091586e-05 4.305013757793648636e-05 7.812843637269280010e-06 1.008953983622304559e-05
2.000000000000000000e+00 8.000000000000000000e+00 9.000000000000000222e-01 3.399560279253355558e-05 4.353843340501591206e-05 1.003779699002962513e-05 1.251252342606221130e-05
2.000000000000000000e+00 1.600000000000000000e+01 9.000000000000000222e-01 3.094510151750602667e-05 3.962406309310238307e-05 1.325526049114384218e-05 1.448099435611720416e-05
2.000000000000000000e+00 3.200000000000000000e+01 9.000000000000000222e-01 4.017985677056533790e-05 5.384456917765317820e-05 1.739966835327431280e-05 1.960334874658250075e-05
2.000000000000000000e+00 6.400000000000000000e+01 9.000000000000000222e-01 3.664448135461249748e-05 4.799841617633734660e-05 9.366962229373553759e-06 1.097064486696731200e-05
2.000000000000000000e+00 1.280000000000000000e+02 9.000000000000000222e-01 3.687946248186068672e-05 4.911210646218185056e-05 5.774849764153754118e-06 7.508995932700277375e-06
3.000000000000000000e+00 6.250000000000000000e-02 9.000000000000000222e-01 3.353721074929971128e-03 2.634049343268354132e-02 7.950228392195868277e-05 5.379581612655466583e-02
3.000000000000000000e+00 1.250000000000000000e-01 9.000000000000000222e-01 2.067280050571732031e-03 6.318299838372764751e-03 6.545375271641220996e-04 6.129874647950220821e-03
3.000000000000000000e+00 2.500000000000000000e-01 9.000000000000000222e-01 9.212909554200730908e-04 9.671769604363044184e-03 2.024116264277637438e-04 2.608025481747716298e-02
3.000000000000000000e+00 5.000000000000000000e-01 9.000000000000000222e-01 1.412262869874093070e-04 1.678013788533047677e-04 8.100401238143924306e-05 9.800433092210039676e-05
3.000000000000000000e+00 1.000000000000000000e+00 9.000000000000000222e-01 3.557708913452401611e-05 4.762747634437713366e-05 2.560300154360058332e-05 3.560174138920281706e-05
3.000000000000000000e+00 2.000000000000000000e+00 9.000000000000000222e-01 1.242673605814465724e-05 1.749607511312648649e-05 5.368618764387069099e-06 8.002322971061350619e-06
3.000000000000000000e+00 4.000000000000000000e+00 9.000000000000000222e-01 8.904790179182561766e-06 1.325520347576783172e-05 2.104681792844743800e-06 3.078540645507015494e-06
3.000000000000000000e+00 8.000000000000000000e+00 9.000000000000000222e-01 1.022562769873611258e-05 1.457846368672362876e-05 4.192281147107790853e-06 5.647379184428514187e-06
3.000000000000000000e+00 1.600000000000000000e+01 9.000000000000000222e-01 9.454818766798498997e-06 1.411485574623468100e-05 2.856231286196577772e-06 4.014575738248945886e-06
3.000000000000000000e+00 3.200000000000000000e+01 9.000000000000000222e-01 1.107335019521913717e-05 1.663458755826248102e-05 3.138715485538714083e-06 5.231966766332828877e-06
3.000000000000000000e+00 6.400000000000000000e+01 9.000000000000000222e-01 1.171240794750001372e-05 1.777097975988517202e-05 2.960144396541195973e-06 4.670703212825747247e-06
3.000000000000000000e+00 1.280000000000000000e+02 9.000000000000000222e-01 1.340231177518502295e-05 1.920004514512811686e-05 4.178662937146662938e-06 5.899879884537598600e-06
4.000000000000000000e+00 6.250000000000000000e-02 9.000000000000000222e-01 3.092247409772601926e-03 1.778031242212036178e-01 1.943181643087825276e-04 2.584909029564756988e-01
4.000000000000000000e+00 1.250000000000000000e-01 9.000000000000000222e-01 2.388416976834549423e-03 4.708382297526967492e-02 2.118588538355347523e-03 6.064777489241939684e-02
4.000000000000000000e+00 2.500000000000000000e-01 9.000000000000000222e-01 7.988182581991872585e-04 9.214839163878207288e-04 1.294381021370849798e-04 1.599178740050349651e-04
4.000000000000000000e+00 5.000000000000000000e-01 9.000000000000000222e-01 7.582707448634549486e-05 9.432977529447478964e-05 3.280488070876880506e-05 4.264358048192229362e-05
4.000000000000000000e+00 1.000000000000000000e+00 9.000000000000000222e-01 1.128534541622938306e-05 1.546079144057028751e-05 4.982561166437224329e-06 6.982078805368636907e-06
4.000000000000000000e+00 2.000000000000000000e+00 9.000000000000000222e-01 4.475403783624242342e-06 6.819788348082772053e-06 1.227832808346289646e-06 1.711322545095332044e-06
4.000000000000000000e+00 4.000000000000000000e+00 9.000000000000000222e-01 4.211364947998630706e-06 6.822063169653794230e-06 1.525550860878244518e-06 2.607306809808808928e-06
4.000000000000000000e+00 8.000000000000000000e+00 9.000000000000000222e-01 4.191773560714859442e-06 7.255175071065116823e-06 1.013322649410648347e-06 1.802356859811463905e-06
4.000000000000000000e+00 1.600000000000000000e+01 9.000000000000000222e-01 4.174360270601630865e-06 6.686597348719247627e-06 8.688454548425151661e-07 1.358224520293627128e-06
4.000000000000000000e+00 3.200000000000000000e+01 9.000000000000000222e-01 4.558075039777828039e-06 7.513581480973373940e-06 2.973454806160417297e-07 6.677775717552143025e-07
4.000000000000000000e+00 6.400000000000000000e+01 9.000000000000000222e-01 4.605360237417711392e-06 7.694725488235856661e-06 7.002899015793533745e-07 1.460290942325117911e-06
4.000000000000000000e+00 1.280000000000000000e+02 9.000000000000000222e-01 4.454267480594427022e-06 7.289443300614319946e-06 1.038872980647640698e-06 1.505309206269608207e-06
5.000000000000000000e+00 6.250000000000000000e-02 9.000000000000000222e-01 3.029491304095711327e-03 8.141068224433564704e-02 1.159545667643957587e-04 6.420285504823715350e-02
5.000000000000000000e+00 1.250000000000000000e-01 9.000000000000000222e-01 1.699426936046221845e-03 9.686105688888290571e-03 7.498702307403034932e-05 7.720739293804771211e-03
5.000000000000000000e+00 2.500000000000000000e-01 9.000000000000000222e-01 7.866369435047450981e-04 7.498447198022002540e-03 9.396691959717236493e-05 1.671223768763371517e-02
5.000000000000000000e+00 5.000000000000000000e-01 9.000000000000000222e-01 6.888481076856175730e-05 9.249028915690733863e-05 2.778011425110045083e-05 3.643884736467149158e-05
5.000000000000000000e+00 1.000000000000000000e+00 9.000000000000000222e-01 7.569420304765912461e-06 1.099782212771328674e-05 2.662539420898029603e-06 4.055845738551176081e-06
5.000000000000000000e+00 2.000000000000000000e+00 9.000000000000000222e-01 3.141826424836077279e-06 5.314117600627255821e-06 1.057375387983226744e-06 1.609526940497148311e-06
5.000000000000000000e+00 4.000000000000000000e+00 9.000000000000000222e-01 2.258256621517343291e-06 4.149520835404070418e-06 8.341698502823342888e-07 1.693837518148136244e-06
5.000000000000000000e+00 8.000000000000000000e+00 9.000000000000000222e-01 2.159203193231664835e-06 4.099889728910760662e-06 3.830395893180262083e-07 6.743969996045213496e-07
5.000000000000000000e+00 1.600000000000000000e+01 9.000000000000000222e-01 2.523635554381617860e-06 4.758224465667724275e-06 6.981486379354902593e-07 1.421745166104723577e-06
5.000000000000000000e+00 3.200000000000000000e+01 9.000000000000000222e-01 2.552629491140805954e-06 4.695101906540933114e-06 8.994643645638962335e-07 1.703043858208174547e-06
5.000000000000000000e+00 6.400000000000000000e+01 9.000000000000000222e-01 2.795994689818255533e-06 5.185949306479603293e-06 5.939728406787669899e-07 1.190107849662254655e-06
5.000000000000000000e+00 1.280000000000000000e+02 9.000000000000000222e-01 2.770556953667245347e-06 5.423365672270875651e-06 8.327338075615677153e-07 1.667561652633568940e-06
