1.000000000000000000e+00 6.250000000000000000e-02 0.000000000000000000e+00 2.662929279467267547e-03 5.762273449506738303e-03 3.218452843510447373e-04 3.275401097923295608e-03
1.000000000000000000e+00 1.250000000000000000e-01 0.000000000000000000e+00 1.734924936230512488e-03 3.068337777682661298e-03 6.276696903541326622e-04 1.618691334838908129e-03
1.000000000000000000e+00 2.500000000000000000e-01 0.000000000000000000e+00 9.892250807937922729e-04 1.547407664809539443e-03 2.204876306919408165e-04 4.327745985166528788e-04
1.000000000000000000e+00 5.000000000000000000e-01 0.000000000000000000e+00 8.702576578734006526e-04 1.306132580112558898e-03 2.317371216687852701e-04 3.373980404991114269e-04
1.000000000000000000e+00 1.000000000000000000e+00 0.000000000000000000e+00 1.516006996029296231e-03 2.265726776582933834e-03 5.679242816411315649e-04 9.551275627076364055e-04
1.000000000000000000e+00 2.000000000000000000e+00 0.000000000000000000e+00 1.891577407260184099e-03 2.918366064726208263e-03 4.035945146334633522e-04 9.155799873997068350e-04
1.000000000000000000e+00 4.000000000000000000e+00 0.000000000000000000e+00 2.016333873278948648e-03 3.117961258652139460e-03 2.713302592882613456e-04 7.350109243998136652e-04
1.000000000000000000e+00 8.000000000000000000e+00 0.000000000000000000e+00 1.972830374415211144e-03 3.120064376378413329e-03 2.744867737828630885e-04 7.684478886689018228e-04
1.000000000000000000e+00 1.600000000000000000e+01 0.000000000000000000e+00 2.048221481958284289e-03 3.309063631290709052e-03 3.020787831586773439e-04 8.242880902108086104e-04
1.000000000000000000e+00 3.200000000000000000e+01 0.000000000000000000e+00 2.016563916341273556e-03 3.184697410473401151e-03 2.157691656085153049e-04 5.811555236589709779e-04
1.000000000000000000e+00 6.400000000000000000e+01 0.000000000000000000e+00 2.071575343677974947e-03 3.295367993685701432e-03 1.775231554375428700e-04 6.243738902378386402e-04
1.000000000000000000e+00 1.280000000000000000e+02 0.000000000000000000e+00 2.091380671003856533e-03 3.348397770973315923e-03 1.976011569456560097e-04 7.292661791043962517e-04
2.000000000000000000e+00 6.250000000000000000e-02 5.000000000000000000e-01 2.610640221365882665e-03 7.515244001481066922e-03 4.245136736299170445e-04 3.551634146768205789e-03
2.000000000000000000e+00 1.250000000000000000e-01 5.000000000000000000e-01 1.153731862232811262e-03 2.396509024559544294e-03 1.872085001957944389e-04 1.826533845023270734e-03
2.000000000000000000e+00 2.500000000000000000e-01 5.000000000000000000e-01 7.056453920973964049e-04 8.478933678979149943e-04 9.261709167101662770e-05 1.298864929960942072e-04
2.000000000000000000e+00 5.000000000000000000e-01 5.000000000000000000e-01 4.614478153338331381e-04 5.672348276971652661e-04 1.132299720406422690e-04 1.057732655702256735e-04
2.000000000000000000e+00 1.000000000000000000e+00 5.000000000000000000e-01 1.187145192026184144e-03 1.474537916666213144e-03 4.128099316663581949e-04 4.729233939571282435e-04
2.000000000000000000e+00 2.000000000000000000e+00 5.000000000000000000e-01 1.707730168028382192e-03 2.183082570240455801e-03 6.684468443455882959e-04 8.631128474727299852e-04
2.000000000000000000e+00 4.000000000000000000e+00 5.000000000000000000e-01 1.671698763144968767e-03 2.188701834597232398e-03 6.985220829102237487e-04 8.875928488549876929e-04
2.000000000000000000e+00 8.000000000000000000e+00 5.000000000000000000e-01 1.609572276656795215e-03 2.035641910072930570e-03 4.420680652168110605e-04 5.531507735351357674e-04
2.000000000000000000e+00 1.600000000000000000e+01 5.000000000000000000e-01 1.700843734051741326e-03 2.267612436941493850e-03 4.497393952240363846e-04 5.757252087427834966e-04
2.000000000000000000e+00 3.200000000000000000e+01 5.000000000000000000e-01 1.693243035567356227e-03 2.258356472813555227e-03 4.417300164288312644e-04 5.912818348682351245e-04
2.000000000000000000e+00 6.400000000000000000e+01 5.000000000000000000e-01 1.739505657724812679e-03 2.252654582002507587e-03 4.343331478390316698e-04 5.239932408331065454e-04
2.000000000000000000e+00 1.280000000000000000e+02 5.000000000000000000e-01 1.745624177548850062e-03 2.266301101694514868e-03 3.774464071421738476e-04 5.008910227920880401e-04
3.000000000000000000e+00 6.250000000000000000e-02 5.000000000000000000e-01 2.426450926149043442e-03 3.314028403610339013e-02 3.218901866519620304e-04 4.471511319517892935e-02
3.000000000000000000e+00 1.250000000000000000e-01 5.000000000000000000e-01 1.057586991740073427e-03 5.040193753074238489e-03 2.035666298471893192e-04 6.503095848483856495e-03
3.000000000000000000e+00 2.500000000000000000e-01 5.000000000000000000e-01 5.905042975090464205e-04 7.709010930915835384e-04 4.800117594188058171e-05 1.684923297002978101e-04
3.000000000000000000e+00 5.000000000000000000e-01 5.000000000000000000e-01 2.872005205140123595e-04 3.941719155151224979e-04 3.522532199474835154e-05 3.460313048797679510e-05
3.000000000000000000e+00 1.000000000000000000e+00 5.000000000000000000e-01 4.464723361457067596e-04 6.468885649938195016e-04 1.509566232071665054e-04 2.011329704023000176e-04
3.000000000000000000e+00 2.000000000000000000e+00 5.000000000000000000e-01 7.891457952800955697e-04 1.132007823168744518e-03 3.929448700114947018e-04 5.285109126113743221e-04
3.000000000000000000e+00 4.000000000000000000e+00 5.000000000000000000e-01 1.004012785963764431e-03 1.467458299710463739e-03 4.015237872832317007e-04 5.444460479697351427e-04
3.000000000000000000e+00 8.000000000000000000e+00 5.000000000000000000e-01 1.099275702299974938e-03 1.605347926764312452e-03 2.534786756844007523e-04 3.586749237786163343e-04
3.000000000000000000e+00 1.600000000000000000e+01 5.000000000000000000e-01 1.089575946943280478e-03 1.609167426747386232e-03 3.116801042183657056e-04 4.492112159468519047e-04
3.000000000000000000e+00 3.200000000000000000e+01 5.000000000000000000e-01 1.209949649139261969e-03 1.756529970989011797e-03 3.107361352172401700e-04 4.505561082864968626e-04
3.000000000000000000e+00 6.400000000000000000e+01 5.000000000000000000e-01 1.258148725989792103e-03 1.797097083930962111e-03 2.417259312790648307e-04 3.395289867407806834e-04
3.000000000000000000e+00 1.280000000000000000e+02 5.000000000000000000e-01 1.233343439879670909e-03 1.817780414648897643e-03 2.180224912884447209e-04 2.990720047668372602e-04
4.000000000000000000e+00 6.250000000000000000e-02 5.000000000000000000e-01 2.118384917732435684e-03 6.087015764260578221e-02 4.207484377008738948e-04 5.950938641622539188e-02
4.000000000000000000e+00 1.250000000000000000e-01 5.000000000000000000e-01 9.312344803865605768e-04 9.886185667255156101e-03 6.615662442337529199e-05 1.491743117806603250e-02
4.000000000000000000e+00 2.500000000000000000e-01 5.000000000000000000e-01 5.398050706659645887e-04 6.887972631022226244e-04 6.552233108442407803e-05 1.387262737410496706e-04
4.000000000000000000e+00 5.000000000000000000e-01 5.000000000000000000e-01 2.291352171954846547e-04 3.431927646257081034e-04 1.641697612408758565e-05 3.032788061869251929e-05
4.000000000000000000e+00 1.000000000000000000e+00 5.000000000000000000e-01 4.186699096294725880e-04 6.263935258255249857e-04 1.504568170564101165e-04 1.790718310144864660e-04
4.000000000000000000e+00 2.000000000000000000e+00 5.000000000000000000e-01 8.000051129891666427e-04 1.291689539715392765e-03 3.320499744966456555e-04 5.348840049134977875e-04
4.000000000000000000e+00 4.000000000000000000e+00 5.000000000000000000e-01 9.217421634877105913e-04 1.526343447996959726e-03 3.894738351334335342e-04 5.965868601341214493e-04
4.000000000000000000e+00 8.000000000000000000e+00 5.000000000000000000e-01 9.447192208074167361e-04 1.524858906659620024e-03 3.318991214596357263e-04 5.426706680266739965e-04
4.000000000000000000e+00 1.600000000000000000e+01 5.000000000000000000e-01 1.022490075899974704e-03 1.608025540672589722e-03 2.593906876170139143e-04 3.393403854517600690e-04
4.000000000000000000e+00 3.200000000000000000e+01 5.000000000000000000e-01 1.067568849350742591e-03 1.706677847771449806e-03 2.599048461257061045e-04 4.696795118257854492e-04
4.000000000000000000e+00 6.400000000000000000e+01 5.000000000000000000e-01 1.131275251808806174e-03 1.852450603247257329e-03 2.360352142796716423e-04 3.595952134147391028e-04
4.000000000000000000e+00 1.280000000000000000e+02 5.000000000000000000e-01 1.201075743323276861e-03 1.906439000333052386e-03 1.105162015715327234e-04 1.517654742713370956e-04
5.000000000000000000e+00 6.250000000000000000e-02 5.000000000000000000e-01 1.933945479283070328e-03 4.300330297972813909e-02 3.067630772829859362e-04 5.917649160661792029e-02
5.000000000000000000e+00 1.250000000000000000e-01 5.000000000000000000e-01 9.098939985161395069e-04 6.656587038921262314e-03 3.508561115585126207e-05 1.086277279142441356e-02
5.000000000000000000e+00 2.500000000000000000e-01 5.000000000000000000e-01 5.207723594171750252e-04 2.464085974109944590e-03 5.008058765506646264e-05 3.563206226128603007e-03
5.000000000000000000e+00 5.000000000000000000e-01 5.000000000000000000e-01 2.088558606575864098e-04 3.410400721613704401e-04 2.512457691155654021e-05 3.648250672747609482e-05
5.000000000000000000e+00 1.000000000000000000e+00 5.000000000000000000e-01 2.622820063138709421e-04 4.950810052374843544e-04 5.319739087150683864e-05 8.749579618200160934e-05
5.000000000000000000e+00 2.000000000000000000e+00 5.000000000000000000e-01 4.214584872146233982e-04 8.129303373013967854e-04 2.710150107075688306e-04 4.199726145300258350e-04
5.000000000000000000e+00 4.000000000000000000e+00 5.000000000000000000e-01 5.132799223299564992e-04 1.014406572931151555e-03 2.602622332003236717e-04 4.741522001150259326e-04
5.000000000000000000e+00 8.000000000000000000e+00 5.000000000000000000e-01 6.332270645057357008e-04 1.236181199592554115e-03 2.640171490601434228e-04 3.775829114175507559e-04
5.000000000000000000e+00 1.600000000000000000e+01 5.000000000000000000e-01 7.167134834924476913e-04 1.383721751755680575e-03 2.189222506237309721e-04 4.013966688818979391e-04
5.000000000000000000e+00 3.200000000000000000e+01 5.000000000000000000e-01 7.350426286509808681e-04 1.425157931287136413e-03 2.118787650647606282e-04 3.769822948041429470e-04
5.000000000000000000e+00 6.400000000000000000e+01 5.000000000000000000e-01 7.883568101929100879e-04 1.471824267131207394e-03 2.188814529877966943e-04 3.332498351366608696e-04
5.000000000000000000e+00 1.280000000000000000e+02 5.000000000000000000e-01 9.316263959384051777e-04 1.714317699099693641e-03 1.719688631988133083e-04 3.433526933705450092e-04
