1.000000000000000000e+00 6.250000000000000000e-02 0.000000000000000000e+00 3.336199323108254757e-03 5.021864919966801538e-03 2.914567999086811723e-04 1.952029437620089562e-03
1.000000000000000000e+00 1.250000000000000000e-01 0.000000000000000000e+00 2.329364570392724373e-03 2.604018118214015878e-03 5.524648802278184917e-04 8.376063432050767340e-04
1.000000000000000000e+00 2.500000000000000000e-01 0.000000000000000000e+00 1.430663104049713277e-03 1.425188761582944471e-03 3.338542304410360641e-04 3.549881982283318443e-04
1.000000000000000000e+00 5.000000000000000000e-01 0.000000000000000000e+00 8.805589639108350828e-04 8.851345007506517589e-04 3.412967308472700115e-04 3.480503365462532441e-04
1.000000000000000000e+00 1.000000000000000000e+00 0.000000000000000000e+00 1.394949800174692493e-03 1.427930830390872815e-03 7.849720129038015000e-04 7.842742017819899405e-04
1.000000000000000000e+00 2.000000000000000000e+00 0.000000000000000000e+00 1.964787276228300173e-03 2.080523739364464539e-03 7.482108051713448746e-04 8.037854412041088407e-04
1.000000000000000000e+00 4.000000000000000000e+00 0.000000000000000000e+00 2.240767753906549881e-03 2.365446992773903231e-03 5.946907027431244750e-04 6.530518415585454851e-04
1.000000000000000000e+00 8.000000000000000000e+00 0.000000000000000000e+00 2.257800647654750487e-03 2.417312047621468420e-03 5.699387176441707368e-04 6.208424643124654590e-04
1.000000000000000000e+00 1.600000000000000000e+01 0.000000000000000000e+00 2.465205128381408629e-03 2.607245674306812866e-03 3.406771591408325152e-04 3.768521329289649304e-04
1.000000000000000000e+00 3.200000000000000000e+01 0.000000000000000000e+00 2.352600458477621150e-03 2.478740839660475374e-03 3.053147126541867458e-04 2.987466390021854910e-04
1.000000000000000000e+00 6.400000000000000000e+01 0.000000000000000000e+00 2.465487430085362870e-03 2.627170868283624106e-03 2.756048675519977287e-04 3.088730023867183004e-04
1.000000000000000000e+00 1.280000000000000000e+02 0.000000000000000000e+00 2.557128192854476404e-03 2.706155572817483569e-03 1.760748533877242784e-04 2.102679685241269853e-04
2.000000000000000000e+00 6.250000000000000000e-02 0.000000000000000000e+00 2.858474648591455454e-03 4.708182707963462152e-03 2.475062983855857014e-04 1.305313324064944804e-03
2.000000000000000000e+00 1.250000000000000000e-01 0.000000000000000000e+00 1.594497255660253009e-03 2.458915132318110781e-03 1.771844549373026900e-04 1.331522793601925192e-03
2.000000000000000000e+00 2.500000000000000000e-01 0.000000000000000000e+00 8.896788629900136266e-04 1.045916843285321163e-03 1.471219638968641842e-04 1.703921515035753959e-04
2.000000000000000000e+00 5.000000000000000000e-01 0.000000000000000000e+00 4.155977811487902634e-04 4.989891740809225583e-04 1.753330599245663771e-04 2.024279736408019122e-04
2.000000000000000000e+00 1.000000000000000000e+00 0.000000000000000000e+00 1.245170491770006532e-03 1.630553850656241057e-03 4.623182394554555463e-04 6.133912082883776710e-04
2.000000000000000000e+00 2.000000000000000000e+00 0.000000000000000000e+00 1.909609237086372065e-03 2.530111179319515218e-03 6.103109164939363824e-04 8.029411431523706495e-04
2.000000000000000000e+00 4.000000000000000000e+00 0.000000000000000000e+00 1.880101101763930306e-03 2.493311346738298889e-03 6.335916654893361359e-04 8.486854678284014080e-04
2.000000000000000000e+00 8.000000000000000000e+00 0.000000000000000000e+00 1.787557605539151105e-03 2.378671800752204298e-03 4.403306993602343366e-04 5.758407457464350798e-04
2.000000000000000000e+00 1.600000000000000000e+01 0.000000000000000000e+00 1.921444234997528398e-03 2.549310926975079973e-03 4.270102209463162756e-04 5.837210091578347998e-04
2.000000000000000000e+00 3.200000000000000000e+01 0.000000000000000000e+00 2.039112208214882878e-03 2.734960399812400890e-03 2.986656131746711273e-04 3.924962893600301224e-04
2.000000000000000000e+00 6.400000000000000000e+01 0.000000000000000000e+00 2.091432912735639946e-03 2.750046994408028925e-03 2.029700092839232834e-04 2.684434250069185927e-04
2.000000000000000000e+00 1.280000000000000000e+02 0.000000000000000000e+00 2.066128386010480066e-03 2.726061890487885796e-03 1.848822013075516113e-04 2.662410609241056729e-04
3.000000000000000000e+00 6.250000000000000000e-02 0.000000000000000000e+00 2.822482273592555584e-03 4.224753099055690575e-02 2.966525908356936348e-04 8.325633469495193062e-02
3.000000000000000000e+00 1.250000000000000000e-01 0.000000000000000000e+00 1.432689625759743079e-03 2.358622045268887486e-03 1.524576813008033651e-04 9.698970928765733492e-04
3.000000000000000000e+00 2.500000000000000000e-01 0.000000000000000000e+00 7.314691885328640161e-04 9.243327489094953307e-04 5.464413796872332683e-05 1.320148151454435086e-04
3.000000000000000000e+00 5.000000000000000000e-01 0.000000000000000000e+00 1.859429019466633554e-04 2.450240767059396049e-04 3.812118753092342394e-05 4.678079840746748180e-05
3.000000000000000000e+00 1.000000000000000000e+00 0.000000000000000000e+00 3.236593788838093761e-04 4.512021528183311715e-04 1.547796315031874873e-04 2.257607075544297668e-04
3.000000000000000000e+00 2.000000000000000000e+00 0.000000000000000000e+00 7.694871622392305275e-04 1.121247201845834013e-03 5.211483010259087677e-04 7.969340209004646377e-04
3.000000000000000000e+00 4.000000000000000000e+00 0.000000000000000000e+00 1.109059623214317305e-03 1.667117499313279603e-03 6.009141008679799029e-04 8.968130091602135971e-04
3.000000000000000000e+00 8.000000000000000000e+00 0.000000000000000000e+00 1.298440679649705536e-03 1.939832866593766206e-03 4.863882078722177359e-04 6.780226994943589413e-04
3.000000000000000000e+00 1.600000000000000000e+01 0.000000000000000000e+00 1.344682912654859060e-03 1.978140700681510402e-03 4.893559576523937114e-04 6.964217668532832585e-04
3.000000000000000000e+00 3.200000000000000000e+01 0.000000000000000000e+00 1.465873075260754575e-03 2.178220149350563843e-03 4.738325086214411740e-04 6.867643941115042549e-04
3.000000000000000000e+00 6.400000000000000000e+01 0.000000000000000000e+00 1.530591152659304234e-03 2.300142358573762941e-03 2.263707010865287459e-04 3.171093035553845395e-04
3.000000000000000000e+00 1.280000000000000000e+02 0.000000000000000000e+00 1.521337302514761498e-03 2.265187309648695677e-03 3.646096506226332483e-04 5.536689174718094613e-04
4.000000000000000000e+00 6.250000000000000000e-02 0.000000000000000000e+00 2.503195651043575113e-03 1.581396879933611929e-02 3.404555528530367123e-04 1.628758197657009799e-02
4.000000000000000000e+00 1.250000000000000000e-01 0.000000000000000000e+00 1.341060113103328608e-03 1.414398479906158433e-02 9.087113411861082093e-05 2.529254495778906001e-02
4.000000000000000000e+00 2.500000000000000000e-01 0.000000000000000000e+00 6.698633826295621830e-04 9.018704056715969378e-04 1.058607842733428895e-04 1.541527565504887439e-04
4.000000000000000000e+00 5.000000000000000000e-01 0.000000000000000000e+00 1.381853292614779248e-04 1.913450091833188648e-04 1.451336053127792920e-05 1.906753123976164218e-05
4.000000000000000000e+00 1.000000000000000000e+00 0.000000000000000000e+00 2.789410893846253504e-04 4.317553610763627948e-04 1.144650589355990456e-04 1.901503660727143108e-04
4.000000000000000000e+00 2.000000000000000000e+00 0.000000000000000000e+00 7.123958956430189501e-04 1.253471061229836881e-03 4.164073321084143229e-04 7.596391672362825436e-04
4.000000000000000000e+00 4.000000000000000000e+00 0.000000000000000000e+00 9.852593901253918918e-04 1.710326160383158654e-03 5.066596252719388419e-04 8.647971134902225849e-04
4.000000000000000000e+00 8.000000000000000000e+00 0.000000000000000000e+00 1.069988317322232525e-03 1.826281617842886356e-03 4.427638938257166638e-04 7.625998360698940702e-04
4.000000000000000000e+00 1.600000000000000000e+01 0.000000000000000000e+00 1.181317690957900358e-03 2.022672976297317394e-03 3.109069903486370357e-04 5.271960109492861406e-04
4.000000000000000000e+00 3.200000000000000000e+01 0.000000000000000000e+00 1.269012763096074312e-03 2.126872763466222237e-03 2.918189582623990680e-04 4.656128354079342498e-04
4.000000000000000000e+00 6.400000000000000000e+01 0.000000000000000000e+00 1.342307601090442443e-03 2.293975947415666065e-03 2.746147890510573049e-04 3.984770865683538851e-04
4.000000000000000000e+00 1.280000000000000000e+02 0.000000000000000000e+00 1.446435368983585478e-03 2.436628330918498044e-03 1.710637253826755824e-04 3.020005394184770305e-04
5.000000000000000000e+00 6.250000000000000000e-02 0.000000000000000000e+00 2.418689340058569320e-03 3.262305802739856597e-02 1.768080858442913161e-04 4.516280871753403786e-02
5.000000000000000000e+00 1.250000000000000000e-01 0.000000000000000000e+00 1.323356190449124278e-03 7.874910201620916733e-03 3.780068570072169816e-05 8.742891995308779002e-03
5.000000000000000000e+00 2.500000000000000000e-01 0.000000000000000000e+00 6.627521037592140705e-04 1.195100470267999610e-03 8.402251029889098262e-05 6.735641801332161544e-04
5.000000000000000000e+00 5.000000000000000000e-01 0.000000000000000000e+00 1.273580342215321524e-04 1.862012404266538072e-04 3.930289551671249920e-05 5.162833461759123885e-05
5.000000000000000000e+00 1.000000000000000000e+00 0.000000000000000000e+00 1.684647750657410580e-04 2.870907579760784319e-04 5.961934153522491925e-05 1.105676907268161711e-04
5.000000000000000000e+00 2.000000000000000000e+00 0.000000000000000000e+00 3.884170981562683829e-04 7.739487429224561899e-04 3.714100795927461544e-04 7.547179800643257202e-04
5.000000000000000000e+00 4.000000000000000000e+00 0.000000000000000000e+00 5.202197481484893823e-04 1.053304444409764113e-03 3.824685657541662914e-04 7.856650305512364067e-04
5.000000000000000000e+00 8.000000000000000000e+00 0.000000000000000000e+00 7.325761495947141939e-04 1.424097214217130833e-03 3.585139871566828140e-04 6.376217617230024899e-04
5.000000000000000000e+00 1.600000000000000000e+01 0.000000000000000000e+00 8.566997263752659710e-04 1.715478681858091572e-03 3.840017733355190741e-04 7.773759394826278320e-04
5.000000000000000000e+00 3.200000000000000000e+01 0.000000000000000000e+00 8.892059776708975899e-04 1.770468775722307221e-03 2.583185629227265556e-04 4.831359557046978771e-04
5.000000000000000000e+00 6.400000000000000000e+01 0.000000000000000000e+00 9.511850191972060073e-04 1.951372655823856855e-03 3.130453153923851910e-04 5.988633073947784028e-04
5.000000000000000000e+00 1.280000000000000000e+02 0.000000000000000000e+00 1.089818520193913112e-03 2.202767123983562138e-03 2.473866779119618018e-04 4.645541320822211347e-04
