1.000000000000000000e+00 6.250000000000000000e-02 0.000000000000000000e+00 3.336199323108254757e-03 5.021864919966801538e-03 2.914567999086811723e-04 1.952029437620089562e-03
1.000000000000000000e+00 1.250000000000000000e-01 0.000000000000000000e+00 2.329364570392724373e-03 2.604018118214015878e-03 5.524648802278184917e-04 8.376063432050767340e-04
1.000000000000000000e+00 2.500000000000000000e-01 0.000000000000000000e+00 1.430663104049713277e-03 1.425188761582944471e-03 3.338542304410360641e-04 3.549881982283318443e-04
1.000000000000000000e+00 5.000000000000000000e-01 0.000000000000000000e+00 8.805589639108350828e-04 8.851345007506517589e-04 3.412967308472700115e-04 3.480503365462532441e-04
1.000000000000000000e+00 1.000000000000000000e+00 0.000000000000000000e+00 1.394949800174692493e-03 1.427930830390872815e-03 7.849720129038015000e-04 7.842742017819899405e-04
1.000000000000000000e+00 2.000000000000000000e+00 0.000000000000000000e+00 1.964787276228300173e-03 2.080523739364464539e-03 7.482108051713448746e-04 8.037854412041088407e-04
1.000000000000000000e+00 4.000000000000000000e+00 0.000000000000000000e+00 2.240767753906549881e-03 2.365446992773903231e-03 5.946907027431244750e-04 6.530518415585454851e-04
1.000000000000000000e+00 8.000000000000000000e+00 0.000000000000000000e+00 2.257800647654750487e-03 2.417312047621468420e-03 5.699387176441707368e-04 6.208424643124654590e-04
1.000000000000000000e+00 1.600000000000000000e+01 0.000000000000000000e+00 2.465205128381408629e-03 2.607245674306812866e-03 3.406771591408325152e-04 3.768521329289649304e-04
1.000000000000000000e+00 3.200000000000000000e+01 0.000000000000000000e+00 2.352600458477621150e-03 2.478740839660475374e-03 3.053147126541867458e-04 2.987466390021854910e-04
1.000000000000000000e+00 6.400000000000000000e+01 0.000000000000000000e+00 2.465487430085362870e-03 2.627170868283624106e-03 2.756048675519977287e-04 3.088730023867183004e-04
1.000000000000000000e+00 1.280000000000000000e+02 0.000000000000000000e+00 2.557128192854476404e-03 2.706155572817483569e-03 1.760748533877242784e-04 2.102679685241269853e-04
