1.000000000000000000e+00 6.250000000000000000e-02 0.000000000000000000e+00 3.705283307986890953e-03 4.657314032247298653e-03 2.421065333486045008e-04 1.903001358732514265e-03
1.000000000000000000e+00 1.250000000000000000e-01 0.000000000000000000e+00 2.595027812817697448e-03 2.980253414464181273e-03 7.425825083579654096e-04 1.052779350744477730e-03
1.000000000000000000e+00 2.500000000000000000e-01 0.000000000000000000e+00 1.425762744804797821e-03 1.539610902027603503e-03 3.043900911803332264e-04 3.690469222832445028e-04
1.000000000000000000e+00 5.000000000000000000e-01 0.000000000000000000e+00 5.642525318147462166e-04 6.155949412679859872e-04 2.362854913614203611e-04 2.347651914984298584e-04
1.000000000000000000e+00 1.000000000000000000e+00 0.000000000000000000e+00 7.235153370406935186e-04 8.099404706743612353e-04 6.285705782661938886e-04 6.915757681634823045e-04
1.000000000000000000e+00 2.000000000000000000e+00 0.000000000000000000e+00 1.236914802661655656e-03 1.401997116580982377e-03 8.779849492703146454e-04 9.864430116046675728e-04
1.000000000000000000e+00 4.000000000000000000e+00 0.000000000000000000e+00 1.396685989220911505e-03 1.635351366857036668e-03 8.352159166796162661e-04 9.456525508300958963e-04
1.000000000000000000e+00 8.000000000000000000e+00 0.000000000000000000e+00 1.644949117911149745e-03 1.902789482100828659e-03 6.823065713288438633e-04 7.725713773099866398e-04
1.000000000000000000e+00 1.600000000000000000e+01 0.000000000000000000e+00 1.772890703201693329e-03 1.994505320453206654e-03 5.166960769601757278e-04 5.565057675756075652e-04
1.000000000000000000e+00 3.200000000000000000e+01 0.000000000000000000e+00 1.584149963983578699e-03 1.847189223378617202e-03 5.585756815644014450e-04 6.447457096800218420e-04
1.000000000000000000e+00 6.400000000000000000e+01 0.000000000000000000e+00 1.855844562942624097e-03 2.094303555108455346e-03 4.613436181414865282e-04 5.153255382559589724e-04
1.000000000000000000e+00 1.280000000000000000e+02 0.000000000000000000e+00 1.905085145027494943e-03 2.165402981368370981e-03 4.025425164972791189e-04 4.557885558804884978e-04
