1.000000000000000000e+00 6.250000000000000000e-02 0.000000000000000000e+00 3.439442302416983403e-03 4.647814256576491936e-03 1.935271729842915830e-04 1.256533835222798257e-03
1.000000000000000000e+00 1.250000000000000000e-01 0.000000000000000000e+00 2.473852190126052831e-03 2.989807561379632158e-03 6.376938958149988351e-04 8.968376675233353731e-04
1.000000000000000000e+00 2.500000000000000000e-01 0.000000000000000000e+00 1.417845364935212517e-03 1.566931334913260459e-03 3.004798518780939795e-04 3.766734251286086438e-04
1.000000000000000000e+00 5.000000000000000000e-01 0.000000000000000000e+00 5.599552356009441373e-04 6.095473242876803645e-04 2.239282429736848745e-04 2.540527353470430224e-04
1.000000000000000000e+00 1.000000000000000000e+00 0.000000000000000000e+00 6.706865265909479120e-04 8.231352932508994875e-04 5.538604024647677702e-04 7.062282264565731540e-04
1.000000000000000000e+00 2.000000000000000000e+00 0.000000000000000000e+00 1.188993063357928880e-03 1.425623045658807892e-03 8.425321241083061005e-04 1.007965933688260160e-03
1.000000000000000000e+00 4.000000000000000000e+00 0.000000000000000000e+00 1.361022072990574015e-03 1.650956688929388445e-03 7.953801390253008655e-04 9.714156692079597673e-04
1.000000000000000000e+00 8.000000000000000000e+00 0.000000000000000000e+00 1.598912477350014627e-03 1.920496407240033414e-03 6.287426734760948304e-04 7.869898820154340880e-04
1.000000000000000000e+00 1.600000000000000000e+01 0.000000000000000000e+00 1.706485396037229693e-03 2.087511830843033489e-03 4.530707883918135004e-04 5.773450727189573164e-04
1.000000000000000000e+00 3.200000000000000000e+01 0.000000000000000000e+00 1.553172218242835929e-03 1.900320444751626633e-03 5.494458692033601889e-04 6.564141310842288874e-04
1.000000000000000000e+00 6.400000000000000000e+01 0.000000000000000000e+00 1.727637509512613924e-03 2.174879153296024100e-03 4.098053956599825441e-04 5.508810542659624103e-04
1.000000000000000000e+00 1.280000000000000000e+02 0.000000000000000000e+00 1.851792858174754891e-03 2.225880636435380484e-03 3.928804666631355086e-04 4.449882120813887488e-04
2.000000000000000000e+00 6.250000000000000000e-02 0.000000000000000000e+00 3.063592916681391783e-03 5.098862981126561951e-03 2.454617704577631673e-04 9.763634943650251023e-04
2.000000000000000000e+00 1.250000000000000000e-01 0.000000000000000000e+00 1.909810396227407071e-03 2.886276512329678801e-03 2.731662248204868595e-04 1.340855308702346626e-03
2.000000000000000000e+00 2.500000000000000000e-01 0.000000000000000000e+00 1.057210497425316699e-03 1.188097276977516815e-03 1.906784081697362977e-04 2.240676154485432786e-04
2.000000000000000000e+00 5.000000000000000000e-01 0.000000000000000000e+00 2.475167075790468750e-04 2.886057223764872874e-04 1.730016030548741507e-04 1.881492382981502594e-04
2.000000000000000000e+00 1.000000000000000000e+00 0.000000000000000000e+00 4.483644932276051667e-04 6.095951280533705267e-04 2.616804136875792303e-04 3.744947723975571648e-04
2.000000000000000000e+00 2.000000000000000000e+00 0.000000000000000000e+00 9.690034656769763288e-04 1.302322385808911149e-03 4.309023294371582056e-04 5.691934014074400121e-04
2.000000000000000000e+00 4.000000000000000000e+00 0.000000000000000000e+00 8.528410331948696119e-04 1.154065080684004308e-03 3.963875513912377339e-04 5.398531608142389561e-04
2.000000000000000000e+00 8.000000000000000000e+00 0.000000000000000000e+00 9.685390334095534759e-04 1.324321382139967071e-03 4.380971418578048305e-04 6.101807275271150383e-04
2.000000000000000000e+00 1.600000000000000000e+01 0.000000000000000000e+00 1.142179312331149336e-03 1.578209489708727251e-03 3.923580271043398092e-04 5.557619363980988115e-04
2.000000000000000000e+00 3.200000000000000000e+01 0.000000000000000000e+00 1.140660035870060983e-03 1.545843107224580213e-03 3.338504211477132848e-04 4.141930842921298997e-04
2.000000000000000000e+00 6.400000000000000000e+01 0.000000000000000000e+00 1.153883212354536378e-03 1.602758228393241736e-03 2.529422546955607896e-04 3.740640790407855965e-04
2.000000000000000000e+00 1.280000000000000000e+02 0.000000000000000000e+00 1.187968956202506681e-03 1.624895594819750211e-03 1.995139665416863803e-04 2.395818779507671490e-04
3.000000000000000000e+00 6.250000000000000000e-02 0.000000000000000000e+00 3.046663877857812286e-03 2.829744192897087895e-02 2.305443094890282166e-04 5.957544785609669019e-02
3.000000000000000000e+00 1.250000000000000000e-01 0.000000000000000000e+00 1.681286654409088269e-03 4.040427690214376186e-03 1.253239804443914110e-04 3.730426032502837889e-03
3.000000000000000000e+00 2.500000000000000000e-01 0.000000000000000000e+00 8.414066013335070237e-04 1.163640322279969929e-03 9.426048154130473760e-05 5.920013091759979400e-04
3.000000000000000000e+00 5.000000000000000000e-01 0.000000000000000000e+00 9.754361963449043006e-05 1.231723410546329460e-04 2.888756317042432984e-05 3.928648769735472598e-05
3.000000000000000000e+00 1.000000000000000000e+00 0.000000000000000000e+00 6.431094040568207694e-05 8.976554599943197855e-05 2.153185136925592818e-05 3.410523133659615976e-05
3.000000000000000000e+00 2.000000000000000000e+00 0.000000000000000000e+00 1.355281358465714532e-04 2.114087421084172855e-04 1.035237657709173035e-04 1.723894950866678214e-04
3.000000000000000000e+00 4.000000000000000000e+00 0.000000000000000000e+00 2.559584406730992258e-04 3.803765629133216194e-04 1.726033991834469996e-04 2.450398668721774577e-04
3.000000000000000000e+00 8.000000000000000000e+00 0.000000000000000000e+00 3.473517969199431507e-04 5.456049496624813464e-04 1.766201339101788708e-04 2.825748752295227087e-04
3.000000000000000000e+00 1.600000000000000000e+01 0.000000000000000000e+00 3.459394399291369250e-04 5.508633704164781581e-04 1.771679661737454129e-04 2.914398827267546468e-04
3.000000000000000000e+00 3.200000000000000000e+01 0.000000000000000000e+00 4.845566416778716726e-04 7.760565596956103991e-04 2.215285158121708053e-04 3.477090803344849148e-04
3.000000000000000000e+00 6.400000000000000000e+01 0.000000000000000000e+00 4.757881087995673294e-04 7.613692877238160397e-04 1.826258587276689772e-04 2.978166101623819467e-04
3.000000000000000000e+00 1.280000000000000000e+02 0.000000000000000000e+00 5.308773208456265625e-04 8.490992521715810034e-04 2.173106144137396849e-04 3.723578811893402184e-04
4.000000000000000000e+00 6.250000000000000000e-02 0.000000000000000000e+00 2.750122475708756484e-03 1.885569249297703101e-02 2.446319991927872490e-04 2.846447168191410665e-02
4.000000000000000000e+00 1.250000000000000000e-01 0.000000000000000000e+00 1.593567035361873312e-03 1.177063583402252964e-02 1.031824619387333340e-04 2.311846950145308999e-02
4.000000000000000000e+00 2.500000000000000000e-01 0.000000000000000000e+00 7.749154542533029854e-04 1.063690204867173738e-03 1.517213284660260048e-04 3.060409880864973782e-04
4.000000000000000000e+00 5.000000000000000000e-01 0.000000000000000000e+00 6.413390435475096129e-05 8.760371585913715364e-05 1.902691579054845023e-05 2.529080271443161375e-05
4.000000000000000000e+00 1.000000000000000000e+00 0.000000000000000000e+00 4.015744408052186894e-05 6.252168050405918322e-05 1.475316010668695258e-05 2.342604144071912104e-05
4.000000000000000000e+00 2.000000000000000000e+00 0.000000000000000000e+00 1.010425856593280401e-04 1.882624664176022616e-04 7.231214277305743658e-05 1.561455636007596528e-04
4.000000000000000000e+00 4.000000000000000000e+00 0.000000000000000000e+00 1.493458695494248156e-04 2.771351113741747163e-04 1.083754760104416941e-04 2.057199078319897720e-04
4.000000000000000000e+00 8.000000000000000000e+00 0.000000000000000000e+00 2.244435292437470318e-04 4.089361055088103908e-04 1.016039736098210022e-04 2.010538352414495997e-04
4.000000000000000000e+00 1.600000000000000000e+01 0.000000000000000000e+00 2.547674452824403506e-04 4.702708840677098353e-04 1.090209574091547193e-04 1.886584895902026571e-04
4.000000000000000000e+00 3.200000000000000000e+01 0.000000000000000000e+00 2.530957019872610196e-04 4.745620295862787268e-04 7.791885797599959463e-05 1.458211698877179057e-04
4.000000000000000000e+00 6.400000000000000000e+01 0.000000000000000000e+00 3.016563357652666372e-04 5.552950992838799745e-04 1.236643935713090071e-04 2.266028450479398097e-04
4.000000000000000000e+00 1.280000000000000000e+02 0.000000000000000000e+00 3.255719144190666477e-04 5.988253781821734978e-04 7.636639348767403762e-05 1.380383789033765788e-04
5.000000000000000000e+00 6.250000000000000000e-02 0.000000000000000000e+00 2.688389946133607454e-03 3.609276710159753376e-02 9.753433397711738318e-05 6.317673591086125917e-02
5.000000000000000000e+00 1.250000000000000000e-01 0.000000000000000000e+00 1.578476255921529726e-03 5.885716928012160211e-03 4.769622189912172278e-05 4.282513773880529048e-03
5.000000000000000000e+00 2.500000000000000000e-01 0.000000000000000000e+00 7.681196276982925905e-04 1.821812589177909713e-03 8.983026304284904369e-05 1.962445094460923186e-03
5.000000000000000000e+00 5.000000000000000000e-01 0.000000000000000000e+00 6.302361557065447729e-05 9.249528261659111449e-05 2.249576109347708796e-05 3.790848890821946166e-05
5.000000000000000000e+00 1.000000000000000000e+00 0.000000000000000000e+00 2.868650413956256752e-05 5.152279041022490722e-05 9.924408447683039796e-06 1.866590416102450513e-05
5.000000000000000000e+00 2.000000000000000000e+00 0.000000000000000000e+00 6.772243696940921046e-05 1.395318450389292152e-04 6.653001124515243460e-05 1.490993660970886558e-04
5.000000000000000000e+00 4.000000000000000000e+00 0.000000000000000000e+00 9.462448406485951980e-05 2.074890471022371955e-04 8.639025205247389497e-05 2.052271559017269042e-04
5.000000000000000000e+00 8.000000000000000000e+00 0.000000000000000000e+00 1.195453238122401321e-04 2.683881627632153329e-04 7.908910140426787772e-05 1.908778320973453951e-04
5.000000000000000000e+00 1.600000000000000000e+01 0.000000000000000000e+00 1.458430838382312718e-04 3.333183799409770998e-04 9.276169040889654526e-05 2.278645877434589491e-04
5.000000000000000000e+00 3.200000000000000000e+01 0.000000000000000000e+00 1.629197675302891928e-04 3.507543734114931290e-04 8.384555441482917143e-05 1.753479213117419173e-04
5.000000000000000000e+00 6.400000000000000000e+01 0.000000000000000000e+00 1.924809838784400100e-04 4.264033650059356360e-04 9.215871944487668730e-05 2.202271973747190305e-04
5.000000000000000000e+00 1.280000000000000000e+02 0.000000000000000000e+00 1.909567300586410561e-04 4.332619246258869209e-04 7.465396164657136569e-05 1.849550614061759818e-04
