5.000000000000000000e-01 1.000000000000000000e+00 1.000000000000000000e+00 1.739584423029601548e-03
5.000000000000000000e-01 5.000000000000000000e+00 1.000000000000000000e+00 3.902657032676344184e-03
5.000000000000000000e-01 1.000000000000000000e+01 1.000000000000000000e+00 5.776456274451163310e-03
5.000000000000000000e-01 1.500000000000000000e+01 1.000000000000000000e+00 6.989016931157660331e-03
5.000000000000000000e-01 2.000000000000000000e+01 1.000000000000000000e+00 8.292553769629772489e-03
5.000000000000000000e-01 2.500000000000000000e+01 1.000000000000000000e+00 9.109555391320894174e-03
5.000000000000000000e-01 3.000000000000000000e+01 1.000000000000000000e+00 9.867565274463427696e-03
5.000000000000000000e-01 3.500000000000000000e+01 1.000000000000000000e+00 1.046959371543128639e-02
5.000000000000000000e-01 4.000000000000000000e+01 1.000000000000000000e+00 1.138159950396188530e-02
5.000000000000000000e-01 4.500000000000000000e+01 1.000000000000000000e+00 1.172231624624352556e-02
5.000000000000000000e-01 5.000000000000000000e+01 1.000000000000000000e+00 1.228389307540170630e-02
1.000000000000000000e+00 1.000000000000000000e+00 1.000000000000000000e+00 8.593954883328803931e-05
1.000000000000000000e+00 5.000000000000000000e+00 1.000000000000000000e+00 1.844033450618061171e-04
1.000000000000000000e+00 1.000000000000000000e+01 1.000000000000000000e+00 2.835611946692467508e-04
1.000000000000000000e+00 1.500000000000000000e+01 1.000000000000000000e+00 3.327625114735933065e-04
1.000000000000000000e+00 2.000000000000000000e+01 1.000000000000000000e+00 4.020486286895933424e-04
1.000000000000000000e+00 2.500000000000000000e+01 1.000000000000000000e+00 4.242761101573250628e-04
1.000000000000000000e+00 3.000000000000000000e+01 1.000000000000000000e+00 4.572283699937273408e-04
1.000000000000000000e+00 3.500000000000000000e+01 1.000000000000000000e+00 5.111761876767127255e-04
1.000000000000000000e+00 4.000000000000000000e+01 1.000000000000000000e+00 5.796819490286687698e-04
1.000000000000000000e+00 4.500000000000000000e+01 1.000000000000000000e+00 5.914477944117293691e-04
1.000000000000000000e+00 5.000000000000000000e+01 1.000000000000000000e+00 6.262848190275157939e-04
2.000000000000000000e+00 1.000000000000000000e+00 1.000000000000000000e+00 3.812561647755249338e-06
2.000000000000000000e+00 5.000000000000000000e+00 1.000000000000000000e+00 7.935084156860616148e-06
2.000000000000000000e+00 1.000000000000000000e+01 1.000000000000000000e+00 1.049902912594408880e-05
2.000000000000000000e+00 1.500000000000000000e+01 1.000000000000000000e+00 1.350446886570639506e-05
2.000000000000000000e+00 2.000000000000000000e+01 1.000000000000000000e+00 1.611712467541998357e-05
2.000000000000000000e+00 2.500000000000000000e+01 1.000000000000000000e+00 1.825441070870740504e-05
2.000000000000000000e+00 3.000000000000000000e+01 1.000000000000000000e+00 1.809230101325799581e-05
2.000000000000000000e+00 3.500000000000000000e+01 1.000000000000000000e+00 2.072816379210336339e-05
2.000000000000000000e+00 4.000000000000000000e+01 1.000000000000000000e+00 2.274964114327855579e-05
2.000000000000000000e+00 4.500000000000000000e+01 1.000000000000000000e+00 2.406777324322051975e-05
2.000000000000000000e+00 5.000000000000000000e+01 1.000000000000000000e+00 2.549410255381972189e-05
4.000000000000000000e+00 1.000000000000000000e+00 1.000000000000000000e+00 7.599440311580704625e-10
4.000000000000000000e+00 5.000000000000000000e+00 1.000000000000000000e+00 1.599192305861675044e-09
4.000000000000000000e+00 1.000000000000000000e+01 1.000000000000000000e+00 2.250351153631539759e-09
4.000000000000000000e+00 1.500000000000000000e+01 1.000000000000000000e+00 2.808158636519521447e-09
4.000000000000000000e+00 2.000000000000000000e+01 1.000000000000000000e+00 3.240063455764342454e-09
4.000000000000000000e+00 2.500000000000000000e+01 1.000000000000000000e+00 3.690788937761277924e-09
4.000000000000000000e+00 3.000000000000000000e+01 1.000000000000000000e+00 3.944701732986188485e-09
4.000000000000000000e+00 3.500000000000000000e+01 1.000000000000000000e+00 4.237163449492366021e-09
4.000000000000000000e+00 4.000000000000000000e+01 1.000000000000000000e+00 4.585652587935032873e-09
4.000000000000000000e+00 4.500000000000000000e+01 1.000000000000000000e+00 4.691810968140153599e-09
4.000000000000000000e+00 5.000000000000000000e+01 1.000000000000000000e+00 5.251971211166549061e-09
8.000000000000000000e+00 1.000000000000000000e+00 1.000000000000000000e+00 1.693404481236568134e-10
8.000000000000000000e+00 5.000000000000000000e+00 1.000000000000000000e+00 3.194230679291074752e-10
8.000000000000000000e+00 1.000000000000000000e+01 1.000000000000000000e+00 5.010116688074133906e-10
8.000000000000000000e+00 1.500000000000000000e+01 1.000000000000000000e+00 6.133233261386177659e-10
8.000000000000000000e+00 2.000000000000000000e+01 1.000000000000000000e+00 7.949152744786367706e-10
8.000000000000000000e+00 2.500000000000000000e+01 1.000000000000000000e+00 8.205776146308196747e-10
8.000000000000000000e+00 3.000000000000000000e+01 1.000000000000000000e+00 9.137086968662361141e-10
8.000000000000000000e+00 3.500000000000000000e+01 1.000000000000000000e+00 9.943461116486024194e-10
8.000000000000000000e+00 4.000000000000000000e+01 1.000000000000000000e+00 9.875981593888542043e-10
8.000000000000000000e+00 4.500000000000000000e+01 1.000000000000000000e+00 1.092660817804865687e-09
8.000000000000000000e+00 5.000000000000000000e+01 1.000000000000000000e+00 1.269369233360088727e-09
1.600000000000000000e+01 1.000000000000000000e+00 1.000000000000000000e+00 3.097999033428054042e-05
1.600000000000000000e+01 5.000000000000000000e+00 1.000000000000000000e+00 8.124322923151097839e-05
1.600000000000000000e+01 1.000000000000000000e+01 1.000000000000000000e+00 1.110035102913034289e-04
1.600000000000000000e+01 1.500000000000000000e+01 1.000000000000000000e+00 1.394896066946773715e-04
1.600000000000000000e+01 2.000000000000000000e+01 1.000000000000000000e+00 1.621284866763845393e-04
1.600000000000000000e+01 2.500000000000000000e+01 1.000000000000000000e+00 1.730561716835083298e-04
1.600000000000000000e+01 3.000000000000000000e+01 1.000000000000000000e+00 2.004319978275915690e-04
1.600000000000000000e+01 3.500000000000000000e+01 1.000000000000000000e+00 2.077674047646796776e-04
1.600000000000000000e+01 4.000000000000000000e+01 1.000000000000000000e+00 2.224570594340168593e-04
1.600000000000000000e+01 4.500000000000000000e+01 1.000000000000000000e+00 2.507004067978451062e-04
1.600000000000000000e+01 5.000000000000000000e+01 1.000000000000000000e+00 2.457112017481956432e-04
3.200000000000000000e+01 1.000000000000000000e+00 1.000000000000000000e+00 7.227060902124348145e-05
3.200000000000000000e+01 5.000000000000000000e+00 1.000000000000000000e+00 1.197657865846946660e-04
3.200000000000000000e+01 1.000000000000000000e+01 1.000000000000000000e+00 1.702144815140981459e-04
3.200000000000000000e+01 1.500000000000000000e+01 1.000000000000000000e+00 1.997061365248628279e-04
3.200000000000000000e+01 2.000000000000000000e+01 1.000000000000000000e+00 2.346290142945543702e-04
3.200000000000000000e+01 2.500000000000000000e+01 1.000000000000000000e+00 2.673318008016257411e-04
3.200000000000000000e+01 3.000000000000000000e+01 1.000000000000000000e+00 3.015252068046335551e-04
3.200000000000000000e+01 3.500000000000000000e+01 1.000000000000000000e+00 3.326912298602908253e-04
3.200000000000000000e+01 4.000000000000000000e+01 1.000000000000000000e+00 3.483770914107255350e-04
3.200000000000000000e+01 4.500000000000000000e+01 1.000000000000000000e+00 3.696192412802156552e-04
3.200000000000000000e+01 5.000000000000000000e+01 1.000000000000000000e+00 3.880168613448422188e-04
6.400000000000000000e+01 1.000000000000000000e+00 1.000000000000000000e+00 9.998296466151293451e-05
6.400000000000000000e+01 5.000000000000000000e+00 1.000000000000000000e+00 1.828523808468499642e-04
6.400000000000000000e+01 1.000000000000000000e+01 1.000000000000000000e+00 2.790653076217467052e-04
6.400000000000000000e+01 1.500000000000000000e+01 1.000000000000000000e+00 3.286884766105010059e-04
6.400000000000000000e+01 2.000000000000000000e+01 1.000000000000000000e+00 3.840650351256889817e-04
6.400000000000000000e+01 2.500000000000000000e+01 1.000000000000000000e+00 4.243849922089098494e-04
6.400000000000000000e+01 3.000000000000000000e+01 1.000000000000000000e+00 4.866597917373170551e-04
6.400000000000000000e+01 3.500000000000000000e+01 1.000000000000000000e+00 5.006304518552251752e-04
6.400000000000000000e+01 4.000000000000000000e+01 1.000000000000000000e+00 5.394844188096949459e-04
6.400000000000000000e+01 4.500000000000000000e+01 1.000000000000000000e+00 5.795066103660823607e-04
6.400000000000000000e+01 5.000000000000000000e+01 1.000000000000000000e+00 6.023790965843012126e-04
1.280000000000000000e+02 1.000000000000000000e+00 1.000000000000000000e+00 8.622904578349186306e-06
1.280000000000000000e+02 5.000000000000000000e+00 1.000000000000000000e+00 1.519621054875313682e-05
1.280000000000000000e+02 1.000000000000000000e+01 1.000000000000000000e+00 2.209482236175385413e-05
1.280000000000000000e+02 1.500000000000000000e+01 1.000000000000000000e+00 2.891033076951291414e-05
1.280000000000000000e+02 2.000000000000000000e+01 1.000000000000000000e+00 3.261232992298995472e-05
1.280000000000000000e+02 2.500000000000000000e+01 1.000000000000000000e+00 3.506599221319932190e-05
1.280000000000000000e+02 3.000000000000000000e+01 1.000000000000000000e+00 3.824884429233294301e-05
1.280000000000000000e+02 3.500000000000000000e+01 1.000000000000000000e+00 4.225065933278189745e-05
1.280000000000000000e+02 4.000000000000000000e+01 1.000000000000000000e+00 4.673266902935865918e-05
1.280000000000000000e+02 4.500000000000000000e+01 1.000000000000000000e+00 4.784999070902909153e-05
1.280000000000000000e+02 5.000000000000000000e+01 1.000000000000000000e+00 4.892719297161931635e-05
2.560000000000000000e+02 1.000000000000000000e+00 1.000000000000000000e+00 2.444233075401212721e-08
2.560000000000000000e+02 5.000000000000000000e+00 1.000000000000000000e+00 5.053217848324808161e-08
2.560000000000000000e+02 1.000000000000000000e+01 1.000000000000000000e+00 7.078800291694899783e-08
2.560000000000000000e+02 1.500000000000000000e+01 1.000000000000000000e+00 8.956334731888705386e-08
2.560000000000000000e+02 2.000000000000000000e+01 1.000000000000000000e+00 9.971552998994576531e-08
2.560000000000000000e+02 2.500000000000000000e+01 1.000000000000000000e+00 1.080587054836546386e-07
2.560000000000000000e+02 3.000000000000000000e+01 1.000000000000000000e+00 1.216461995529109307e-07
2.560000000000000000e+02 3.500000000000000000e+01 1.000000000000000000e+00 1.388101053908797852e-07
2.560000000000000000e+02 4.000000000000000000e+01 1.000000000000000000e+00 1.364448313992407717e-07
2.560000000000000000e+02 4.500000000000000000e+01 1.000000000000000000e+00 1.541133317330375141e-07
2.560000000000000000e+02 5.000000000000000000e+01 1.000000000000000000e+00 1.605288674513700817e-07
5.120000000000000000e+02 1.000000000000000000e+00 1.000000000000000000e+00 5.561914863991483912e-07
5.120000000000000000e+02 5.000000000000000000e+00 1.000000000000000000e+00 1.236678136146336213e-06
5.120000000000000000e+02 1.000000000000000000e+01 1.000000000000000000e+00 1.851155085487728743e-06
5.120000000000000000e+02 1.500000000000000000e+01 1.000000000000000000e+00 2.285384999980483911e-06
5.120000000000000000e+02 2.000000000000000000e+01 1.000000000000000000e+00 2.613767645407098558e-06
5.120000000000000000e+02 2.500000000000000000e+01 1.000000000000000000e+00 2.425666879948485626e-06
5.120000000000000000e+02 3.000000000000000000e+01 1.000000000000000000e+00 3.426381302672268946e-06
5.120000000000000000e+02 3.500000000000000000e+01 1.000000000000000000e+00 3.297493113989312974e-06
5.120000000000000000e+02 4.000000000000000000e+01 1.000000000000000000e+00 3.673861050833273791e-06
5.120000000000000000e+02 4.500000000000000000e+01 1.000000000000000000e+00 3.847611260073133664e-06
5.120000000000000000e+02 5.000000000000000000e+01 1.000000000000000000e+00 4.129752306333040900e-06
