5.000000000000000000e-01 1.000000000000000000e+00 1.000000000000000000e+00 7.431232011069217446e-04
5.000000000000000000e-01 5.000000000000000000e+00 1.000000000000000000e+00 1.578948417011700068e-03
5.000000000000000000e-01 1.000000000000000000e+01 1.000000000000000000e+00 2.325412583519976921e-03
5.000000000000000000e-01 1.500000000000000000e+01 1.000000000000000000e+00 2.800617822102302937e-03
5.000000000000000000e-01 2.000000000000000000e+01 1.000000000000000000e+00 3.264848936227174227e-03
5.000000000000000000e-01 2.500000000000000000e+01 1.000000000000000000e+00 3.663862543267194620e-03
5.000000000000000000e-01 3.000000000000000000e+01 1.000000000000000000e+00 3.890671118310103961e-03
5.000000000000000000e-01 3.500000000000000000e+01 1.000000000000000000e+00 4.205007278004763496e-03
5.000000000000000000e-01 4.000000000000000000e+01 1.000000000000000000e+00 4.702721392789895212e-03
5.000000000000000000e-01 4.500000000000000000e+01 1.000000000000000000e+00 4.897304177697509378e-03
5.000000000000000000e-01 5.000000000000000000e+01 1.000000000000000000e+00 4.941751452461051568e-03
1.000000000000000000e+00 1.000000000000000000e+00 1.000000000000000000e+00 1.447066814929353327e-04
1.000000000000000000e+00 5.000000000000000000e+00 1.000000000000000000e+00 4.355360218978025126e-04
1.000000000000000000e+00 1.000000000000000000e+01 1.000000000000000000e+00 4.979509560536902503e-04
1.000000000000000000e+00 1.500000000000000000e+01 1.000000000000000000e+00 6.491833091027688881e-04
1.000000000000000000e+00 2.000000000000000000e+01 1.000000000000000000e+00 3.315221172205359596e-04
1.000000000000000000e+00 2.500000000000000000e+01 1.000000000000000000e+00 7.298272960083308607e-04
1.000000000000000000e+00 3.000000000000000000e+01 1.000000000000000000e+00 7.593592119626807295e-04
1.000000000000000000e+00 3.500000000000000000e+01 1.000000000000000000e+00 1.008854942664102593e-03
1.000000000000000000e+00 4.000000000000000000e+01 1.000000000000000000e+00 9.134046524169114412e-04
1.000000000000000000e+00 4.500000000000000000e+01 1.000000000000000000e+00 1.546893044497385083e-03
1.000000000000000000e+00 5.000000000000000000e+01 1.000000000000000000e+00 8.279682911190705801e-04
2.000000000000000000e+00 1.000000000000000000e+00 1.000000000000000000e+00 1.559528823630833424e-04
2.000000000000000000e+00 5.000000000000000000e+00 1.000000000000000000e+00 3.230147006383206299e-04
2.000000000000000000e+00 1.000000000000000000e+01 1.000000000000000000e+00 3.984058778485737311e-04
2.000000000000000000e+00 1.500000000000000000e+01 1.000000000000000000e+00 9.596807308879784764e-04
2.000000000000000000e+00 2.000000000000000000e+01 1.000000000000000000e+00 7.195367104029299537e-04
2.000000000000000000e+00 2.500000000000000000e+01 1.000000000000000000e+00 8.815198972495243406e-04
2.000000000000000000e+00 3.000000000000000000e+01 1.000000000000000000e+00 1.090280441628975906e-03
2.000000000000000000e+00 3.500000000000000000e+01 1.000000000000000000e+00 7.422841599416387737e-04
2.000000000000000000e+00 4.000000000000000000e+01 1.000000000000000000e+00 1.036625223301352889e-03
2.000000000000000000e+00 4.500000000000000000e+01 1.000000000000000000e+00 1.021223072441600384e-03
2.000000000000000000e+00 5.000000000000000000e+01 1.000000000000000000e+00 7.353026508462633462e-04
4.000000000000000000e+00 1.000000000000000000e+00 1.000000000000000000e+00 1.630478723245278646e-04
4.000000000000000000e+00 5.000000000000000000e+00 1.000000000000000000e+00 4.108726808541894940e-04
4.000000000000000000e+00 1.000000000000000000e+01 1.000000000000000000e+00 5.492079258602922034e-04
4.000000000000000000e+00 1.500000000000000000e+01 1.000000000000000000e+00 7.997488163607472051e-04
4.000000000000000000e+00 2.000000000000000000e+01 1.000000000000000000e+00 5.652569137789278334e-04
4.000000000000000000e+00 2.500000000000000000e+01 1.000000000000000000e+00 9.249300049120588469e-04
4.000000000000000000e+00 3.000000000000000000e+01 1.000000000000000000e+00 9.240934404274968447e-04
4.000000000000000000e+00 3.500000000000000000e+01 1.000000000000000000e+00 8.926229012820313538e-04
4.000000000000000000e+00 4.000000000000000000e+01 1.000000000000000000e+00 1.317529144178430055e-03
4.000000000000000000e+00 4.500000000000000000e+01 1.000000000000000000e+00 9.279845256966359323e-04
4.000000000000000000e+00 5.000000000000000000e+01 1.000000000000000000e+00 8.916455075331285261e-04
8.000000000000000000e+00 1.000000000000000000e+00 1.000000000000000000e+00 4.703310840035110905e-05
8.000000000000000000e+00 5.000000000000000000e+00 1.000000000000000000e+00 1.436845249359505717e-04
8.000000000000000000e+00 1.000000000000000000e+01 1.000000000000000000e+00 2.772478588771043625e-04
8.000000000000000000e+00 1.500000000000000000e+01 1.000000000000000000e+00 2.602854315210195659e-04
8.000000000000000000e+00 2.000000000000000000e+01 1.000000000000000000e+00 3.457687908895250815e-04
8.000000000000000000e+00 2.500000000000000000e+01 1.000000000000000000e+00 1.811461618425478845e-04
8.000000000000000000e+00 3.000000000000000000e+01 1.000000000000000000e+00 3.689199981321442069e-04
8.000000000000000000e+00 3.500000000000000000e+01 1.000000000000000000e+00 2.644037158957790413e-04
8.000000000000000000e+00 4.000000000000000000e+01 1.000000000000000000e+00 1.732526797334625374e-04
8.000000000000000000e+00 4.500000000000000000e+01 1.000000000000000000e+00 4.730022652018214227e-04
8.000000000000000000e+00 5.000000000000000000e+01 1.000000000000000000e+00 4.203661576546925574e-04
1.600000000000000000e+01 1.000000000000000000e+00 1.000000000000000000e+00 1.186977889805534487e-04
1.600000000000000000e+01 5.000000000000000000e+00 1.000000000000000000e+00 2.261865684186159064e-04
1.600000000000000000e+01 1.000000000000000000e+01 1.000000000000000000e+00 2.685611845077683362e-04
1.600000000000000000e+01 1.500000000000000000e+01 1.000000000000000000e+00 2.651255664183523866e-04
1.600000000000000000e+01 2.000000000000000000e+01 1.000000000000000000e+00 4.196795864074598132e-04
1.600000000000000000e+01 2.500000000000000000e+01 1.000000000000000000e+00 3.503407843688994584e-04
1.600000000000000000e+01 3.000000000000000000e+01 1.000000000000000000e+00 2.484594821092900177e-04
1.600000000000000000e+01 3.500000000000000000e+01 1.000000000000000000e+00 4.927104221100233033e-04
1.600000000000000000e+01 4.000000000000000000e+01 1.000000000000000000e+00 5.154783632110266712e-04
1.600000000000000000e+01 4.500000000000000000e+01 1.000000000000000000e+00 5.750494348995403198e-04
1.600000000000000000e+01 5.000000000000000000e+01 1.000000000000000000e+00 6.821670595557725479e-04
3.200000000000000000e+01 1.000000000000000000e+00 1.000000000000000000e+00 1.385409024297794343e-04
3.200000000000000000e+01 5.000000000000000000e+00 1.000000000000000000e+00 1.135419371560431870e-04
3.200000000000000000e+01 1.000000000000000000e+01 1.000000000000000000e+00 2.064713253521447572e-04
3.200000000000000000e+01 1.500000000000000000e+01 1.000000000000000000e+00 3.287036408231634819e-04
3.200000000000000000e+01 2.000000000000000000e+01 1.000000000000000000e+00 4.543721709016082739e-04
3.200000000000000000e+01 2.500000000000000000e+01 1.000000000000000000e+00 5.141659312572677189e-04
3.200000000000000000e+01 3.000000000000000000e+01 1.000000000000000000e+00 4.228484833463489216e-04
3.200000000000000000e+01 3.500000000000000000e+01 1.000000000000000000e+00 2.959829202907509672e-04
3.200000000000000000e+01 4.000000000000000000e+01 1.000000000000000000e+00 6.602367201545738043e-04
3.200000000000000000e+01 4.500000000000000000e+01 1.000000000000000000e+00 4.069942618117209981e-04
3.200000000000000000e+01 5.000000000000000000e+01 1.000000000000000000e+00 6.410076846192762790e-04
6.400000000000000000e+01 1.000000000000000000e+00 1.000000000000000000e+00 1.696483777625648878e-05
6.400000000000000000e+01 5.000000000000000000e+00 1.000000000000000000e+00 5.831064676498025871e-05
6.400000000000000000e+01 1.000000000000000000e+01 1.000000000000000000e+00 9.966322207894367906e-05
6.400000000000000000e+01 1.500000000000000000e+01 1.000000000000000000e+00 7.857973411694717139e-05
6.400000000000000000e+01 2.000000000000000000e+01 1.000000000000000000e+00 1.334851488495550776e-04
6.400000000000000000e+01 2.500000000000000000e+01 1.000000000000000000e+00 1.081200683930879205e-04
6.400000000000000000e+01 3.000000000000000000e+01 1.000000000000000000e+00 1.448005602960864870e-04
6.400000000000000000e+01 3.500000000000000000e+01 1.000000000000000000e+00 1.286895246742862230e-04
6.400000000000000000e+01 4.000000000000000000e+01 1.000000000000000000e+00 1.494355447933638315e-04
6.400000000000000000e+01 4.500000000000000000e+01 1.000000000000000000e+00 9.400020819369338579e-05
6.400000000000000000e+01 5.000000000000000000e+01 1.000000000000000000e+00 2.105494004591066640e-04
1.280000000000000000e+02 1.000000000000000000e+00 1.000000000000000000e+00 5.267272770458125881e-05
1.280000000000000000e+02 5.000000000000000000e+00 1.000000000000000000e+00 1.092865447262579803e-04
1.280000000000000000e+02 1.000000000000000000e+01 1.000000000000000000e+00 1.479711969197206251e-04
1.280000000000000000e+02 1.500000000000000000e+01 1.000000000000000000e+00 3.166235477834784969e-04
1.280000000000000000e+02 2.000000000000000000e+01 1.000000000000000000e+00 2.448058459165930239e-04
1.280000000000000000e+02 2.500000000000000000e+01 1.000000000000000000e+00 3.153919418970444529e-04
1.280000000000000000e+02 3.000000000000000000e+01 1.000000000000000000e+00 2.458799976837942576e-04
1.280000000000000000e+02 3.500000000000000000e+01 1.000000000000000000e+00 2.632820807586124618e-04
1.280000000000000000e+02 4.000000000000000000e+01 1.000000000000000000e+00 4.001774390472280854e-04
1.280000000000000000e+02 4.500000000000000000e+01 1.000000000000000000e+00 3.131875138149490655e-04
1.280000000000000000e+02 5.000000000000000000e+01 1.000000000000000000e+00 3.867962065912878200e-04
2.560000000000000000e+02 1.000000000000000000e+00 1.000000000000000000e+00 2.485580997966792358e-05
2.560000000000000000e+02 5.000000000000000000e+00 1.000000000000000000e+00 7.455487633322102777e-05
2.560000000000000000e+02 1.000000000000000000e+01 1.000000000000000000e+00 7.843650145666494842e-05
2.560000000000000000e+02 1.500000000000000000e+01 1.000000000000000000e+00 1.763836737165510075e-04
2.560000000000000000e+02 2.000000000000000000e+01 1.000000000000000000e+00 1.149796606803523709e-04
2.560000000000000000e+02 2.500000000000000000e+01 1.000000000000000000e+00 1.479610367754799071e-04
2.560000000000000000e+02 3.000000000000000000e+01 1.000000000000000000e+00 2.099677969241126963e-04
2.560000000000000000e+02 3.500000000000000000e+01 1.000000000000000000e+00 2.196495111407089523e-04
2.560000000000000000e+02 4.000000000000000000e+01 1.000000000000000000e+00 2.348300410614294028e-04
2.560000000000000000e+02 4.500000000000000000e+01 1.000000000000000000e+00 2.385226039733572120e-04
2.560000000000000000e+02 5.000000000000000000e+01 1.000000000000000000e+00 2.589756975033914634e-04
5.120000000000000000e+02 1.000000000000000000e+00 1.000000000000000000e+00 8.349809998645916804e-05
5.120000000000000000e+02 5.000000000000000000e+00 1.000000000000000000e+00 1.593978784486917231e-04
5.120000000000000000e+02 1.000000000000000000e+01 1.000000000000000000e+00 3.225105222493567436e-04
5.120000000000000000e+02 1.500000000000000000e+01 1.000000000000000000e+00 5.283307039852388424e-04
5.120000000000000000e+02 2.000000000000000000e+01 1.000000000000000000e+00 6.462588343930001462e-04
5.120000000000000000e+02 2.500000000000000000e+01 1.000000000000000000e+00 3.916660995752690240e-04
5.120000000000000000e+02 3.000000000000000000e+01 1.000000000000000000e+00 7.703711850796638892e-04
5.120000000000000000e+02 3.500000000000000000e+01 1.000000000000000000e+00 8.729380657673903093e-04
5.120000000000000000e+02 4.000000000000000000e+01 1.000000000000000000e+00 6.228751668731624799e-04
5.120000000000000000e+02 4.500000000000000000e+01 1.000000000000000000e+00 5.529703034205535068e-04
5.120000000000000000e+02 5.000000000000000000e+01 1.000000000000000000e+00 1.139402927382825127e-03
