5.000000000000000000e-01 1.000000000000000000e+00 1.000000000000000000e+00 1.740075628979213113e-03
5.000000000000000000e-01 5.000000000000000000e+00 1.000000000000000000e+00 3.953400440465317141e-03
5.000000000000000000e-01 1.000000000000000000e+01 1.000000000000000000e+00 5.617969931459986833e-03
5.000000000000000000e-01 1.500000000000000000e+01 1.000000000000000000e+00 6.837351097495661043e-03
5.000000000000000000e-01 2.000000000000000000e+01 1.000000000000000000e+00 7.849305708481789726e-03
5.000000000000000000e-01 2.500000000000000000e+01 1.000000000000000000e+00 8.797461844897869893e-03
5.000000000000000000e-01 3.000000000000000000e+01 1.000000000000000000e+00 9.645528865394487408e-03
5.000000000000000000e-01 3.500000000000000000e+01 1.000000000000000000e+00 1.047389895507360759e-02
5.000000000000000000e-01 4.000000000000000000e+01 1.000000000000000000e+00 1.107705309386082006e-02
5.000000000000000000e-01 4.500000000000000000e+01 1.000000000000000000e+00 1.192763654116128433e-02
5.000000000000000000e-01 5.000000000000000000e+01 1.000000000000000000e+00 1.245432923475294981e-02
1.000000000000000000e+00 1.000000000000000000e+00 1.000000000000000000e+00 4.507651597086106873e-05
1.000000000000000000e+00 5.000000000000000000e+00 1.000000000000000000e+00 8.887305189849903559e-05
1.000000000000000000e+00 1.000000000000000000e+01 1.000000000000000000e+00 1.246028948618590083e-04
1.000000000000000000e+00 1.500000000000000000e+01 1.000000000000000000e+00 1.858263919348658480e-04
1.000000000000000000e+00 2.000000000000000000e+01 1.000000000000000000e+00 2.156139048149101139e-04
1.000000000000000000e+00 2.500000000000000000e+01 1.000000000000000000e+00 2.460108009235171351e-04
1.000000000000000000e+00 3.000000000000000000e+01 1.000000000000000000e+00 2.679349257962148636e-04
1.000000000000000000e+00 3.500000000000000000e+01 1.000000000000000000e+00 2.451122426563060938e-04
1.000000000000000000e+00 4.000000000000000000e+01 1.000000000000000000e+00 2.858406912974643553e-04
1.000000000000000000e+00 4.500000000000000000e+01 1.000000000000000000e+00 2.883268178313504290e-04
1.000000000000000000e+00 5.000000000000000000e+01 1.000000000000000000e+00 4.170217409763401313e-04
2.000000000000000000e+00 1.000000000000000000e+00 1.000000000000000000e+00 8.082530610024438070e-05
2.000000000000000000e+00 5.000000000000000000e+00 1.000000000000000000e+00 7.587402970130302082e-05
2.000000000000000000e+00 1.000000000000000000e+01 1.000000000000000000e+00 8.709445402242272922e-05
2.000000000000000000e+00 1.500000000000000000e+01 1.000000000000000000e+00 1.884047073670897150e-04
2.000000000000000000e+00 2.000000000000000000e+01 1.000000000000000000e+00 1.321895806392797711e-04
2.000000000000000000e+00 2.500000000000000000e+01 1.000000000000000000e+00 2.859701826439596094e-04
2.000000000000000000e+00 3.000000000000000000e+01 1.000000000000000000e+00 2.175413978602953511e-04
2.000000000000000000e+00 3.500000000000000000e+01 1.000000000000000000e+00 2.771853935007722192e-04
2.000000000000000000e+00 4.000000000000000000e+01 1.000000000000000000e+00 2.596450554569408229e-04
2.000000000000000000e+00 4.500000000000000000e+01 1.000000000000000000e+00 2.011579637447079923e-04
2.000000000000000000e+00 5.000000000000000000e+01 1.000000000000000000e+00 2.292543705167342618e-04
4.000000000000000000e+00 1.000000000000000000e+00 1.000000000000000000e+00 2.214792771918234208e-05
4.000000000000000000e+00 5.000000000000000000e+00 1.000000000000000000e+00 5.038231485340411092e-05
4.000000000000000000e+00 1.000000000000000000e+01 1.000000000000000000e+00 9.051964426231285635e-05
4.000000000000000000e+00 1.500000000000000000e+01 1.000000000000000000e+00 9.826107483646567831e-05
4.000000000000000000e+00 2.000000000000000000e+01 1.000000000000000000e+00 1.270048461305923549e-04
4.000000000000000000e+00 2.500000000000000000e+01 1.000000000000000000e+00 1.971660318743483509e-04
4.000000000000000000e+00 3.000000000000000000e+01 1.000000000000000000e+00 1.727863543341707510e-04
4.000000000000000000e+00 3.500000000000000000e+01 1.000000000000000000e+00 1.617302488064850023e-04
4.000000000000000000e+00 4.000000000000000000e+01 1.000000000000000000e+00 2.025755543631877647e-04
4.000000000000000000e+00 4.500000000000000000e+01 1.000000000000000000e+00 2.337008479733447151e-04
4.000000000000000000e+00 5.000000000000000000e+01 1.000000000000000000e+00 1.625926358050859663e-04
8.000000000000000000e+00 1.000000000000000000e+00 1.000000000000000000e+00 1.970976596542453445e-05
8.000000000000000000e+00 5.000000000000000000e+00 1.000000000000000000e+00 6.140739036666725793e-05
8.000000000000000000e+00 1.000000000000000000e+01 1.000000000000000000e+00 7.405866963250286436e-05
8.000000000000000000e+00 1.500000000000000000e+01 1.000000000000000000e+00 8.841538972782718550e-05
8.000000000000000000e+00 2.000000000000000000e+01 1.000000000000000000e+00 7.311490358030292450e-05
8.000000000000000000e+00 2.500000000000000000e+01 1.000000000000000000e+00 6.827862760537583078e-05
8.000000000000000000e+00 3.000000000000000000e+01 1.000000000000000000e+00 8.883850778439579500e-05
8.000000000000000000e+00 3.500000000000000000e+01 1.000000000000000000e+00 9.510746372062934217e-05
8.000000000000000000e+00 4.000000000000000000e+01 1.000000000000000000e+00 1.217133743457881646e-04
8.000000000000000000e+00 4.500000000000000000e+01 1.000000000000000000e+00 1.374098968194220139e-04
8.000000000000000000e+00 5.000000000000000000e+01 1.000000000000000000e+00 1.439970089921934751e-04
1.600000000000000000e+01 1.000000000000000000e+00 1.000000000000000000e+00 2.459397651703220903e-06
1.600000000000000000e+01 5.000000000000000000e+00 1.000000000000000000e+00 7.908159822608926153e-06
1.600000000000000000e+01 1.000000000000000000e+01 1.000000000000000000e+00 7.254038974414147920e-06
1.600000000000000000e+01 1.500000000000000000e+01 1.000000000000000000e+00 1.438124251732023141e-05
1.600000000000000000e+01 2.000000000000000000e+01 1.000000000000000000e+00 1.603860989158795484e-05
1.600000000000000000e+01 2.500000000000000000e+01 1.000000000000000000e+00 2.082217483828361276e-05
1.600000000000000000e+01 3.000000000000000000e+01 1.000000000000000000e+00 1.318070318696098025e-05
1.600000000000000000e+01 3.500000000000000000e+01 1.000000000000000000e+00 1.752971977629790807e-05
1.600000000000000000e+01 4.000000000000000000e+01 1.000000000000000000e+00 1.538845648629762710e-05
1.600000000000000000e+01 4.500000000000000000e+01 1.000000000000000000e+00 2.327923436787365823e-05
1.600000000000000000e+01 5.000000000000000000e+01 1.000000000000000000e+00 2.408418059267950471e-05
3.200000000000000000e+01 1.000000000000000000e+00 1.000000000000000000e+00 2.984332976313644903e-07
3.200000000000000000e+01 5.000000000000000000e+00 1.000000000000000000e+00 7.743483542332104118e-07
3.200000000000000000e+01 1.000000000000000000e+01 1.000000000000000000e+00 9.245114574244784410e-07
3.200000000000000000e+01 1.500000000000000000e+01 1.000000000000000000e+00 1.130060123872653224e-06
3.200000000000000000e+01 2.000000000000000000e+01 1.000000000000000000e+00 1.113438370602990751e-06
3.200000000000000000e+01 2.500000000000000000e+01 1.000000000000000000e+00 1.169063369989707554e-06
3.200000000000000000e+01 3.000000000000000000e+01 1.000000000000000000e+00 1.260028787861510575e-06
3.200000000000000000e+01 3.500000000000000000e+01 1.000000000000000000e+00 1.621481921228451580e-06
3.200000000000000000e+01 4.000000000000000000e+01 1.000000000000000000e+00 1.900096564405360379e-06
3.200000000000000000e+01 4.500000000000000000e+01 1.000000000000000000e+00 1.867862299817898481e-06
3.200000000000000000e+01 5.000000000000000000e+01 1.000000000000000000e+00 2.095804902151187871e-06
6.400000000000000000e+01 1.000000000000000000e+00 1.000000000000000000e+00 3.788711082344966242e-07
6.400000000000000000e+01 5.000000000000000000e+00 1.000000000000000000e+00 7.267440509270369911e-07
6.400000000000000000e+01 1.000000000000000000e+01 1.000000000000000000e+00 1.124328520528830503e-06
6.400000000000000000e+01 1.500000000000000000e+01 1.000000000000000000e+00 1.252754097478500059e-06
6.400000000000000000e+01 2.000000000000000000e+01 1.000000000000000000e+00 1.508736638028007756e-06
6.400000000000000000e+01 2.500000000000000000e+01 1.000000000000000000e+00 1.751522753324263837e-06
6.400000000000000000e+01 3.000000000000000000e+01 1.000000000000000000e+00 1.925944049658830773e-06
6.400000000000000000e+01 3.500000000000000000e+01 1.000000000000000000e+00 1.999139426580035591e-06
6.400000000000000000e+01 4.000000000000000000e+01 1.000000000000000000e+00 2.130071349207584361e-06
6.400000000000000000e+01 4.500000000000000000e+01 1.000000000000000000e+00 2.197563399711540962e-06
6.400000000000000000e+01 5.000000000000000000e+01 1.000000000000000000e+00 2.387340875845379684e-06
1.280000000000000000e+02 1.000000000000000000e+00 1.000000000000000000e+00 3.079395819099087327e-09
1.280000000000000000e+02 5.000000000000000000e+00 1.000000000000000000e+00 6.199768956669558170e-09
1.280000000000000000e+02 1.000000000000000000e+01 1.000000000000000000e+00 8.391740998066720218e-09
1.280000000000000000e+02 1.500000000000000000e+01 1.000000000000000000e+00 1.047515406406484293e-08
1.280000000000000000e+02 2.000000000000000000e+01 1.000000000000000000e+00 1.212286763832348912e-08
1.280000000000000000e+02 2.500000000000000000e+01 1.000000000000000000e+00 1.327027855591027430e-08
1.280000000000000000e+02 3.000000000000000000e+01 1.000000000000000000e+00 1.417698761580764436e-08
1.280000000000000000e+02 3.500000000000000000e+01 1.000000000000000000e+00 1.655793110398358071e-08
1.280000000000000000e+02 4.000000000000000000e+01 1.000000000000000000e+00 1.840357397144454445e-08
1.280000000000000000e+02 4.500000000000000000e+01 1.000000000000000000e+00 1.842382266774987050e-08
1.280000000000000000e+02 5.000000000000000000e+01 1.000000000000000000e+00 1.936533533972997554e-08
2.560000000000000000e+02 1.000000000000000000e+00 1.000000000000000000e+00 1.523291666395396882e-13
2.560000000000000000e+02 5.000000000000000000e+00 1.000000000000000000e+00 3.538209099657817142e-13
2.560000000000000000e+02 1.000000000000000000e+01 1.000000000000000000e+00 4.966627932106259595e-13
2.560000000000000000e+02 1.500000000000000000e+01 1.000000000000000000e+00 6.299491463876172151e-13
2.560000000000000000e+02 2.000000000000000000e+01 1.000000000000000000e+00 6.839458539823179345e-13
2.560000000000000000e+02 2.500000000000000000e+01 1.000000000000000000e+00 7.968582535730648159e-13
2.560000000000000000e+02 3.000000000000000000e+01 1.000000000000000000e+00 8.560116828662147550e-13
2.560000000000000000e+02 3.500000000000000000e+01 1.000000000000000000e+00 9.459262625114790016e-13
2.560000000000000000e+02 4.000000000000000000e+01 1.000000000000000000e+00 9.826179522827504399e-13
2.560000000000000000e+02 4.500000000000000000e+01 1.000000000000000000e+00 1.074198668016547923e-12
2.560000000000000000e+02 5.000000000000000000e+01 1.000000000000000000e+00 1.149340944903972659e-12
5.120000000000000000e+02 1.000000000000000000e+00 1.000000000000000000e+00 3.992694543791938645e-11
5.120000000000000000e+02 5.000000000000000000e+00 1.000000000000000000e+00 8.871301448988301407e-11
5.120000000000000000e+02 1.000000000000000000e+01 1.000000000000000000e+00 1.443758964512035845e-10
5.120000000000000000e+02 1.500000000000000000e+01 1.000000000000000000e+00 1.755945719970163989e-10
5.120000000000000000e+02 2.000000000000000000e+01 1.000000000000000000e+00 1.880266973164504759e-10
5.120000000000000000e+02 2.500000000000000000e+01 1.000000000000000000e+00 1.939923184709756777e-10
5.120000000000000000e+02 3.000000000000000000e+01 1.000000000000000000e+00 2.478356505495505747e-10
5.120000000000000000e+02 3.500000000000000000e+01 1.000000000000000000e+00 2.535884591684322441e-10
5.120000000000000000e+02 4.000000000000000000e+01 1.000000000000000000e+00 2.837026754575521509e-10
5.120000000000000000e+02 4.500000000000000000e+01 1.000000000000000000e+00 2.968302631592926012e-10
5.120000000000000000e+02 5.000000000000000000e+01 1.000000000000000000e+00 3.235519700390083609e-10
