5.000000000000000000e+00 6.250000000000000000e-02 6.250000000000000000e-02 2.072123628753331559e+00 4.714110818922414570e-01
5.000000000000000000e+00 1.250000000000000000e-01 6.250000000000000000e-02 2.263077178408150925e+00 1.638445256863653721e-01
5.000000000000000000e+00 2.500000000000000000e-01 6.250000000000000000e-02 2.336860120166283306e+00 2.148323569380329034e-01
5.000000000000000000e+00 5.000000000000000000e-01 6.250000000000000000e-02 2.562448122887242441e+00 3.523881243409526243e-01
5.000000000000000000e+00 1.000000000000000000e+00 6.250000000000000000e-02 2.997030739842179159e+00 3.128750372134918023e-01
5.000000000000000000e+00 2.000000000000000000e+00 6.250000000000000000e-02 9.403891261975092064e+00 2.949829387386169621e+00
5.000000000000000000e+00 4.000000000000000000e+00 6.250000000000000000e-02 1.999615237276852753e+01 1.577216024130338567e+00
5.000000000000000000e+00 8.000000000000000000e+00 6.250000000000000000e-02 2.054488415581492688e+01 6.409119655434831753e-01
5.000000000000000000e+00 1.600000000000000000e+01 6.250000000000000000e-02 1.475166880504019318e+01 7.684478697608267961e-01
5.000000000000000000e+00 3.200000000000000000e+01 6.250000000000000000e-02 1.118440054833816077e+01 7.739836837296737437e-01
5.000000000000000000e+00 6.400000000000000000e+01 6.250000000000000000e-02 1.023405387119578869e+01 7.787414536904683215e-01
5.000000000000000000e+00 1.280000000000000000e+02 6.250000000000000000e-02 9.692594650408718593e+00 8.302782985400892768e-01
