5.000000000000000000e+00 6.250000000000000000e-02 1.000000000000000000e+00 1.258074866635927380e+00 7.199794738130697869e-02
5.000000000000000000e+00 1.250000000000000000e-01 1.000000000000000000e+00 8.183631215765979405e+00 2.817395381175287206e+00
5.000000000000000000e+00 2.500000000000000000e-01 1.000000000000000000e+00 1.797006647514889721e+01 1.493237750893621429e+00
5.000000000000000000e+00 5.000000000000000000e-01 1.000000000000000000e+00 1.875701859952160433e+01 5.487106816960732880e-01
5.000000000000000000e+00 1.000000000000000000e+00 1.000000000000000000e+00 1.274039721772177636e+01 6.601016371989290032e-01
5.000000000000000000e+00 2.000000000000000000e+00 1.000000000000000000e+00 9.071035612890010924e+00 7.037635321022677193e-01
5.000000000000000000e+00 4.000000000000000000e+00 1.000000000000000000e+00 8.179436788881345066e+00 6.473477020736322363e-01
5.000000000000000000e+00 8.000000000000000000e+00 1.000000000000000000e+00 7.739790202979087042e+00 7.967794641196946914e-01
5.000000000000000000e+00 1.600000000000000000e+01 1.000000000000000000e+00 7.574587152004378154e+00 7.967050197813307921e-01
5.000000000000000000e+00 3.200000000000000000e+01 1.000000000000000000e+00 7.418790192324818733e+00 6.341016008982673924e-01
5.000000000000000000e+00 6.400000000000000000e+01 1.000000000000000000e+00 7.526071751043578395e+00 6.909464236709642604e-01
5.000000000000000000e+00 1.280000000000000000e+02 1.000000000000000000e+00 7.229418208745064689e+00 5.525235721251687826e-01
