5.000000000000000000e+00 6.250000000000000000e-02 1.600000000000000000e+01 1.475166880504019318e+01 7.684478697608267961e-01
5.000000000000000000e+00 1.250000000000000000e-01 1.600000000000000000e+01 1.118440054833816077e+01 7.739836837296737437e-01
5.000000000000000000e+00 2.500000000000000000e-01 1.600000000000000000e+01 1.023405387119578869e+01 7.787414536904683215e-01
5.000000000000000000e+00 5.000000000000000000e-01 1.600000000000000000e+01 9.692594650408718593e+00 8.302782985400892768e-01
5.000000000000000000e+00 1.000000000000000000e+00 1.600000000000000000e+01 9.664931635764933304e+00 6.631995599213582615e-01
5.000000000000000000e+00 2.000000000000000000e+00 1.600000000000000000e+01 9.407791675299680634e+00 7.260418918394244692e-01
5.000000000000000000e+00 4.000000000000000000e+00 1.600000000000000000e+01 9.529490214988417307e+00 8.040386689745786519e-01
5.000000000000000000e+00 8.000000000000000000e+00 1.600000000000000000e+01 9.283756403691501902e+00 7.135937838762118623e-01
5.000000000000000000e+00 1.600000000000000000e+01 1.600000000000000000e+01 9.297513595870626091e+00 7.252982257509997810e-01
5.000000000000000000e+00 3.200000000000000000e+01 1.600000000000000000e+01 9.226436512803790180e+00 6.386137312730105764e-01
5.000000000000000000e+00 6.400000000000000000e+01 1.600000000000000000e+01 9.179716738067622117e+00 6.423630537835390841e-01
5.000000000000000000e+00 1.280000000000000000e+02 1.600000000000000000e+01 9.089076891722957185e+00 4.273036038868749387e-01
