5.000000000000000000e+00 6.250000000000000000e-02 2.500000000000000000e-01 2.109350405644312421e+00 1.467951545568507155e-01
5.000000000000000000e+00 1.250000000000000000e-01 2.500000000000000000e-01 2.256364375919351684e+00 1.613571029074573338e-01
5.000000000000000000e+00 2.500000000000000000e-01 2.500000000000000000e-01 2.777334223908906274e+00 4.170201031969720806e-01
5.000000000000000000e+00 5.000000000000000000e-01 2.500000000000000000e-01 7.779744328763197991e+00 2.776626492210528152e+00
5.000000000000000000e+00 1.000000000000000000e+00 2.500000000000000000e-01 2.002004229017912351e+01 1.813487286381788799e+00
5.000000000000000000e+00 2.000000000000000000e+00 2.500000000000000000e-01 2.200167391395356375e+01 9.295412625925312256e-01
5.000000000000000000e+00 4.000000000000000000e+00 2.500000000000000000e-01 1.832304971804763483e+01 9.249894176778982180e-01
5.000000000000000000e+00 8.000000000000000000e+00 2.500000000000000000e-01 1.487316567773109099e+01 7.919970701851258843e-01
5.000000000000000000e+00 1.600000000000000000e+01 2.500000000000000000e-01 1.397514157475863428e+01 6.377690395708219828e-01
5.000000000000000000e+00 3.200000000000000000e+01 2.500000000000000000e-01 1.338162934055974951e+01 6.783474981397198400e-01
5.000000000000000000e+00 6.400000000000000000e+01 2.500000000000000000e-01 1.333057679110653737e+01 9.010050943427508896e-01
5.000000000000000000e+00 1.280000000000000000e+02 2.500000000000000000e-01 1.314789929995025908e+01 6.859841269219940640e-01
