2.000000000000000000e+00 6.250000000000000000e-02 5.000000000000000000e-01 3.699857673080482381e-03 7.063003784058323464e-03 5.071649681375636591e-04 4.054135332118152801e-03
2.000000000000000000e+00 1.250000000000000000e-01 5.000000000000000000e-01 2.164751387741440866e-03 2.604295174673375117e-03 7.618753006467111866e-05 9.389763696335648620e-04
2.000000000000000000e+00 2.500000000000000000e-01 5.000000000000000000e-01 7.743377485132446007e-04 8.656792046957730849e-04 1.938306154213614201e-04 2.303131888035402682e-04
2.000000000000000000e+00 5.000000000000000000e-01 5.000000000000000000e-01 8.907647352749529005e-05 1.003182960500293103e-04 3.595895655528057205e-05 4.284798930885316647e-05
2.000000000000000000e+00 1.000000000000000000e+00 5.000000000000000000e-01 1.170937059811550515e-05 1.380314349239267075e-05 7.269607893936592677e-06 8.580755768794979944e-06
2.000000000000000000e+00 2.000000000000000000e+00 5.000000000000000000e-01 6.928641102615541652e-06 8.979289585230273068e-06 2.601965715615153091e-06 3.442337536823741084e-06
2.000000000000000000e+00 4.000000000000000000e+00 5.000000000000000000e-01 5.851912545972994280e-06 7.862801005957204475e-06 2.952249868996456263e-06 4.094413982025970274e-06
2.000000000000000000e+00 8.000000000000000000e+00 5.000000000000000000e-01 6.602774423554653043e-06 8.734800256079201683e-06 2.581000404136013295e-06 3.244465059968118859e-06
2.000000000000000000e+00 1.600000000000000000e+01 5.000000000000000000e-01 6.262499009856213805e-06 8.657775410901056589e-06 2.045047970264996011e-06 2.822751605912129116e-06
2.000000000000000000e+00 3.200000000000000000e+01 5.000000000000000000e-01 8.050621779772452506e-06 1.097864556984711070e-05 3.391018914844604945e-06 4.973532199567431947e-06
2.000000000000000000e+00 6.400000000000000000e+01 5.000000000000000000e-01 6.688001916589902466e-06 8.997405773874892824e-06 2.097915598129196984e-06 2.373469625590567941e-06
2.000000000000000000e+00 1.280000000000000000e+02 5.000000000000000000e-01 6.824191885621222353e-06 8.898505744468167066e-06 1.668223142598090236e-06 1.865571654398465117e-06
3.000000000000000000e+00 6.250000000000000000e-02 5.000000000000000000e-01 1.290734547049187829e-03 3.220891327171779284e-03 1.240085960280927350e-04 1.935097694060693456e-03
3.000000000000000000e+00 1.250000000000000000e-01 5.000000000000000000e-01 8.454204288176397561e-04 1.529980533861093148e-03 5.581039361722749207e-05 8.536136221408055893e-04
3.000000000000000000e+00 2.500000000000000000e-01 5.000000000000000000e-01 4.371760843121748124e-04 5.049634450506447578e-04 6.837188308197905576e-05 7.436800443558813081e-05
3.000000000000000000e+00 5.000000000000000000e-01 5.000000000000000000e-01 4.803423144660657799e-05 5.736921607034264729e-05 3.371220931665791764e-05 3.788810430318348161e-05
3.000000000000000000e+00 1.000000000000000000e+00 5.000000000000000000e-01 3.884734442009665121e-06 5.162646110431799715e-06 2.391295253968701095e-06 3.131391971392341836e-06
3.000000000000000000e+00 2.000000000000000000e+00 5.000000000000000000e-01 1.916963073082059928e-06 2.773810498984703105e-06 1.107236833437590409e-06 1.647238287094934558e-06
3.000000000000000000e+00 4.000000000000000000e+00 5.000000000000000000e-01 1.590074439527328361e-06 2.408842813765372091e-06 1.026203977928798670e-06 1.419538852369100995e-06
3.000000000000000000e+00 8.000000000000000000e+00 5.000000000000000000e-01 1.611565876977331013e-06 2.486948485838771281e-06 9.014150321718249337e-07 1.390534387634235378e-06
3.000000000000000000e+00 1.600000000000000000e+01 5.000000000000000000e-01 1.627870948965802612e-06 2.520762023133108324e-06 6.047396432200676592e-07 8.945357261726764236e-07
3.000000000000000000e+00 3.200000000000000000e+01 5.000000000000000000e-01 1.759627038921181037e-06 2.775713635286554603e-06 6.669106934099407128e-07 9.608242728464465181e-07
3.000000000000000000e+00 6.400000000000000000e+01 5.000000000000000000e-01 1.665534226041697145e-06 2.656890280755193638e-06 5.691064444007504085e-07 9.847511527647381081e-07
3.000000000000000000e+00 1.280000000000000000e+02 5.000000000000000000e-01 1.428066382903006321e-06 2.210405826945589682e-06 3.950326311270515267e-07 5.853514381755226560e-07
4.000000000000000000e+00 6.250000000000000000e-02 5.000000000000000000e-01 1.287352378693654414e-03 4.667476929952023637e-03 1.231083817084237134e-04 4.895657351459417432e-03
4.000000000000000000e+00 1.250000000000000000e-01 5.000000000000000000e-01 7.987369655677610319e-04 2.555958774235974479e-03 6.210987984534623594e-05 2.279563173503434351e-03
4.000000000000000000e+00 2.500000000000000000e-01 5.000000000000000000e-01 3.863742851506866841e-04 4.683098455824822670e-04 4.555391251917922664e-05 6.014207677509286260e-05
4.000000000000000000e+00 5.000000000000000000e-01 5.000000000000000000e-01 3.122463068689814434e-05 3.930049237588062715e-05 1.549193841991419545e-05 1.877103380573515859e-05
4.000000000000000000e+00 1.000000000000000000e+00 5.000000000000000000e-01 1.131889801330885029e-06 1.575462803317056136e-06 6.998469362338702034e-07 9.168947316823642459e-07
4.000000000000000000e+00 2.000000000000000000e+00 5.000000000000000000e-01 5.961280301990391164e-07 9.710301718449945280e-07 2.086633768385681048e-07 3.186391538275331349e-07
4.000000000000000000e+00 4.000000000000000000e+00 5.000000000000000000e-01 4.707885064831680039e-07 8.039161619108157048e-07 7.196002576508824215e-08 1.248787711194780794e-07
4.000000000000000000e+00 8.000000000000000000e+00 5.000000000000000000e-01 4.152455105719534728e-07 7.310754397176911529e-07 8.142058294732114932e-08 1.440866452876774238e-07
4.000000000000000000e+00 1.600000000000000000e+01 5.000000000000000000e-01 4.415567424441139112e-07 7.812138764997838199e-07 1.062666647724307123e-07 1.908335775607209889e-07
4.000000000000000000e+00 3.200000000000000000e+01 5.000000000000000000e-01 5.127701341501999732e-07 8.933029989187564758e-07 1.200910426677125055e-07 1.900616452941051198e-07
4.000000000000000000e+00 6.400000000000000000e+01 5.000000000000000000e-01 4.505214273281799261e-07 7.796854287173351572e-07 8.544204855845511577e-08 1.328281414231206829e-07
4.000000000000000000e+00 1.280000000000000000e+02 5.000000000000000000e-01 4.874381473004057181e-07 8.801856442020686795e-07 1.312902007965858526e-07 1.987573502911742295e-07
5.000000000000000000e+00 6.250000000000000000e-02 5.000000000000000000e-01 1.183944200226685417e-03 1.890824112147237654e-02 1.138925241914005317e-04 3.876824165515929677e-02
5.000000000000000000e+00 1.250000000000000000e-01 5.000000000000000000e-01 7.260779303681628213e-04 5.209470927307648103e-03 6.931731965107603539e-05 5.285758402508879301e-03
5.000000000000000000e+00 2.500000000000000000e-01 5.000000000000000000e-01 3.452215276223908670e-04 5.409323094795841485e-04 3.745771730816488957e-05 1.978856400989777490e-04
5.000000000000000000e+00 5.000000000000000000e-01 5.000000000000000000e-01 1.846966415190487475e-05 3.595218654328094163e-05 1.226184532749048783e-05 4.592661038038202794e-05
5.000000000000000000e+00 1.000000000000000000e+00 5.000000000000000000e-01 5.554912483516778431e-07 8.415504736199460977e-07 3.614129327187004147e-07 5.930439220881484504e-07
5.000000000000000000e+00 2.000000000000000000e+00 5.000000000000000000e-01 3.209787439559566719e-07 5.595538065617270977e-07 1.886045977067396554e-07 3.034341045229229592e-07
5.000000000000000000e+00 4.000000000000000000e+00 5.000000000000000000e-01 2.665173590250752280e-07 5.226370981096290208e-07 1.064015793668456254e-07 1.999173045377573627e-07
5.000000000000000000e+00 8.000000000000000000e+00 5.000000000000000000e-01 2.193281595077467911e-07 4.473664560681387419e-07 1.037681481464919931e-07 2.088941576921499071e-07
5.000000000000000000e+00 1.600000000000000000e+01 5.000000000000000000e-01 2.128174461256619392e-07 4.280778101260810684e-07 5.754693789788091957e-08 1.121316438473133448e-07
5.000000000000000000e+00 3.200000000000000000e+01 5.000000000000000000e-01 2.211145566080810973e-07 4.547983172862080445e-07 4.152724053070439918e-08 8.776227078997625406e-08
5.000000000000000000e+00 6.400000000000000000e+01 5.000000000000000000e-01 2.293496125992479055e-07 4.582085562710794228e-07 6.698830114055411679e-08 1.457933031135991103e-07
5.000000000000000000e+00 1.280000000000000000e+02 5.000000000000000000e-01 2.255743895842376803e-07 4.808998142579643988e-07 5.079114555378717420e-08 1.086997694483938807e-07
