2.000000000000000000e+00 6.250000000000000000e-02 5.000000000000000000e-01 3.330943125695812971e-03 4.416396866986298242e-03 2.972001995167789260e-04 1.106331926645771511e-03
2.000000000000000000e+00 1.250000000000000000e-01 5.000000000000000000e-01 1.901735900291170924e-03 2.563017965391293281e-03 1.209259708909373197e-04 1.258695042843256066e-03
2.000000000000000000e+00 2.500000000000000000e-01 5.000000000000000000e-01 1.032973318543740828e-03 1.073234516831190425e-03 9.039624827326150740e-05 7.905977665391024085e-05
2.000000000000000000e+00 5.000000000000000000e-01 5.000000000000000000e-01 1.851247581968662914e-04 1.897073318527078346e-04 5.604581456278338408e-05 5.509796679965670756e-05
2.000000000000000000e+00 1.000000000000000000e+00 5.000000000000000000e-01 1.330614381887808523e-04 1.485193230649823780e-04 4.631198426606286347e-05 5.751544544240283301e-05
2.000000000000000000e+00 2.000000000000000000e+00 5.000000000000000000e-01 1.912225835380085292e-04 2.314575308203519377e-04 1.198357828582522031e-04 1.501882319573276056e-04
2.000000000000000000e+00 4.000000000000000000e+00 5.000000000000000000e-01 2.837957706081204357e-04 3.475929297289304283e-04 1.576630741404886412e-04 1.929616879331679078e-04
2.000000000000000000e+00 8.000000000000000000e+00 5.000000000000000000e-01 3.647170524277730313e-04 4.292234920351898882e-04 2.146997296612599055e-04 2.535974335849601902e-04
2.000000000000000000e+00 1.600000000000000000e+01 5.000000000000000000e-01 4.086368079529335427e-04 5.066036945992985442e-04 1.650289409754247556e-04 2.111186422280610900e-04
2.000000000000000000e+00 3.200000000000000000e+01 5.000000000000000000e-01 3.690502032377701450e-04 4.543975477232327018e-04 1.228244859479709380e-04 1.462519672484288052e-04
2.000000000000000000e+00 6.400000000000000000e+01 5.000000000000000000e-01 3.956714290262094156e-04 4.829886411665478105e-04 1.449382268649483771e-04 1.817891926470315640e-04
2.000000000000000000e+00 1.280000000000000000e+02 5.000000000000000000e-01 4.924122520514487376e-04 6.123475472214650380e-04 1.742110496122788199e-04 2.182801764641936033e-04
3.000000000000000000e+00 6.250000000000000000e-02 5.000000000000000000e-01 2.994863222969320043e-03 1.098790981639888829e-02 2.300795424444837035e-04 1.136536449784369442e-02
3.000000000000000000e+00 1.250000000000000000e-01 5.000000000000000000e-01 1.759903740564324652e-03 3.315089347256675034e-03 1.386615484530598428e-04 2.694620966991606581e-03
3.000000000000000000e+00 2.500000000000000000e-01 5.000000000000000000e-01 9.018160336297386965e-04 9.870788593748891331e-04 1.499785614679181043e-04 1.553588919351306245e-04
3.000000000000000000e+00 5.000000000000000000e-01 5.000000000000000000e-01 1.346246108685557081e-04 1.509447491301851548e-04 1.182465260314321777e-04 1.298471411810029697e-04
3.000000000000000000e+00 1.000000000000000000e+00 5.000000000000000000e-01 7.351012144923371890e-05 9.375097208775428790e-05 3.438929328420918682e-05 4.580910761203996722e-05
3.000000000000000000e+00 2.000000000000000000e+00 5.000000000000000000e-01 1.488519789259637569e-04 2.050768771190399423e-04 1.065739264056920788e-04 1.546534137836423173e-04
3.000000000000000000e+00 4.000000000000000000e+00 5.000000000000000000e-01 1.491110053660631737e-04 1.977065165986362314e-04 1.067064465138588779e-04 1.329929223491242046e-04
3.000000000000000000e+00 8.000000000000000000e+00 5.000000000000000000e-01 1.786717835694612256e-04 2.559631369149321391e-04 8.867255572273865388e-05 1.295799824106230399e-04
3.000000000000000000e+00 1.600000000000000000e+01 5.000000000000000000e-01 2.060896517634943693e-04 2.951851730478697081e-04 8.467163401681325561e-05 1.200064087600696318e-04
3.000000000000000000e+00 3.200000000000000000e+01 5.000000000000000000e-01 1.834606253071919396e-04 2.558007060427181434e-04 6.709315729838261479e-05 9.460232905368601872e-05
3.000000000000000000e+00 6.400000000000000000e+01 5.000000000000000000e-01 2.011426957906832275e-04 2.784409569421948888e-04 8.566581137332052772e-05 1.052777426939176388e-04
3.000000000000000000e+00 1.280000000000000000e+02 5.000000000000000000e-01 2.014939425267711930e-04 2.810460879333745226e-04 8.007599143177551151e-05 1.040237290116604495e-04
4.000000000000000000e+00 6.250000000000000000e-02 5.000000000000000000e-01 2.984657047131545997e-03 1.923477690818255897e-02 2.550519086416568244e-04 3.069195538191523895e-02
4.000000000000000000e+00 1.250000000000000000e-01 5.000000000000000000e-01 1.670827079055445296e-03 4.706956213100001174e-03 7.432304484722776494e-05 5.055548482898797324e-03
4.000000000000000000e+00 2.500000000000000000e-01 5.000000000000000000e-01 7.161865554161078035e-04 8.327311130808480368e-04 1.327067858352555779e-04 1.542796709042809470e-04
4.000000000000000000e+00 5.000000000000000000e-01 5.000000000000000000e-01 7.678123285700986058e-05 9.356067145695978152e-05 2.451645798503326317e-05 2.896073481831370740e-05
4.000000000000000000e+00 1.000000000000000000e+00 5.000000000000000000e-01 2.525365422384628396e-05 3.416087481372808853e-05 1.422675656638319187e-05 1.750065543080306802e-05
4.000000000000000000e+00 2.000000000000000000e+00 5.000000000000000000e-01 3.502814803532599923e-05 5.592559659761858114e-05 2.665141332000150470e-05 4.525314090062820978e-05
4.000000000000000000e+00 4.000000000000000000e+00 5.000000000000000000e-01 4.733710059649335895e-05 7.364662449877320248e-05 3.559408054419534867e-05 5.446378207083974653e-05
4.000000000000000000e+00 8.000000000000000000e+00 5.000000000000000000e-01 5.401393332380634863e-05 8.997741817183333823e-05 2.096082570758575324e-05 4.110076607894321818e-05
4.000000000000000000e+00 1.600000000000000000e+01 5.000000000000000000e-01 5.945777078957468727e-05 9.562073622991668108e-05 2.051477120297783517e-05 2.763188603705824765e-05
4.000000000000000000e+00 3.200000000000000000e+01 5.000000000000000000e-01 6.969841392012886727e-05 1.160193439071914768e-04 2.520258068337646488e-05 4.053211847630468532e-05
4.000000000000000000e+00 6.400000000000000000e+01 5.000000000000000000e-01 6.627052010900427346e-05 1.085988107036252499e-04 1.694466983578811980e-05 2.701624613552534588e-05
4.000000000000000000e+00 1.280000000000000000e+02 5.000000000000000000e-01 8.572584143090884582e-05 1.389836217826469298e-04 1.437481960988402402e-05 2.330706137273364241e-05
5.000000000000000000e+00 6.250000000000000000e-02 5.000000000000000000e-01 2.682699786771969817e-03 3.588508659069285234e-02 2.166307035338653790e-04 4.405019168599461771e-02
5.000000000000000000e+00 1.250000000000000000e-01 5.000000000000000000e-01 1.293132683912157814e-03 6.745286146258533573e-03 7.924720831943599683e-05 1.388172433650649955e-02
5.000000000000000000e+00 2.500000000000000000e-01 5.000000000000000000e-01 3.931803003324009027e-04 9.529378696668380560e-04 4.164132742206405380e-05 1.378643492724560514e-03
5.000000000000000000e+00 5.000000000000000000e-01 5.000000000000000000e-01 5.270726676823754775e-05 6.935293127077712374e-05 2.032991550953632960e-05 3.033957580609149960e-05
5.000000000000000000e+00 1.000000000000000000e+00 5.000000000000000000e-01 1.441928533764739895e-05 2.252726972600862105e-05 6.129234712735484041e-06 9.316506853388075612e-06
5.000000000000000000e+00 2.000000000000000000e+00 5.000000000000000000e-01 1.969959635207058212e-05 3.694666388307792809e-05 1.410417108437058213e-05 2.796193331571170476e-05
5.000000000000000000e+00 4.000000000000000000e+00 5.000000000000000000e-01 2.454514315331151076e-05 4.479973456116658869e-05 1.472490242606564542e-05 2.725717145267257199e-05
5.000000000000000000e+00 8.000000000000000000e+00 5.000000000000000000e-01 2.971911310292713439e-05 5.609470090630619545e-05 1.561348817651964622e-05 3.099964231052827074e-05
5.000000000000000000e+00 1.600000000000000000e+01 5.000000000000000000e-01 3.248738985033148321e-05 6.221515479314246929e-05 1.696002113937336361e-05 3.538434954759748987e-05
5.000000000000000000e+00 3.200000000000000000e+01 5.000000000000000000e-01 3.450753738398438456e-05 6.427740581481562483e-05 1.437956410898992504e-05 2.620806184094089385e-05
5.000000000000000000e+00 6.400000000000000000e+01 5.000000000000000000e-01 3.737688290579914646e-05 7.123942960501322545e-05 1.464157533634032770e-05 2.812751837809299068e-05
5.000000000000000000e+00 1.280000000000000000e+02 5.000000000000000000e-01 3.544362729396200622e-05 6.575786212475442645e-05 1.256915023438291519e-05 2.476883902956714779e-05
