2.000000000000000000e+00 6.250000000000000000e-02 5.000000000000000000e-01 3.634753796502478672e-03 4.420842170720857070e-03 3.079144562992996211e-04 7.880618546625134521e-04
2.000000000000000000e+00 1.250000000000000000e-01 5.000000000000000000e-01 2.089098442900930077e-03 2.504819316738217394e-03 1.402033309362029875e-04 7.268340065527829344e-04
2.000000000000000000e+00 2.500000000000000000e-01 5.000000000000000000e-01 1.037343469184166594e-03 1.197955783886885421e-03 9.707496829675213218e-05 9.367112899329204561e-05
2.000000000000000000e+00 5.000000000000000000e-01 5.000000000000000000e-01 1.844932689988022746e-04 2.118817793956101166e-04 4.970172371660591459e-05 6.407798719133086824e-05
2.000000000000000000e+00 1.000000000000000000e+00 5.000000000000000000e-01 1.441939998680620235e-04 1.653187219587145640e-04 5.487715742017464343e-05 6.304902521101368197e-05
2.000000000000000000e+00 2.000000000000000000e+00 5.000000000000000000e-01 2.136487020351888913e-04 2.484089255924240873e-04 1.295949199698506987e-04 1.629732051955324538e-04
2.000000000000000000e+00 4.000000000000000000e+00 5.000000000000000000e-01 3.216813966741737451e-04 3.858082567515225660e-04 1.876745851683246365e-04 2.147099031568896555e-04
2.000000000000000000e+00 8.000000000000000000e+00 5.000000000000000000e-01 4.007098764630174126e-04 4.854732185690962989e-04 2.409697696065996432e-04 2.905896469999123106e-04
2.000000000000000000e+00 1.600000000000000000e+01 5.000000000000000000e-01 4.494117390727808236e-04 5.606203361333687071e-04 1.840308570948275772e-04 2.354139209720198557e-04
2.000000000000000000e+00 3.200000000000000000e+01 5.000000000000000000e-01 4.192506449211146936e-04 5.043433570785262315e-04 1.388169329197930604e-04 1.604997277344559850e-04
2.000000000000000000e+00 6.400000000000000000e+01 5.000000000000000000e-01 4.526819167987816109e-04 5.472437524106535216e-04 1.624844912560258604e-04 2.005034717175685857e-04
2.000000000000000000e+00 1.280000000000000000e+02 5.000000000000000000e-01 5.349225479459355451e-04 6.721562309385238718e-04 1.870241250010034619e-04 2.406051955761705110e-04
3.000000000000000000e+00 6.250000000000000000e-02 5.000000000000000000e-01 3.284337896892807439e-03 1.065712038653717289e-02 2.463509273024644137e-04 1.186461237396601621e-02
3.000000000000000000e+00 1.250000000000000000e-01 5.000000000000000000e-01 1.887744391317692670e-03 2.317555371279179932e-03 1.570106514326878925e-04 5.128002514782781934e-04
3.000000000000000000e+00 2.500000000000000000e-01 5.000000000000000000e-01 8.949088870435840167e-04 1.171444041106771850e-03 1.591538490738580015e-04 2.644474464731984297e-04
3.000000000000000000e+00 5.000000000000000000e-01 5.000000000000000000e-01 1.357062199402721357e-04 1.643083750277710988e-04 1.201368385172607697e-04 1.437543938554845823e-04
3.000000000000000000e+00 1.000000000000000000e+00 5.000000000000000000e-01 8.062798732637456000e-05 1.034820562117900745e-04 3.901235136741319082e-05 5.515691094819522489e-05
3.000000000000000000e+00 2.000000000000000000e+00 5.000000000000000000e-01 1.668591873422408376e-04 2.237795144893255323e-04 1.242714657359639718e-04 1.680726267163999536e-04
3.000000000000000000e+00 4.000000000000000000e+00 5.000000000000000000e-01 1.664461441792448762e-04 2.305783104872604955e-04 1.185419645302220515e-04 1.651647574205476201e-04
3.000000000000000000e+00 8.000000000000000000e+00 5.000000000000000000e-01 1.999591014169676390e-04 2.859850910745827647e-04 9.514838747458814533e-05 1.421286642555819816e-04
3.000000000000000000e+00 1.600000000000000000e+01 5.000000000000000000e-01 2.325408653028380557e-04 3.232782785294682380e-04 9.651915800755840114e-05 1.326047597242597186e-04
3.000000000000000000e+00 3.200000000000000000e+01 5.000000000000000000e-01 2.049826133429454261e-04 2.792020837154550743e-04 7.341075535433838021e-05 9.705310395217169354e-05
3.000000000000000000e+00 6.400000000000000000e+01 5.000000000000000000e-01 2.247178375879253787e-04 3.185226731585333207e-04 8.991175772879095372e-05 1.285999400624123737e-04
3.000000000000000000e+00 1.280000000000000000e+02 5.000000000000000000e-01 2.213339493566151477e-04 3.165626953387819372e-04 8.449698769771431879e-05 1.146248150169432763e-04
4.000000000000000000e+00 6.250000000000000000e-02 5.000000000000000000e-01 3.249668623404794628e-03 1.304672775876794186e-02 2.944481919309991399e-04 1.162295829237940809e-02
4.000000000000000000e+00 1.250000000000000000e-01 5.000000000000000000e-01 1.798077854474604926e-03 4.382637897804924146e-03 8.957626272594857873e-05 4.846406603249506055e-03
4.000000000000000000e+00 2.500000000000000000e-01 5.000000000000000000e-01 7.058780185554968268e-04 9.355622746594670705e-04 1.180616937027179292e-04 1.929507045602677406e-04
4.000000000000000000e+00 5.000000000000000000e-01 5.000000000000000000e-01 7.783232265846366414e-05 1.006887413080971105e-04 2.519803776765798057e-05 3.203664146704308073e-05
4.000000000000000000e+00 1.000000000000000000e+00 5.000000000000000000e-01 2.822530044970103923e-05 3.816577343826663680e-05 1.497182631038587803e-05 2.213173850613457398e-05
4.000000000000000000e+00 2.000000000000000000e+00 5.000000000000000000e-01 3.827825727883183988e-05 6.150429184691161353e-05 3.043025405912117500e-05 5.106628635291787430e-05
4.000000000000000000e+00 4.000000000000000000e+00 5.000000000000000000e-01 5.416449523771738349e-05 8.300904398370161357e-05 4.216718976277736194e-05 6.599655495876712854e-05
4.000000000000000000e+00 8.000000000000000000e+00 5.000000000000000000e-01 6.341645903600232862e-05 9.972194622047355933e-05 2.593548688420981385e-05 4.486987946457186041e-05
4.000000000000000000e+00 1.600000000000000000e+01 5.000000000000000000e-01 6.866159905960367966e-05 1.058569015601190785e-04 2.228580320885025837e-05 3.557863772359090533e-05
4.000000000000000000e+00 3.200000000000000000e+01 5.000000000000000000e-01 8.084541796269111187e-05 1.318021158402317037e-04 2.829125825740911793e-05 4.871951167773464598e-05
4.000000000000000000e+00 6.400000000000000000e+01 5.000000000000000000e-01 7.449820327061456432e-05 1.213303641953050770e-04 1.666278941427423526e-05 2.979357631839733674e-05
4.000000000000000000e+00 1.280000000000000000e+02 5.000000000000000000e-01 9.897049937910204465e-05 1.565611509012951427e-04 1.570791904780584612e-05 2.393694941181370229e-05
5.000000000000000000e+00 6.250000000000000000e-02 5.000000000000000000e-01 2.939870210744076513e-03 3.430817768750128033e-02 2.462570071367776569e-04 3.494406570407993656e-02
5.000000000000000000e+00 1.250000000000000000e-01 5.000000000000000000e-01 1.336093585247939957e-03 6.645087512727970366e-03 8.896784885238140145e-05 4.899198986564493735e-03
5.000000000000000000e+00 2.500000000000000000e-01 5.000000000000000000e-01 3.833395735380179243e-04 1.347161539117352255e-03 3.625259658834830068e-05 1.733358131296116071e-03
5.000000000000000000e+00 5.000000000000000000e-01 5.000000000000000000e-01 5.193907533958811622e-05 7.257156543524438252e-05 1.953036598257177760e-05 2.606445214447987985e-05
5.000000000000000000e+00 1.000000000000000000e+00 5.000000000000000000e-01 1.580290942182468664e-05 2.379746937148872400e-05 6.568040234534356338e-06 9.636326322695511402e-06
5.000000000000000000e+00 2.000000000000000000e+00 5.000000000000000000e-01 2.308214722748744453e-05 4.096056639793314023e-05 1.649446627235465847e-05 3.169287474628166971e-05
5.000000000000000000e+00 4.000000000000000000e+00 5.000000000000000000e-01 2.807201009198497839e-05 4.847128360646367560e-05 1.723149602673871425e-05 2.987928869913179678e-05
5.000000000000000000e+00 8.000000000000000000e+00 5.000000000000000000e-01 3.411921993319486882e-05 6.233479801302157922e-05 1.813192810612460710e-05 3.554977549062591960e-05
5.000000000000000000e+00 1.600000000000000000e+01 5.000000000000000000e-01 3.805055998183929695e-05 6.797794672831290860e-05 1.758898648207035917e-05 3.638359782261512212e-05
5.000000000000000000e+00 3.200000000000000000e+01 5.000000000000000000e-01 3.951025316031430562e-05 7.218758794542344493e-05 1.717584772018642374e-05 3.007998526900352771e-05
5.000000000000000000e+00 6.400000000000000000e+01 5.000000000000000000e-01 4.287536380607582609e-05 7.925080625218368380e-05 1.605327480879869636e-05 2.831565880929878386e-05
5.000000000000000000e+00 1.280000000000000000e+02 5.000000000000000000e-01 4.116022153774071327e-05 7.197094322750158756e-05 1.452839094215566100e-05 2.556534469192980782e-05
