2.000000000000000000e+00 6.250000000000000000e-02 9.000000000000000222e-01 3.331541755838596068e-03 4.917100047817197020e-03 2.721913878308388109e-04 1.983139211411189852e-03
2.000000000000000000e+00 1.250000000000000000e-01 9.000000000000000222e-01 1.979480217501982178e-03 2.264135114166315309e-03 1.275139733830478266e-04 2.220617247465805802e-04
2.000000000000000000e+00 2.500000000000000000e-01 9.000000000000000222e-01 1.069344543508818314e-03 1.229422204508408886e-03 9.122872162179424915e-05 1.118316955600097022e-04
2.000000000000000000e+00 5.000000000000000000e-01 9.000000000000000222e-01 2.407604131635493179e-04 2.847739127460755990e-04 8.422560595080017106e-05 1.057860396585916029e-04
2.000000000000000000e+00 1.000000000000000000e+00 9.000000000000000222e-01 1.734057384312721948e-04 2.033071595601131250e-04 1.179091760679941946e-04 1.434931061513000064e-04
2.000000000000000000e+00 2.000000000000000000e+00 9.000000000000000222e-01 1.772915575506688762e-04 2.270635697317329327e-04 1.456272811825063762e-04 1.825906979928300638e-04
2.000000000000000000e+00 4.000000000000000000e+00 9.000000000000000222e-01 1.873305282052355831e-04 2.357674002689265184e-04 1.401033498710284808e-04 1.719698435919404767e-04
2.000000000000000000e+00 8.000000000000000000e+00 9.000000000000000222e-01 2.056238124217638075e-04 2.576146549231572952e-04 1.286632671995331407e-04 1.581305483395406900e-04
2.000000000000000000e+00 1.600000000000000000e+01 9.000000000000000222e-01 2.217407364828281478e-04 2.857454580973359530e-04 1.219259440096379793e-04 1.567690804420713961e-04
2.000000000000000000e+00 3.200000000000000000e+01 9.000000000000000222e-01 1.980559284247973150e-04 2.597696419369364138e-04 1.065430599458533481e-04 1.336916229247340029e-04
2.000000000000000000e+00 6.400000000000000000e+01 9.000000000000000222e-01 2.013170939892148050e-04 2.701755568192907566e-04 1.054878778524363743e-04 1.371274587260308108e-04
2.000000000000000000e+00 1.280000000000000000e+02 9.000000000000000222e-01 2.169659355904758407e-04 2.890735378753524817e-04 1.202423806174002328e-04 1.683147508167757783e-04
3.000000000000000000e+00 6.250000000000000000e-02 9.000000000000000222e-01 3.086756450856005703e-03 9.773846982117534096e-03 2.859336125356077814e-04 8.577198367225149014e-03
3.000000000000000000e+00 1.250000000000000000e-01 9.000000000000000222e-01 1.808215146543710929e-03 5.896878767209410947e-03 1.470737823753331995e-04 6.100063280800436041e-03
3.000000000000000000e+00 2.500000000000000000e-01 9.000000000000000222e-01 9.129444011362012473e-04 1.162727842684333889e-03 1.390376655629647440e-04 2.130194812097220547e-04
3.000000000000000000e+00 5.000000000000000000e-01 9.000000000000000222e-01 1.451074017940796206e-04 1.892276689650667818e-04 7.820810927253991722e-05 1.036168654438732688e-04
3.000000000000000000e+00 1.000000000000000000e+00 9.000000000000000222e-01 7.497647545129970431e-05 9.628565749734987697e-05 2.547539327284764643e-05 3.270988468349630924e-05
3.000000000000000000e+00 2.000000000000000000e+00 9.000000000000000222e-01 5.446208650317331198e-05 7.928207027607114018e-05 2.338483398647177232e-05 3.623058846824155359e-05
3.000000000000000000e+00 4.000000000000000000e+00 9.000000000000000222e-01 4.422346985698114886e-05 6.312854736461010841e-05 1.629783986798663661e-05 2.502842351924258963e-05
3.000000000000000000e+00 8.000000000000000000e+00 9.000000000000000222e-01 4.592548238511027532e-05 6.708527350402685265e-05 1.863511455816350295e-05 2.592420316889646533e-05
3.000000000000000000e+00 1.600000000000000000e+01 9.000000000000000222e-01 5.828446342371980171e-05 9.071670970513595806e-05 2.808336520812903649e-05 4.526892186848868515e-05
3.000000000000000000e+00 3.200000000000000000e+01 9.000000000000000222e-01 5.328405003868703406e-05 8.154751188687764970e-05 1.823709145623802450e-05 2.656149222057698601e-05
3.000000000000000000e+00 6.400000000000000000e+01 9.000000000000000222e-01 5.787519941886009808e-05 8.785362179126215607e-05 2.365060637517586619e-05 3.797599070767325539e-05
3.000000000000000000e+00 1.280000000000000000e+02 9.000000000000000222e-01 4.904689278575878484e-05 7.628520775650114954e-05 1.481170483175017753e-05 2.456241200778353821e-05
4.000000000000000000e+00 6.250000000000000000e-02 9.000000000000000222e-01 3.050999131175651490e-03 2.221686519613956870e-02 2.366753200089254658e-04 2.325927999767228235e-02
4.000000000000000000e+00 1.250000000000000000e-01 9.000000000000000222e-01 1.711193790099158150e-03 3.818480797658885088e-03 1.106434842551954094e-04 3.050267813643240625e-03
4.000000000000000000e+00 2.500000000000000000e-01 9.000000000000000222e-01 6.833700579592205237e-04 9.519741468329110268e-04 1.168774311818216648e-04 1.922500337007622168e-04
4.000000000000000000e+00 5.000000000000000000e-01 9.000000000000000222e-01 1.023403848939418586e-04 1.395699840019907340e-04 4.607215745654441412e-05 6.608438442002897127e-05
4.000000000000000000e+00 1.000000000000000000e+00 9.000000000000000222e-01 1.770347869988820374e-05 2.468046524888362943e-05 7.872559059038156771e-06 1.100704078225467374e-05
4.000000000000000000e+00 2.000000000000000000e+00 9.000000000000000222e-01 1.257238045960272033e-05 1.936748301605977244e-05 6.388072142490203207e-06 1.037360416279840367e-05
4.000000000000000000e+00 4.000000000000000000e+00 9.000000000000000222e-01 8.996219122341328082e-06 1.492292700855340095e-05 3.828493256976630634e-06 6.556879096458682996e-06
4.000000000000000000e+00 8.000000000000000000e+00 9.000000000000000222e-01 1.172355861638512099e-05 1.969278505869886608e-05 3.573758252113833769e-06 6.293823017270377733e-06
4.000000000000000000e+00 1.600000000000000000e+01 9.000000000000000222e-01 1.222216571929815677e-05 2.080536242786234737e-05 5.895977461369989332e-06 1.012612637106103504e-05
4.000000000000000000e+00 3.200000000000000000e+01 9.000000000000000222e-01 1.142752472453302743e-05 1.943342769279527099e-05 3.459889866608409351e-06 5.735824095812182674e-06
4.000000000000000000e+00 6.400000000000000000e+01 9.000000000000000222e-01 1.161521849483187672e-05 1.988212013984752346e-05 4.010370108962644638e-06 6.542645200701369013e-06
4.000000000000000000e+00 1.280000000000000000e+02 9.000000000000000222e-01 1.351452462132111464e-05 2.298367506448445883e-05 3.166084527240832162e-06 5.460803714772487280e-06
5.000000000000000000e+00 6.250000000000000000e-02 9.000000000000000222e-01 2.792775715490977174e-03 4.352766225860425775e-02 2.470713488156398041e-04 5.984819924250279338e-02
5.000000000000000000e+00 1.250000000000000000e-01 9.000000000000000222e-01 1.239429486218511858e-03 2.126712915836994136e-02 1.724932490244386195e-04 4.253327243924995282e-02
5.000000000000000000e+00 2.500000000000000000e-01 9.000000000000000222e-01 3.903194083509552918e-04 7.390198545685017304e-04 3.646727002343441357e-05 2.476782238697398941e-04
5.000000000000000000e+00 5.000000000000000000e-01 9.000000000000000222e-01 5.974430611769563422e-05 9.225092017199444726e-05 2.923358973553395228e-05 4.371359345849481630e-05
5.000000000000000000e+00 1.000000000000000000e+00 9.000000000000000222e-01 8.715384044707810964e-06 1.296569073088243919e-05 3.142561713930405676e-06 4.424070278565306922e-06
5.000000000000000000e+00 2.000000000000000000e+00 9.000000000000000222e-01 5.400930724283811408e-06 9.290099331718192045e-06 2.238173884048105268e-06 3.776978842842418435e-06
5.000000000000000000e+00 4.000000000000000000e+00 9.000000000000000222e-01 4.766994423698698892e-06 8.741725129247102043e-06 1.840177286857780266e-06 3.455626881047420288e-06
5.000000000000000000e+00 8.000000000000000000e+00 9.000000000000000222e-01 4.564337373770879193e-06 9.133001288944076734e-06 1.652249192352184198e-06 3.544642384930103084e-06
5.000000000000000000e+00 1.600000000000000000e+01 9.000000000000000222e-01 4.887876550114956019e-06 9.856722964662427072e-06 1.290844402072568612e-06 3.220931606985152713e-06
5.000000000000000000e+00 3.200000000000000000e+01 9.000000000000000222e-01 6.222400248167128890e-06 1.256003043835382144e-05 1.770265236864665115e-06 3.919394179108021547e-06
5.000000000000000000e+00 6.400000000000000000e+01 9.000000000000000222e-01 5.256844040392979128e-06 1.046723572568633578e-05 1.668593916565958780e-06 3.705339318655663666e-06
5.000000000000000000e+00 1.280000000000000000e+02 9.000000000000000222e-01 4.966052695904644540e-06 9.435817958223269059e-06 1.274842957440371720e-06 2.861127679236022497e-06
