1.000000000000000000e+00 6.250000000000000000e-02 0.000000000000000000e+00 2.662929279467267547e-03 5.762273449506738303e-03 3.218452843510447373e-04 3.275401097923295608e-03
1.000000000000000000e+00 1.250000000000000000e-01 0.000000000000000000e+00 1.734924936230512488e-03 3.068337777682661298e-03 6.276696903541326622e-04 1.618691334838908129e-03
1.000000000000000000e+00 2.500000000000000000e-01 0.000000000000000000e+00 9.892250807937922729e-04 1.547407664809539443e-03 2.204876306919408165e-04 4.327745985166528788e-04
1.000000000000000000e+00 5.000000000000000000e-01 0.000000000000000000e+00 8.702576578734006526e-04 1.306132580112558898e-03 2.317371216687852701e-04 3.373980404991114269e-04
1.000000000000000000e+00 1.000000000000000000e+00 0.000000000000000000e+00 1.516006996029296231e-03 2.265726776582933834e-03 5.679242816411315649e-04 9.551275627076364055e-04
1.000000000000000000e+00 2.000000000000000000e+00 0.000000000000000000e+00 1.891577407260184099e-03 2.918366064726208263e-03 4.035945146334633522e-04 9.155799873997068350e-04
1.000000000000000000e+00 4.000000000000000000e+00 0.000000000000000000e+00 2.016333873278948648e-03 3.117961258652139460e-03 2.713302592882613456e-04 7.350109243998136652e-04
1.000000000000000000e+00 8.000000000000000000e+00 0.000000000000000000e+00 1.972830374415211144e-03 3.120064376378413329e-03 2.744867737828630885e-04 7.684478886689018228e-04
1.000000000000000000e+00 1.600000000000000000e+01 0.000000000000000000e+00 2.048221481958284289e-03 3.309063631290709052e-03 3.020787831586773439e-04 8.242880902108086104e-04
1.000000000000000000e+00 3.200000000000000000e+01 0.000000000000000000e+00 2.016563916341273556e-03 3.184697410473401151e-03 2.157691656085153049e-04 5.811555236589709779e-04
1.000000000000000000e+00 6.400000000000000000e+01 0.000000000000000000e+00 2.071575343677974947e-03 3.295367993685701432e-03 1.775231554375428700e-04 6.243738902378386402e-04
1.000000000000000000e+00 1.280000000000000000e+02 0.000000000000000000e+00 2.091380671003856533e-03 3.348397770973315923e-03 1.976011569456560097e-04 7.292661791043962517e-04
2.000000000000000000e+00 6.250000000000000000e-02 9.000000000000000222e-01 3.462631997584860073e-03 6.778966754010598735e-03 6.797288541368265826e-04 4.287840897210680978e-03
2.000000000000000000e+00 1.250000000000000000e-01 9.000000000000000222e-01 1.356508542687177073e-03 2.051595855657288754e-03 2.556281443895895718e-04 1.113284557853747329e-03
2.000000000000000000e+00 2.500000000000000000e-01 9.000000000000000222e-01 8.154939653874539304e-04 8.982435718972652883e-04 3.580803195634233040e-05 4.491399095525578879e-05
2.000000000000000000e+00 5.000000000000000000e-01 9.000000000000000222e-01 5.510953721929200740e-04 6.292751514107059081e-04 9.800065980901596007e-05 1.018337776604126132e-04
2.000000000000000000e+00 1.000000000000000000e+00 9.000000000000000222e-01 8.402289299456039678e-04 9.947559986332185980e-04 1.550726624374323232e-04 1.782526054610538248e-04
2.000000000000000000e+00 2.000000000000000000e+00 9.000000000000000222e-01 1.221903677250816720e-03 1.479996581175762162e-03 3.292400966731918706e-04 3.721881810760536958e-04
2.000000000000000000e+00 4.000000000000000000e+00 9.000000000000000222e-01 1.331668023991201431e-03 1.630801847587784546e-03 3.778937826822844031e-04 4.508956183674887636e-04
2.000000000000000000e+00 8.000000000000000000e+00 9.000000000000000222e-01 1.339715648204736417e-03 1.658803351625200238e-03 3.020580766764390836e-04 4.252205839846994362e-04
2.000000000000000000e+00 1.600000000000000000e+01 9.000000000000000222e-01 1.477030016608658512e-03 1.827875008403398492e-03 2.751024297043110837e-04 3.563431350360027924e-04
2.000000000000000000e+00 3.200000000000000000e+01 9.000000000000000222e-01 1.437528935977590338e-03 1.778534767226202292e-03 3.410123498177032001e-04 4.318990792134417070e-04
2.000000000000000000e+00 6.400000000000000000e+01 9.000000000000000222e-01 1.423887159245256287e-03 1.786251232292688108e-03 3.264358592643131591e-04 3.794138558611586851e-04
2.000000000000000000e+00 1.280000000000000000e+02 9.000000000000000222e-01 1.401250182673834544e-03 1.780039820148730367e-03 2.709232525878560211e-04 3.310488975265951108e-04
3.000000000000000000e+00 6.250000000000000000e-02 9.000000000000000222e-01 2.854189686260878017e-03 1.900411690838482021e-02 6.741053104144799661e-04 2.739812642740189000e-02
3.000000000000000000e+00 1.250000000000000000e-01 9.000000000000000222e-01 1.181305186162252396e-03 2.527513620026628459e-03 1.336295918167597601e-04 2.360181658146792531e-03
3.000000000000000000e+00 2.500000000000000000e-01 9.000000000000000222e-01 7.151602760949595612e-04 8.451053157336864494e-04 7.783258043983678879e-05 1.035047329198343375e-04
3.000000000000000000e+00 5.000000000000000000e-01 9.000000000000000222e-01 4.310613310337376922e-04 5.323847773274882969e-04 7.028015661037322732e-05 7.987708141626605727e-05
3.000000000000000000e+00 1.000000000000000000e+00 9.000000000000000222e-01 6.563352900029694164e-04 8.380274041230930402e-04 2.591952707083690116e-04 3.288629780828907444e-04
3.000000000000000000e+00 2.000000000000000000e+00 9.000000000000000222e-01 1.143828577231086659e-03 1.490776952675873816e-03 7.211461571456075992e-04 8.544063041228674516e-04
3.000000000000000000e+00 4.000000000000000000e+00 9.000000000000000222e-01 1.143494872085490085e-03 1.552109654546046571e-03 6.188324915322926650e-04 7.638254364834857341e-04
3.000000000000000000e+00 8.000000000000000000e+00 9.000000000000000222e-01 1.134623244275074095e-03 1.547932920154475311e-03 4.337887806598603245e-04 5.947754305922267745e-04
3.000000000000000000e+00 1.600000000000000000e+01 9.000000000000000222e-01 1.132233621307410319e-03 1.563343286442340357e-03 3.831746808880880594e-04 4.814064718944424995e-04
3.000000000000000000e+00 3.200000000000000000e+01 9.000000000000000222e-01 1.055934481473814286e-03 1.492369261203303895e-03 3.807579389049281027e-04 5.036084507119431434e-04
3.000000000000000000e+00 6.400000000000000000e+01 9.000000000000000222e-01 1.064088490960632101e-03 1.525414565830365745e-03 3.195303572677865881e-04 4.495581210447570299e-04
3.000000000000000000e+00 1.280000000000000000e+02 9.000000000000000222e-01 1.190332585472555962e-03 1.668698914125806660e-03 2.603943550859275677e-04 3.515098331370566974e-04
4.000000000000000000e+00 6.250000000000000000e-02 9.000000000000000222e-01 2.868514731861082547e-03 7.663794694868855673e-02 5.399822232849376801e-04 7.604381499933754451e-02
4.000000000000000000e+00 1.250000000000000000e-01 9.000000000000000222e-01 1.077767511449179757e-03 1.018864232247806978e-02 5.273509165938011415e-05 1.704500940317702981e-02
4.000000000000000000e+00 2.500000000000000000e-01 9.000000000000000222e-01 6.538479112031144163e-04 7.897015774984226383e-04 4.234116566135708227e-05 6.160956631281674922e-05
4.000000000000000000e+00 5.000000000000000000e-01 9.000000000000000222e-01 3.141937040317504789e-04 4.204914235535049281e-04 3.074541503605800939e-05 3.784487728504248849e-05
4.000000000000000000e+00 1.000000000000000000e+00 9.000000000000000222e-01 3.868601582052688106e-04 5.401421734928364910e-04 1.165848804122050206e-04 1.750894230702000382e-04
4.000000000000000000e+00 2.000000000000000000e+00 9.000000000000000222e-01 5.095330158340329258e-04 7.794305625957761822e-04 1.796517216068099147e-04 2.888297700992304741e-04
4.000000000000000000e+00 4.000000000000000000e+00 9.000000000000000222e-01 6.167484330992939207e-04 9.575918636836190222e-04 1.883251180138292694e-04 3.030667038306514771e-04
4.000000000000000000e+00 8.000000000000000000e+00 9.000000000000000222e-01 6.805651619365616538e-04 1.079479537309938671e-03 2.118925515811457313e-04 3.022103286035014735e-04
4.000000000000000000e+00 1.600000000000000000e+01 9.000000000000000222e-01 6.499260529887944480e-04 1.050304108004189094e-03 1.086453515748403268e-04 1.768124070022950532e-04
4.000000000000000000e+00 3.200000000000000000e+01 9.000000000000000222e-01 6.743502635890871819e-04 1.067594240721599389e-03 1.772317732938198990e-04 2.746460435700671227e-04
4.000000000000000000e+00 6.400000000000000000e+01 9.000000000000000222e-01 7.330677514788084409e-04 1.189680283510899036e-03 8.809852817089635117e-05 1.648352879990151287e-04
4.000000000000000000e+00 1.280000000000000000e+02 9.000000000000000222e-01 7.755635626389529528e-04 1.253890577234246639e-03 1.193620418723627277e-04 2.240679005132225786e-04
5.000000000000000000e+00 6.250000000000000000e-02 9.000000000000000222e-01 2.431658034415852716e-03 7.731378539072972234e-02 4.275020546463558142e-04 8.987126963431975313e-02
5.000000000000000000e+00 1.250000000000000000e-01 9.000000000000000222e-01 1.040377166066470353e-03 3.316042853191503853e-02 1.039371147526333984e-04 5.143280530733392031e-02
5.000000000000000000e+00 2.500000000000000000e-01 9.000000000000000222e-01 6.158714620311397329e-04 8.474569988947434082e-04 2.887660253944396703e-05 2.533382406375721306e-04
5.000000000000000000e+00 5.000000000000000000e-01 9.000000000000000222e-01 2.623803897900100482e-04 3.702714298257690317e-04 2.019106336918444238e-05 3.582455364282384139e-05
5.000000000000000000e+00 1.000000000000000000e+00 9.000000000000000222e-01 2.870493269336120683e-04 4.558677900416124168e-04 5.913010157216321488e-05 9.882759657777477798e-05
5.000000000000000000e+00 2.000000000000000000e+00 9.000000000000000222e-01 4.014105738711253100e-04 6.666849022663146832e-04 1.712739205750071997e-04 2.731746648140233281e-04
5.000000000000000000e+00 4.000000000000000000e+00 9.000000000000000222e-01 3.984587865264108131e-04 7.164386094930140156e-04 2.068466365459187088e-04 3.399216293597449022e-04
5.000000000000000000e+00 8.000000000000000000e+00 9.000000000000000222e-01 4.383829536637288971e-04 8.041879804602223864e-04 1.576969308704509823e-04 2.759170860977065275e-04
5.000000000000000000e+00 1.600000000000000000e+01 9.000000000000000222e-01 4.382565177887541878e-04 8.054429296252233351e-04 1.433599262961102844e-04 2.375403622560931028e-04
5.000000000000000000e+00 3.200000000000000000e+01 9.000000000000000222e-01 4.728397293344097779e-04 8.595671797384061164e-04 1.087175277588655904e-04 1.700415008999016690e-04
5.000000000000000000e+00 6.400000000000000000e+01 9.000000000000000222e-01 4.940694699496196675e-04 8.943401279512885405e-04 1.271778509597675411e-04 1.933576723896195538e-04
5.000000000000000000e+00 1.280000000000000000e+02 9.000000000000000222e-01 5.520554152951067609e-04 1.024938632363399469e-03 1.541553024959360185e-04 2.740356887174197928e-04
