1.000000000000000000e+00 6.250000000000000000e-02 0.000000000000000000e+00 3.705283307986890953e-03 4.657314032247298653e-03 2.421065333486045008e-04 1.903001358732514265e-03
1.000000000000000000e+00 1.250000000000000000e-01 0.000000000000000000e+00 2.595027812817697448e-03 2.980253414464181273e-03 7.425825083579654096e-04 1.052779350744477730e-03
1.000000000000000000e+00 2.500000000000000000e-01 0.000000000000000000e+00 1.425762744804797821e-03 1.539610902027603503e-03 3.043900911803332264e-04 3.690469222832445028e-04
1.000000000000000000e+00 5.000000000000000000e-01 0.000000000000000000e+00 5.642525318147462166e-04 6.155949412679859872e-04 2.362854913614203611e-04 2.347651914984298584e-04
1.000000000000000000e+00 1.000000000000000000e+00 0.000000000000000000e+00 7.235153370406935186e-04 8.099404706743612353e-04 6.285705782661938886e-04 6.915757681634823045e-04
1.000000000000000000e+00 2.000000000000000000e+00 0.000000000000000000e+00 1.236914802661655656e-03 1.401997116580982377e-03 8.779849492703146454e-04 9.864430116046675728e-04
1.000000000000000000e+00 4.000000000000000000e+00 0.000000000000000000e+00 1.396685989220911505e-03 1.635351366857036668e-03 8.352159166796162661e-04 9.456525508300958963e-04
1.000000000000000000e+00 8.000000000000000000e+00 0.000000000000000000e+00 1.644949117911149745e-03 1.902789482100828659e-03 6.823065713288438633e-04 7.725713773099866398e-04
1.000000000000000000e+00 1.600000000000000000e+01 0.000000000000000000e+00 1.772890703201693329e-03 1.994505320453206654e-03 5.166960769601757278e-04 5.565057675756075652e-04
1.000000000000000000e+00 3.200000000000000000e+01 0.000000000000000000e+00 1.584149963983578699e-03 1.847189223378617202e-03 5.585756815644014450e-04 6.447457096800218420e-04
1.000000000000000000e+00 6.400000000000000000e+01 0.000000000000000000e+00 1.855844562942624097e-03 2.094303555108455346e-03 4.613436181414865282e-04 5.153255382559589724e-04
1.000000000000000000e+00 1.280000000000000000e+02 0.000000000000000000e+00 1.905085145027494943e-03 2.165402981368370981e-03 4.025425164972791189e-04 4.557885558804884978e-04
2.000000000000000000e+00 6.250000000000000000e-02 9.000000000000000222e-01 3.449244586009184068e-03 4.197220204899169450e-03 3.750810185142960354e-04 1.283534807795323274e-03
2.000000000000000000e+00 1.250000000000000000e-01 9.000000000000000222e-01 1.887112344132489249e-03 2.389165784827372747e-03 1.625513025992547449e-04 3.675545281861103799e-04
2.000000000000000000e+00 2.500000000000000000e-01 9.000000000000000222e-01 1.011575740062160443e-03 1.184554480917576801e-03 8.051135410017203791e-05 8.382985144893914545e-05
2.000000000000000000e+00 5.000000000000000000e-01 9.000000000000000222e-01 2.391481758551816075e-04 3.065916992814188952e-04 7.417829914248800930e-05 1.067695212846928683e-04
2.000000000000000000e+00 1.000000000000000000e+00 9.000000000000000222e-01 1.735381740531357730e-04 2.255795666926983854e-04 1.158182696189756592e-04 1.532334122437221653e-04
2.000000000000000000e+00 2.000000000000000000e+00 9.000000000000000222e-01 1.829141816960544464e-04 2.453551797712260609e-04 1.494894834936540942e-04 1.987206396835750392e-04
2.000000000000000000e+00 4.000000000000000000e+00 9.000000000000000222e-01 1.920889204610932315e-04 2.545316523611935544e-04 1.448666359938723179e-04 1.872275647625399990e-04
2.000000000000000000e+00 8.000000000000000000e+00 9.000000000000000222e-01 2.031025273524231581e-04 2.800996127732140769e-04 1.234296496870250308e-04 1.749703203471326778e-04
2.000000000000000000e+00 1.600000000000000000e+01 9.000000000000000222e-01 2.243166050389799209e-04 3.037459752753586409e-04 1.217761278699990208e-04 1.613493417564074921e-04
2.000000000000000000e+00 3.200000000000000000e+01 9.000000000000000222e-01 2.047154400829912424e-04 2.737806926572200982e-04 1.110857197606177901e-04 1.387528331924636066e-04
2.000000000000000000e+00 6.400000000000000000e+01 9.000000000000000222e-01 2.083042739308015750e-04 2.765846826690868078e-04 1.078256731063427905e-04 1.388387559319678342e-04
2.000000000000000000e+00 1.280000000000000000e+02 9.000000000000000222e-01 2.236075518271439457e-04 3.099650837974099200e-04 1.211080609618316452e-04 1.696073830390061978e-04
3.000000000000000000e+00 6.250000000000000000e-02 9.000000000000000222e-01 3.145526585040951499e-03 7.961161680529673865e-03 3.772974300482356456e-04 7.575335349143139628e-03
3.000000000000000000e+00 1.250000000000000000e-01 9.000000000000000222e-01 1.698795079038344352e-03 3.575124787590039464e-03 1.717134947729617917e-04 2.752533052084910319e-03
3.000000000000000000e+00 2.500000000000000000e-01 9.000000000000000222e-01 8.813127439655305461e-04 1.103298326665744537e-03 1.130944626680485112e-04 1.475438923175562231e-04
3.000000000000000000e+00 5.000000000000000000e-01 9.000000000000000222e-01 1.463181109189416653e-04 1.981145430074914232e-04 8.073058382151323642e-05 1.107026617699327826e-04
3.000000000000000000e+00 1.000000000000000000e+00 9.000000000000000222e-01 7.702093452342354842e-05 1.044185210356863051e-04 2.456439325754515064e-05 3.898307404368791135e-05
3.000000000000000000e+00 2.000000000000000000e+00 9.000000000000000222e-01 5.629277927035033829e-05 8.560739202678437553e-05 2.602061168359496153e-05 3.750340054288818731e-05
3.000000000000000000e+00 4.000000000000000000e+00 9.000000000000000222e-01 4.598248706470425059e-05 6.807276028800993888e-05 1.878228721395366405e-05 2.427946220016413413e-05
3.000000000000000000e+00 8.000000000000000000e+00 9.000000000000000222e-01 4.732101077174367541e-05 6.974843569184224757e-05 1.995371020680328626e-05 2.674320755563496936e-05
3.000000000000000000e+00 1.600000000000000000e+01 9.000000000000000222e-01 6.054607079312341759e-05 9.413342880318921978e-05 2.890535909160317152e-05 4.657443065535100528e-05
3.000000000000000000e+00 3.200000000000000000e+01 9.000000000000000222e-01 5.641848505425944079e-05 8.606113739930898649e-05 1.919078825717052573e-05 2.990724025882574008e-05
3.000000000000000000e+00 6.400000000000000000e+01 9.000000000000000222e-01 6.016646261134879107e-05 9.329567355576035448e-05 2.834649983345269265e-05 4.064484639631335327e-05
3.000000000000000000e+00 1.280000000000000000e+02 9.000000000000000222e-01 5.356079684865150484e-05 7.985937345401551029e-05 1.519623048144371420e-05 2.611447202628209286e-05
4.000000000000000000e+00 6.250000000000000000e-02 9.000000000000000222e-01 3.167335568715772681e-03 1.907059245400153508e-02 3.521210258198233288e-04 1.873245294019680249e-02
4.000000000000000000e+00 1.250000000000000000e-01 9.000000000000000222e-01 1.613378554211924998e-03 4.154234535848613449e-03 1.137702580282006837e-04 3.527586425563974341e-03
4.000000000000000000e+00 2.500000000000000000e-01 9.000000000000000222e-01 6.785141388813087588e-04 8.536665304201450843e-04 1.030129222997277290e-04 1.231206330610628273e-04
4.000000000000000000e+00 5.000000000000000000e-01 9.000000000000000222e-01 1.035350984793019063e-04 1.443944223537828883e-04 4.478884371449395961e-05 6.950398959955287183e-05
4.000000000000000000e+00 1.000000000000000000e+00 9.000000000000000222e-01 1.832450034546937774e-05 2.696281765292303688e-05 8.423911020593228516e-06 1.291842613417704682e-05
4.000000000000000000e+00 2.000000000000000000e+00 9.000000000000000222e-01 1.265792228961738308e-05 2.132482713019355497e-05 6.342614200443695238e-06 1.167016319470605679e-05
4.000000000000000000e+00 4.000000000000000000e+00 9.000000000000000222e-01 8.961702907419318321e-06 1.580061302281486770e-05 3.816328005990906619e-06 6.891216203472668730e-06
4.000000000000000000e+00 8.000000000000000000e+00 9.000000000000000222e-01 1.209656850692228954e-05 2.080570444869829624e-05 3.855267074616048709e-06 6.863877896149161564e-06
4.000000000000000000e+00 1.600000000000000000e+01 9.000000000000000222e-01 1.242502454729417014e-05 2.206732338664232494e-05 5.943963933469513435e-06 1.165579924240536950e-05
4.000000000000000000e+00 3.200000000000000000e+01 9.000000000000000222e-01 1.177717544683937805e-05 2.068962929398650321e-05 3.759242325563828382e-06 6.701655060596967398e-06
4.000000000000000000e+00 6.400000000000000000e+01 9.000000000000000222e-01 1.203714589557705269e-05 2.095058241176387087e-05 4.135750218244115645e-06 7.356191915830607682e-06
4.000000000000000000e+00 1.280000000000000000e+02 9.000000000000000222e-01 1.433598972743314824e-05 2.518365304322705479e-05 3.513855945501074306e-06 6.348025392153289915e-06
5.000000000000000000e+00 6.250000000000000000e-02 9.000000000000000222e-01 2.830703671584408696e-03 1.162431651767119149e-02 2.907739319985524194e-04 5.850278958293101544e-03
5.000000000000000000e+00 1.250000000000000000e-01 9.000000000000000222e-01 1.160647155547992349e-03 9.932013062038466331e-03 1.529927323461019624e-04 1.573723587841578328e-02
5.000000000000000000e+00 2.500000000000000000e-01 9.000000000000000222e-01 4.104345066433641377e-04 6.728601154745718045e-04 3.632490510483732426e-05 3.115438555118982570e-04
5.000000000000000000e+00 5.000000000000000000e-01 9.000000000000000222e-01 6.172501512457145888e-05 9.752865862019411412e-05 3.081152982258749578e-05 6.791132124835507346e-05
5.000000000000000000e+00 1.000000000000000000e+00 9.000000000000000222e-01 8.928805997631426226e-06 1.360469898887775535e-05 3.288135063656663714e-06 4.953767566893779199e-06
5.000000000000000000e+00 2.000000000000000000e+00 9.000000000000000222e-01 5.266588858203867839e-06 9.440445909552945493e-06 2.213796364144568437e-06 3.888100611390848829e-06
5.000000000000000000e+00 4.000000000000000000e+00 9.000000000000000222e-01 4.771239316250122954e-06 9.253186953676841351e-06 1.982123282589357912e-06 3.632691685658166389e-06
5.000000000000000000e+00 8.000000000000000000e+00 9.000000000000000222e-01 4.643298732250794737e-06 9.561032120171289615e-06 1.639926607610937570e-06 4.027334331293643968e-06
5.000000000000000000e+00 1.600000000000000000e+01 9.000000000000000222e-01 4.968635346291833615e-06 9.895988928732172166e-06 1.297560660214296257e-06 2.944772991199953689e-06
5.000000000000000000e+00 3.200000000000000000e+01 9.000000000000000222e-01 6.403319450709379291e-06 1.266441018724482813e-05 2.011852878411891492e-06 3.773667500446481045e-06
5.000000000000000000e+00 6.400000000000000000e+01 9.000000000000000222e-01 5.508723238308774105e-06 1.106182703881790068e-05 1.796604953327027299e-06 4.200430065679099087e-06
5.000000000000000000e+00 1.280000000000000000e+02 9.000000000000000222e-01 5.069464816021029896e-06 1.009990681097830992e-05 1.510060627404961537e-06 2.908890818044238571e-06
