1.000000000000000000e+00 6.250000000000000000e-02 0.000000000000000000e+00 3.988864765862438523e-03 4.570713922569629752e-03 4.512192746965217049e-04 7.941269793521996308e-04
1.000000000000000000e+00 1.250000000000000000e-01 0.000000000000000000e+00 2.763525271890530238e-03 3.970458976344837070e-03 7.217797250811372510e-04 2.937217132122655911e-03
1.000000000000000000e+00 2.500000000000000000e-01 0.000000000000000000e+00 1.444380404904457068e-03 1.704624771142625086e-03 4.521857029945842792e-04 4.883939027640499817e-04
1.000000000000000000e+00 5.000000000000000000e-01 0.000000000000000000e+00 2.904690237046857432e-04 3.626201309705276302e-04 2.295610695537214586e-04 2.752095269409625985e-04
1.000000000000000000e+00 1.000000000000000000e+00 0.000000000000000000e+00 1.102900592429024160e-04 1.426010025788407450e-04 6.826879323831634521e-05 9.096325167079539922e-05
1.000000000000000000e+00 2.000000000000000000e+00 0.000000000000000000e+00 8.479640818489264415e-05 1.134389139900742247e-04 5.524735471272864638e-05 7.211989262849254328e-05
1.000000000000000000e+00 4.000000000000000000e+00 0.000000000000000000e+00 8.047212665898364646e-05 1.073168429071587988e-04 4.738396021864806675e-05 6.294273751271604032e-05
1.000000000000000000e+00 8.000000000000000000e+00 0.000000000000000000e+00 1.125984039427815897e-04 1.570940396188991552e-04 5.745863117462481100e-05 8.083972864402271202e-05
1.000000000000000000e+00 1.600000000000000000e+01 0.000000000000000000e+00 1.062519764103371826e-04 1.429268439432710141e-04 4.165693438174164612e-05 5.338518396287560434e-05
1.000000000000000000e+00 3.200000000000000000e+01 0.000000000000000000e+00 1.069962084251807366e-04 1.432322353571828532e-04 4.281198771457693736e-05 4.805289890784373614e-05
1.000000000000000000e+00 6.400000000000000000e+01 0.000000000000000000e+00 1.091913300451002097e-04 1.563182326728095300e-04 5.425253322260164732e-05 8.009842751618033907e-05
1.000000000000000000e+00 1.280000000000000000e+02 0.000000000000000000e+00 1.067931111981245936e-04 1.488922062437089569e-04 5.279105846147421743e-05 6.727912837240977945e-05
2.000000000000000000e+00 6.250000000000000000e-02 9.000000000000000222e-01 3.551443865484105872e-03 5.248420157868838830e-03 4.988041097384486242e-04 1.740129024353980836e-03
2.000000000000000000e+00 1.250000000000000000e-01 9.000000000000000222e-01 2.112817185012240678e-03 2.729350865781529981e-03 1.520143093079564026e-04 1.397015084116358125e-03
2.000000000000000000e+00 2.500000000000000000e-01 9.000000000000000222e-01 7.031297397944995687e-04 7.346938372729804609e-04 1.492622810039488104e-04 1.549826631056078186e-04
2.000000000000000000e+00 5.000000000000000000e-01 9.000000000000000222e-01 1.384418634947684977e-04 1.406842592370776291e-04 9.081023828921869917e-05 8.504836265693490802e-05
2.000000000000000000e+00 1.000000000000000000e+00 9.000000000000000222e-01 1.679205724373596039e-05 2.123358495106973074e-05 1.106712343413137436e-05 1.475012384656226886e-05
2.000000000000000000e+00 2.000000000000000000e+00 9.000000000000000222e-01 1.072971575513406798e-05 1.389832761117020183e-05 1.035095482239066546e-05 1.305529388079629652e-05
2.000000000000000000e+00 4.000000000000000000e+00 9.000000000000000222e-01 9.845531367429981003e-06 1.269584072657733447e-05 8.748923944402952030e-06 1.152841080624631384e-05
2.000000000000000000e+00 8.000000000000000000e+00 9.000000000000000222e-01 1.038077891963783536e-05 1.406827033044100876e-05 1.166306971470666711e-05 1.635767415843564573e-05
2.000000000000000000e+00 1.600000000000000000e+01 9.000000000000000222e-01 7.618715188482203191e-06 9.830328897156319755e-06 6.990646240579268527e-06 8.998805284085874989e-06
2.000000000000000000e+00 3.200000000000000000e+01 9.000000000000000222e-01 8.741693951590765948e-06 1.135252045870012147e-05 7.948594282282319280e-06 1.008539930466370457e-05
2.000000000000000000e+00 6.400000000000000000e+01 9.000000000000000222e-01 1.425177256864805907e-05 1.798728343496256186e-05 1.753385269961402901e-05 2.169287958895172827e-05
2.000000000000000000e+00 1.280000000000000000e+02 9.000000000000000222e-01 8.840658040873024316e-06 1.152737454046819781e-05 6.448434134278348903e-06 8.251205630734356571e-06
3.000000000000000000e+00 6.250000000000000000e-02 9.000000000000000222e-01 1.311114916989650388e-03 4.001364540708069774e-03 1.497871370026116963e-04 2.608091004716524795e-03
3.000000000000000000e+00 1.250000000000000000e-01 9.000000000000000222e-01 7.695926222830043548e-04 2.947363371694278374e-03 8.322705051096911328e-05 4.103371944417157947e-03
3.000000000000000000e+00 2.500000000000000000e-01 9.000000000000000222e-01 4.628245916561687999e-04 5.039664528856992176e-04 5.050181463207791644e-05 6.147793099503576469e-05
3.000000000000000000e+00 5.000000000000000000e-01 9.000000000000000222e-01 5.340367921335449500e-05 6.212970315215744516e-05 4.470351618359365297e-05 4.678955965276210331e-05
3.000000000000000000e+00 1.000000000000000000e+00 9.000000000000000222e-01 5.167097589365242812e-06 6.825226420329044363e-06 3.145085052910181111e-06 4.335956728850736406e-06
3.000000000000000000e+00 2.000000000000000000e+00 9.000000000000000222e-01 1.150282338340759778e-06 1.638890550639533503e-06 7.630230646018997693e-07 1.117458390355345924e-06
3.000000000000000000e+00 4.000000000000000000e+00 9.000000000000000222e-01 6.349101410241603385e-07 9.197815756057339506e-07 4.727709999745170588e-07 7.170480068207135672e-07
3.000000000000000000e+00 8.000000000000000000e+00 9.000000000000000222e-01 6.144644360663210476e-07 8.663864249104322675e-07 7.020176879630120960e-07 9.613111276118875305e-07
3.000000000000000000e+00 1.600000000000000000e+01 9.000000000000000222e-01 5.288056722181513820e-07 7.514695693556484517e-07 4.858161491239131896e-07 6.175109732392536784e-07
3.000000000000000000e+00 3.200000000000000000e+01 9.000000000000000222e-01 4.853916170423845990e-07 6.961969033096789406e-07 3.150827363667922769e-07 4.031152932366778908e-07
3.000000000000000000e+00 6.400000000000000000e+01 9.000000000000000222e-01 5.868710450894929939e-07 8.658697451052898864e-07 5.175893142551409525e-07 7.721791664597500173e-07
3.000000000000000000e+00 1.280000000000000000e+02 9.000000000000000222e-01 3.166170247963347331e-07 4.877802982446307517e-07 1.682346523043965152e-07 2.723020142910565315e-07
4.000000000000000000e+00 6.250000000000000000e-02 9.000000000000000222e-01 1.293592838670825805e-03 1.013796720362244996e-02 1.251387762363334914e-04 9.849807324979838533e-03
4.000000000000000000e+00 1.250000000000000000e-01 9.000000000000000222e-01 7.424356876568584873e-04 2.464995156739310540e-03 7.414447819068942507e-05 1.391172006074846120e-03
4.000000000000000000e+00 2.500000000000000000e-01 9.000000000000000222e-01 4.218849087869967480e-04 4.796677258526732958e-04 5.419722939023594206e-05 5.981116301630036268e-05
4.000000000000000000e+00 5.000000000000000000e-01 9.000000000000000222e-01 2.756338357706263666e-05 3.498079179236382566e-05 1.574823292330403268e-05 1.916895686041981704e-05
4.000000000000000000e+00 1.000000000000000000e+00 9.000000000000000222e-01 9.311936036714839489e-07 1.271653292480622388e-06 8.622746911989315915e-07 1.223803418314299990e-06
4.000000000000000000e+00 2.000000000000000000e+00 9.000000000000000222e-01 1.621650614262544608e-07 2.538806952119969685e-07 1.229313873262933752e-07 1.788853911150872853e-07
4.000000000000000000e+00 4.000000000000000000e+00 9.000000000000000222e-01 6.492338647229101536e-08 1.072888095779813728e-07 2.493535064804778233e-08 4.163042041009516818e-08
4.000000000000000000e+00 8.000000000000000000e+00 9.000000000000000222e-01 5.445294084893700984e-08 9.261268367097905340e-08 1.968715886909840395e-08 3.278600528386314548e-08
4.000000000000000000e+00 1.600000000000000000e+01 9.000000000000000222e-01 5.331256307775809307e-08 8.929629068710852188e-08 1.292552196539190723e-08 2.304538232074771470e-08
4.000000000000000000e+00 3.200000000000000000e+01 9.000000000000000222e-01 6.604219127428453613e-08 1.077742943585595060e-07 2.335748219491282616e-08 3.761214986567143486e-08
4.000000000000000000e+00 6.400000000000000000e+01 9.000000000000000222e-01 6.251066557770623410e-08 1.042695121153539991e-07 1.204188992356050519e-08 2.185074658735710703e-08
4.000000000000000000e+00 1.280000000000000000e+02 9.000000000000000222e-01 6.835936494682980705e-08 1.101318756088542635e-07 2.081642003799551321e-08 3.368105171643644992e-08
5.000000000000000000e+00 6.250000000000000000e-02 9.000000000000000222e-01 1.224064724406487455e-03 7.609055714613852453e-03 1.168059613737229026e-04 8.380115368180913321e-03
5.000000000000000000e+00 1.250000000000000000e-01 9.000000000000000222e-01 6.698567511260581937e-04 7.409588215928859800e-03 8.108982720526867484e-05 9.502244886229329474e-03
5.000000000000000000e+00 2.500000000000000000e-01 9.000000000000000222e-01 3.830529359842001300e-04 5.436706611821024533e-04 6.028549566638663417e-05 1.829007676325602734e-04
5.000000000000000000e+00 5.000000000000000000e-01 9.000000000000000222e-01 2.017307132356665602e-05 3.200983315541066086e-05 2.235954236571698821e-05 4.418163340451680725e-05
5.000000000000000000e+00 1.000000000000000000e+00 9.000000000000000222e-01 3.213241848089010642e-07 4.753042817186559911e-07 3.097044836261130798e-07 4.569498713553527486e-07
5.000000000000000000e+00 2.000000000000000000e+00 9.000000000000000222e-01 8.435558179917069533e-08 1.323949342597806250e-07 6.633976901407519242e-08 9.438909943576924277e-08
5.000000000000000000e+00 4.000000000000000000e+00 9.000000000000000222e-01 3.846397673189035739e-08 5.995254595011782122e-08 3.539014428098484414e-08 3.117618099536223207e-08
5.000000000000000000e+00 8.000000000000000000e+00 9.000000000000000222e-01 2.202168447190425192e-08 4.245789316066379104e-08 1.293129173334320096e-08 2.285603924850106246e-08
5.000000000000000000e+00 1.600000000000000000e+01 9.000000000000000222e-01 1.993213356364955028e-08 4.052370340205175949e-08 4.913487592033897306e-09 1.046668044162693728e-08
5.000000000000000000e+00 3.200000000000000000e+01 9.000000000000000222e-01 2.302515806184187890e-08 4.557910829694394531e-08 5.187246007411187789e-09 1.151598017259219162e-08
5.000000000000000000e+00 6.400000000000000000e+01 9.000000000000000222e-01 2.124698294232483789e-08 4.182566334275776689e-08 6.345006721735458075e-09 1.266708129841470635e-08
5.000000000000000000e+00 1.280000000000000000e+02 9.000000000000000222e-01 1.974151490222392958e-08 3.845050243876368681e-08 4.084327149890017672e-09 7.808096547273660356e-09
