1.000000000000000000e+00 1.000000000000000000e+00 5.000000000000000000e-01 3.020267586064048076e-03 2.891657717452056700e-03 2.150089171601946459e-04 1.810504834527489537e-04
1.000000000000000000e+00 5.000000000000000000e+00 5.000000000000000000e-01 1.970622593256399300e-03 1.975747260876834378e-03 7.961215840385239264e-04 7.976972064495800770e-04
1.000000000000000000e+00 1.000000000000000000e+01 5.000000000000000000e-01 1.491862781937209042e-03 1.541096788996748840e-03 9.045751259273608971e-04 9.501746269687100493e-04
1.000000000000000000e+00 1.500000000000000000e+01 5.000000000000000000e-01 1.202020164992986112e-03 1.281893024046674252e-03 8.425409510910560843e-04 9.208073176901948381e-04
1.000000000000000000e+00 2.000000000000000000e+01 5.000000000000000000e-01 1.143246278169850541e-03 1.227937221505578328e-03 8.027220246171590766e-04 8.811336411890238404e-04
1.000000000000000000e+00 2.500000000000000000e+01 5.000000000000000000e-01 1.126943309646248354e-03 1.206163273800390677e-03 7.869051007857615337e-04 8.614923954443537467e-04
2.000000000000000000e+00 1.000000000000000000e+00 5.000000000000000000e-01 2.804935310586946073e-03 2.721393765063140780e-03 2.519925455447213588e-04 2.084479031630949626e-04
2.000000000000000000e+00 5.000000000000000000e+00 5.000000000000000000e-01 8.196420010317046530e-04 8.509721453566423824e-04 2.819134510371918171e-04 2.869609120400399031e-04
2.000000000000000000e+00 1.000000000000000000e+01 5.000000000000000000e-01 3.920831613823744710e-04 4.322983354171958765e-04 1.624658096475419466e-04 1.806631326893263655e-04
2.000000000000000000e+00 1.500000000000000000e+01 5.000000000000000000e-01 2.846749965871421886e-04 3.221220362178797594e-04 1.162981089654592992e-04 1.306264613519506263e-04
2.000000000000000000e+00 2.000000000000000000e+01 5.000000000000000000e-01 1.312261935837875297e-04 1.540079301838318199e-04 7.343555012092406540e-05 8.604503640179044324e-05
2.000000000000000000e+00 2.500000000000000000e+01 5.000000000000000000e-01 1.262905292253445496e-04 1.417579614381670676e-04 7.397243225242642749e-05 8.083212497285860107e-05
3.000000000000000000e+00 1.000000000000000000e+00 5.000000000000000000e-01 2.253505748649935712e-03 2.232847609993471576e-03 2.592174619031716444e-04 2.319514537299419263e-04
3.000000000000000000e+00 5.000000000000000000e+00 5.000000000000000000e-01 7.244869689854050322e-04 7.786843586730294014e-04 2.188685279787946014e-04 2.403063995663482692e-04
3.000000000000000000e+00 1.000000000000000000e+01 5.000000000000000000e-01 2.071111893219455477e-04 2.434953275672030026e-04 1.455755740534943571e-04 1.719120897401886993e-04
3.000000000000000000e+00 1.500000000000000000e+01 5.000000000000000000e-01 4.441602183162701077e-05 5.772166599156633042e-05 2.020209401695309458e-05 2.431606360118193039e-05
3.000000000000000000e+00 2.000000000000000000e+01 5.000000000000000000e-01 5.853140057953045577e-05 7.327483921567945577e-05 3.439298503478957421e-05 4.166407991002404551e-05
3.000000000000000000e+00 2.500000000000000000e+01 5.000000000000000000e-01 3.281390626771230236e-05 4.348794458132237886e-05 2.011113380592233348e-05 2.343362085589334229e-05
4.000000000000000000e+00 1.000000000000000000e+00 5.000000000000000000e-01 1.821086043298811340e-03 1.844225939685430931e-03 3.139896941370199225e-04 3.317377399525721143e-04
4.000000000000000000e+00 5.000000000000000000e+00 5.000000000000000000e-01 3.879317429159302136e-04 4.179819368199861641e-04 1.857564815423711380e-04 2.025059555918383924e-04
4.000000000000000000e+00 1.000000000000000000e+01 5.000000000000000000e-01 9.244231876731512257e-05 1.201406067346090452e-04 6.026714383941041847e-05 8.934458734127381926e-05
4.000000000000000000e+00 1.500000000000000000e+01 5.000000000000000000e-01 2.633073422339937466e-05 3.920466434991889460e-05 1.410602334387209983e-05 2.226320245256801578e-05
4.000000000000000000e+00 2.000000000000000000e+01 5.000000000000000000e-01 2.409926201991178035e-05 3.528169387323908162e-05 1.098400973222604550e-05 1.558951889724057073e-05
4.000000000000000000e+00 2.500000000000000000e+01 5.000000000000000000e-01 2.801888825463401210e-05 3.945836331613969964e-05 1.936950263753664105e-05 2.591694355236127099e-05
5.000000000000000000e+00 1.000000000000000000e+00 5.000000000000000000e-01 1.693582927448841801e-03 1.731711788833761477e-03 2.791821948931799344e-04 2.877609797363218252e-04
5.000000000000000000e+00 5.000000000000000000e+00 5.000000000000000000e-01 2.185865683846124311e-04 2.469247265658228423e-04 4.869143964777824428e-05 4.620004475050042256e-05
5.000000000000000000e+00 1.000000000000000000e+01 5.000000000000000000e-01 3.990285885144589966e-05 5.378971058039396012e-05 2.290015053723226763e-05 2.915705086449913149e-05
5.000000000000000000e+00 1.500000000000000000e+01 5.000000000000000000e-01 1.770971137457901732e-05 2.798675461711414646e-05 1.210103121361204091e-05 1.747253606842137430e-05
5.000000000000000000e+00 2.000000000000000000e+01 5.000000000000000000e-01 1.108700108572311745e-05 1.791263046950596552e-05 1.076532655126692585e-05 1.619092834668899733e-05
5.000000000000000000e+00 2.500000000000000000e+01 5.000000000000000000e-01 1.162429242622552345e-05 1.907392510623083919e-05 6.731169116883685139e-06 1.048874840900651940e-05
