1.000000000000000000e+00 1.000000000000000000e+00 2.999999999999999889e-01 3.067464943130863118e-03 3.165733591662307691e-03 1.899515660332582129e-04 2.028366182505449643e-04
1.000000000000000000e+00 5.000000000000000000e+00 2.999999999999999889e-01 2.030906060798772991e-03 2.170801832189999617e-03 7.942171138552461427e-04 8.498928240696152674e-04
1.000000000000000000e+00 1.000000000000000000e+01 2.999999999999999889e-01 1.530096643535056511e-03 1.691789397661493111e-03 9.212868771722341555e-04 1.043442861754543703e-03
1.000000000000000000e+00 1.500000000000000000e+01 2.999999999999999889e-01 1.237611038356061606e-03 1.427354477089545857e-03 8.668602709939531937e-04 1.028570788530908022e-03
1.000000000000000000e+00 2.000000000000000000e+01 2.999999999999999889e-01 1.180265822217996599e-03 1.367903615181459333e-03 8.240501196575352903e-04 9.838930983946567958e-04
1.000000000000000000e+00 2.500000000000000000e+01 2.999999999999999889e-01 1.163503827116781943e-03 1.347221157760949495e-03 8.103410636661537419e-04 9.638348735848291512e-04
2.000000000000000000e+00 1.000000000000000000e+00 2.999999999999999889e-01 2.965644584234456739e-03 3.086839271395177241e-03 2.270378457364906886e-04 2.066492024470762399e-04
2.000000000000000000e+00 5.000000000000000000e+00 2.999999999999999889e-01 1.123539520984014614e-03 1.188076049110088758e-03 5.218724568578998659e-04 5.804503458349363591e-04
2.000000000000000000e+00 1.000000000000000000e+01 2.999999999999999889e-01 6.674347722737882741e-04 7.571146432002837535e-04 3.244254823518254584e-04 3.677753824153029102e-04
2.000000000000000000e+00 1.500000000000000000e+01 2.999999999999999889e-01 5.655797490484896573e-04 6.989139718202445114e-04 2.487329985321792402e-04 3.275200287283686778e-04
2.000000000000000000e+00 2.000000000000000000e+01 2.999999999999999889e-01 2.145265721510501017e-04 2.715450458996423663e-04 1.399917464818173948e-04 1.831563187448181842e-04
2.000000000000000000e+00 2.500000000000000000e+01 2.999999999999999889e-01 2.389873562775180339e-04 3.015135051148435047e-04 1.532852227920909489e-04 1.971207454895336129e-04
3.000000000000000000e+00 1.000000000000000000e+00 2.999999999999999889e-01 2.495695204935237648e-03 2.609928842880789544e-03 2.565359911175719206e-04 2.538260271423850383e-04
3.000000000000000000e+00 5.000000000000000000e+00 2.999999999999999889e-01 1.060841750875005270e-03 1.174965211278917575e-03 3.846512384429485055e-04 4.426780018298737151e-04
3.000000000000000000e+00 1.000000000000000000e+01 2.999999999999999889e-01 3.637006150921577130e-04 4.626455818464661083e-04 2.630980839459304689e-04 3.558201206827922287e-04
3.000000000000000000e+00 1.500000000000000000e+01 2.999999999999999889e-01 8.124707899199692029e-05 1.066348818505564273e-04 4.971440124982408278e-05 6.303703442844161046e-05
3.000000000000000000e+00 2.000000000000000000e+01 2.999999999999999889e-01 1.052415528921852455e-04 1.586304430680635926e-04 7.016777034384776035e-05 1.165227546525238005e-04
3.000000000000000000e+00 2.500000000000000000e+01 2.999999999999999889e-01 5.690440951550267433e-05 7.465358281660733103e-05 4.418559294143856804e-05 5.763291723277605996e-05
4.000000000000000000e+00 1.000000000000000000e+00 2.999999999999999889e-01 2.078734317351788128e-03 2.228953333006894293e-03 3.057998524459562073e-04 3.606706005326384295e-04
4.000000000000000000e+00 5.000000000000000000e+00 2.999999999999999889e-01 5.873631701183718978e-04 6.778088189780315633e-04 3.113231747102498622e-04 3.746173723032858514e-04
4.000000000000000000e+00 1.000000000000000000e+01 2.999999999999999889e-01 1.423529954372393055e-04 1.901764740804042094e-04 8.014038202032485380e-05 1.152142298549385749e-04
4.000000000000000000e+00 1.500000000000000000e+01 2.999999999999999889e-01 5.615653409644328974e-05 8.286843455578998634e-05 3.716286263951235422e-05 5.628461973289689588e-05
4.000000000000000000e+00 2.000000000000000000e+01 2.999999999999999889e-01 4.517625987742166806e-05 7.305517456212144213e-05 2.833534027254988190e-05 5.226264403644297291e-05
4.000000000000000000e+00 2.500000000000000000e+01 2.999999999999999889e-01 5.783583458519672580e-05 9.287149309056720993e-05 4.811728932549291240e-05 7.887688830254548881e-05
5.000000000000000000e+00 1.000000000000000000e+00 2.999999999999999889e-01 2.084162322591333934e-03 2.227157628635262343e-03 2.777904046298872490e-04 2.913664296675478943e-04
5.000000000000000000e+00 5.000000000000000000e+00 2.999999999999999889e-01 3.231911320644697281e-04 3.759634173894449926e-04 6.995328232420993514e-05 9.141605577566634623e-05
5.000000000000000000e+00 1.000000000000000000e+01 2.999999999999999889e-01 7.664832126100601319e-05 1.065470759830502095e-04 4.828081609639647348e-05 6.703585901306967181e-05
5.000000000000000000e+00 1.500000000000000000e+01 2.999999999999999889e-01 3.580073161642665774e-05 6.147608627457954074e-05 2.856970232108338751e-05 4.826881961209555867e-05
5.000000000000000000e+00 2.000000000000000000e+01 2.999999999999999889e-01 2.002125501892223607e-05 3.319311050365176684e-05 2.161863120368697315e-05 3.464803157076130229e-05
5.000000000000000000e+00 2.500000000000000000e+01 2.999999999999999889e-01 2.216909725145957841e-05 4.165838147219772935e-05 1.226422844818623554e-05 2.417724648784637831e-05
