1.000000000000000000e+00 1.000000000000000000e+00 9.000000000000000222e-01 3.043359957146509441e-03 3.373095814297206486e-03 1.594693277147286186e-04 2.370717533721383762e-04
1.000000000000000000e+00 5.000000000000000000e+00 9.000000000000000222e-01 2.020131775832452199e-03 2.291356732650462903e-03 8.085327088122640270e-04 9.288294386764719317e-04
1.000000000000000000e+00 1.000000000000000000e+01 9.000000000000000222e-01 1.522737996671959726e-03 1.814021982944827608e-03 9.355116372339972132e-04 1.103232257034724665e-03
1.000000000000000000e+00 1.500000000000000000e+01 9.000000000000000222e-01 1.232253448667310113e-03 1.505405542417434343e-03 8.812894566367713081e-04 1.068169085099719478e-03
1.000000000000000000e+00 2.000000000000000000e+01 9.000000000000000222e-01 1.162994462301577972e-03 1.443195871232297225e-03 8.283222426479480011e-04 1.024798396018946744e-03
1.000000000000000000e+00 2.500000000000000000e+01 9.000000000000000222e-01 1.139111236046372929e-03 1.424310852040237439e-03 8.079862933384348266e-04 1.008876028051052930e-03
2.000000000000000000e+00 1.000000000000000000e+00 9.000000000000000222e-01 2.274560471410086437e-03 2.542469549633673102e-03 3.810632484291811509e-04 4.529621570619372993e-04
2.000000000000000000e+00 5.000000000000000000e+00 9.000000000000000222e-01 6.229725260501097883e-04 6.910009435959782540e-04 8.284170385982200454e-05 8.656616870926840907e-05
2.000000000000000000e+00 1.000000000000000000e+01 9.000000000000000222e-01 1.465269494048404564e-04 1.781314234948770171e-04 3.101746105392199450e-05 4.025795932987217114e-05
2.000000000000000000e+00 1.500000000000000000e+01 9.000000000000000222e-01 4.475129093002122279e-05 5.801680614596862502e-05 1.828778165240784847e-05 2.185408222815016287e-05
2.000000000000000000e+00 2.000000000000000000e+01 9.000000000000000222e-01 4.838663354491959731e-05 6.272666312051158118e-05 2.275241987724713885e-05 2.975934350947346432e-05
2.000000000000000000e+00 2.500000000000000000e+01 9.000000000000000222e-01 3.633758506841557772e-05 4.740074335953608998e-05 1.773457370970665399e-05 2.287246317267777691e-05
3.000000000000000000e+00 1.000000000000000000e+00 9.000000000000000222e-01 1.478289985660528275e-03 1.625493023286887165e-03 2.282537760896864785e-04 2.926239196163532216e-04
3.000000000000000000e+00 5.000000000000000000e+00 9.000000000000000222e-01 3.965354875457512184e-04 4.558921154966731571e-04 7.188611408954892056e-05 1.030134352425494915e-04
3.000000000000000000e+00 1.000000000000000000e+01 9.000000000000000222e-01 4.651123768828855515e-05 6.153305186681189305e-05 2.137627208617033279e-05 2.927493553321329720e-05
3.000000000000000000e+00 1.500000000000000000e+01 9.000000000000000222e-01 1.372457181828554826e-05 1.983863054694747554e-05 6.245969828096150339e-06 8.733073676799266312e-06
3.000000000000000000e+00 2.000000000000000000e+01 9.000000000000000222e-01 4.162751811337269358e-05 7.488616223070768260e-05 9.103077005544451400e-05 1.748734824148493101e-04
3.000000000000000000e+00 2.500000000000000000e+01 9.000000000000000222e-01 1.022973629193796544e-05 1.579476852470829712e-05 2.910586689999699226e-06 4.630595981855972433e-06
4.000000000000000000e+00 1.000000000000000000e+00 9.000000000000000222e-01 1.123589147744182264e-03 1.216244831281655930e-03 1.126045140319860790e-04 1.326512578899948012e-04
4.000000000000000000e+00 5.000000000000000000e+00 9.000000000000000222e-01 1.918900196047306069e-04 2.263021374984413735e-04 9.134961943346342104e-05 9.775237070042198701e-05
4.000000000000000000e+00 1.000000000000000000e+01 9.000000000000000222e-01 4.679756551132259733e-05 8.673528253986685752e-05 9.365803000744976202e-05 1.911851382608839090e-04
4.000000000000000000e+00 1.500000000000000000e+01 9.000000000000000222e-01 4.854112954895997397e-06 7.809128178723090695e-06 1.365105873483410899e-06 2.104035821328592370e-06
4.000000000000000000e+00 2.000000000000000000e+01 9.000000000000000222e-01 5.557186703780992824e-06 8.951193733754105790e-06 2.139257872522319124e-06 3.137626056156483731e-06
4.000000000000000000e+00 2.500000000000000000e+01 9.000000000000000222e-01 5.612021898012045906e-06 9.337362904629923011e-06 1.906706639382224613e-06 3.148589197112839934e-06
5.000000000000000000e+00 1.000000000000000000e+00 9.000000000000000222e-01 1.002470904338980534e-03 1.071114108028769270e-03 1.302719746327370110e-04 1.496865635724858282e-04
5.000000000000000000e+00 5.000000000000000000e+00 9.000000000000000222e-01 9.043351196261534730e-05 1.223796881064576525e-04 2.755538919063291024e-05 4.360802684442812208e-05
5.000000000000000000e+00 1.000000000000000000e+01 9.000000000000000222e-01 8.203488321943800304e-06 1.239436130385264898e-05 4.754789791988177976e-06 7.109337304519252015e-06
5.000000000000000000e+00 1.500000000000000000e+01 9.000000000000000222e-01 3.640186698046865618e-06 6.455130760822975541e-06 1.297411940946976871e-06 2.604929798316364399e-06
5.000000000000000000e+00 2.000000000000000000e+01 9.000000000000000222e-01 2.734663645128655826e-06 4.986582844025553139e-06 1.755384020352754505e-06 2.780804254938087393e-06
5.000000000000000000e+00 2.500000000000000000e+01 9.000000000000000222e-01 2.389308186750355554e-06 4.387845597702401081e-06 7.843314407986143919e-07 1.516381390254824823e-06
