1.000000000000000000e+00 1.000000000000000000e+00 0.000000000000000000e+00 3.073523983584804629e-03 3.036253031042829374e-03 2.082258362157592948e-04 2.162235789513500294e-04
1.000000000000000000e+00 5.000000000000000000e+00 0.000000000000000000e+00 2.003825542522734947e-03 2.048695458203880770e-03 8.126734199043103004e-04 7.949924906500120550e-04
1.000000000000000000e+00 1.000000000000000000e+01 0.000000000000000000e+00 1.524252850726110897e-03 1.589585142312700166e-03 9.485972491806577951e-04 9.634157453986272801e-04
1.000000000000000000e+00 1.500000000000000000e+01 0.000000000000000000e+00 1.248132793023879307e-03 1.353939120622097998e-03 8.972324708779110761e-04 9.541810723098629763e-04
1.000000000000000000e+00 2.000000000000000000e+01 0.000000000000000000e+00 1.182154109013008403e-03 1.306770530512191969e-03 8.419141442532839361e-04 9.280667939625593952e-04
1.000000000000000000e+00 2.500000000000000000e+01 0.000000000000000000e+00 1.163542498022018205e-03 1.279795333602117956e-03 8.252563527334017468e-04 9.026980600975137263e-04
2.000000000000000000e+00 1.000000000000000000e+00 0.000000000000000000e+00 3.021741834272390851e-03 2.994402548938883239e-03 1.931935121977407146e-04 1.965415765399824771e-04
2.000000000000000000e+00 5.000000000000000000e+00 0.000000000000000000e+00 1.335690058195493834e-03 1.416923150232892586e-03 6.799062575850062544e-04 7.325334740629227620e-04
2.000000000000000000e+00 1.000000000000000000e+01 0.000000000000000000e+00 9.993003078142710920e-04 1.168434285644133442e-03 4.921671398944670560e-04 5.648177650568081713e-04
2.000000000000000000e+00 1.500000000000000000e+01 0.000000000000000000e+00 9.662925927318105710e-04 1.261030129987817392e-03 4.474349509372345271e-04 5.761537715629147256e-04
2.000000000000000000e+00 2.000000000000000000e+01 0.000000000000000000e+00 3.352712277987627588e-04 4.675269336561186815e-04 2.503186138691682505e-04 3.689903647421636937e-04
2.000000000000000000e+00 2.500000000000000000e+01 0.000000000000000000e+00 4.551993375451250873e-04 6.144185968552852862e-04 3.356620004234372448e-04 4.316835342792053301e-04
3.000000000000000000e+00 1.000000000000000000e+00 0.000000000000000000e+00 2.605370889221080531e-03 2.606444267569089143e-03 2.438419108323801527e-04 2.056574308396484218e-04
3.000000000000000000e+00 5.000000000000000000e+00 0.000000000000000000e+00 1.422626724562883185e-03 1.597035749137266664e-03 5.916061445299632474e-04 6.171058283637158998e-04
3.000000000000000000e+00 1.000000000000000000e+01 0.000000000000000000e+00 5.573987777951169061e-04 7.294948237869852605e-04 4.258146312435136228e-04 5.672078308900488407e-04
3.000000000000000000e+00 1.500000000000000000e+01 0.000000000000000000e+00 1.362876877016311469e-04 2.030027270758238966e-04 1.072403517720544751e-04 1.603866370031135251e-04
3.000000000000000000e+00 2.000000000000000000e+01 0.000000000000000000e+00 1.771636715758105715e-04 2.845522895628015613e-04 1.246341626747119033e-04 1.918902231661108156e-04
3.000000000000000000e+00 2.500000000000000000e+01 0.000000000000000000e+00 8.887643785024951378e-05 1.520665075573221438e-04 8.460304876899139815e-05 1.595987704024127887e-04
4.000000000000000000e+00 1.000000000000000000e+00 0.000000000000000000e+00 2.289291081258131022e-03 2.299928570199724371e-03 3.438647238521698674e-04 3.068045632479134643e-04
4.000000000000000000e+00 5.000000000000000000e+00 0.000000000000000000e+00 7.570072129404780466e-04 9.069429011822859044e-04 4.563359036010351290e-04 5.492612698588260388e-04
4.000000000000000000e+00 1.000000000000000000e+01 0.000000000000000000e+00 2.135546500313733416e-04 3.209258273785465425e-04 1.432350775637134747e-04 2.283923376222934357e-04
4.000000000000000000e+00 1.500000000000000000e+01 0.000000000000000000e+00 1.081092264547011057e-04 1.833706368870732187e-04 8.326815706694230042e-05 1.359516411123933303e-04
4.000000000000000000e+00 2.000000000000000000e+01 0.000000000000000000e+00 9.525198733890754502e-05 1.966875074057424454e-04 9.442424609501910791e-05 2.236609350132730885e-04
4.000000000000000000e+00 2.500000000000000000e+01 0.000000000000000000e+00 1.232337886413194489e-04 2.433672960622967516e-04 1.215517699436454091e-04 2.516692359983272093e-04
5.000000000000000000e+00 1.000000000000000000e+00 0.000000000000000000e+00 2.344154038826509918e-03 2.398759586702904449e-03 2.765919745600531766e-04 2.369190405864282742e-04
5.000000000000000000e+00 5.000000000000000000e+00 0.000000000000000000e+00 4.241446620231717935e-04 5.303380222410258513e-04 1.343795475496846112e-04 1.491123153633595226e-04
5.000000000000000000e+00 1.000000000000000000e+01 0.000000000000000000e+00 1.261470092534385207e-04 2.066636606542641475e-04 9.395478816977204442e-05 1.511488368348673625e-04
5.000000000000000000e+00 1.500000000000000000e+01 0.000000000000000000e+00 6.812856451817834666e-05 1.350855367904454387e-04 6.490223584692430257e-05 1.410494238402844542e-04
5.000000000000000000e+00 2.000000000000000000e+01 0.000000000000000000e+00 3.274704464109455564e-05 7.024992537600500118e-05 4.040856515199341039e-05 9.314295639642360179e-05
5.000000000000000000e+00 2.500000000000000000e+01 0.000000000000000000e+00 4.406705465818081690e-05 1.004026686966825722e-04 2.437915837295648449e-05 6.019341615707964017e-05
