0.000000000000000000e+00	9.635922492015076141e-04	0.000000000000000000e+00	4.470757405957457111e-04	4.771634731899972344e-04
0.000000000000000000e+00	4.444170036704078036e-03	0.000000000000000000e+00	2.209556993338648422e-03	2.115517617656148368e-03
0.000000000000000000e+00	1.208646576555311332e-02	0.000000000000000000e+00	5.058751171802333864e-03	5.969516829712480377e-03
0.000000000000000000e+00	2.036935237139664984e-02	0.000000000000000000e+00	1.027249217043618539e-02	1.057453061261162848e-02
0.000000000000000000e+00	5.479986721591324772e-02	0.000000000000000000e+00	2.816103802946118284e-02	2.962197345338067611e-02
0.000000000000000000e+00	8.317570879028085562e-02	0.000000000000000000e+00	4.658016119899122814e-02	4.784120104633766968e-02
0.000000000000000000e+00	1.504193859869475680e-01	0.000000000000000000e+00	9.491895907264627508e-02	9.708917991767823663e-02
0.000000000000000000e+00	2.284794033415726289e-01	0.000000000000000000e+00	1.621248141917502328e-01	1.622336876615047829e-01
0.000000000000000000e+00	2.716676352585050136e-01	0.000000000000000000e+00	2.042439393272898196e-01	2.151676398344352925e-01
0.000000000000000000e+00	3.028557015945734787e-01	0.000000000000000000e+00	2.337988589626845415e-01	2.526630710434668581e-01
0.000000000000000000e+00	3.284122406613193546e-01	0.000000000000000000e+00	2.752332390728538525e-01	2.923957221171603615e-01
0.000000000000000000e+00	3.277374285037620849e-01	0.000000000000000000e+00	2.919249325119236960e-01	3.117592827697360236e-01
0.000000000000000000e+00	3.486293677550275083e-01	0.000000000000000000e+00	3.178350286434625804e-01	3.414726059704726868e-01
0.000000000000000000e+00	3.492573433760865487e-01	0.000000000000000000e+00	3.323702314755012099e-01	3.538484851980486234e-01
0.000000000000000000e+00	3.516595140193126690e-01	0.000000000000000000e+00	3.357410206167132927e-01	3.600201121086089029e-01
0.000000000000000000e+00	3.431094862332685347e-01	0.000000000000000000e+00	3.361117887069127730e-01	3.581744786177395445e-01
0.000000000000000000e+00	3.308839910658731842e-01	0.000000000000000000e+00	3.312289701765513406e-01	3.567887331281997532e-01
0.000000000000000000e+00	3.164525578754285862e-01	0.000000000000000000e+00	3.274640691468855280e-01	3.497481151283697298e-01
0.000000000000000000e+00	2.965588196891040806e-01	0.000000000000000000e+00	3.188428324359161570e-01	3.387460415321587592e-01
0.000000000000000000e+00	2.720045385292277351e-01	0.000000000000000000e+00	3.056066716887849699e-01	3.218189516837426933e-01
0.000000000000000000e+00	2.458401384732047668e-01	0.000000000000000000e+00	2.855821714758239871e-01	3.012686146822199373e-01
0.000000000000000000e+00	2.409335328068482052e-01	0.000000000000000000e+00	2.851868661656780657e-01	2.988725276327411362e-01
0.000000000000000000e+00	2.383458538279107086e-01	0.000000000000000000e+00	2.830196548165971326e-01	3.034951398438212600e-01
0.000000000000000000e+00	2.119592984177108841e-01	0.000000000000000000e+00	2.641384521557537113e-01	2.842019653216880659e-01
0.000000000000000000e+00	2.029100357300945290e-01	0.000000000000000000e+00	2.502989310527091726e-01	2.676466737732334789e-01
0.000000000000000000e+00	1.816445640692904429e-01	0.000000000000000000e+00	2.195484820219323063e-01	2.418121900375297395e-01
0.000000000000000000e+00	1.691811412747549204e-01	0.000000000000000000e+00	2.117853926990975466e-01	2.330889825625243328e-01
0.000000000000000000e+00	1.620545080499116997e-01	0.000000000000000000e+00	2.140674111186221251e-01	2.282572455842469261e-01
0.000000000000000000e+00	1.444973333509118885e-01	0.000000000000000000e+00	1.954330334854881002e-01	2.131415521084564779e-01
0.000000000000000000e+00	1.361183025797411406e-01	0.000000000000000000e+00	1.879726102272237798e-01	2.046075486183864811e-01
0.000000000000000000e+00	1.602209804777584845e-01	0.000000000000000000e+00	1.969456583990197573e-01	2.145326489232610989e-01
0.000000000000000000e+00	1.489738154522055047e-01	0.000000000000000000e+00	1.901562804430654563e-01	2.077739211980400014e-01
0.000000000000000000e+00	1.411424880118107017e-01	0.000000000000000000e+00	1.767307730915760600e-01	1.972129263262839272e-01
0.000000000000000000e+00	1.334266412033860150e-01	0.000000000000000000e+00	1.689061033412912471e-01	1.877056484313709417e-01
0.000000000000000000e+00	1.289433235687819923e-01	0.000000000000000000e+00	1.612200498123275705e-01	1.810676125957804417e-01
0.000000000000000000e+00	9.740916631554492888e-02	0.000000000000000000e+00	1.389315844719324344e-01	1.614937076800511129e-01
0.000000000000000000e+00	7.592394005644380328e-02	0.000000000000000000e+00	1.229475280385489699e-01	1.455496932347919714e-01
0.000000000000000000e+00	9.390177158958423753e-02	0.000000000000000000e+00	1.344309962704330341e-01	1.557796149648425776e-01
0.000000000000000000e+00	7.727331418242144867e-02	0.000000000000000000e+00	1.222886927452777883e-01	1.456049130674424430e-01
0.000000000000000000e+00	7.453125157092629904e-02	0.000000000000000000e+00	1.196361506576529010e-01	1.366906660298235210e-01
0.000000000000000000e+00	6.752197793825913397e-02	0.000000000000000000e+00	1.103273194330999935e-01	1.327437811302470405e-01
0.000000000000000000e+00	9.566831544956187761e-02	0.000000000000000000e+00	1.423606004248047785e-01	1.553629247253068835e-01
0.000000000000000000e+00	8.344880818336550266e-02	0.000000000000000000e+00	1.316314055407395434e-01	1.425354326937922356e-01
0.000000000000000000e+00	7.357516095673977130e-02	0.000000000000000000e+00	1.161966965500790955e-01	1.371693981224193504e-01
0.000000000000000000e+00	5.604079271593320755e-02	0.000000000000000000e+00	1.009560908084790459e-01	1.223127107689967880e-01
0.000000000000000000e+00	6.576472129958081669e-02	0.000000000000000000e+00	1.017938464005453680e-01	1.287648641434666619e-01
0.000000000000000000e+00	6.305693526595822218e-02	0.000000000000000000e+00	9.972561030440876828e-02	1.270729970652803853e-01
0.000000000000000000e+00	6.000939310848968367e-02	0.000000000000000000e+00	1.005380906258945967e-01	1.249044438852406763e-01
0.000000000000000000e+00	4.193438704729873096e-02	0.000000000000000000e+00	8.305115280428759794e-02	1.051303037464874357e-01
0.000000000000000000e+00	5.076946775472614831e-02	0.000000000000000000e+00	1.023401426126799851e-01	1.163651723747166078e-01
0.000000000000000000e+00	4.201374277992348666e-02	0.000000000000000000e+00	8.406824904984422364e-02	1.083602045979336209e-01
