5.000000000000000000e-01 1.000000000000000000e+00 1.000000000000000000e+00 1.701740201124227081e+00
5.000000000000000000e-01 5.000000000000000000e+00 1.000000000000000000e+00 1.447662269231845711e+00
5.000000000000000000e-01 1.000000000000000000e+01 1.000000000000000000e+00 1.428155385892983631e+00
5.000000000000000000e-01 1.500000000000000000e+01 1.000000000000000000e+00 1.422167973685888764e+00
5.000000000000000000e-01 2.000000000000000000e+01 1.000000000000000000e+00 1.419261209744337338e+00
5.000000000000000000e-01 2.500000000000000000e+01 1.000000000000000000e+00 1.417543821386310743e+00
5.000000000000000000e-01 3.000000000000000000e+01 1.000000000000000000e+00 1.416409748750738773e+00
5.000000000000000000e-01 3.500000000000000000e+01 1.000000000000000000e+00 1.415604932079463696e+00
5.000000000000000000e-01 4.000000000000000000e+01 1.000000000000000000e+00 1.415004152060536535e+00
5.000000000000000000e-01 4.500000000000000000e+01 1.000000000000000000e+00 1.414538543916515456e+00
5.000000000000000000e-01 5.000000000000000000e+01 1.000000000000000000e+00 1.414167100046563874e+00
1.000000000000000000e+00 1.000000000000000000e+00 1.000000000000000000e+00 1.588527130740267301e+00
1.000000000000000000e+00 5.000000000000000000e+00 1.000000000000000000e+00 1.958156089797871591e+00
1.000000000000000000e+00 1.000000000000000000e+01 1.000000000000000000e+00 1.922500801580834251e+00
1.000000000000000000e+00 1.500000000000000000e+01 1.000000000000000000e+00 1.910017474495467882e+00
1.000000000000000000e+00 2.000000000000000000e+01 1.000000000000000000e+00 1.903712540242522122e+00
1.000000000000000000e+00 2.500000000000000000e+01 1.000000000000000000e+00 1.899914319664017359e+00
1.000000000000000000e+00 3.000000000000000000e+01 1.000000000000000000e+00 1.897376891256369102e+00
1.000000000000000000e+00 3.500000000000000000e+01 1.000000000000000000e+00 1.895562182693188991e+00
1.000000000000000000e+00 4.000000000000000000e+01 1.000000000000000000e+00 1.894200037898569278e+00
1.000000000000000000e+00 4.500000000000000000e+01 1.000000000000000000e+00 1.893139985060009689e+00
1.000000000000000000e+00 5.000000000000000000e+01 1.000000000000000000e+00 1.892291585855660596e+00
2.000000000000000000e+00 1.000000000000000000e+00 1.000000000000000000e+00 1.641177275113309353e+00
2.000000000000000000e+00 5.000000000000000000e+00 1.000000000000000000e+00 1.992597889696372082e+00
2.000000000000000000e+00 1.000000000000000000e+01 1.000000000000000000e+00 2.086330267987638099e+00
2.000000000000000000e+00 1.500000000000000000e+01 1.000000000000000000e+00 2.108007437020756658e+00
2.000000000000000000e+00 2.000000000000000000e+01 1.000000000000000000e+00 2.117115600201453507e+00
2.000000000000000000e+00 2.500000000000000000e+01 1.000000000000000000e+00 2.122049054650920308e+00
2.000000000000000000e+00 3.000000000000000000e+01 1.000000000000000000e+00 2.125122463950472884e+00
2.000000000000000000e+00 3.500000000000000000e+01 1.000000000000000000e+00 2.127214131941132180e+00
2.000000000000000000e+00 4.000000000000000000e+01 1.000000000000000000e+00 2.128726985848372610e+00
2.000000000000000000e+00 4.500000000000000000e+01 1.000000000000000000e+00 2.129870871622020267e+00
2.000000000000000000e+00 5.000000000000000000e+01 1.000000000000000000e+00 2.130765500220800135e+00
4.000000000000000000e+00 1.000000000000000000e+00 1.000000000000000000e+00 1.584950684598591231e+00
4.000000000000000000e+00 5.000000000000000000e+00 1.000000000000000000e+00 1.810544716786956609e+00
4.000000000000000000e+00 1.000000000000000000e+01 1.000000000000000000e+00 1.909788220784981672e+00
4.000000000000000000e+00 1.500000000000000000e+01 1.000000000000000000e+00 1.953331476191034977e+00
4.000000000000000000e+00 2.000000000000000000e+01 1.000000000000000000e+00 1.973672346093203744e+00
4.000000000000000000e+00 2.500000000000000000e+01 1.000000000000000000e+00 1.985406342486745412e+00
4.000000000000000000e+00 3.000000000000000000e+01 1.000000000000000000e+00 1.993032511903957582e+00
4.000000000000000000e+00 3.500000000000000000e+01 1.000000000000000000e+00 1.998383580585437969e+00
4.000000000000000000e+00 4.000000000000000000e+01 1.000000000000000000e+00 2.002344324098675354e+00
4.000000000000000000e+00 4.500000000000000000e+01 1.000000000000000000e+00 2.005393788060632509e+00
4.000000000000000000e+00 5.000000000000000000e+01 1.000000000000000000e+00 2.007813775888014796e+00
8.000000000000000000e+00 1.000000000000000000e+00 1.000000000000000000e+00 1.511674752998930504e+00
8.000000000000000000e+00 5.000000000000000000e+00 1.000000000000000000e+00 1.757287089285352932e+00
8.000000000000000000e+00 1.000000000000000000e+01 1.000000000000000000e+00 1.801800744192837644e+00
8.000000000000000000e+00 1.500000000000000000e+01 1.000000000000000000e+00 1.838998650437909443e+00
8.000000000000000000e+00 2.000000000000000000e+01 1.000000000000000000e+00 1.865187142521568031e+00
8.000000000000000000e+00 2.500000000000000000e+01 1.000000000000000000e+00 1.881237890025715842e+00
8.000000000000000000e+00 3.000000000000000000e+01 1.000000000000000000e+00 1.891832377324601522e+00
8.000000000000000000e+00 3.500000000000000000e+01 1.000000000000000000e+00 1.899287750388781504e+00
8.000000000000000000e+00 4.000000000000000000e+01 1.000000000000000000e+00 1.904809800924706975e+00
8.000000000000000000e+00 4.500000000000000000e+01 1.000000000000000000e+00 1.909063552418813758e+00
8.000000000000000000e+00 5.000000000000000000e+01 1.000000000000000000e+00 1.912440603183933163e+00
1.600000000000000000e+01 1.000000000000000000e+00 1.000000000000000000e+00 1.694944436296725865e+00
1.600000000000000000e+01 5.000000000000000000e+00 1.000000000000000000e+00 1.732963141828773868e+00
1.600000000000000000e+01 1.000000000000000000e+01 1.000000000000000000e+00 1.799882915214830792e+00
1.600000000000000000e+01 1.500000000000000000e+01 1.000000000000000000e+00 1.863472021537622370e+00
1.600000000000000000e+01 2.000000000000000000e+01 1.000000000000000000e+00 1.872692797854789593e+00
1.600000000000000000e+01 2.500000000000000000e+01 1.000000000000000000e+00 1.877339480405434413e+00
1.600000000000000000e+01 3.000000000000000000e+01 1.000000000000000000e+00 1.887500802423944135e+00
1.600000000000000000e+01 3.500000000000000000e+01 1.000000000000000000e+00 1.895067199415842341e+00
1.600000000000000000e+01 4.000000000000000000e+01 1.000000000000000000e+00 1.901242935245465615e+00
1.600000000000000000e+01 4.500000000000000000e+01 1.000000000000000000e+00 1.906366812167729963e+00
1.600000000000000000e+01 5.000000000000000000e+01 1.000000000000000000e+00 1.910509441365026984e+00
3.200000000000000000e+01 1.000000000000000000e+00 1.000000000000000000e+00 1.537342807360336572e+00
3.200000000000000000e+01 5.000000000000000000e+00 1.000000000000000000e+00 1.725862805888637608e+00
3.200000000000000000e+01 1.000000000000000000e+01 1.000000000000000000e+00 1.819497549128233249e+00
3.200000000000000000e+01 1.500000000000000000e+01 1.000000000000000000e+00 1.764463673355733508e+00
3.200000000000000000e+01 2.000000000000000000e+01 1.000000000000000000e+00 1.794542283457774445e+00
3.200000000000000000e+01 2.500000000000000000e+01 1.000000000000000000e+00 1.793011262428640062e+00
3.200000000000000000e+01 3.000000000000000000e+01 1.000000000000000000e+00 1.806681994856796480e+00
3.200000000000000000e+01 3.500000000000000000e+01 1.000000000000000000e+00 1.825309668133150653e+00
3.200000000000000000e+01 4.000000000000000000e+01 1.000000000000000000e+00 1.819194441978497778e+00
3.200000000000000000e+01 4.500000000000000000e+01 1.000000000000000000e+00 1.817004888516998706e+00
3.200000000000000000e+01 5.000000000000000000e+01 1.000000000000000000e+00 1.819255513507247457e+00
6.400000000000000000e+01 1.000000000000000000e+00 1.000000000000000000e+00 1.617499382863576418e+00
6.400000000000000000e+01 5.000000000000000000e+00 1.000000000000000000e+00 1.660462819363322406e+00
6.400000000000000000e+01 1.000000000000000000e+01 1.000000000000000000e+00 1.749482772632425354e+00
6.400000000000000000e+01 1.500000000000000000e+01 1.000000000000000000e+00 1.733362001510532435e+00
6.400000000000000000e+01 2.000000000000000000e+01 1.000000000000000000e+00 1.809513652327944033e+00
6.400000000000000000e+01 2.500000000000000000e+01 1.000000000000000000e+00 1.771168655551273563e+00
6.400000000000000000e+01 3.000000000000000000e+01 1.000000000000000000e+00 1.759288923163094154e+00
6.400000000000000000e+01 3.500000000000000000e+01 1.000000000000000000e+00 1.746866663667848485e+00
6.400000000000000000e+01 4.000000000000000000e+01 1.000000000000000000e+00 1.795470119514968044e+00
6.400000000000000000e+01 4.500000000000000000e+01 1.000000000000000000e+00 1.807578957076102499e+00
6.400000000000000000e+01 5.000000000000000000e+01 1.000000000000000000e+00 1.794418087830181197e+00
1.280000000000000000e+02 1.000000000000000000e+00 1.000000000000000000e+00 1.746971816882768369e+00
1.280000000000000000e+02 5.000000000000000000e+00 1.000000000000000000e+00 1.718436060746219685e+00
1.280000000000000000e+02 1.000000000000000000e+01 1.000000000000000000e+00 1.738051119744171036e+00
1.280000000000000000e+02 1.500000000000000000e+01 1.000000000000000000e+00 1.772778935882644902e+00
1.280000000000000000e+02 2.000000000000000000e+01 1.000000000000000000e+00 1.745545089387739113e+00
1.280000000000000000e+02 2.500000000000000000e+01 1.000000000000000000e+00 1.741299403648181254e+00
1.280000000000000000e+02 3.000000000000000000e+01 1.000000000000000000e+00 1.756320155418193307e+00
1.280000000000000000e+02 3.500000000000000000e+01 1.000000000000000000e+00 1.748980889837538966e+00
1.280000000000000000e+02 4.000000000000000000e+01 1.000000000000000000e+00 1.786775611794275465e+00
1.280000000000000000e+02 4.500000000000000000e+01 1.000000000000000000e+00 1.792517682965969028e+00
1.280000000000000000e+02 5.000000000000000000e+01 1.000000000000000000e+00 1.747299244246298233e+00
2.560000000000000000e+02 1.000000000000000000e+00 1.000000000000000000e+00 1.508068438717683479e+00
2.560000000000000000e+02 5.000000000000000000e+00 1.000000000000000000e+00 1.620076572611741428e+00
2.560000000000000000e+02 1.000000000000000000e+01 1.000000000000000000e+00 1.646624681060300022e+00
2.560000000000000000e+02 1.500000000000000000e+01 1.000000000000000000e+00 1.710808990956933728e+00
2.560000000000000000e+02 2.000000000000000000e+01 1.000000000000000000e+00 1.686422571625435296e+00
2.560000000000000000e+02 2.500000000000000000e+01 1.000000000000000000e+00 1.709200638792906179e+00
2.560000000000000000e+02 3.000000000000000000e+01 1.000000000000000000e+00 1.723410478514973310e+00
2.560000000000000000e+02 3.500000000000000000e+01 1.000000000000000000e+00 1.745842189666369393e+00
2.560000000000000000e+02 4.000000000000000000e+01 1.000000000000000000e+00 1.709308722593399610e+00
2.560000000000000000e+02 4.500000000000000000e+01 1.000000000000000000e+00 1.738517763776826097e+00
2.560000000000000000e+02 5.000000000000000000e+01 1.000000000000000000e+00 1.709240368097064700e+00
5.120000000000000000e+02 1.000000000000000000e+00 1.000000000000000000e+00 1.509245528615325460e+00
5.120000000000000000e+02 5.000000000000000000e+00 1.000000000000000000e+00 1.708439647193867428e+00
5.120000000000000000e+02 1.000000000000000000e+01 1.000000000000000000e+00 1.701332424870722893e+00
5.120000000000000000e+02 1.500000000000000000e+01 1.000000000000000000e+00 1.778033845998911788e+00
5.120000000000000000e+02 2.000000000000000000e+01 1.000000000000000000e+00 1.679141905130398627e+00
5.120000000000000000e+02 2.500000000000000000e+01 1.000000000000000000e+00 1.752534147315454760e+00
5.120000000000000000e+02 3.000000000000000000e+01 1.000000000000000000e+00 1.762173625038333968e+00
5.120000000000000000e+02 3.500000000000000000e+01 1.000000000000000000e+00 1.774508379323818996e+00
5.120000000000000000e+02 4.000000000000000000e+01 1.000000000000000000e+00 1.710977019681626743e+00
5.120000000000000000e+02 4.500000000000000000e+01 1.000000000000000000e+00 1.783337892939513170e+00
5.120000000000000000e+02 5.000000000000000000e+01 1.000000000000000000e+00 1.721620893324697033e+00
