5.000000000000000000e+00 1.500000000000000000e+01 1.250000000000000000e-01 9.000000000000000222e-01 5.353092952818266914e-01 3.070582834568879038e-01
5.000000000000000000e+00 1.500000000000000000e+01 2.500000000000000000e-01 9.000000000000000222e-01 6.575411577589734824e-02 4.575784958659714213e-02
5.000000000000000000e+00 1.500000000000000000e+01 5.000000000000000000e-01 9.000000000000000222e-01 1.920974876999580585e-03 1.700721054857759918e-03
5.000000000000000000e+00 1.500000000000000000e+01 1.000000000000000000e+00 9.000000000000000222e-01 6.530889315164923993e-06 9.063288475355190478e-06
5.000000000000000000e+00 1.500000000000000000e+01 2.000000000000000000e+00 9.000000000000000222e-01 1.355645283522808090e-04 2.711242430243343006e-04
5.000000000000000000e+00 1.500000000000000000e+01 4.000000000000000000e+00 9.000000000000000222e-01 4.886439759023421904e-05 9.772879320808677524e-05
5.000000000000000000e+00 1.500000000000000000e+01 8.000000000000000000e+00 9.000000000000000222e-01 1.925034325369029483e-06 3.850068617275588704e-06
5.000000000000000000e+00 1.500000000000000000e+01 1.250000000000000000e-01 9.899999999999999911e-01 5.422113499578082862e-01 3.009128188473084720e-01
5.000000000000000000e+00 1.500000000000000000e+01 2.500000000000000000e-01 9.899999999999999911e-01 6.146399194548647638e-02 3.942014578235290834e-02
5.000000000000000000e+00 1.500000000000000000e+01 5.000000000000000000e-01 9.899999999999999911e-01 2.299207013547836190e-03 2.378276992199630964e-03
5.000000000000000000e+00 1.500000000000000000e+01 1.000000000000000000e+00 9.899999999999999911e-01 6.244350945183355655e-06 8.616376938092723198e-06
5.000000000000000000e+00 1.500000000000000000e+01 2.000000000000000000e+00 9.899999999999999911e-01 1.457969807430742478e-04 2.915888439763449341e-04
5.000000000000000000e+00 1.500000000000000000e+01 4.000000000000000000e+00 9.899999999999999911e-01 4.802411787590414626e-05 9.604823432335691407e-05
5.000000000000000000e+00 1.500000000000000000e+01 8.000000000000000000e+00 9.899999999999999911e-01 1.776808069496515067e-06 3.553616102571071223e-06
5.000000000000000000e+00 1.500000000000000000e+01 1.250000000000000000e-01 9.989999999999999991e-01 5.336903337763658772e-01 3.002076870622840121e-01
5.000000000000000000e+00 1.500000000000000000e+01 2.500000000000000000e-01 9.989999999999999991e-01 6.140244213915633381e-02 3.952468883944426636e-02
5.000000000000000000e+00 1.500000000000000000e+01 5.000000000000000000e-01 9.989999999999999991e-01 2.502103538996847034e-03 2.440571474843396260e-03
5.000000000000000000e+00 1.500000000000000000e+01 1.000000000000000000e+00 9.989999999999999991e-01 7.200814948202925549e-06 1.022448264972095988e-05
5.000000000000000000e+00 1.500000000000000000e+01 2.000000000000000000e+00 9.989999999999999991e-01 1.386110007479633688e-04 2.772172287576445127e-04
5.000000000000000000e+00 1.500000000000000000e+01 4.000000000000000000e+00 9.989999999999999991e-01 4.771183926567287950e-05 9.542367772729894778e-05
5.000000000000000000e+00 1.500000000000000000e+01 8.000000000000000000e+00 9.989999999999999991e-01 1.917236155635129030e-06 3.834472285319076922e-06
