5.000000000000000000e+00 3.000000000000000000e+01 1.250000000000000000e-01 0.000000000000000000e+00 7.319923302676885069e-01 5.200522822275880364e-01
5.000000000000000000e+00 3.000000000000000000e+01 2.500000000000000000e-01 0.000000000000000000e+00 1.172532466749666574e-01 2.068457958356670623e-01
5.000000000000000000e+00 3.000000000000000000e+01 5.000000000000000000e-01 0.000000000000000000e+00 5.036093642035141364e-03 8.768194700525241969e-03
5.000000000000000000e+00 3.000000000000000000e+01 1.000000000000000000e+00 0.000000000000000000e+00 5.312374819763888631e-04 1.580705298693784724e-03
5.000000000000000000e+00 3.000000000000000000e+01 2.000000000000000000e+00 0.000000000000000000e+00 4.936325121046356403e-04 1.480897518184748915e-03
5.000000000000000000e+00 3.000000000000000000e+01 4.000000000000000000e+00 0.000000000000000000e+00 1.400340677132318450e-03 4.201022031315973689e-03
5.000000000000000000e+00 3.000000000000000000e+01 8.000000000000000000e+00 0.000000000000000000e+00 4.149914696770367088e-04 1.244974028523423244e-03
5.000000000000000000e+00 3.000000000000000000e+01 1.250000000000000000e-01 5.000000000000000000e-01 7.305836698528643813e-01 5.277544774182072462e-01
5.000000000000000000e+00 3.000000000000000000e+01 2.500000000000000000e-01 5.000000000000000000e-01 1.156165237995302048e-01 2.069896414743642166e-01
5.000000000000000000e+00 3.000000000000000000e+01 5.000000000000000000e-01 5.000000000000000000e-01 4.933461446008299833e-03 8.726741572379872330e-03
5.000000000000000000e+00 3.000000000000000000e+01 1.000000000000000000e+00 5.000000000000000000e-01 5.145149562724113954e-04 1.530360525761009305e-03
5.000000000000000000e+00 3.000000000000000000e+01 2.000000000000000000e+00 5.000000000000000000e-01 4.216702913872246990e-04 1.265010856035994049e-03
5.000000000000000000e+00 3.000000000000000000e+01 4.000000000000000000e+00 5.000000000000000000e-01 1.185141179134114892e-03 3.555423537361761688e-03
5.000000000000000000e+00 3.000000000000000000e+01 8.000000000000000000e+00 5.000000000000000000e-01 3.548071055020712784e-04 1.064420880937706412e-03
5.000000000000000000e+00 3.000000000000000000e+01 1.250000000000000000e-01 9.000000000000000222e-01 7.355535425890675771e-01 5.188252142752959317e-01
5.000000000000000000e+00 3.000000000000000000e+01 2.500000000000000000e-01 9.000000000000000222e-01 1.157747638529593032e-01 2.026714632619564249e-01
5.000000000000000000e+00 3.000000000000000000e+01 5.000000000000000000e-01 9.000000000000000222e-01 4.831127995898828846e-03 8.500494698993188783e-03
5.000000000000000000e+00 3.000000000000000000e+01 1.000000000000000000e+00 9.000000000000000222e-01 4.929377657836142958e-04 1.465455093152991670e-03
5.000000000000000000e+00 3.000000000000000000e+01 2.000000000000000000e+00 9.000000000000000222e-01 4.295853952964095524e-04 1.288756167522855023e-03
5.000000000000000000e+00 3.000000000000000000e+01 4.000000000000000000e+00 9.000000000000000222e-01 1.179618984218907011e-03 3.538856952646315078e-03
5.000000000000000000e+00 3.000000000000000000e+01 8.000000000000000000e+00 9.000000000000000222e-01 3.896571364353590091e-04 1.168970987661756495e-03
