5.000000000000000000e+00 1.500000000000000000e+01 1.250000000000000000e-01 0.000000000000000000e+00 5.195595092651977831e-01 2.877509585308072881e-01
5.000000000000000000e+00 1.500000000000000000e+01 2.500000000000000000e-01 0.000000000000000000e+00 6.213336124153825274e-02 4.133909231088755271e-02
5.000000000000000000e+00 1.500000000000000000e+01 5.000000000000000000e-01 0.000000000000000000e+00 2.101692375970121412e-03 2.145002772676804503e-03
5.000000000000000000e+00 1.500000000000000000e+01 1.000000000000000000e+00 0.000000000000000000e+00 5.426607150682803162e-06 8.689049182837984146e-06
5.000000000000000000e+00 1.500000000000000000e+01 2.000000000000000000e+00 0.000000000000000000e+00 1.268369128878520254e-04 2.536671959276241232e-04
5.000000000000000000e+00 1.500000000000000000e+01 4.000000000000000000e+00 0.000000000000000000e+00 4.828654861908369993e-05 9.657309453974217636e-05
5.000000000000000000e+00 1.500000000000000000e+01 8.000000000000000000e+00 0.000000000000000000e+00 1.755076619397732295e-06 3.510153175226880261e-06
5.000000000000000000e+00 1.500000000000000000e+01 1.250000000000000000e-01 1.000000000000000056e-01 5.414621456598860405e-01 3.066067345930135746e-01
5.000000000000000000e+00 1.500000000000000000e+01 2.500000000000000000e-01 1.000000000000000056e-01 6.610869886926806771e-02 4.585848095031131583e-02
5.000000000000000000e+00 1.500000000000000000e+01 5.000000000000000000e-01 1.000000000000000056e-01 2.095986439610084216e-03 2.167412477610041431e-03
5.000000000000000000e+00 1.500000000000000000e+01 1.000000000000000000e+00 1.000000000000000056e-01 7.114164667300198906e-06 1.098622744547075326e-05
5.000000000000000000e+00 1.500000000000000000e+01 2.000000000000000000e+00 1.000000000000000056e-01 1.342158438730605969e-04 2.684257696103466216e-04
5.000000000000000000e+00 1.500000000000000000e+01 4.000000000000000000e+00 1.000000000000000056e-01 4.869990821672200534e-05 9.739981399026034802e-05
5.000000000000000000e+00 1.500000000000000000e+01 8.000000000000000000e+00 1.000000000000000056e-01 1.743750806482188533e-06 3.487501574733500522e-06
5.000000000000000000e+00 1.500000000000000000e+01 1.250000000000000000e-01 5.000000000000000000e-01 5.292673319179407310e-01 2.935963146866747420e-01
5.000000000000000000e+00 1.500000000000000000e+01 2.500000000000000000e-01 5.000000000000000000e-01 6.116581718218894181e-02 4.261381831056916536e-02
5.000000000000000000e+00 1.500000000000000000e+01 5.000000000000000000e-01 5.000000000000000000e-01 2.080712297731796868e-03 1.997817862898425712e-03
5.000000000000000000e+00 1.500000000000000000e+01 1.000000000000000000e+00 5.000000000000000000e-01 6.750034210489233490e-06 9.627992455873094697e-06
5.000000000000000000e+00 1.500000000000000000e+01 2.000000000000000000e+00 5.000000000000000000e-01 1.274637796085182273e-04 2.549220459271040622e-04
5.000000000000000000e+00 1.500000000000000000e+01 4.000000000000000000e+00 5.000000000000000000e-01 4.943970068614666254e-05 9.887939933390028403e-05
5.000000000000000000e+00 1.500000000000000000e+01 8.000000000000000000e+00 5.000000000000000000e-01 1.534197257289023910e-06 3.068394500351780493e-06
