5.000000000000000000e+00 1.000000000000000000e+01 1.250000000000000000e-01 0.000000000000000000e+00 6.125188934298109178e-01 6.381408405238774284e-01
5.000000000000000000e+00 1.000000000000000000e+01 2.500000000000000000e-01 0.000000000000000000e+00 1.652688525865724789e-01 2.336082825989032330e-01
5.000000000000000000e+00 1.000000000000000000e+01 5.000000000000000000e-01 0.000000000000000000e+00 1.657678636306376269e-02 2.591966962940734850e-02
5.000000000000000000e+00 1.000000000000000000e+01 1.000000000000000000e+00 0.000000000000000000e+00 5.532502594344517084e-04 1.272373049171779749e-03
5.000000000000000000e+00 1.000000000000000000e+01 2.000000000000000000e+00 0.000000000000000000e+00 8.153575479619152699e-04 2.379038121005182856e-03
5.000000000000000000e+00 1.000000000000000000e+01 4.000000000000000000e+00 0.000000000000000000e+00 3.658400046490230956e-03 1.096765283966183620e-02
5.000000000000000000e+00 1.000000000000000000e+01 8.000000000000000000e+00 0.000000000000000000e+00 3.913694420789079476e-03 1.174103396488790016e-02
5.000000000000000000e+00 1.000000000000000000e+01 1.250000000000000000e-01 5.000000000000000000e-01 6.212257996668559823e-01 6.538702046379628596e-01
5.000000000000000000e+00 1.000000000000000000e+01 2.500000000000000000e-01 5.000000000000000000e-01 1.637899802687492468e-01 2.313156698231453867e-01
5.000000000000000000e+00 1.000000000000000000e+01 5.000000000000000000e-01 5.000000000000000000e-01 1.676535233805300298e-02 2.620045386580229299e-02
5.000000000000000000e+00 1.000000000000000000e+01 1.000000000000000000e+00 5.000000000000000000e-01 5.463331744735153627e-04 1.288580692999495569e-03
5.000000000000000000e+00 1.000000000000000000e+01 2.000000000000000000e+00 5.000000000000000000e-01 8.207092559425838369e-04 2.406723638608628587e-03
5.000000000000000000e+00 1.000000000000000000e+01 4.000000000000000000e+00 5.000000000000000000e-01 3.718297528048894289e-03 1.114717301683481807e-02
5.000000000000000000e+00 1.000000000000000000e+01 8.000000000000000000e+00 5.000000000000000000e-01 4.096148103027177044e-03 1.228839691296982305e-02
5.000000000000000000e+00 1.000000000000000000e+01 1.250000000000000000e-01 9.000000000000000222e-01 6.208355569893397874e-01 6.577917451764011547e-01
5.000000000000000000e+00 1.000000000000000000e+01 2.500000000000000000e-01 9.000000000000000222e-01 1.641067549294705219e-01 2.337888083538604556e-01
5.000000000000000000e+00 1.000000000000000000e+01 5.000000000000000000e-01 9.000000000000000222e-01 1.673380029427818522e-02 2.658555932585218717e-02
5.000000000000000000e+00 1.000000000000000000e+01 1.000000000000000000e+00 9.000000000000000222e-01 5.667737527936024273e-04 1.352674271983108452e-03
5.000000000000000000e+00 1.000000000000000000e+01 2.000000000000000000e+00 9.000000000000000222e-01 8.261107991035671885e-04 2.427651704931015758e-03
5.000000000000000000e+00 1.000000000000000000e+01 4.000000000000000000e+00 9.000000000000000222e-01 3.747977554384570361e-03 1.123660151558188158e-02
5.000000000000000000e+00 1.000000000000000000e+01 8.000000000000000000e+00 9.000000000000000222e-01 4.091889265187216400e-03 1.227562497687465816e-02
