5.000000000000000000e+00 1.500000000000000000e+01 1.250000000000000000e-01 1.000000000000000000e+00 5.317575889953138901e-01 2.903573534793900679e-01
5.000000000000000000e+00 1.500000000000000000e+01 2.500000000000000000e-01 1.000000000000000000e+00 6.251709964113354168e-02 4.382149875664732158e-02
5.000000000000000000e+00 1.500000000000000000e+01 5.000000000000000000e-01 1.000000000000000000e+00 1.928873305610475514e-03 1.856666076084349847e-03
5.000000000000000000e+00 1.500000000000000000e+01 1.000000000000000000e+00 1.000000000000000000e+00 4.625521068822493337e-06 6.478231933063845723e-06
5.000000000000000000e+00 1.500000000000000000e+01 2.000000000000000000e+00 1.000000000000000000e+00 1.524010325160064414e-04 3.047973645756040699e-04
5.000000000000000000e+00 1.500000000000000000e+01 4.000000000000000000e+00 1.000000000000000000e+00 4.536795898721068798e-05 9.073591681556071663e-05
5.000000000000000000e+00 1.500000000000000000e+01 8.000000000000000000e+00 1.000000000000000000e+00 1.832379117916805143e-06 3.664758213916551460e-06
5.000000000000000000e+00 1.500000000000000000e+01 1.250000000000000000e-01 9.999900000000000455e-01 5.455523462777314148e-01 3.103938602923637657e-01
5.000000000000000000e+00 1.500000000000000000e+01 2.500000000000000000e-01 9.999900000000000455e-01 6.470027208644693606e-02 4.563941240742866445e-02
5.000000000000000000e+00 1.500000000000000000e+01 5.000000000000000000e-01 9.999900000000000455e-01 2.428044666915639329e-03 2.433672596640513042e-03
5.000000000000000000e+00 1.500000000000000000e+01 1.000000000000000000e+00 9.999900000000000455e-01 6.085828785452700942e-06 8.462770238233548509e-06
5.000000000000000000e+00 1.500000000000000000e+01 2.000000000000000000e+00 9.999900000000000455e-01 1.333770809666629876e-04 2.667491530248124296e-04
5.000000000000000000e+00 1.500000000000000000e+01 4.000000000000000000e+00 9.999900000000000455e-01 3.871595211082961467e-05 7.743190182153807122e-05
5.000000000000000000e+00 1.500000000000000000e+01 8.000000000000000000e+00 9.999900000000000455e-01 1.804953735685497910e-06 3.609907446327790802e-06
5.000000000000000000e+00 1.500000000000000000e+01 1.250000000000000000e-01 9.999000000000000110e-01 5.448028415697907523e-01 3.037707719194949196e-01
5.000000000000000000e+00 1.500000000000000000e+01 2.500000000000000000e-01 9.999000000000000110e-01 6.247691809139131053e-02 4.272572409223635709e-02
5.000000000000000000e+00 1.500000000000000000e+01 5.000000000000000000e-01 9.999000000000000110e-01 2.158202717004544836e-03 2.264736507881520526e-03
5.000000000000000000e+00 1.500000000000000000e+01 1.000000000000000000e+00 9.999000000000000110e-01 5.888821526774143012e-06 7.959016965638718717e-06
5.000000000000000000e+00 1.500000000000000000e+01 2.000000000000000000e+00 9.999000000000000110e-01 1.427786081945704787e-04 2.855515584384803987e-04
5.000000000000000000e+00 1.500000000000000000e+01 4.000000000000000000e+00 9.999000000000000110e-01 4.067785566860852912e-05 8.135571053527823420e-05
5.000000000000000000e+00 1.500000000000000000e+01 8.000000000000000000e+00 9.999000000000000110e-01 1.556562901315603257e-06 3.113125759896770139e-06
