5.000000000000000000e+00 2.500000000000000000e+01 1.250000000000000000e-01 0.000000000000000000e+00 9.446712916114879954e-01 5.972917226702395554e-01
5.000000000000000000e+00 2.500000000000000000e+01 2.500000000000000000e-01 0.000000000000000000e+00 2.340798156562139132e-01 2.739254048623812610e-01
5.000000000000000000e+00 2.500000000000000000e+01 5.000000000000000000e-01 0.000000000000000000e+00 5.331853805994839213e-02 1.374634752330947673e-01
5.000000000000000000e+00 2.500000000000000000e+01 1.000000000000000000e+00 0.000000000000000000e+00 7.869169968080874655e-03 2.324512984905159271e-02
5.000000000000000000e+00 2.500000000000000000e+01 2.000000000000000000e+00 0.000000000000000000e+00 3.229185543360708075e-04 8.911501143914869012e-04
5.000000000000000000e+00 2.500000000000000000e+01 4.000000000000000000e+00 0.000000000000000000e+00 1.737924888473789303e-05 5.142665393108009455e-05
5.000000000000000000e+00 2.500000000000000000e+01 8.000000000000000000e+00 0.000000000000000000e+00 5.379923628013857928e-03 1.598764516003143774e-02
5.000000000000000000e+00 2.500000000000000000e+01 1.250000000000000000e-01 5.000000000000000000e-01 9.353699268807098566e-01 5.926774211331846676e-01
5.000000000000000000e+00 2.500000000000000000e+01 2.500000000000000000e-01 5.000000000000000000e-01 2.407062452406495690e-01 2.770751560432006544e-01
5.000000000000000000e+00 2.500000000000000000e+01 5.000000000000000000e-01 5.000000000000000000e-01 5.390557697687784616e-02 1.395665729710355851e-01
5.000000000000000000e+00 2.500000000000000000e+01 1.000000000000000000e+00 5.000000000000000000e-01 7.995749287251156801e-03 2.363211838459677513e-02
5.000000000000000000e+00 2.500000000000000000e+01 2.000000000000000000e+00 5.000000000000000000e-01 3.168767647483003371e-04 8.745184334595001909e-04
5.000000000000000000e+00 2.500000000000000000e+01 4.000000000000000000e+00 5.000000000000000000e-01 1.344918061047175806e-05 3.960035720624753894e-05
5.000000000000000000e+00 2.500000000000000000e+01 8.000000000000000000e+00 5.000000000000000000e-01 5.497819104927787956e-03 1.628648618430991041e-02
5.000000000000000000e+00 2.500000000000000000e+01 1.250000000000000000e-01 9.000000000000000222e-01 9.545820376472748947e-01 6.025836117166589734e-01
5.000000000000000000e+00 2.500000000000000000e+01 2.500000000000000000e-01 9.000000000000000222e-01 2.407684707280139114e-01 2.842451304743217610e-01
5.000000000000000000e+00 2.500000000000000000e+01 5.000000000000000000e-01 9.000000000000000222e-01 5.274331823820782583e-02 1.363695972273139267e-01
5.000000000000000000e+00 2.500000000000000000e+01 1.000000000000000000e+00 9.000000000000000222e-01 7.777383663646002428e-03 2.297707451031514442e-02
5.000000000000000000e+00 2.500000000000000000e+01 2.000000000000000000e+00 9.000000000000000222e-01 3.124263851050604508e-04 8.676903297022659856e-04
5.000000000000000000e+00 2.500000000000000000e+01 4.000000000000000000e+00 9.000000000000000222e-01 1.640100835753665541e-05 4.845395058745231154e-05
5.000000000000000000e+00 2.500000000000000000e+01 8.000000000000000000e+00 9.000000000000000222e-01 4.878349346994581212e-03 1.440222704993520363e-02
