5.000000000000000000e+00 1.500000000000000000e+01 1.250000000000000000e-01 0.000000000000000000e+00 8.375600246495537027e-01 5.940689730770373211e-01
5.000000000000000000e+00 1.500000000000000000e+01 2.500000000000000000e-01 0.000000000000000000e+00 2.542121408711279784e-01 4.417816496828538830e-01
5.000000000000000000e+00 1.500000000000000000e+01 5.000000000000000000e-01 0.000000000000000000e+00 3.924814495924029006e-02 1.068319277867414013e-01
5.000000000000000000e+00 1.500000000000000000e+01 1.000000000000000000e+00 0.000000000000000000e+00 2.777919726184461310e-03 5.746429435416523096e-03
5.000000000000000000e+00 1.500000000000000000e+01 2.000000000000000000e+00 0.000000000000000000e+00 2.286509685978448028e-03 4.483068105164080344e-03
5.000000000000000000e+00 1.500000000000000000e+01 4.000000000000000000e+00 0.000000000000000000e+00 2.230324869046918304e-03 4.525305985972994521e-03
5.000000000000000000e+00 1.500000000000000000e+01 8.000000000000000000e+00 0.000000000000000000e+00 2.477874225800627030e-03 5.550028916053154592e-03
5.000000000000000000e+00 1.500000000000000000e+01 1.250000000000000000e-01 5.000000000000000000e-01 8.411118707554393614e-01 6.120360093868738582e-01
5.000000000000000000e+00 1.500000000000000000e+01 2.500000000000000000e-01 5.000000000000000000e-01 2.568192508288931752e-01 4.524789427318350876e-01
5.000000000000000000e+00 1.500000000000000000e+01 5.000000000000000000e-01 5.000000000000000000e-01 3.917339060158733788e-02 1.061789456383728791e-01
5.000000000000000000e+00 1.500000000000000000e+01 1.000000000000000000e+00 5.000000000000000000e-01 2.029467571477701175e-03 4.812644758327468131e-03
5.000000000000000000e+00 1.500000000000000000e+01 2.000000000000000000e+00 5.000000000000000000e-01 2.007224145504896921e-03 3.857454993488177754e-03
5.000000000000000000e+00 1.500000000000000000e+01 4.000000000000000000e+00 5.000000000000000000e-01 1.691610156370790524e-03 3.396505362961322640e-03
5.000000000000000000e+00 1.500000000000000000e+01 8.000000000000000000e+00 5.000000000000000000e-01 1.470923905338655021e-03 3.022362355926296474e-03
5.000000000000000000e+00 1.500000000000000000e+01 1.250000000000000000e-01 9.000000000000000222e-01 8.523379672500615012e-01 6.076133776552482546e-01
5.000000000000000000e+00 1.500000000000000000e+01 2.500000000000000000e-01 9.000000000000000222e-01 2.534603687592201227e-01 4.409839407323701277e-01
5.000000000000000000e+00 1.500000000000000000e+01 5.000000000000000000e-01 9.000000000000000222e-01 3.966417636251407669e-02 1.083377779770962890e-01
5.000000000000000000e+00 1.500000000000000000e+01 1.000000000000000000e+00 9.000000000000000222e-01 2.358685226737585860e-03 5.294352470712988118e-03
5.000000000000000000e+00 1.500000000000000000e+01 2.000000000000000000e+00 9.000000000000000222e-01 1.629106859341228775e-03 3.121495799231065616e-03
5.000000000000000000e+00 1.500000000000000000e+01 4.000000000000000000e+00 9.000000000000000222e-01 1.535074725468662561e-03 3.015844058459087127e-03
5.000000000000000000e+00 1.500000000000000000e+01 8.000000000000000000e+00 9.000000000000000222e-01 1.064090474969380190e-03 2.131173396050618611e-03
