5.000000000000000000e+00 1.000000000000000000e+00 1.250000000000000000e-01 0.000000000000000000e+00 1.935248381675909735e-01 1.381901473416497494e-01
5.000000000000000000e+00 1.000000000000000000e+00 2.500000000000000000e-01 0.000000000000000000e+00 4.759637049186488805e-02 7.772940533702978050e-02
5.000000000000000000e+00 1.000000000000000000e+00 5.000000000000000000e-01 0.000000000000000000e+00 4.367555766139110882e-03 1.144217449066954086e-02
5.000000000000000000e+00 1.000000000000000000e+00 1.000000000000000000e+00 0.000000000000000000e+00 2.850268724943530430e-05 7.699829440706571274e-05
5.000000000000000000e+00 1.000000000000000000e+00 2.000000000000000000e+00 0.000000000000000000e+00 5.727668163521213980e-05 1.705726963700036187e-04
5.000000000000000000e+00 1.000000000000000000e+00 4.000000000000000000e+00 0.000000000000000000e+00 9.631834865759762715e-06 2.257697087770129513e-05
5.000000000000000000e+00 1.000000000000000000e+00 8.000000000000000000e+00 0.000000000000000000e+00 3.390694670909859005e-06 7.721869811694119355e-06
5.000000000000000000e+00 1.000000000000000000e+00 1.250000000000000000e-01 5.000000000000000000e-01 1.931476115625042067e-01 1.398879192860774390e-01
5.000000000000000000e+00 1.000000000000000000e+00 2.500000000000000000e-01 5.000000000000000000e-01 4.790215623589604010e-02 7.907262281946471350e-02
5.000000000000000000e+00 1.000000000000000000e+00 5.000000000000000000e-01 5.000000000000000000e-01 4.331747052918819008e-03 1.141020739258485905e-02
5.000000000000000000e+00 1.000000000000000000e+00 1.000000000000000000e+00 5.000000000000000000e-01 2.775046949955977792e-05 7.582462068902819422e-05
5.000000000000000000e+00 1.000000000000000000e+00 2.000000000000000000e+00 5.000000000000000000e-01 4.755753510764127459e-05 1.415970711053798100e-04
5.000000000000000000e+00 1.000000000000000000e+00 4.000000000000000000e+00 5.000000000000000000e-01 9.224017433023166496e-06 2.183714613777397177e-05
5.000000000000000000e+00 1.000000000000000000e+00 8.000000000000000000e+00 5.000000000000000000e-01 3.297426700777767517e-06 7.523217217860523125e-06
5.000000000000000000e+00 1.000000000000000000e+00 1.250000000000000000e-01 9.000000000000000222e-01 1.963807657099237713e-01 1.435455852899459039e-01
5.000000000000000000e+00 1.000000000000000000e+00 2.500000000000000000e-01 9.000000000000000222e-01 4.847816463484898308e-02 7.999832803907744316e-02
5.000000000000000000e+00 1.000000000000000000e+00 5.000000000000000000e-01 9.000000000000000222e-01 4.268006069302577102e-03 1.115578236590308164e-02
5.000000000000000000e+00 1.000000000000000000e+00 1.000000000000000000e+00 9.000000000000000222e-01 2.743918638197128448e-05 7.545943427736160019e-05
5.000000000000000000e+00 1.000000000000000000e+00 2.000000000000000000e+00 9.000000000000000222e-01 4.661872681385118965e-05 1.388342093149899615e-04
5.000000000000000000e+00 1.000000000000000000e+00 4.000000000000000000e+00 9.000000000000000222e-01 9.236382085600769459e-06 2.200632969982532514e-05
5.000000000000000000e+00 1.000000000000000000e+00 8.000000000000000000e+00 9.000000000000000222e-01 3.283674839126478853e-06 7.406165161612790711e-06
