5.000000000000000000e+00 2.000000000000000000e+01 1.250000000000000000e-01 0.000000000000000000e+00 5.918748779881032318e-01 4.921772103820804545e-01
5.000000000000000000e+00 2.000000000000000000e+01 2.500000000000000000e-01 0.000000000000000000e+00 6.932264325581884157e-02 9.537149941238655393e-02
5.000000000000000000e+00 2.000000000000000000e+01 5.000000000000000000e-01 0.000000000000000000e+00 9.222838190531280336e-04 1.730743630759728384e-03
5.000000000000000000e+00 2.000000000000000000e+01 1.000000000000000000e+00 0.000000000000000000e+00 3.973318945374852175e-04 1.191653765718414873e-03
5.000000000000000000e+00 2.000000000000000000e+01 2.000000000000000000e+00 0.000000000000000000e+00 2.652034646099850216e-04 7.688183703070744978e-04
5.000000000000000000e+00 2.000000000000000000e+01 4.000000000000000000e+00 0.000000000000000000e+00 7.097668043861747145e-05 1.858945025522491161e-04
5.000000000000000000e+00 2.000000000000000000e+01 8.000000000000000000e+00 0.000000000000000000e+00 7.375659192552066162e-06 2.140108603928247345e-05
5.000000000000000000e+00 2.000000000000000000e+01 1.250000000000000000e-01 5.000000000000000000e-01 5.967470323662563692e-01 4.950069296961139842e-01
5.000000000000000000e+00 2.000000000000000000e+01 2.500000000000000000e-01 5.000000000000000000e-01 6.967910113057526611e-02 9.580208281611683752e-02
5.000000000000000000e+00 2.000000000000000000e+01 5.000000000000000000e-01 5.000000000000000000e-01 9.043096014952308522e-04 1.699168768357779778e-03
5.000000000000000000e+00 2.000000000000000000e+01 1.000000000000000000e+00 5.000000000000000000e-01 1.236204197063517439e-04 3.705487438886950584e-04
5.000000000000000000e+00 2.000000000000000000e+01 2.000000000000000000e+00 5.000000000000000000e-01 1.532370637258905822e-04 4.339689788945308262e-04
5.000000000000000000e+00 2.000000000000000000e+01 4.000000000000000000e+00 5.000000000000000000e-01 3.999356698364552086e-05 9.761994515435051107e-05
5.000000000000000000e+00 2.000000000000000000e+01 8.000000000000000000e+00 5.000000000000000000e-01 6.914829257052231431e-06 2.011891177932104353e-05
5.000000000000000000e+00 2.000000000000000000e+01 1.250000000000000000e-01 9.000000000000000222e-01 6.054083729140392611e-01 5.070286127373003771e-01
5.000000000000000000e+00 2.000000000000000000e+01 2.500000000000000000e-01 9.000000000000000222e-01 6.973852830092078237e-02 9.669782863073017598e-02
5.000000000000000000e+00 2.000000000000000000e+01 5.000000000000000000e-01 9.000000000000000222e-01 8.521487038420256241e-04 1.537041346571132745e-03
5.000000000000000000e+00 2.000000000000000000e+01 1.000000000000000000e+00 9.000000000000000222e-01 4.497611199410568480e-05 1.346333752788709094e-04
5.000000000000000000e+00 2.000000000000000000e+01 2.000000000000000000e+00 9.000000000000000222e-01 4.996712059683005956e-05 1.249988652471410776e-04
5.000000000000000000e+00 2.000000000000000000e+01 4.000000000000000000e+00 9.000000000000000222e-01 1.659946531954228165e-05 3.342764960597655803e-05
5.000000000000000000e+00 2.000000000000000000e+01 8.000000000000000000e+00 9.000000000000000222e-01 5.706486978702286349e-06 1.653945059420477268e-05
