5.000000000000000000e+00 5.000000000000000000e+00 1.250000000000000000e-01 0.000000000000000000e+00 2.239389054605685492e-01 2.545761253054041329e-01
5.000000000000000000e+00 5.000000000000000000e+00 2.500000000000000000e-01 0.000000000000000000e+00 4.410222881227916780e-02 1.003519093261359824e-01
5.000000000000000000e+00 5.000000000000000000e+00 5.000000000000000000e-01 0.000000000000000000e+00 3.696212457280728843e-03 1.083794766620520787e-02
5.000000000000000000e+00 5.000000000000000000e+00 1.000000000000000000e+00 0.000000000000000000e+00 2.004669741373313210e-04 4.306207929856851937e-04
5.000000000000000000e+00 5.000000000000000000e+00 2.000000000000000000e+00 0.000000000000000000e+00 1.465770997770209243e-05 3.072487060214246018e-05
5.000000000000000000e+00 5.000000000000000000e+00 4.000000000000000000e+00 0.000000000000000000e+00 2.017778672531118570e-06 6.011777754482151657e-06
5.000000000000000000e+00 5.000000000000000000e+00 8.000000000000000000e+00 0.000000000000000000e+00 2.566142479508584278e-09 6.271886019584697009e-09
5.000000000000000000e+00 5.000000000000000000e+00 1.250000000000000000e-01 5.000000000000000000e-01 2.265994530405837926e-01 2.544372478178517083e-01
5.000000000000000000e+00 5.000000000000000000e+00 2.500000000000000000e-01 5.000000000000000000e-01 4.361249268115396233e-02 9.968460060318946880e-02
5.000000000000000000e+00 5.000000000000000000e+00 5.000000000000000000e-01 5.000000000000000000e-01 3.893461228030923975e-03 1.146897985856951650e-02
5.000000000000000000e+00 5.000000000000000000e+00 1.000000000000000000e+00 5.000000000000000000e-01 1.957655221985565657e-04 4.201155775735577590e-04
5.000000000000000000e+00 5.000000000000000000e+00 2.000000000000000000e+00 5.000000000000000000e-01 1.453092340405107848e-05 3.041663067614738900e-05
5.000000000000000000e+00 5.000000000000000000e+00 4.000000000000000000e+00 5.000000000000000000e-01 1.986331289468292161e-06 5.904931699691194871e-06
5.000000000000000000e+00 5.000000000000000000e+00 8.000000000000000000e+00 5.000000000000000000e-01 2.384877631633962670e-09 5.971856797492801819e-09
5.000000000000000000e+00 5.000000000000000000e+00 1.250000000000000000e-01 9.000000000000000222e-01 2.286174451184357359e-01 2.555209551220423703e-01
5.000000000000000000e+00 5.000000000000000000e+00 2.500000000000000000e-01 9.000000000000000222e-01 4.522770086475751128e-02 1.038524252958140798e-01
5.000000000000000000e+00 5.000000000000000000e+00 5.000000000000000000e-01 9.000000000000000222e-01 4.175083592247402602e-03 1.233394558674853238e-02
5.000000000000000000e+00 5.000000000000000000e+00 1.000000000000000000e+00 9.000000000000000222e-01 1.970068640354981555e-04 4.199914957929834210e-04
5.000000000000000000e+00 5.000000000000000000e+00 2.000000000000000000e+00 9.000000000000000222e-01 1.384803797966635662e-05 2.880865653387470950e-05
5.000000000000000000e+00 5.000000000000000000e+00 4.000000000000000000e+00 9.000000000000000222e-01 1.993741448631550382e-06 5.937393967708775923e-06
5.000000000000000000e+00 5.000000000000000000e+00 8.000000000000000000e+00 9.000000000000000222e-01 2.172698185526243035e-09 5.506052501420666982e-09
