1.000000000000000000e+00 2.000000000000000000e+00 2.000000000000000000e+01 1.000000000000000056e-01 1.020689712450948333e-05 1.160021209358399200e-05 6.764740865913705251e-08 1.448728978991449552e-07
1.000000000000000000e+00 2.000000000000000000e+00 2.000000000000000000e+01 2.999999999999999889e-01 1.020689712450948333e-05 1.160021209358399200e-05 6.764740865913705251e-08 1.448728978991449552e-07
1.000000000000000000e+00 2.000000000000000000e+00 2.000000000000000000e+01 5.000000000000000000e-01 1.020689712450948333e-05 1.160021209358399200e-05 6.764740865913705251e-08 1.448728978991449552e-07
1.000000000000000000e+00 2.000000000000000000e+00 2.000000000000000000e+01 6.999999999999999556e-01 1.020689712450948333e-05 1.160021209358399200e-05 6.764740865913705251e-08 1.448728978991449552e-07
1.000000000000000000e+00 2.000000000000000000e+00 2.000000000000000000e+01 9.000000000000000222e-01 1.020689712450948333e-05 1.160021209358399200e-05 6.764740865913705251e-08 1.448728978991449552e-07
2.000000000000000000e+00 2.000000000000000000e+00 2.000000000000000000e+01 1.000000000000000056e-01 9.498253433785113284e-06 1.233722458363709344e-05 1.828200186588568002e-07 2.007441872765989042e-07
2.000000000000000000e+00 2.000000000000000000e+00 2.000000000000000000e+01 2.999999999999999889e-01 9.500703086696356709e-06 1.223280103898738860e-05 2.331623269282734373e-07 2.182570036645565115e-07
2.000000000000000000e+00 2.000000000000000000e+00 2.000000000000000000e+01 5.000000000000000000e-01 9.385843857733787340e-06 1.187503408265978063e-05 2.520081572252661652e-07 2.989204154278870073e-07
2.000000000000000000e+00 2.000000000000000000e+00 2.000000000000000000e+01 6.999999999999999556e-01 9.282588477549335901e-06 1.154954702507229758e-05 2.125670180262818832e-07 2.886766198412302214e-07
2.000000000000000000e+00 2.000000000000000000e+00 2.000000000000000000e+01 9.000000000000000222e-01 9.210749743888005931e-06 1.114961237251713684e-05 1.426699014724920291e-07 1.687861692632123560e-07
3.000000000000000000e+00 2.000000000000000000e+00 2.000000000000000000e+01 1.000000000000000056e-01 8.863886455764193604e-06 1.293467328149158570e-05 1.288354801931669714e-07 2.530827159572998442e-07
3.000000000000000000e+00 2.000000000000000000e+00 2.000000000000000000e+01 2.999999999999999889e-01 8.818373911423718964e-06 1.283421779724959854e-05 1.123796611022028818e-07 3.126348520769635171e-07
3.000000000000000000e+00 2.000000000000000000e+00 2.000000000000000000e+01 5.000000000000000000e-01 8.724434295981660636e-06 1.260422070168569009e-05 1.721839750910997604e-07 3.836003652863452262e-07
3.000000000000000000e+00 2.000000000000000000e+00 2.000000000000000000e+01 6.999999999999999556e-01 8.660514578166290006e-06 1.221168284275781383e-05 2.308967362527311012e-07 4.340248310420247119e-07
3.000000000000000000e+00 2.000000000000000000e+00 2.000000000000000000e+01 9.000000000000000222e-01 8.734615403906912517e-06 1.205179669326359849e-05 2.457586656656159332e-07 1.620145222040909247e-06
4.000000000000000000e+00 2.000000000000000000e+00 2.000000000000000000e+01 1.000000000000000056e-01 8.268022681466301676e-06 1.380574607941861701e-05 1.122738143542352570e-07 3.699466952782104888e-07
4.000000000000000000e+00 2.000000000000000000e+00 2.000000000000000000e+01 2.999999999999999889e-01 8.236662953088437893e-06 1.359109352050471770e-05 1.318202132223433729e-07 3.650955441962800225e-07
4.000000000000000000e+00 2.000000000000000000e+00 2.000000000000000000e+01 5.000000000000000000e-01 8.166210323111351924e-06 1.316734574562132783e-05 1.604811862887247914e-07 3.653528107419235716e-07
4.000000000000000000e+00 2.000000000000000000e+00 2.000000000000000000e+01 6.999999999999999556e-01 8.142760609501432424e-06 1.262030835753600566e-05 1.885713905818275272e-07 2.996021885403408512e-07
4.000000000000000000e+00 2.000000000000000000e+00 2.000000000000000000e+01 9.000000000000000222e-01 8.357807393603260121e-06 1.206863472740633127e-05 4.009994388395764934e-07 2.532281140641940192e-07
5.000000000000000000e+00 2.000000000000000000e+00 2.000000000000000000e+01 1.000000000000000056e-01 7.676288776852571309e-06 1.462326548209119259e-05 9.359153690008258721e-08 2.956366319509015010e-07
5.000000000000000000e+00 2.000000000000000000e+00 2.000000000000000000e+01 2.999999999999999889e-01 7.719456794034381203e-06 1.433807324965233463e-05 1.775752582518459336e-07 2.602769865007451500e-07
5.000000000000000000e+00 2.000000000000000000e+00 2.000000000000000000e+01 5.000000000000000000e-01 7.644994823046477578e-06 1.381082614860080509e-05 1.569978657560134079e-07 3.593549832058623799e-07
5.000000000000000000e+00 2.000000000000000000e+00 2.000000000000000000e+01 6.999999999999999556e-01 7.682252414856928496e-06 1.323740444799430003e-05 1.190191519890260767e-07 4.515112919871711295e-07
5.000000000000000000e+00 2.000000000000000000e+00 2.000000000000000000e+01 9.000000000000000222e-01 7.902538962013714127e-06 1.255806918376539486e-05 1.270351756846130282e-07 3.501355346615737961e-07
