2.000000000000000000e+00 2.000000000000000000e+00 2.000000000000000000e+01 0.000000000000000000e+00 1.403936112755299181e-03 1.786389773554448350e-03 5.856333138979200352e-04 7.318183911568127429e-04
2.000000000000000000e+00 2.000000000000000000e+00 2.000000000000000000e+01 1.000000000000000056e-01 1.358424754700672619e-03 1.719066626239063424e-03 5.833373301214869657e-04 7.056420036448906273e-04
2.000000000000000000e+00 2.000000000000000000e+00 2.000000000000000000e+01 2.000000000000000111e-01 1.313869910027557712e-03 1.652551796818099716e-03 5.721518754573660156e-04 6.755419520681664805e-04
2.000000000000000000e+00 2.000000000000000000e+00 2.000000000000000000e+01 2.999999999999999889e-01 1.264031243610889152e-03 1.580948919185940025e-03 5.598646496689533777e-04 6.473465173366785199e-04
2.000000000000000000e+00 2.000000000000000000e+00 2.000000000000000000e+01 4.000000000000000222e-01 1.208923309853531924e-03 1.506676201078547672e-03 5.444558772696978617e-04 6.163611386895580507e-04
2.000000000000000000e+00 2.000000000000000000e+00 2.000000000000000000e+01 5.000000000000000000e-01 1.148542933487157807e-03 1.432009139044578949e-03 5.274325527936353985e-04 5.932964066005309064e-04
2.000000000000000000e+00 2.000000000000000000e+00 2.000000000000000000e+01 5.999999999999999778e-01 1.076095110316131883e-03 1.346986289117352992e-03 5.068028232619469940e-04 5.606493401358820031e-04
2.000000000000000000e+00 2.000000000000000000e+00 2.000000000000000000e+01 6.999999999999999556e-01 9.874004623202719492e-04 1.242475545959882818e-03 4.808901734648579683e-04 5.264167092811857960e-04
2.000000000000000000e+00 2.000000000000000000e+00 2.000000000000000000e+01 8.000000000000000444e-01 8.828647146612213920e-04 1.117559019553468177e-03 4.519424359277334630e-04 4.910012223774113229e-04
2.000000000000000000e+00 2.000000000000000000e+00 2.000000000000000000e+01 9.000000000000000222e-01 7.410523206127087644e-04 9.406584477751498904e-04 3.875109237702223527e-04 4.265871074828639993e-04
3.000000000000000000e+00 2.000000000000000000e+00 2.000000000000000000e+01 0.000000000000000000e+00 1.371414869598564217e-03 1.955493632453604233e-03 4.300488914115370735e-04 5.030663926163520113e-04
3.000000000000000000e+00 2.000000000000000000e+00 2.000000000000000000e+01 1.000000000000000056e-01 1.307022345712738082e-03 1.875752735234996211e-03 4.283403698499361405e-04 5.064007414759659704e-04
3.000000000000000000e+00 2.000000000000000000e+00 2.000000000000000000e+01 2.000000000000000111e-01 1.240062528008659907e-03 1.801378597652346413e-03 4.272937205123572731e-04 5.130366562769526212e-04
3.000000000000000000e+00 2.000000000000000000e+00 2.000000000000000000e+01 2.999999999999999889e-01 1.170130314612095618e-03 1.711813197179801096e-03 4.265206133246733861e-04 5.250218241766060586e-04
3.000000000000000000e+00 2.000000000000000000e+00 2.000000000000000000e+01 4.000000000000000222e-01 1.085281706333901530e-03 1.594411575382038895e-03 4.251976475015495447e-04 5.171218027573462172e-04
3.000000000000000000e+00 2.000000000000000000e+00 2.000000000000000000e+01 5.000000000000000000e-01 9.892672328805154902e-04 1.468305592812247252e-03 4.171671180603730273e-04 5.076554182439426029e-04
3.000000000000000000e+00 2.000000000000000000e+00 2.000000000000000000e+01 5.999999999999999778e-01 8.826788560980803602e-04 1.329044322801474932e-03 3.935410008571496566e-04 4.778826803718687647e-04
3.000000000000000000e+00 2.000000000000000000e+00 2.000000000000000000e+01 6.999999999999999556e-01 7.454714140159090585e-04 1.169751134583889730e-03 3.500735228072927993e-04 4.570561123790665655e-04
3.000000000000000000e+00 2.000000000000000000e+00 2.000000000000000000e+01 8.000000000000000444e-01 5.862330208469452870e-04 9.563533907294384517e-04 2.748318829863556482e-04 3.763329185631343024e-04
3.000000000000000000e+00 2.000000000000000000e+00 2.000000000000000000e+01 9.000000000000000222e-01 4.358484320579771422e-04 7.381149582475511877e-04 1.699162777936084466e-04 2.480105668904206790e-04
4.000000000000000000e+00 2.000000000000000000e+00 2.000000000000000000e+01 0.000000000000000000e+00 9.921776476427891268e-04 1.558618567055687675e-03 4.185709311280296592e-04 5.877391785348686296e-04
4.000000000000000000e+00 2.000000000000000000e+00 2.000000000000000000e+01 1.000000000000000056e-01 9.303342916208710064e-04 1.453462165571414635e-03 4.144604992268286717e-04 5.795246550611809610e-04
4.000000000000000000e+00 2.000000000000000000e+00 2.000000000000000000e+01 2.000000000000000111e-01 8.630379164725763066e-04 1.349152095360291875e-03 4.085912368848595251e-04 5.573838078399894012e-04
4.000000000000000000e+00 2.000000000000000000e+00 2.000000000000000000e+01 2.999999999999999889e-01 7.914342788061636338e-04 1.243842709611712701e-03 4.022672770203977667e-04 5.343359631002063967e-04
4.000000000000000000e+00 2.000000000000000000e+00 2.000000000000000000e+01 4.000000000000000222e-01 7.177868691174736160e-04 1.137506904270404150e-03 3.986568984074658254e-04 5.145042123418642989e-04
4.000000000000000000e+00 2.000000000000000000e+00 2.000000000000000000e+01 5.000000000000000000e-01 6.453889209761178459e-04 1.034925019903899183e-03 3.945446078583818295e-04 5.059078977682879806e-04
4.000000000000000000e+00 2.000000000000000000e+00 2.000000000000000000e+01 5.999999999999999778e-01 5.720485161477214826e-04 9.255767677364875592e-04 3.875186157367112912e-04 4.944156012231664147e-04
4.000000000000000000e+00 2.000000000000000000e+00 2.000000000000000000e+01 6.999999999999999556e-01 4.960983720423158385e-04 8.134107561302174457e-04 3.683292316175887458e-04 4.826332192225867511e-04
4.000000000000000000e+00 2.000000000000000000e+00 2.000000000000000000e+01 8.000000000000000444e-01 4.056649384723614790e-04 6.798792242598148067e-04 3.016502522988123627e-04 4.217746922931452048e-04
4.000000000000000000e+00 2.000000000000000000e+00 2.000000000000000000e+01 9.000000000000000222e-01 2.915490292232308196e-04 4.995523997464027584e-04 1.574239030901531560e-04 2.353809026161020996e-04
5.000000000000000000e+00 2.000000000000000000e+00 2.000000000000000000e+01 0.000000000000000000e+00 5.962480327454525771e-04 1.110378544476824493e-03 3.576141228540703635e-04 5.651764276406115320e-04
5.000000000000000000e+00 2.000000000000000000e+00 2.000000000000000000e+01 1.000000000000000056e-01 5.508693985209753893e-04 1.041171141010793343e-03 3.338619788840800433e-04 5.387333210324261271e-04
5.000000000000000000e+00 2.000000000000000000e+00 2.000000000000000000e+01 2.000000000000000111e-01 5.052563555652452585e-04 9.663916499512787079e-04 3.085323231646695374e-04 5.045934805057263658e-04
5.000000000000000000e+00 2.000000000000000000e+00 2.000000000000000000e+01 2.999999999999999889e-01 4.581297761454981225e-04 8.892378485389574932e-04 2.785239859242626169e-04 4.632124535575220074e-04
5.000000000000000000e+00 2.000000000000000000e+00 2.000000000000000000e+01 4.000000000000000222e-01 4.095570576459829941e-04 8.032888031864100515e-04 2.447015044906830617e-04 4.074932495869248951e-04
5.000000000000000000e+00 2.000000000000000000e+00 2.000000000000000000e+01 5.000000000000000000e-01 3.613520455672951143e-04 7.167157694665637468e-04 2.041969514537802588e-04 3.353151684445940858e-04
5.000000000000000000e+00 2.000000000000000000e+00 2.000000000000000000e+01 5.999999999999999778e-01 3.084091522422404558e-04 6.251772361381917721e-04 1.579548187913286015e-04 2.753962658549443049e-04
5.000000000000000000e+00 2.000000000000000000e+00 2.000000000000000000e+01 6.999999999999999556e-01 2.610982414804424397e-04 5.379533098670841174e-04 1.153477766305206818e-04 2.140363505738027844e-04
5.000000000000000000e+00 2.000000000000000000e+00 2.000000000000000000e+01 8.000000000000000444e-01 2.165579784347815805e-04 4.380752005681924350e-04 7.561644711830935249e-05 1.323096701639736551e-04
5.000000000000000000e+00 2.000000000000000000e+00 2.000000000000000000e+01 9.000000000000000222e-01 1.724241281883310043e-04 3.447433008053362629e-04 4.340568379076449129e-05 7.262093600977403485e-05
