1.000000000000000000e+00 2.000000000000000000e+00 2.000000000000000000e+01 1.000000000000000056e-01 2.431900340749559072e-03 3.094728770896812246e-03 7.253594545830427225e-04 1.258988820907914509e-03
1.000000000000000000e+00 2.000000000000000000e+00 2.000000000000000000e+01 2.999999999999999889e-01 2.431900340749559072e-03 3.094728770896812246e-03 7.253594545830427225e-04 1.258988820907914509e-03
1.000000000000000000e+00 2.000000000000000000e+00 2.000000000000000000e+01 5.000000000000000000e-01 2.431900340749559072e-03 3.094728770896812246e-03 7.253594545830427225e-04 1.258988820907914509e-03
1.000000000000000000e+00 2.000000000000000000e+00 2.000000000000000000e+01 6.999999999999999556e-01 2.431900340749559072e-03 3.094728770896812246e-03 7.253594545830427225e-04 1.258988820907914509e-03
1.000000000000000000e+00 2.000000000000000000e+00 2.000000000000000000e+01 9.000000000000000222e-01 2.431900340749559072e-03 3.094728770896812246e-03 7.253594545830427225e-04 1.258988820907914509e-03
2.000000000000000000e+00 2.000000000000000000e+00 2.000000000000000000e+01 1.000000000000000056e-01 1.490033222715511814e-03 1.919232355051998101e-03 6.064369408877122707e-04 8.647947771800446048e-04
2.000000000000000000e+00 2.000000000000000000e+00 2.000000000000000000e+01 2.999999999999999889e-01 1.385773347020702404e-03 1.770571280531495250e-03 5.680736092854352494e-04 7.755808869202344101e-04
2.000000000000000000e+00 2.000000000000000000e+00 2.000000000000000000e+01 5.000000000000000000e-01 1.266940195533145484e-03 1.606380099338503269e-03 5.335975210394321069e-04 6.931030144408885157e-04
2.000000000000000000e+00 2.000000000000000000e+00 2.000000000000000000e+01 6.999999999999999556e-01 1.109825892092552654e-03 1.410275507710809922e-03 4.888727352470173537e-04 6.195699423707380204e-04
2.000000000000000000e+00 2.000000000000000000e+00 2.000000000000000000e+01 9.000000000000000222e-01 8.666420501619609982e-04 1.087378800627349529e-03 3.949588540720637181e-04 5.118574957043189573e-04
3.000000000000000000e+00 2.000000000000000000e+00 2.000000000000000000e+01 1.000000000000000056e-01 1.414070271902119003e-03 2.023014218950620717e-03 4.346414204505662780e-04 6.354750494633757069e-04
3.000000000000000000e+00 2.000000000000000000e+00 2.000000000000000000e+01 2.999999999999999889e-01 1.274236911466724350e-03 1.802222936574205802e-03 4.307850164753648445e-04 5.843697405285289614e-04
3.000000000000000000e+00 2.000000000000000000e+00 2.000000000000000000e+01 5.000000000000000000e-01 1.102171419839733605e-03 1.548549468339429930e-03 4.213612850804498403e-04 5.449160105217512205e-04
3.000000000000000000e+00 2.000000000000000000e+00 2.000000000000000000e+01 6.999999999999999556e-01 8.644394314193668601e-04 1.241945083404079591e-03 3.630942168681055627e-04 4.774371512235940206e-04
3.000000000000000000e+00 2.000000000000000000e+00 2.000000000000000000e+01 9.000000000000000222e-01 5.678443788915994847e-04 8.167307054140395678e-04 2.083618112091978304e-04 2.875108812667335687e-04
4.000000000000000000e+00 2.000000000000000000e+00 2.000000000000000000e+01 1.000000000000000056e-01 1.028234549166083317e-03 1.607261540815346518e-03 4.014778488134570405e-04 6.702977313181061533e-04
4.000000000000000000e+00 2.000000000000000000e+00 2.000000000000000000e+01 2.999999999999999889e-01 8.895179362284495175e-04 1.366752645132949390e-03 3.891682957384532153e-04 6.223297650441400423e-04
4.000000000000000000e+00 2.000000000000000000e+00 2.000000000000000000e+01 5.000000000000000000e-01 7.423312056437558672e-04 1.118637352728090676e-03 3.800709546813540833e-04 5.835088713967075558e-04
4.000000000000000000e+00 2.000000000000000000e+00 2.000000000000000000e+01 6.999999999999999556e-01 5.816054657719701591e-04 8.677265656112352361e-04 3.555641205851553044e-04 5.366312187302836470e-04
4.000000000000000000e+00 2.000000000000000000e+00 2.000000000000000000e+01 9.000000000000000222e-01 3.651344213722556957e-04 5.332721388565149359e-04 1.666577236541997285e-04 2.216300962996308442e-04
5.000000000000000000e+00 2.000000000000000000e+00 2.000000000000000000e+01 1.000000000000000056e-01 6.493124352971242803e-04 1.133131564147319250e-03 3.205208965774070172e-04 5.888135416464445899e-04
5.000000000000000000e+00 2.000000000000000000e+00 2.000000000000000000e+01 2.999999999999999889e-01 5.594631237210116867e-04 9.727622668352098063e-04 2.731009633994621729e-04 5.124109521098948669e-04
5.000000000000000000e+00 2.000000000000000000e+00 2.000000000000000000e+01 5.000000000000000000e-01 4.576821496099093135e-04 8.004200625770530606e-04 2.060065981640385978e-04 4.077708181486904590e-04
5.000000000000000000e+00 2.000000000000000000e+00 2.000000000000000000e+01 6.999999999999999556e-01 3.501024363464637118e-04 5.936144567512933751e-04 1.278001465956388834e-04 2.325934632697197193e-04
5.000000000000000000e+00 2.000000000000000000e+00 2.000000000000000000e+01 9.000000000000000222e-01 2.759070246074643270e-04 4.022770529616215632e-04 1.134663535855426683e-04 8.137374903648905168e-05
