1.000000000000000000e+00 2.000000000000000000e+00 2.000000000000000000e+01 1.000000000000000056e-01 1.217687620561866500e-03 1.409687366896518338e-03 8.508119021071990909e-04 1.003997205561651647e-03
1.000000000000000000e+00 2.000000000000000000e+00 2.000000000000000000e+01 2.999999999999999889e-01 1.217687620561866500e-03 1.409687366896518338e-03 8.508119021071990909e-04 1.003997205561651647e-03
1.000000000000000000e+00 2.000000000000000000e+00 2.000000000000000000e+01 5.000000000000000000e-01 1.217687620561866500e-03 1.409687366896518338e-03 8.508119021071990909e-04 1.003997205561651647e-03
1.000000000000000000e+00 2.000000000000000000e+00 2.000000000000000000e+01 6.999999999999999556e-01 1.217687620561866500e-03 1.409687366896518338e-03 8.508119021071990909e-04 1.003997205561651647e-03
1.000000000000000000e+00 2.000000000000000000e+00 2.000000000000000000e+01 9.000000000000000222e-01 1.217687620561866500e-03 1.409687366896518338e-03 8.508119021071990909e-04 1.003997205561651647e-03
2.000000000000000000e+00 2.000000000000000000e+00 2.000000000000000000e+01 1.000000000000000056e-01 2.937304548359647577e-04 3.827318384971302142e-04 2.007780515445948264e-04 2.922899589939162261e-04
2.000000000000000000e+00 2.000000000000000000e+00 2.000000000000000000e+01 2.999999999999999889e-01 1.886757870806530862e-04 2.359243167457681365e-04 1.051145154687444677e-04 1.451109735612835362e-04
2.000000000000000000e+00 2.000000000000000000e+00 2.000000000000000000e+01 5.000000000000000000e-01 1.178542455692059207e-04 1.434070204032392561e-04 5.319807830076945431e-05 7.086193029074816085e-05
2.000000000000000000e+00 2.000000000000000000e+00 2.000000000000000000e+01 6.999999999999999556e-01 7.156065242089378465e-05 8.476181718718811358e-05 2.728141072544793057e-05 3.474826788688043021e-05
2.000000000000000000e+00 2.000000000000000000e+00 2.000000000000000000e+01 9.000000000000000222e-01 4.428399490584903990e-05 5.175715727909243870e-05 2.590904213710595397e-05 3.112794277349034038e-05
3.000000000000000000e+00 2.000000000000000000e+00 2.000000000000000000e+01 1.000000000000000056e-01 1.432349692232031649e-04 2.139106991586466034e-04 1.020924114444782168e-04 1.660694663504732921e-04
3.000000000000000000e+00 2.000000000000000000e+00 2.000000000000000000e+01 2.999999999999999889e-01 8.320083657485603649e-05 1.219363091625221273e-04 5.213842614514322890e-05 8.027684239851529851e-05
3.000000000000000000e+00 2.000000000000000000e+00 2.000000000000000000e+01 5.000000000000000000e-01 4.513876900879235522e-05 6.501149183769632119e-05 2.507549333331166423e-05 3.734521792610346203e-05
3.000000000000000000e+00 2.000000000000000000e+00 2.000000000000000000e+01 6.999999999999999556e-01 2.363375474433568587e-05 3.267466488233494498e-05 1.219837491577126556e-05 1.706908118238346993e-05
3.000000000000000000e+00 2.000000000000000000e+00 2.000000000000000000e+01 9.000000000000000222e-01 1.061983349033690703e-05 1.846344156514596836e-05 5.254243748621087234e-06 2.116538663416544697e-05
4.000000000000000000e+00 2.000000000000000000e+00 2.000000000000000000e+01 1.000000000000000056e-01 7.842358522743251854e-05 1.389388913766843414e-04 7.137458578540420385e-05 1.464146653311749579e-04
4.000000000000000000e+00 2.000000000000000000e+00 2.000000000000000000e+01 2.999999999999999889e-01 4.278820244787837805e-05 7.099933695819340572e-05 3.151003982772352497e-05 5.942572248420427292e-05
4.000000000000000000e+00 2.000000000000000000e+00 2.000000000000000000e+01 5.000000000000000000e-01 2.317537305079881679e-05 3.610220239374144967e-05 1.364927382133305730e-05 2.378451983889997510e-05
4.000000000000000000e+00 2.000000000000000000e+00 2.000000000000000000e+01 6.999999999999999556e-01 1.114494147203563838e-05 1.660304249455876169e-05 4.196979694449829592e-06 6.599654903397853166e-06
4.000000000000000000e+00 2.000000000000000000e+00 2.000000000000000000e+01 9.000000000000000222e-01 4.590273678008920458e-06 6.256294220609332979e-06 8.600669971854809028e-07 1.360732499379491084e-06
5.000000000000000000e+00 2.000000000000000000e+00 2.000000000000000000e+01 1.000000000000000056e-01 2.800557328722444868e-05 5.365990810006215645e-05 3.404269677549221342e-05 6.982867634007861100e-05
5.000000000000000000e+00 2.000000000000000000e+00 2.000000000000000000e+01 2.999999999999999889e-01 1.622099109670898192e-05 2.996273783530205745e-05 1.462418577959038183e-05 2.915606881166540778e-05
5.000000000000000000e+00 2.000000000000000000e+00 2.000000000000000000e+01 5.000000000000000000e-01 9.093135572360330456e-06 1.606949941381108523e-05 5.707984372296777349e-06 1.072092740810382128e-05
5.000000000000000000e+00 2.000000000000000000e+00 2.000000000000000000e+01 6.999999999999999556e-01 4.973368155967920955e-06 8.498191099766083082e-06 2.213756682543923557e-06 3.977406270130920278e-06
5.000000000000000000e+00 2.000000000000000000e+00 2.000000000000000000e+01 9.000000000000000222e-01 2.481064632002097125e-06 3.746474139456401193e-06 7.227621766553502385e-07 1.006176650802698394e-06
