1.000000000000000000e+00 2.000000000000000000e+00 2.000000000000000000e+01 1.000000000000000056e-01 1.685455210465134886e-03 1.967529819319119473e-03 7.301619291066696431e-04 8.407359088136036980e-04
1.000000000000000000e+00 2.000000000000000000e+00 2.000000000000000000e+01 2.999999999999999889e-01 1.685455210465134886e-03 1.967529819319119473e-03 7.301619291066696431e-04 8.407359088136036980e-04
1.000000000000000000e+00 2.000000000000000000e+00 2.000000000000000000e+01 5.000000000000000000e-01 1.685455210465134886e-03 1.967529819319119473e-03 7.301619291066696431e-04 8.407359088136036980e-04
1.000000000000000000e+00 2.000000000000000000e+00 2.000000000000000000e+01 6.999999999999999556e-01 1.685455210465134886e-03 1.967529819319119473e-03 7.301619291066696431e-04 8.407359088136036980e-04
1.000000000000000000e+00 2.000000000000000000e+00 2.000000000000000000e+01 9.000000000000000222e-01 1.685455210465134886e-03 1.967529819319119473e-03 7.301619291066696431e-04 8.407359088136036980e-04
2.000000000000000000e+00 2.000000000000000000e+00 2.000000000000000000e+01 1.000000000000000056e-01 1.036675603985095801e-03 1.335612868621451153e-03 6.407077186116963158e-04 8.224154107389048621e-04
2.000000000000000000e+00 2.000000000000000000e+00 2.000000000000000000e+01 2.999999999999999889e-01 8.740783651435175567e-04 1.132042097244106635e-03 5.873604410097497562e-04 7.524989771757185876e-04
2.000000000000000000e+00 2.000000000000000000e+00 2.000000000000000000e+01 5.000000000000000000e-01 6.807911507724476218e-04 8.863672459428368353e-04 4.996925479071841810e-04 6.372700767983112023e-04
2.000000000000000000e+00 2.000000000000000000e+00 2.000000000000000000e+01 6.999999999999999556e-01 4.546308327815902451e-04 5.986304974386097866e-04 3.561847753547682949e-04 4.445266474996422746e-04
2.000000000000000000e+00 2.000000000000000000e+00 2.000000000000000000e+01 9.000000000000000222e-01 2.511253886116931100e-04 3.315898539461804503e-04 1.384550776299188252e-04 1.722068057450671817e-04
3.000000000000000000e+00 2.000000000000000000e+00 2.000000000000000000e+01 1.000000000000000056e-01 7.782599750167827016e-04 1.163976984779962814e-03 4.136193008655813077e-04 5.957192831929359863e-04
3.000000000000000000e+00 2.000000000000000000e+00 2.000000000000000000e+01 2.999999999999999889e-01 5.778336156530112459e-04 8.837482628462208726e-04 3.314262053765810925e-04 4.958738986054857852e-04
3.000000000000000000e+00 2.000000000000000000e+00 2.000000000000000000e+01 5.000000000000000000e-01 3.825723010015417481e-04 5.943135297579631507e-04 2.169199667849484989e-04 3.368116167478477909e-04
3.000000000000000000e+00 2.000000000000000000e+00 2.000000000000000000e+01 6.999999999999999556e-01 2.254162740388177997e-04 3.542564584327290112e-04 1.092568693684359228e-04 1.774853478112876231e-04
3.000000000000000000e+00 2.000000000000000000e+00 2.000000000000000000e+01 9.000000000000000222e-01 1.115600398170073259e-04 1.850245320879612793e-04 4.001431284675733652e-05 7.791009360080606552e-05
4.000000000000000000e+00 2.000000000000000000e+00 2.000000000000000000e+01 1.000000000000000056e-01 4.634430465457084372e-04 8.351423075795250898e-04 4.098094358773374983e-04 7.232157993966224991e-04
4.000000000000000000e+00 2.000000000000000000e+00 2.000000000000000000e+01 2.999999999999999889e-01 3.414421406990658572e-04 6.169084038310346891e-04 3.329915719669581005e-04 6.032309383664398450e-04
4.000000000000000000e+00 2.000000000000000000e+00 2.000000000000000000e+01 5.000000000000000000e-01 2.201778859492095597e-04 4.005287490257133996e-04 2.216592454344950202e-04 4.015373268429635431e-04
4.000000000000000000e+00 2.000000000000000000e+00 2.000000000000000000e+01 6.999999999999999556e-01 1.188277207546703084e-04 2.175415112416674590e-04 1.013623072334335958e-04 1.820468990057573413e-04
4.000000000000000000e+00 2.000000000000000000e+00 2.000000000000000000e+01 9.000000000000000222e-01 5.567745793603029160e-05 1.002463782025748913e-04 2.619853078420332840e-05 4.560504440962719492e-05
5.000000000000000000e+00 2.000000000000000000e+00 2.000000000000000000e+01 1.000000000000000056e-01 1.732854083420847739e-04 3.564189598524976159e-04 1.960392664465381029e-04 3.782678031797823419e-04
5.000000000000000000e+00 2.000000000000000000e+00 2.000000000000000000e+01 2.999999999999999889e-01 1.217601269422181030e-04 2.471542715055513031e-04 1.229130080819296775e-04 2.328168546070896326e-04
5.000000000000000000e+00 2.000000000000000000e+00 2.000000000000000000e+01 5.000000000000000000e-01 7.883642957865998600e-05 1.581393659441027231e-04 6.603435629075263670e-05 1.189156612998645818e-04
5.000000000000000000e+00 2.000000000000000000e+00 2.000000000000000000e+01 6.999999999999999556e-01 4.746743724480874426e-05 9.510873032952677896e-05 3.063526827363671128e-05 5.441968497613060041e-05
5.000000000000000000e+00 2.000000000000000000e+00 2.000000000000000000e+01 9.000000000000000222e-01 2.534993050412618151e-05 4.841841505888787669e-05 1.207461060375473940e-05 1.815624056458556244e-05
