1.000000000000000000e+00 2.000000000000000000e+00 2.000000000000000000e+01 0.000000000000000000e+00 1.072770153540920243e-05 1.111559964222644675e-05 1.244236325919311525e-07 1.105885646548215758e-07
1.000000000000000000e+00 2.000000000000000000e+00 2.000000000000000000e+01 2.000000000000000111e-01 1.072770153540920243e-05 1.111559964222644675e-05 1.244236325919311525e-07 1.105885646548215758e-07
1.000000000000000000e+00 2.000000000000000000e+00 2.000000000000000000e+01 4.000000000000000222e-01 1.072770153540920243e-05 1.111559964222644675e-05 1.244236325919311525e-07 1.105885646548215758e-07
1.000000000000000000e+00 2.000000000000000000e+00 2.000000000000000000e+01 5.999999999999999778e-01 1.072770153540920243e-05 1.111559964222644675e-05 1.244236325919311525e-07 1.105885646548215758e-07
1.000000000000000000e+00 2.000000000000000000e+00 2.000000000000000000e+01 8.000000000000000444e-01 1.072770153540920243e-05 1.111559964222644675e-05 1.244236325919311525e-07 1.105885646548215758e-07
1.000000000000000000e+00 2.000000000000000000e+00 2.000000000000000000e+01 1.000000000000000000e+00 1.072770153540920243e-05 1.111559964222644675e-05 1.244236325919311525e-07 1.105885646548215758e-07
2.000000000000000000e+00 2.000000000000000000e+00 2.000000000000000000e+01 0.000000000000000000e+00 1.009526283960514672e-05 1.169096351204350631e-05 9.723020732120898968e-08 1.556979106358476886e-07
2.000000000000000000e+00 2.000000000000000000e+00 2.000000000000000000e+01 2.000000000000000111e-01 1.010207709356291188e-05 1.166883847117531749e-05 9.661962746635901413e-08 2.280864509881665956e-07
2.000000000000000000e+00 2.000000000000000000e+00 2.000000000000000000e+01 4.000000000000000222e-01 1.005435916619264254e-05 1.151010599321666018e-05 1.058767798958483111e-07 3.032414038200850852e-07
2.000000000000000000e+00 2.000000000000000000e+00 2.000000000000000000e+01 5.999999999999999778e-01 9.959118802210027206e-06 1.117442074454501401e-05 1.362950538178161844e-07 3.125136157567548735e-07
2.000000000000000000e+00 2.000000000000000000e+00 2.000000000000000000e+01 8.000000000000000444e-01 9.827789574938118459e-06 1.089201344724130130e-05 1.660314224911691888e-07 2.728576508729973342e-07
2.000000000000000000e+00 2.000000000000000000e+00 2.000000000000000000e+01 1.000000000000000000e+00 7.698818704501301168e-05 7.005772621646426672e-05 8.949640017148830984e-08 1.171695762320946179e-07
3.000000000000000000e+00 2.000000000000000000e+00 2.000000000000000000e+01 0.000000000000000000e+00 9.418319372963405604e-06 1.240966960168523368e-05 1.498802119378661802e-07 2.607731228756297004e-07
3.000000000000000000e+00 2.000000000000000000e+00 2.000000000000000000e+01 2.000000000000000111e-01 9.460272974573972696e-06 1.238306144162684108e-05 2.336901359563181276e-07 2.908591791021361707e-07
3.000000000000000000e+00 2.000000000000000000e+00 2.000000000000000000e+01 4.000000000000000222e-01 9.352600938711057741e-06 1.219868096175290351e-05 1.686572859226654994e-07 4.132483756915322626e-07
3.000000000000000000e+00 2.000000000000000000e+00 2.000000000000000000e+01 5.999999999999999778e-01 9.279063763651016573e-06 1.186270003170133031e-05 1.772141817591802080e-07 4.227330621904413466e-07
3.000000000000000000e+00 2.000000000000000000e+00 2.000000000000000000e+01 8.000000000000000444e-01 9.170075411990557960e-06 1.147623677903207547e-05 1.546745643967404456e-07 4.461128343575320504e-07
3.000000000000000000e+00 2.000000000000000000e+00 2.000000000000000000e+01 1.000000000000000000e+00 5.089875892171433769e-01 2.029647486384388022e-02 1.526731874301649583e+00 6.067931751370343046e-02
4.000000000000000000e+00 2.000000000000000000e+00 2.000000000000000000e+01 0.000000000000000000e+00 8.839834125700041034e-06 1.305857739975030059e-05 1.460132698659990158e-07 4.187221775649145844e-07
4.000000000000000000e+00 2.000000000000000000e+00 2.000000000000000000e+01 2.000000000000000111e-01 8.827657763249742987e-06 1.309712430623595057e-05 1.209713831181381913e-07 3.692132161770403959e-07
4.000000000000000000e+00 2.000000000000000000e+00 2.000000000000000000e+01 4.000000000000000222e-01 8.805353557934746163e-06 1.295877917479957493e-05 1.450436543749622957e-07 4.203698899352944347e-07
4.000000000000000000e+00 2.000000000000000000e+00 2.000000000000000000e+01 5.999999999999999778e-01 8.701742845466098873e-06 1.245341528473184920e-05 1.714641416643281933e-07 4.557443847269354787e-07
4.000000000000000000e+00 2.000000000000000000e+00 2.000000000000000000e+01 8.000000000000000444e-01 8.637354152710482986e-06 1.190702391928837378e-05 9.865685272659480195e-08 2.477912426110103163e-07
4.000000000000000000e+00 2.000000000000000000e+00 2.000000000000000000e+01 1.000000000000000000e+00 8.091519460050112568e-05 1.106282776317315272e-04 1.190625308473324879e-05 1.218984799826749343e-04
5.000000000000000000e+00 2.000000000000000000e+00 2.000000000000000000e+01 0.000000000000000000e+00 8.397731914118384308e-06 1.346937922365441752e-05 1.119702561804530555e-07 5.175324760635190912e-07
5.000000000000000000e+00 2.000000000000000000e+00 2.000000000000000000e+01 2.000000000000000111e-01 8.385894042462910947e-06 1.351049039631412552e-05 1.780234387692108748e-07 5.695189891598178248e-07
5.000000000000000000e+00 2.000000000000000000e+00 2.000000000000000000e+01 4.000000000000000222e-01 8.284342666001572102e-06 1.330320444503022879e-05 1.536822974770819948e-07 4.557964889410364096e-07
5.000000000000000000e+00 2.000000000000000000e+00 2.000000000000000000e+01 5.999999999999999778e-01 8.220504926606286470e-06 1.300986991946281837e-05 2.300507177206841979e-07 3.717802057396081132e-07
5.000000000000000000e+00 2.000000000000000000e+00 2.000000000000000000e+01 8.000000000000000444e-01 8.166062232650086615e-06 1.250667631897170593e-05 1.656954603210429870e-07 3.241790814627727284e-07
5.000000000000000000e+00 2.000000000000000000e+00 2.000000000000000000e+01 1.000000000000000000e+00 7.706380899015138897e-05 7.022423682392641981e-05 1.979557076150992312e-07 5.546383254389569918e-07
