1.000000000000000000e+00 2.000000000000000000e+00 2.000000000000000000e+01 0.000000000000000000e+00 2.183189793251405410e-03 2.413112194405040919e-03 6.856395539834093163e-04 6.767450217105365528e-04
1.000000000000000000e+00 2.000000000000000000e+00 2.000000000000000000e+01 2.000000000000000111e-01 2.183189793251405410e-03 2.413112194405040919e-03 6.856395539834093163e-04 6.767450217105365528e-04
1.000000000000000000e+00 2.000000000000000000e+00 2.000000000000000000e+01 4.000000000000000222e-01 2.183189793251405410e-03 2.413112194405040919e-03 6.856395539834093163e-04 6.767450217105365528e-04
1.000000000000000000e+00 2.000000000000000000e+00 2.000000000000000000e+01 5.999999999999999778e-01 2.183189793251405410e-03 2.413112194405040919e-03 6.856395539834093163e-04 6.767450217105365528e-04
1.000000000000000000e+00 2.000000000000000000e+00 2.000000000000000000e+01 8.000000000000000444e-01 2.183189793251405410e-03 2.413112194405040919e-03 6.856395539834093163e-04 6.767450217105365528e-04
1.000000000000000000e+00 2.000000000000000000e+00 2.000000000000000000e+01 1.000000000000000000e+00 2.183189793251405410e-03 2.413112194405040919e-03 6.856395539834093163e-04 6.767450217105365528e-04
2.000000000000000000e+00 2.000000000000000000e+00 2.000000000000000000e+01 0.000000000000000000e+00 1.372752846816597616e-03 1.757543190589690163e-03 6.023025551868134951e-04 7.637797219881793317e-04
2.000000000000000000e+00 2.000000000000000000e+00 2.000000000000000000e+01 2.000000000000000111e-01 1.276476166537362806e-03 1.638107663406870428e-03 5.726351979022626607e-04 7.298257560118158937e-04
2.000000000000000000e+00 2.000000000000000000e+00 2.000000000000000000e+01 4.000000000000000222e-01 1.169642401597261773e-03 1.502530426254541831e-03 5.293231874418181980e-04 6.746572538024166394e-04
2.000000000000000000e+00 2.000000000000000000e+00 2.000000000000000000e+01 5.999999999999999778e-01 1.042087800809265606e-03 1.334471131173437398e-03 4.879251186711373173e-04 6.130862512799369534e-04
2.000000000000000000e+00 2.000000000000000000e+00 2.000000000000000000e+01 8.000000000000000444e-01 8.608866886599527909e-04 1.091491417977942611e-03 4.338903808838960184e-04 5.207967555006455702e-04
2.000000000000000000e+00 2.000000000000000000e+00 2.000000000000000000e+01 1.000000000000000000e+00 5.236930768854155573e-03 4.839531183938921600e-03 6.281492403469823331e-06 7.438771260313956332e-06
3.000000000000000000e+00 2.000000000000000000e+00 2.000000000000000000e+01 0.000000000000000000e+00 1.342983966716165736e-03 1.883178585458824758e-03 4.060404513353751423e-04 5.514854702198582724e-04
3.000000000000000000e+00 2.000000000000000000e+00 2.000000000000000000e+01 2.000000000000000111e-01 1.206281301744349579e-03 1.687222720348771242e-03 3.948847299192519622e-04 5.356505362621027944e-04
3.000000000000000000e+00 2.000000000000000000e+00 2.000000000000000000e+01 4.000000000000000222e-01 1.052160483940548126e-03 1.472417909972265678e-03 3.926971357119709693e-04 5.263076376086597190e-04
3.000000000000000000e+00 2.000000000000000000e+00 2.000000000000000000e+01 5.999999999999999778e-01 8.577236058831254773e-04 1.205052553608356716e-03 3.691295393051232873e-04 4.883023605202370648e-04
3.000000000000000000e+00 2.000000000000000000e+00 2.000000000000000000e+01 8.000000000000000444e-01 5.881357416417725640e-04 8.460289829628396758e-04 2.760333723468562741e-04 3.508232511563790044e-04
3.000000000000000000e+00 2.000000000000000000e+00 2.000000000000000000e+01 1.000000000000000000e+00 1.066980834554594609e-01 1.111589757339497275e-01 3.044362476634755454e-01 3.188443497033398577e-01
4.000000000000000000e+00 2.000000000000000000e+00 2.000000000000000000e+01 0.000000000000000000e+00 9.522202022577833710e-04 1.491061724139753058e-03 3.778035895913752482e-04 6.326425345784345705e-04
4.000000000000000000e+00 2.000000000000000000e+00 2.000000000000000000e+01 2.000000000000000111e-01 8.315961553243808374e-04 1.292762931915421168e-03 3.708435696603047541e-04 6.025362250875366957e-04
4.000000000000000000e+00 2.000000000000000000e+00 2.000000000000000000e+01 4.000000000000000222e-01 6.934575574899212768e-04 1.084649751636583082e-03 3.625939508229315410e-04 5.607286973403776374e-04
4.000000000000000000e+00 2.000000000000000000e+00 2.000000000000000000e+01 5.999999999999999778e-01 5.487336467664295087e-04 8.689458123175115237e-04 3.536205054145558210e-04 5.225316896761236264e-04
4.000000000000000000e+00 2.000000000000000000e+00 2.000000000000000000e+01 8.000000000000000444e-01 3.838821524035568918e-04 6.125347108764534875e-04 2.771846235637144247e-04 3.928970442141476046e-04
4.000000000000000000e+00 2.000000000000000000e+00 2.000000000000000000e+01 1.000000000000000000e+00 5.755499392490868657e-03 7.938471123966069076e-03 1.572481246114354513e-03 9.209451695271243798e-03
5.000000000000000000e+00 2.000000000000000000e+00 2.000000000000000000e+01 0.000000000000000000e+00 5.850167986953339885e-04 1.044481609388538210e-03 3.416150987458565721e-04 5.589230272603491582e-04
5.000000000000000000e+00 2.000000000000000000e+00 2.000000000000000000e+01 2.000000000000000111e-01 5.001461837713113518e-04 8.803058936348187678e-04 2.941603146862800883e-04 4.679863504088470545e-04
5.000000000000000000e+00 2.000000000000000000e+00 2.000000000000000000e+01 4.000000000000000222e-01 4.100581996258921341e-04 7.205603486621291968e-04 2.340608504248239507e-04 3.633666719991437803e-04
5.000000000000000000e+00 2.000000000000000000e+00 2.000000000000000000e+01 5.999999999999999778e-01 3.128262414499541496e-04 5.610613401714055438e-04 1.549325995267966563e-04 2.360393594950442554e-04
5.000000000000000000e+00 2.000000000000000000e+00 2.000000000000000000e+01 8.000000000000000444e-01 2.163442136593572295e-04 4.004774198412602219e-04 6.946189560558430098e-05 1.057789659970932998e-04
5.000000000000000000e+00 2.000000000000000000e+00 2.000000000000000000e+01 1.000000000000000000e+00 5.234807509195975490e-03 4.840524185005799437e-03 1.028166618225319308e-05 9.542424152074378650e-06
