1.000000000000000000e+00 2.000000000000000000e+00 2.000000000000000000e+01 1.000000000000000056e-01 8.031662034098605300e-05 9.208446191830976248e-05 5.598824595966361974e-05 6.503494120161313534e-05
1.000000000000000000e+00 2.000000000000000000e+00 2.000000000000000000e+01 2.999999999999999889e-01 8.031662034098605300e-05 9.208446191830976248e-05 5.598824595966361974e-05 6.503494120161313534e-05
1.000000000000000000e+00 2.000000000000000000e+00 2.000000000000000000e+01 5.000000000000000000e-01 8.031662034098605300e-05 9.208446191830976248e-05 5.598824595966361974e-05 6.503494120161313534e-05
1.000000000000000000e+00 2.000000000000000000e+00 2.000000000000000000e+01 6.999999999999999556e-01 8.031662034098605300e-05 9.208446191830976248e-05 5.598824595966361974e-05 6.503494120161313534e-05
1.000000000000000000e+00 2.000000000000000000e+00 2.000000000000000000e+01 9.000000000000000222e-01 8.031662034098605300e-05 9.208446191830976248e-05 5.598824595966361974e-05 6.503494120161313534e-05
2.000000000000000000e+00 2.000000000000000000e+00 2.000000000000000000e+01 1.000000000000000056e-01 9.242106503606793623e-06 1.233184137422380112e-05 5.753759858991721998e-06 7.419275653446873342e-06
2.000000000000000000e+00 2.000000000000000000e+00 2.000000000000000000e+01 2.999999999999999889e-01 5.355645625697556019e-06 7.001808484886848044e-06 3.338860231091129488e-06 4.082721833311492765e-06
2.000000000000000000e+00 2.000000000000000000e+00 2.000000000000000000e+01 5.000000000000000000e-01 3.067495664976899410e-06 3.940695752395965951e-06 1.926649351419698352e-06 2.214133476793898991e-06
2.000000000000000000e+00 2.000000000000000000e+00 2.000000000000000000e+01 6.999999999999999556e-01 1.738873394332217369e-06 2.209333728050448139e-06 1.141318058169889876e-06 1.305458379383359847e-06
2.000000000000000000e+00 2.000000000000000000e+00 2.000000000000000000e+01 9.000000000000000222e-01 1.039858756847118163e-06 1.269337929405378230e-06 8.587507501812045981e-07 1.052398911114909807e-06
3.000000000000000000e+00 2.000000000000000000e+00 2.000000000000000000e+01 1.000000000000000056e-01 3.942055514534684581e-06 6.050968157696185449e-06 3.016796557368448922e-06 4.783206884542522261e-06
3.000000000000000000e+00 2.000000000000000000e+00 2.000000000000000000e+01 2.999999999999999889e-01 2.065156263754911756e-06 3.052730813809763793e-06 1.807365150472311553e-06 2.636437212350843760e-06
3.000000000000000000e+00 2.000000000000000000e+00 2.000000000000000000e+01 5.000000000000000000e-01 1.090775222610707059e-06 1.598268093825175257e-06 1.035619856089242450e-06 1.556602713395340608e-06
3.000000000000000000e+00 2.000000000000000000e+00 2.000000000000000000e+01 6.999999999999999556e-01 5.628326318881956048e-07 8.021985949689325343e-07 6.627670286512238814e-07 9.443040109368333088e-07
3.000000000000000000e+00 2.000000000000000000e+00 2.000000000000000000e+01 9.000000000000000222e-01 2.922731782687648213e-07 4.032336224572858258e-07 4.856073183310135183e-07 7.011512865733715919e-07
4.000000000000000000e+00 2.000000000000000000e+00 2.000000000000000000e+01 1.000000000000000056e-01 1.169496836876207244e-06 2.056809627455822975e-06 5.255775872461037358e-07 9.356297703638567475e-07
4.000000000000000000e+00 2.000000000000000000e+00 2.000000000000000000e+01 2.999999999999999889e-01 6.364187856205181428e-07 1.077668017554066480e-06 2.549208474039969808e-07 4.127173366504873464e-07
4.000000000000000000e+00 2.000000000000000000e+00 2.000000000000000000e+01 5.000000000000000000e-01 3.318897184681097660e-07 5.282565372054746070e-07 1.205429215825824856e-07 1.825366115622209844e-07
4.000000000000000000e+00 2.000000000000000000e+00 2.000000000000000000e+01 6.999999999999999556e-01 1.580000246772129194e-07 2.324645056725516925e-07 4.563217257199188946e-08 5.669805253771769661e-08
4.000000000000000000e+00 2.000000000000000000e+00 2.000000000000000000e+01 9.000000000000000222e-01 7.799846221692398939e-08 8.850707125995179679e-08 6.761284964596365033e-08 2.611524027597760440e-08
5.000000000000000000e+00 2.000000000000000000e+00 2.000000000000000000e+01 1.000000000000000056e-01 5.771843926033302206e-07 1.186683410936104779e-06 3.862901966801596974e-07 9.384914407621547045e-07
5.000000000000000000e+00 2.000000000000000000e+00 2.000000000000000000e+01 2.999999999999999889e-01 3.417763213820810271e-07 6.411425743917374409e-07 1.494993798262838487e-07 3.449478479495548510e-07
5.000000000000000000e+00 2.000000000000000000e+00 2.000000000000000000e+01 5.000000000000000000e-01 1.606907364335872070e-07 2.956120311224862518e-07 6.165832472402223611e-08 1.236614433432729433e-07
5.000000000000000000e+00 2.000000000000000000e+00 2.000000000000000000e+01 6.999999999999999556e-01 7.765781473773507803e-08 1.371473317570144018e-07 2.490317169014858482e-08 4.519173110189913117e-08
5.000000000000000000e+00 2.000000000000000000e+00 2.000000000000000000e+01 9.000000000000000222e-01 2.995247886895426843e-08 4.826400926650314168e-08 6.699619698139411872e-09 9.572548591157891682e-09
