1.000000000000000000e+00 2.000000000000000000e+00 2.000000000000000000e+01 0.000000000000000000e+00 8.351573987014704391e-05 8.868742929021688614e-05 5.962416098895351548e-05 6.139513106517289272e-05
1.000000000000000000e+00 2.000000000000000000e+00 2.000000000000000000e+01 2.000000000000000111e-01 8.351573987014704391e-05 8.868742929021688614e-05 5.962416098895351548e-05 6.139513106517289272e-05
1.000000000000000000e+00 2.000000000000000000e+00 2.000000000000000000e+01 4.000000000000000222e-01 8.351573987014704391e-05 8.868742929021688614e-05 5.962416098895351548e-05 6.139513106517289272e-05
1.000000000000000000e+00 2.000000000000000000e+00 2.000000000000000000e+01 5.999999999999999778e-01 8.351573987014704391e-05 8.868742929021688614e-05 5.962416098895351548e-05 6.139513106517289272e-05
1.000000000000000000e+00 2.000000000000000000e+00 2.000000000000000000e+01 8.000000000000000444e-01 8.351573987014704391e-05 8.868742929021688614e-05 5.962416098895351548e-05 6.139513106517289272e-05
1.000000000000000000e+00 2.000000000000000000e+00 2.000000000000000000e+01 1.000000000000000000e+00 8.351573987014704391e-05 8.868742929021688614e-05 5.962416098895351548e-05 6.139513106517289272e-05
2.000000000000000000e+00 2.000000000000000000e+00 2.000000000000000000e+01 0.000000000000000000e+00 1.245085688699462269e-05 1.472844591199295352e-05 7.893690647806972494e-06 8.960871219857780880e-06
2.000000000000000000e+00 2.000000000000000000e+00 2.000000000000000000e+01 2.000000000000000111e-01 7.344624354412410168e-06 8.508462632989768920e-06 4.702372405960393725e-06 5.083547722046728913e-06
2.000000000000000000e+00 2.000000000000000000e+00 2.000000000000000000e+01 4.000000000000000222e-01 4.251646943288035896e-06 4.841834471488545057e-06 2.727077305757875374e-06 2.871824277311418069e-06
2.000000000000000000e+00 2.000000000000000000e+00 2.000000000000000000e+01 5.999999999999999778e-01 2.430917368801683856e-06 2.741415374925455699e-06 1.554852682473079565e-06 1.627108400076625177e-06
2.000000000000000000e+00 2.000000000000000000e+00 2.000000000000000000e+01 8.000000000000000444e-01 1.414254638905887699e-06 1.626575362468028063e-06 1.032669861840274174e-06 1.178929061207039540e-06
2.000000000000000000e+00 2.000000000000000000e+00 2.000000000000000000e+01 1.000000000000000000e+00 6.930584955782109757e-03 6.867681117491466689e-03 1.425136488069705604e-07 9.086142150011989469e-07
3.000000000000000000e+00 2.000000000000000000e+00 2.000000000000000000e+01 0.000000000000000000e+00 5.409361258970624481e-06 8.231029593913470545e-06 3.873041074470296981e-06 6.779880150965013070e-06
3.000000000000000000e+00 2.000000000000000000e+00 2.000000000000000000e+01 2.000000000000000111e-01 2.826349230715059298e-06 4.378444162856053193e-06 2.143345244363893922e-06 4.186779982369906806e-06
3.000000000000000000e+00 2.000000000000000000e+00 2.000000000000000000e+01 4.000000000000000222e-01 1.498333959003437219e-06 2.299615117223820902e-06 1.307575801171198039e-06 2.470845587649290994e-06
3.000000000000000000e+00 2.000000000000000000e+00 2.000000000000000000e+01 5.999999999999999778e-01 8.200593344506393870e-07 1.216248753304547339e-06 8.573264115585271913e-07 1.523027082090016365e-06
3.000000000000000000e+00 2.000000000000000000e+00 2.000000000000000000e+01 8.000000000000000444e-01 3.803718187942545769e-07 7.051237566471847578e-07 4.808834851080716016e-07 1.267393704459184989e-06
3.000000000000000000e+00 2.000000000000000000e+00 2.000000000000000000e+01 1.000000000000000000e+00 8.253233914747952482e-02 5.492468407933572688e-02 2.268234918985497506e-01 1.441875453723504841e-01
4.000000000000000000e+00 2.000000000000000000e+00 2.000000000000000000e+01 0.000000000000000000e+00 1.704820400015231833e-06 2.834339413690266467e-06 7.841249921831652230e-07 1.481995060626469204e-06
4.000000000000000000e+00 2.000000000000000000e+00 2.000000000000000000e+01 2.000000000000000111e-01 8.870873388760559650e-07 1.413081022921367341e-06 3.625608264233130441e-07 5.988525240461834552e-07
4.000000000000000000e+00 2.000000000000000000e+00 2.000000000000000000e+01 4.000000000000000222e-01 4.517709764797109901e-07 6.972465496263100860e-07 1.550229448703609823e-07 2.240337712102946393e-07
4.000000000000000000e+00 2.000000000000000000e+00 2.000000000000000000e+01 5.999999999999999778e-01 2.479420570161782028e-07 3.474858848576138660e-07 9.004395602279084555e-08 1.011378010500187330e-07
4.000000000000000000e+00 2.000000000000000000e+00 2.000000000000000000e+01 8.000000000000000444e-01 9.987208478081795601e-08 1.401708821374401090e-07 2.455920662901748407e-08 3.288664273022702472e-08
4.000000000000000000e+00 2.000000000000000000e+00 2.000000000000000000e+01 1.000000000000000000e+00 7.272041534649763619e-03 9.305365012520468507e-03 1.038115306213058860e-03 7.222464151584171051e-03
5.000000000000000000e+00 2.000000000000000000e+00 2.000000000000000000e+01 0.000000000000000000e+00 8.668168300786461267e-07 1.586364252182918556e-06 6.849468246739349045e-07 1.360905573504297116e-06
5.000000000000000000e+00 2.000000000000000000e+00 2.000000000000000000e+01 2.000000000000000111e-01 4.451952658848756452e-07 7.865578277040798609e-07 2.594661472754637231e-07 5.364092138404934568e-07
5.000000000000000000e+00 2.000000000000000000e+00 2.000000000000000000e+01 4.000000000000000222e-01 2.262897089319487112e-07 4.005889772083748271e-07 1.041768021309712685e-07 2.132029434939360252e-07
5.000000000000000000e+00 2.000000000000000000e+00 2.000000000000000000e+01 5.999999999999999778e-01 1.130714304756792691e-07 1.894478693025555809e-07 4.326479649600694800e-08 7.595792962708296695e-08
5.000000000000000000e+00 2.000000000000000000e+00 2.000000000000000000e+01 8.000000000000000444e-01 5.497476652769652909e-08 8.386275326385823279e-08 1.604344600264082707e-08 2.324094382955329857e-08
5.000000000000000000e+00 2.000000000000000000e+00 2.000000000000000000e+01 1.000000000000000000e+00 6.919871513065241515e-03 6.945191958623140802e-03 3.188315825883951800e-05 2.337600470713352852e-04
