1.000000000000000000e+00 2.000000000000000000e+00 2.000000000000000000e+01 0.000000000000000000e+00 1.901672500536103969e-03 1.957318159167752321e-03 7.859548718764197521e-04 7.864296143238220117e-04
1.000000000000000000e+00 2.000000000000000000e+00 2.000000000000000000e+01 2.000000000000000111e-01 1.901672500536103969e-03 1.957318159167752321e-03 7.859548718764197521e-04 7.864296143238220117e-04
1.000000000000000000e+00 2.000000000000000000e+00 2.000000000000000000e+01 4.000000000000000222e-01 1.901672500536103969e-03 1.957318159167752321e-03 7.859548718764197521e-04 7.864296143238220117e-04
1.000000000000000000e+00 2.000000000000000000e+00 2.000000000000000000e+01 5.999999999999999778e-01 1.901672500536103969e-03 1.957318159167752321e-03 7.859548718764197521e-04 7.864296143238220117e-04
1.000000000000000000e+00 2.000000000000000000e+00 2.000000000000000000e+01 8.000000000000000444e-01 1.901672500536103969e-03 1.957318159167752321e-03 7.859548718764197521e-04 7.864296143238220117e-04
1.000000000000000000e+00 2.000000000000000000e+00 2.000000000000000000e+01 1.000000000000000000e+00 1.901672500536103969e-03 1.957318159167752321e-03 7.859548718764197521e-04 7.864296143238220117e-04
2.000000000000000000e+00 2.000000000000000000e+00 2.000000000000000000e+01 0.000000000000000000e+00 1.289658448839647257e-03 1.432190545229497470e-03 7.513647054861798081e-04 8.441194257348736242e-04
2.000000000000000000e+00 2.000000000000000000e+00 2.000000000000000000e+01 2.000000000000000111e-01 1.120735974838527049e-03 1.265774382558118322e-03 6.893631544749834975e-04 8.022215378813611847e-04
2.000000000000000000e+00 2.000000000000000000e+00 2.000000000000000000e+01 4.000000000000000222e-01 9.073017928446184144e-04 1.046832255951421660e-03 5.962837253641520676e-04 7.277547638046639924e-04
2.000000000000000000e+00 2.000000000000000000e+00 2.000000000000000000e+01 5.999999999999999778e-01 6.647320264404269060e-04 7.786219799209747250e-04 4.776071154878469972e-04 5.925858056254047854e-04
2.000000000000000000e+00 2.000000000000000000e+00 2.000000000000000000e+01 8.000000000000000444e-01 3.999786054541648291e-04 4.647852124865435000e-04 2.714434625930546379e-04 3.334046282472783460e-04
2.000000000000000000e+00 2.000000000000000000e+00 2.000000000000000000e+01 1.000000000000000000e+00 5.559041810885166982e-03 5.135770688591107316e-03 2.475716848866518613e-07 1.167172237557388976e-06
3.000000000000000000e+00 2.000000000000000000e+00 2.000000000000000000e+01 0.000000000000000000e+00 1.024614174012861059e-03 1.341045996015885347e-03 5.063017724477786091e-04 6.539164300740480350e-04
3.000000000000000000e+00 2.000000000000000000e+00 2.000000000000000000e+01 2.000000000000000111e-01 7.983811691221664921e-04 1.035412736080049438e-03 4.350624629088152323e-04 5.633218293767249408e-04
3.000000000000000000e+00 2.000000000000000000e+00 2.000000000000000000e+01 4.000000000000000222e-01 5.716622348949215639e-04 7.367692299999721584e-04 3.373973440836827925e-04 4.222151829835126013e-04
3.000000000000000000e+00 2.000000000000000000e+00 2.000000000000000000e+01 5.999999999999999778e-01 3.595399218922964166e-04 4.570149588128220516e-04 2.009200335069194281e-04 2.499767475821864293e-04
3.000000000000000000e+00 2.000000000000000000e+00 2.000000000000000000e+01 8.000000000000000444e-01 1.923902846041756413e-04 2.437782342941795125e-04 8.686846789382234241e-05 1.081158073558747992e-04
3.000000000000000000e+00 2.000000000000000000e+00 2.000000000000000000e+01 1.000000000000000000e+00 1.056025568041202706e-01 1.073494366634694108e-01 3.001281166373399589e-01 3.066275973385668152e-01
4.000000000000000000e+00 2.000000000000000000e+00 2.000000000000000000e+01 0.000000000000000000e+00 6.399187188325896518e-04 9.029979672508919039e-04 5.258743510578082168e-04 7.256085589454427552e-04
4.000000000000000000e+00 2.000000000000000000e+00 2.000000000000000000e+01 2.000000000000000111e-01 4.916054486437570125e-04 6.997448396812695846e-04 4.541822061181231894e-04 6.439421208065151774e-04
4.000000000000000000e+00 2.000000000000000000e+00 2.000000000000000000e+01 4.000000000000000222e-01 3.465368633747115037e-04 4.948793199811715943e-04 3.517486545010413434e-04 5.012565814032362644e-04
4.000000000000000000e+00 2.000000000000000000e+00 2.000000000000000000e+01 5.999999999999999778e-01 2.028511305060954999e-04 2.881866427839430513e-04 1.918436800203344214e-04 2.761105917820421362e-04
4.000000000000000000e+00 2.000000000000000000e+00 2.000000000000000000e+01 8.000000000000000444e-01 9.974540472395495335e-05 1.398556148354334423e-04 6.743579999930225731e-05 9.365464539779156045e-05
4.000000000000000000e+00 2.000000000000000000e+00 2.000000000000000000e+01 1.000000000000000000e+00 5.636008397804787018e-03 5.176944664199547089e-03 2.463122169590900665e-04 7.628388636774982839e-05
5.000000000000000000e+00 2.000000000000000000e+00 2.000000000000000000e+01 0.000000000000000000e+00 2.500654630825697934e-04 4.202495059293232102e-04 2.702235556256957802e-04 4.571325691207056541e-04
5.000000000000000000e+00 2.000000000000000000e+00 2.000000000000000000e+01 2.000000000000000111e-01 1.807310614268061344e-04 3.017743426379165621e-04 1.868038736128590355e-04 3.198954166274629971e-04
5.000000000000000000e+00 2.000000000000000000e+00 2.000000000000000000e+01 4.000000000000000222e-01 1.241045018966899422e-04 2.057769628094802442e-04 1.129843946480093008e-04 1.931527303758580566e-04
5.000000000000000000e+00 2.000000000000000000e+00 2.000000000000000000e+01 5.999999999999999778e-01 7.675656466089801730e-05 1.257872935395889374e-04 5.701688006086483128e-05 9.789451386115606785e-05
5.000000000000000000e+00 2.000000000000000000e+00 2.000000000000000000e+01 8.000000000000000444e-01 4.305955462936133393e-05 6.911498436581542480e-05 2.188168326843598050e-05 3.811833387486880892e-05
5.000000000000000000e+00 2.000000000000000000e+00 2.000000000000000000e+01 1.000000000000000000e+00 5.572802463593023309e-03 5.176126549028612148e-03 4.118599057431623038e-05 1.202852338935613566e-04
