1.000000000000000000e+00 2.000000000000000000e+00 2.000000000000000000e+01 0.000000000000000000e+00 1.024281271919953934e-03 1.383003227375300282e-03 7.216806083986640648e-04 9.745885646310169367e-04
1.000000000000000000e+00 2.000000000000000000e+00 2.000000000000000000e+01 2.000000000000000111e-01 1.024281271919953934e-03 1.383003227375300282e-03 7.216806083986640648e-04 9.745885646310169367e-04
1.000000000000000000e+00 2.000000000000000000e+00 2.000000000000000000e+01 4.000000000000000222e-01 1.024281271919953934e-03 1.383003227375300282e-03 7.216806083986640648e-04 9.745885646310169367e-04
1.000000000000000000e+00 2.000000000000000000e+00 2.000000000000000000e+01 5.999999999999999778e-01 1.024281271919953934e-03 1.383003227375300282e-03 7.216806083986640648e-04 9.745885646310169367e-04
1.000000000000000000e+00 2.000000000000000000e+00 2.000000000000000000e+01 8.000000000000000444e-01 1.024281271919953934e-03 1.383003227375300282e-03 7.216806083986640648e-04 9.745885646310169367e-04
1.000000000000000000e+00 2.000000000000000000e+00 2.000000000000000000e+01 1.000000000000000000e+00 1.024281271919953934e-03 1.383003227375300282e-03 7.216806083986640648e-04 9.745885646310169367e-04
2.000000000000000000e+00 2.000000000000000000e+00 2.000000000000000000e+01 0.000000000000000000e+00 2.726048228034121763e-04 4.722074316345944815e-04 1.992883236496376283e-04 3.560677530571328782e-04
2.000000000000000000e+00 2.000000000000000000e+00 2.000000000000000000e+01 2.000000000000000111e-01 1.778019620954297191e-04 3.029050533687047608e-04 1.089201761009276031e-04 1.973716059282268418e-04
2.000000000000000000e+00 2.000000000000000000e+00 2.000000000000000000e+01 4.000000000000000222e-01 1.136134978639919741e-04 1.896426237983957620e-04 5.566087989235500724e-05 1.012995643930350950e-04
2.000000000000000000e+00 2.000000000000000000e+00 2.000000000000000000e+01 5.999999999999999778e-01 7.195157640265794686e-05 1.159515625988662721e-04 2.873666437750657264e-05 4.898303949079027157e-05
2.000000000000000000e+00 2.000000000000000000e+00 2.000000000000000000e+01 8.000000000000000444e-01 4.476829453387533910e-05 6.885536294637430708e-05 2.221762102893757923e-05 3.099576309366753018e-05
2.000000000000000000e+00 2.000000000000000000e+00 2.000000000000000000e+01 1.000000000000000000e+00 5.241090640349615679e-03 6.065052494178752203e-03 2.308842687484247735e-05 1.599286636205441209e-05
3.000000000000000000e+00 2.000000000000000000e+00 2.000000000000000000e+01 0.000000000000000000e+00 1.397397729984770206e-04 2.753378992775758097e-04 1.022927524897525049e-04 2.094844309363919196e-04
3.000000000000000000e+00 2.000000000000000000e+00 2.000000000000000000e+01 2.000000000000000111e-01 8.375703349306478512e-05 1.583654498189484932e-04 5.555834315857165971e-05 1.073247290828905005e-04
3.000000000000000000e+00 2.000000000000000000e+00 2.000000000000000000e+01 4.000000000000000222e-01 4.807680853258439538e-05 8.829437925465032718e-05 2.839398683499358813e-05 5.298803735344678040e-05
3.000000000000000000e+00 2.000000000000000000e+00 2.000000000000000000e+01 5.999999999999999778e-01 2.597567671793754720e-05 4.698487614781368579e-05 1.353801141438134178e-05 2.450574538776265180e-05
3.000000000000000000e+00 2.000000000000000000e+00 2.000000000000000000e+01 8.000000000000000444e-01 1.271958460967580155e-05 2.277614269290853495e-05 6.083374236825887820e-06 1.062579989045454435e-05
3.000000000000000000e+00 2.000000000000000000e+00 2.000000000000000000e+01 1.000000000000000000e+00 1.004261363562663767e-01 9.431558549376208023e-02 2.855890440070622538e-01 2.647392575040627971e-01
4.000000000000000000e+00 2.000000000000000000e+00 2.000000000000000000e+01 0.000000000000000000e+00 7.926483638486753820e-05 1.933990321112464379e-04 7.903970703824963009e-05 2.093733308916159491e-04
4.000000000000000000e+00 2.000000000000000000e+00 2.000000000000000000e+01 2.000000000000000111e-01 4.366897089512300170e-05 1.007260724871203482e-04 3.651842038837380231e-05 9.114119926369992821e-05
4.000000000000000000e+00 2.000000000000000000e+00 2.000000000000000000e+01 4.000000000000000222e-01 2.336634432888822678e-05 5.335609931018116768e-05 1.555630369358988665e-05 3.940627920668276628e-05
4.000000000000000000e+00 2.000000000000000000e+00 2.000000000000000000e+01 5.999999999999999778e-01 1.173132787740099559e-05 2.684874765847120018e-05 5.304396155565427646e-06 1.547357673151955555e-05
4.000000000000000000e+00 2.000000000000000000e+00 2.000000000000000000e+01 8.000000000000000444e-01 5.498938933371972480e-06 1.164148386775971346e-05 1.478735307967839104e-06 3.858768051969211997e-06
4.000000000000000000e+00 2.000000000000000000e+00 2.000000000000000000e+01 1.000000000000000000e+00 5.309028199903765774e-03 7.110330396035297214e-03 2.461594566176348426e-04 3.002831684064652222e-03
5.000000000000000000e+00 2.000000000000000000e+00 2.000000000000000000e+01 0.000000000000000000e+00 2.551501331740630942e-05 7.151462619822741991e-05 3.169750625274301941e-05 9.474000650810227540e-05
5.000000000000000000e+00 2.000000000000000000e+00 2.000000000000000000e+01 2.000000000000000111e-01 1.523402893221901189e-05 3.973086837428582284e-05 1.459514669861989431e-05 4.081915648327240858e-05
5.000000000000000000e+00 2.000000000000000000e+00 2.000000000000000000e+01 4.000000000000000222e-01 8.897192317023036012e-06 2.213257106952542264e-05 6.012204880542716592e-06 1.618982893098465473e-05
5.000000000000000000e+00 2.000000000000000000e+00 2.000000000000000000e+01 5.999999999999999778e-01 5.186475848419806335e-06 1.243106851367135990e-05 2.601988467273753868e-06 6.617995707067930123e-06
5.000000000000000000e+00 2.000000000000000000e+00 2.000000000000000000e+01 8.000000000000000444e-01 2.856404053533591865e-06 6.420715412459046751e-06 1.014779480103933383e-06 2.428862993879049585e-06
5.000000000000000000e+00 2.000000000000000000e+00 2.000000000000000000e+01 1.000000000000000000e+00 5.248245620068899345e-03 6.173370823485483001e-03 1.575296996654338211e-05 3.162889590874194191e-04
