1.000000000000000000e+00 1.000000000000000000e+00 6.999999999999999556e-01 3.192872718536958476e-03 3.162337337143082856e-03 2.094440966353769288e-04 2.262282136359251156e-04
1.000000000000000000e+00 5.000000000000000000e+00 6.999999999999999556e-01 2.069519194532689569e-03 2.138661595595582436e-03 8.748183190580901408e-04 8.524411818852400567e-04
1.000000000000000000e+00 1.000000000000000000e+01 6.999999999999999556e-01 1.548330482914963765e-03 1.663069982878635777e-03 9.828078683921713608e-04 9.956606827053965467e-04
1.000000000000000000e+00 1.500000000000000000e+01 6.999999999999999556e-01 1.254639333992825252e-03 1.406609500905876093e-03 9.097874417280073711e-04 1.002195676539951010e-03
1.000000000000000000e+00 2.000000000000000000e+01 6.999999999999999556e-01 1.196193922630013314e-03 1.360156400307194679e-03 8.693760152793622402e-04 9.694117879778885519e-04
1.000000000000000000e+00 2.500000000000000000e+01 6.999999999999999556e-01 1.177480830354542133e-03 1.345019396746232904e-03 8.533517576918681459e-04 9.554505536874694036e-04
2.000000000000000000e+00 1.000000000000000000e+00 6.999999999999999556e-01 2.702121707698836202e-03 2.711652291887074566e-03 2.812167011548117679e-04 2.562543366527685724e-04
2.000000000000000000e+00 5.000000000000000000e+00 6.999999999999999556e-01 6.501798522310457944e-04 7.543446725777368852e-04 1.170104682455675430e-04 1.374991323384714998e-04
2.000000000000000000e+00 1.000000000000000000e+01 6.999999999999999556e-01 2.381933562295542788e-04 2.898913040780744807e-04 5.654829599660824059e-05 7.016506483296838358e-05
2.000000000000000000e+00 1.500000000000000000e+01 6.999999999999999556e-01 1.239935413731589251e-04 1.617984562536498765e-04 4.867926244604568248e-05 6.352593121935650778e-05
2.000000000000000000e+00 2.000000000000000000e+01 6.999999999999999556e-01 8.440859716538254124e-05 1.132111787647528488e-04 3.879002089662935652e-05 5.229648428860774655e-05
2.000000000000000000e+00 2.500000000000000000e+01 6.999999999999999556e-01 6.851867768023268718e-05 8.707157266827538346e-05 3.317580396956021696e-05 4.080822444351306382e-05
3.000000000000000000e+00 1.000000000000000000e+00 6.999999999999999556e-01 2.015211080193776792e-03 2.085757268815717231e-03 2.768998020376233740e-04 2.391549724467891035e-04
3.000000000000000000e+00 5.000000000000000000e+00 6.999999999999999556e-01 4.877417720846724319e-04 5.822435751051819848e-04 7.150583596946246409e-05 8.249287752701211043e-05
3.000000000000000000e+00 1.000000000000000000e+01 6.999999999999999556e-01 9.914423678693399828e-05 1.332351412999297586e-04 5.561724937866589010e-05 7.557903395346704794e-05
3.000000000000000000e+00 1.500000000000000000e+01 6.999999999999999556e-01 2.316723658737013109e-05 3.438687486773672617e-05 5.701415593279538108e-06 8.659773884182723854e-06
3.000000000000000000e+00 2.000000000000000000e+01 6.999999999999999556e-01 3.258148448924771696e-05 5.206997036043019744e-05 2.292866746755931978e-05 4.239002825695586978e-05
3.000000000000000000e+00 2.500000000000000000e+01 6.999999999999999556e-01 1.864477838701609049e-05 2.827654280096670902e-05 6.205547325768094309e-06 1.053529980127880870e-05
4.000000000000000000e+00 1.000000000000000000e+00 6.999999999999999556e-01 1.584827460846281733e-03 1.660453083380342230e-03 2.716659643853184918e-04 2.240510479027794130e-04
4.000000000000000000e+00 5.000000000000000000e+00 6.999999999999999556e-01 2.489114089126870659e-04 3.149483536145915004e-04 9.699915093289783702e-05 1.280928868846931872e-04
4.000000000000000000e+00 1.000000000000000000e+01 6.999999999999999556e-01 7.009239934365339340e-05 1.236151274580024194e-04 9.821351982212242937e-05 2.118633367121443192e-04
4.000000000000000000e+00 1.500000000000000000e+01 6.999999999999999556e-01 1.199337977061105159e-05 1.971300608992275467e-05 4.234903964245201933e-06 7.240333911912025609e-06
4.000000000000000000e+00 2.000000000000000000e+01 6.999999999999999556e-01 1.216631698671485968e-05 2.014114186516859502e-05 3.876116451519133470e-06 6.840549231167005624e-06
4.000000000000000000e+00 2.500000000000000000e+01 6.999999999999999556e-01 1.310833812628548563e-05 2.174071224315154066e-05 6.578279001353984104e-06 1.123975272732574397e-05
5.000000000000000000e+00 1.000000000000000000e+00 6.999999999999999556e-01 1.401839651083832457e-03 1.486970997359350925e-03 3.149504528145617103e-04 2.765082850101997021e-04
5.000000000000000000e+00 5.000000000000000000e+00 6.999999999999999556e-01 1.488498638984921281e-04 1.949678301962750801e-04 3.816743380985003058e-05 4.535238912826965467e-05
5.000000000000000000e+00 1.000000000000000000e+01 6.999999999999999556e-01 2.020456383641257891e-05 3.086936864035362034e-05 9.524657878453496711e-06 1.432664658999377769e-05
5.000000000000000000e+00 1.500000000000000000e+01 6.999999999999999556e-01 8.445376262655531646e-06 1.508601265465386583e-05 4.517459666953218228e-06 8.264200757007913510e-06
5.000000000000000000e+00 2.000000000000000000e+01 6.999999999999999556e-01 5.690366251792507159e-06 9.796317129849559121e-06 3.895564187854751348e-06 5.894614286242489237e-06
5.000000000000000000e+00 2.500000000000000000e+01 6.999999999999999556e-01 5.660561945608468639e-06 1.048173280273648767e-05 2.811146945916183028e-06 5.692501615693423265e-06
