1.000000000000000000e+00 1.000000000000000000e+00 1.000000000000000056e-01 3.111638398227108311e-03 3.270369360830200321e-03 1.955467345687510422e-04 1.607165116922143542e-04
1.000000000000000000e+00 5.000000000000000000e+00 1.000000000000000056e-01 2.089364838742492798e-03 2.198852850717572180e-03 7.984955231263446288e-04 8.906728808400673483e-04
1.000000000000000000e+00 1.000000000000000000e+01 1.000000000000000056e-01 1.589360694198303824e-03 1.734898022691648166e-03 9.438442665373120762e-04 1.049792718733993458e-03
1.000000000000000000e+00 1.500000000000000000e+01 1.000000000000000056e-01 1.299871585433626025e-03 1.430485598764959926e-03 9.219012318475434779e-04 1.007896605469526825e-03
1.000000000000000000e+00 2.000000000000000000e+01 1.000000000000000056e-01 1.238559611376983732e-03 1.377260902541300753e-03 8.780940387822559973e-04 9.727913478792194401e-04
1.000000000000000000e+00 2.500000000000000000e+01 1.000000000000000056e-01 1.215945481420729196e-03 1.365267329118012227e-03 8.583827600364974785e-04 9.633876628329901114e-04
2.000000000000000000e+00 1.000000000000000000e+00 1.000000000000000056e-01 3.054352128094139224e-03 3.271250790186493347e-03 1.933296321172348086e-04 1.989261335321498684e-04
2.000000000000000000e+00 5.000000000000000000e+00 1.000000000000000056e-01 1.311643638446049857e-03 1.397315702291376631e-03 6.162536597038994557e-04 6.899184605887143888e-04
2.000000000000000000e+00 1.000000000000000000e+01 1.000000000000000056e-01 9.403258867210671171e-04 1.081124218016586919e-03 4.545033344224813881e-04 5.225727413851378620e-04
2.000000000000000000e+00 1.500000000000000000e+01 1.000000000000000056e-01 8.755995568327856271e-04 1.112689331604194880e-03 3.957034964580024368e-04 4.950184296431787371e-04
2.000000000000000000e+00 2.000000000000000000e+01 1.000000000000000056e-01 3.063090153338977775e-04 3.779646450750470373e-04 2.252196258901269709e-04 2.738874199743691396e-04
2.000000000000000000e+00 2.500000000000000000e+01 1.000000000000000056e-01 3.795927955358178248e-04 5.031760427227384685e-04 2.787884604307455877e-04 3.839629947139173083e-04
3.000000000000000000e+00 1.000000000000000000e+00 1.000000000000000056e-01 2.614209052505547803e-03 2.831453387550155430e-03 2.457192648249544834e-04 2.689566209371670722e-04
3.000000000000000000e+00 5.000000000000000000e+00 1.000000000000000056e-01 1.365801509775482715e-03 1.542480539969249371e-03 5.449478930848807327e-04 6.044728851287777763e-04
3.000000000000000000e+00 1.000000000000000000e+01 1.000000000000000056e-01 5.205576668521193651e-04 6.564156525155413107e-04 4.185260041410082937e-04 5.271288190855214937e-04
3.000000000000000000e+00 1.500000000000000000e+01 1.000000000000000056e-01 1.204160812324236811e-04 1.741791565156586698e-04 8.503811549158341368e-05 1.349540946874857802e-04
3.000000000000000000e+00 2.000000000000000000e+01 1.000000000000000056e-01 1.463865343001358502e-04 2.218241207885050890e-04 1.043701694194852685e-04 1.640170156935425469e-04
3.000000000000000000e+00 2.500000000000000000e+01 1.000000000000000056e-01 7.598815659819349686e-05 1.142218645122911708e-04 6.477535634508497966e-05 1.048688675806698755e-04
4.000000000000000000e+00 1.000000000000000000e+00 1.000000000000000056e-01 2.317392133536053458e-03 2.427711714344376985e-03 3.419159886790457863e-04 4.103473443990399193e-04
4.000000000000000000e+00 5.000000000000000000e+00 1.000000000000000056e-01 7.543979857243833780e-04 8.601791052565419590e-04 4.469700678315169720e-04 5.129425866099578298e-04
4.000000000000000000e+00 1.000000000000000000e+01 1.000000000000000056e-01 2.008536260365390382e-04 2.759646877300786852e-04 1.382177089303812992e-04 1.893446926167320426e-04
4.000000000000000000e+00 1.500000000000000000e+01 1.000000000000000056e-01 9.242917835515345999e-05 1.485981324573049198e-04 6.532728831422821123e-05 1.066963631080774291e-04
4.000000000000000000e+00 2.000000000000000000e+01 1.000000000000000056e-01 7.916163866880817062e-05 1.402838368439594699e-04 7.593582091698141627e-05 1.387442706589392426e-04
4.000000000000000000e+00 2.500000000000000000e+01 1.000000000000000056e-01 9.965749568325072316e-05 1.704677449248062670e-04 9.323320478263352491e-05 1.711868932044112966e-04
5.000000000000000000e+00 1.000000000000000000e+00 1.000000000000000056e-01 2.376789859926527367e-03 2.554007205923301480e-03 2.698815574731439548e-04 2.964898019950281001e-04
5.000000000000000000e+00 5.000000000000000000e+00 1.000000000000000056e-01 4.194177844042252211e-04 5.112186468488154204e-04 1.117213350994925031e-04 1.428479188349516019e-04
5.000000000000000000e+00 1.000000000000000000e+01 1.000000000000000056e-01 1.212281724390044398e-04 1.741893966725488344e-04 8.865225940329898922e-05 1.306128979535885496e-04
5.000000000000000000e+00 1.500000000000000000e+01 1.000000000000000056e-01 5.775153249504885169e-05 1.052669063451919500e-04 4.839808401123226291e-05 9.519547157650911045e-05
5.000000000000000000e+00 2.000000000000000000e+01 1.000000000000000056e-01 2.795874008738965963e-05 5.396147523245039103e-05 3.443213948970404002e-05 6.782553981976706143e-05
5.000000000000000000e+00 2.500000000000000000e+01 1.000000000000000056e-01 3.340900333061585798e-05 6.882005089117091106e-05 1.681826092249512453e-05 3.943779864288561143e-05
