2.000000000000000000e+00 1.000000000000000000e+00 1.000000000000000000e+00 2.539444617774301843e-03 2.838292409681432513e-03
2.000000000000000000e+00 5.000000000000000000e+00 1.000000000000000000e+00 7.458439285770099292e-04 1.054632652740617642e-03
2.000000000000000000e+00 1.000000000000000000e+01 1.000000000000000000e+00 2.992022400859295299e-04 4.862067324691453818e-04
2.000000000000000000e+00 1.500000000000000000e+01 1.000000000000000000e+00 1.475869057139831753e-04 2.921981943482014014e-04
2.000000000000000000e+00 2.000000000000000000e+01 1.000000000000000000e+00 1.298367481611464608e-04 2.648144731713296895e-04
2.000000000000000000e+00 2.500000000000000000e+01 1.000000000000000000e+00 1.346813806919007668e-04 2.786523091978460932e-04
2.000000000000000000e+00 3.000000000000000000e+01 1.000000000000000000e+00 1.329362837166292671e-04 2.708161795917117857e-04
2.000000000000000000e+00 3.500000000000000000e+01 1.000000000000000000e+00 1.339330659014057584e-04 2.718702436121201793e-04
2.000000000000000000e+00 4.000000000000000000e+01 1.000000000000000000e+00 1.328488381690676526e-04 2.701759653686397846e-04
2.000000000000000000e+00 4.500000000000000000e+01 1.000000000000000000e+00 1.319269950510145774e-04 2.684243721994949289e-04
2.000000000000000000e+00 5.000000000000000000e+01 1.000000000000000000e+00 1.310229179925715326e-04 2.666511359240629855e-04
