2.000000000000000000e+00 1.000000000000000000e+00 1.000000000000000000e+00 3.567468647132712722e-03 3.636767938749134368e-03
2.000000000000000000e+00 5.000000000000000000e+00 1.000000000000000000e+00 3.417123122836396212e-03 3.475386357137827571e-03
2.000000000000000000e+00 1.000000000000000000e+01 1.000000000000000000e+00 3.164615870870464680e-03 3.332396000823684926e-03
2.000000000000000000e+00 1.500000000000000000e+01 1.000000000000000000e+00 2.755367052292694366e-03 2.947892596599231089e-03
2.000000000000000000e+00 2.000000000000000000e+01 1.000000000000000000e+00 2.573337117166261696e-03 2.900031370603407301e-03
2.000000000000000000e+00 2.500000000000000000e+01 1.000000000000000000e+00 2.555738973674387318e-03 2.889319772202411391e-03
2.000000000000000000e+00 3.000000000000000000e+01 1.000000000000000000e+00 2.486464366707682311e-03 2.801471142914489093e-03
2.000000000000000000e+00 3.500000000000000000e+01 1.000000000000000000e+00 2.482456958743887738e-03 2.795310642215729884e-03
2.000000000000000000e+00 4.000000000000000000e+01 1.000000000000000000e+00 2.478708169436210328e-03 2.802094173697046962e-03
2.000000000000000000e+00 4.500000000000000000e+01 1.000000000000000000e+00 2.477954703839918733e-03 2.801408285470840132e-03
2.000000000000000000e+00 5.000000000000000000e+01 1.000000000000000000e+00 2.477354471442224423e-03 2.800882829039846953e-03
