5.000000000000000000e+00 6.250000000000000000e-02 1.000000000000000000e+00 3.102072179457183498e+00 2.125146327597614848e-01
5.000000000000000000e+00 1.250000000000000000e-01 1.000000000000000000e+00 8.807532006136820968e+00 2.860582124401011672e+00
5.000000000000000000e+00 2.500000000000000000e-01 1.000000000000000000e+00 1.976177284253871846e+01 1.687647768816835869e+00
5.000000000000000000e+00 5.000000000000000000e-01 1.000000000000000000e+00 2.089690138052373669e+01 7.310203815643482317e-01
5.000000000000000000e+00 1.000000000000000000e+00 1.000000000000000000e+00 1.600569855337067082e+01 8.355474997223528710e-01
5.000000000000000000e+00 2.000000000000000000e+00 1.000000000000000000e+00 1.248124991275682660e+01 7.992142918177570499e-01
5.000000000000000000e+00 4.000000000000000000e+00 1.000000000000000000e+00 1.152181123380740146e+01 7.831382990016289014e-01
5.000000000000000000e+00 8.000000000000000000e+00 1.000000000000000000e+00 1.102735358267841015e+01 7.984732067948986378e-01
5.000000000000000000e+00 1.600000000000000000e+01 1.000000000000000000e+00 1.096305171944994683e+01 6.501735904874772487e-01
5.000000000000000000e+00 3.200000000000000000e+01 1.000000000000000000e+00 1.065790884327393684e+01 7.107869737794311193e-01
5.000000000000000000e+00 6.400000000000000000e+01 1.000000000000000000e+00 1.078702727704941999e+01 8.651140328021794668e-01
5.000000000000000000e+00 1.280000000000000000e+02 1.000000000000000000e+00 1.060687226847984732e+01 7.644576881842353178e-01
