5.000000000000000000e+00 6.250000000000000000e-02 1.000000000000000000e+00 3.068357378772485156e+00 2.671077532954389544e-01
5.000000000000000000e+00 1.250000000000000000e-01 1.000000000000000000e+00 9.604052373204076787e+00 2.891408606127680692e+00
5.000000000000000000e+00 2.500000000000000000e-01 1.000000000000000000e+00 1.948298606040379255e+01 1.654608158873799084e+00
5.000000000000000000e+00 5.000000000000000000e-01 1.000000000000000000e+00 1.992420370698703280e+01 5.656016673645140047e-01
5.000000000000000000e+00 1.000000000000000000e+00 1.000000000000000000e+00 1.381855220995705302e+01 7.136308404173472564e-01
5.000000000000000000e+00 2.000000000000000000e+00 1.000000000000000000e+00 1.020938603047775750e+01 7.343376248566888531e-01
5.000000000000000000e+00 4.000000000000000000e+00 1.000000000000000000e+00 9.288936601708151386e+00 7.142306267185949409e-01
5.000000000000000000e+00 8.000000000000000000e+00 1.000000000000000000e+00 8.775860369628585289e+00 8.153229015492097220e-01
5.000000000000000000e+00 1.600000000000000000e+01 1.000000000000000000e+00 8.702048322425302018e+00 7.440390952956091875e-01
5.000000000000000000e+00 3.200000000000000000e+01 1.000000000000000000e+00 8.488568627162747404e+00 6.721245065498394622e-01
5.000000000000000000e+00 6.400000000000000000e+01 1.000000000000000000e+00 8.636348040313135854e+00 7.281216299661154023e-01
5.000000000000000000e+00 1.280000000000000000e+02 1.000000000000000000e+00 8.338245999081353332e+00 6.373121377266688370e-01
