5.000000000000000000e+00 6.250000000000000000e-02 1.000000000000000000e+00 2.728210645852313654e+00 4.027000378961455573e-01
5.000000000000000000e+00 1.250000000000000000e-01 1.000000000000000000e+00 9.634380086056747672e+00 2.874191733176401087e+00
5.000000000000000000e+00 2.500000000000000000e-01 1.000000000000000000e+00 1.899956677567419661e+01 1.478377365187999004e+00
5.000000000000000000e+00 5.000000000000000000e-01 1.000000000000000000e+00 1.926107352520589444e+01 5.256484551961982943e-01
5.000000000000000000e+00 1.000000000000000000e+00 1.000000000000000000e+00 1.306951457073472511e+01 6.776986144528857059e-01
5.000000000000000000e+00 2.000000000000000000e+00 1.000000000000000000e+00 9.420042407895200753e+00 7.109415915987595813e-01
5.000000000000000000e+00 4.000000000000000000e+00 1.000000000000000000e+00 8.518022933307204170e+00 6.634570835543629475e-01
5.000000000000000000e+00 8.000000000000000000e+00 1.000000000000000000e+00 8.056381273944762000e+00 8.049053045528923311e-01
5.000000000000000000e+00 1.600000000000000000e+01 1.000000000000000000e+00 7.921906495080645705e+00 7.867252136772893145e-01
5.000000000000000000e+00 3.200000000000000000e+01 1.000000000000000000e+00 7.749800679568430439e+00 6.412739260540722963e-01
5.000000000000000000e+00 6.400000000000000000e+01 1.000000000000000000e+00 7.870504514846049737e+00 6.952687732055833347e-01
5.000000000000000000e+00 1.280000000000000000e+02 1.000000000000000000e+00 7.569156284522136957e+00 5.737292453784880175e-01
