1.000000000000000000e+00 6.250000000000000000e-02 9.000000000000000222e-01 6.728882626064065439e-03 1.096366416724226314e-02 5.356216800745106088e-03 1.686252039577814527e-02
1.000000000000000000e+00 1.250000000000000000e-01 9.000000000000000222e-01 3.786868720882153976e-03 4.469550063635810248e-03 2.250434541448798498e-03 3.392872887858969407e-03
1.000000000000000000e+00 2.500000000000000000e-01 9.000000000000000222e-01 1.452440296716117326e-03 1.487169028590723746e-03 3.534647725523243074e-04 3.371411036653304463e-04
1.000000000000000000e+00 5.000000000000000000e-01 9.000000000000000222e-01 5.886235469134101003e-04 5.996840844141522768e-04 2.337863918046847393e-04 2.190268653416262222e-04
1.000000000000000000e+00 1.000000000000000000e+00 9.000000000000000222e-01 7.359934573073383720e-04 7.955790679361954406e-04 6.271074219503296144e-04 6.841317230444550783e-04
1.000000000000000000e+00 2.000000000000000000e+00 9.000000000000000222e-01 1.323734691788703167e-03 1.346927529124835893e-03 9.401362192352258383e-04 9.645203650991614761e-04
1.000000000000000000e+00 4.000000000000000000e+00 9.000000000000000222e-01 1.469286929201191454e-03 1.579691228525169312e-03 8.988058565857026758e-04 9.253055882812032291e-04
1.000000000000000000e+00 8.000000000000000000e+00 9.000000000000000222e-01 1.748765158443234659e-03 1.834666775388289371e-03 7.266709832345327530e-04 7.301057719170625949e-04
1.000000000000000000e+00 1.600000000000000000e+01 9.000000000000000222e-01 1.839466281113895070e-03 1.964878609624848196e-03 5.009869726074208480e-04 4.942127886537686513e-04
1.000000000000000000e+00 3.200000000000000000e+01 9.000000000000000222e-01 1.708963702218928380e-03 1.780401851436969139e-03 5.838258061877375001e-04 6.170291244862344216e-04
1.000000000000000000e+00 6.400000000000000000e+01 9.000000000000000222e-01 1.903518511117144362e-03 2.020234577745740230e-03 4.633914612609912713e-04 4.941479280682314337e-04
1.000000000000000000e+00 1.280000000000000000e+02 9.000000000000000222e-01 2.008453726703414346e-03 2.109672840210903393e-03 4.088594589705199251e-04 4.180677121750525399e-04
1.000000000000000000e+00 2.560000000000000000e+02 9.000000000000000222e-01 1.919967751099320181e-03 2.037737172021986468e-03 4.839402489148825529e-04 4.618472375002145207e-04
1.000000000000000000e+00 5.120000000000000000e+02 9.000000000000000222e-01 1.987374537834668380e-03 2.109823693908244920e-03 3.672252628884952559e-04 3.376390331738236437e-04
1.000000000000000000e+00 1.024000000000000000e+03 9.000000000000000222e-01 2.127997865101331244e-03 2.250296177440389359e-03 4.271561430932614028e-04 4.355925755803155054e-04
2.000000000000000000e+00 6.250000000000000000e-02 9.000000000000000222e-01 3.149404007957079532e-02 5.753566820603363274e-02 5.314149851077135112e-02 1.034194017656344805e-01
2.000000000000000000e+00 1.250000000000000000e-01 9.000000000000000222e-01 8.020902891108070906e-03 1.346718343173241086e-02 1.500055873196291627e-02 2.710339068876098725e-02
2.000000000000000000e+00 2.500000000000000000e-01 9.000000000000000222e-01 1.128112038297736635e-03 1.214530094871628038e-03 1.667740381552809497e-04 1.661995375120331052e-04
2.000000000000000000e+00 5.000000000000000000e-01 9.000000000000000222e-01 2.856583274621931528e-04 3.187811704320413328e-04 1.500390620365395927e-04 1.581129493172157049e-04
2.000000000000000000e+00 1.000000000000000000e+00 9.000000000000000222e-01 1.147797249944286881e-04 1.351317524460397520e-04 5.275636785112270522e-05 6.441702055231908670e-05
2.000000000000000000e+00 2.000000000000000000e+00 9.000000000000000222e-01 4.477702280070648114e-05 5.321047564480703608e-05 1.651012893281146861e-05 2.161785432470237164e-05
2.000000000000000000e+00 4.000000000000000000e+00 9.000000000000000222e-01 3.592738875012881864e-05 4.347380496417614832e-05 8.985937661720894436e-06 9.739833531103560884e-06
2.000000000000000000e+00 8.000000000000000000e+00 9.000000000000000222e-01 3.620181409530763344e-05 4.571049478370196661e-05 9.629470481972507166e-06 1.171188205798735165e-05
2.000000000000000000e+00 1.600000000000000000e+01 9.000000000000000222e-01 3.276894492942409714e-05 4.104978802579055581e-05 1.294863855985731657e-05 1.632345979023870882e-05
2.000000000000000000e+00 3.200000000000000000e+01 9.000000000000000222e-01 4.485413033935875971e-05 5.499035070221412280e-05 1.734549914472806681e-05 2.127346187769406493e-05
2.000000000000000000e+00 6.400000000000000000e+01 9.000000000000000222e-01 3.988211883612979494e-05 5.133757802304357305e-05 9.398886975361914092e-06 1.274759781291849356e-05
2.000000000000000000e+00 1.280000000000000000e+02 9.000000000000000222e-01 4.262460357622081342e-05 5.258992194327796055e-05 6.990768580387780155e-06 8.507588663765082229e-06
2.000000000000000000e+00 2.560000000000000000e+02 9.000000000000000222e-01 4.261216625508849730e-05 5.266769261736977770e-05 1.275406993720696413e-05 1.514843926309768525e-05
2.000000000000000000e+00 5.120000000000000000e+02 9.000000000000000222e-01 4.989808808904584600e-05 6.096203599677598448e-05 2.642909501685302196e-05 3.133615258634129381e-05
2.000000000000000000e+00 1.024000000000000000e+03 9.000000000000000222e-01 4.315230804631724426e-05 5.448961590325705144e-05 1.256499183095012044e-05 1.581153208528785268e-05
3.000000000000000000e+00 6.250000000000000000e-02 9.000000000000000222e-01 8.319970216729097312e-02 1.879849162479633184e-01 9.074611786924285939e-02 1.883270274423644308e-01
3.000000000000000000e+00 1.250000000000000000e-01 9.000000000000000222e-01 1.283549896924414568e+00 1.435981856309982430e+00 2.826047156685644435e+00 3.415051963997573381e+00
3.000000000000000000e+00 2.500000000000000000e-01 9.000000000000000222e-01 7.737408002896065118e-02 1.960734099981990275e-01 2.293574669765890417e-01 5.851328818069840842e-01
3.000000000000000000e+00 5.000000000000000000e-01 9.000000000000000222e-01 1.545939635948695207e-04 1.807138438804898359e-04 9.094462197779100974e-05 1.049501905730108528e-04
3.000000000000000000e+00 1.000000000000000000e+00 9.000000000000000222e-01 3.894866628964308128e-05 4.718953232392059170e-05 2.831660104915794873e-05 3.557855369726819458e-05
3.000000000000000000e+00 2.000000000000000000e+00 9.000000000000000222e-01 1.359529673651391363e-05 1.784258206377508757e-05 6.321080869680089830e-06 8.082307028787251243e-06
3.000000000000000000e+00 4.000000000000000000e+00 9.000000000000000222e-01 9.896377163418160769e-06 1.348079970146168064e-05 2.118995052295231858e-06 2.671743336044554196e-06
3.000000000000000000e+00 8.000000000000000000e+00 9.000000000000000222e-01 1.142303235906950573e-05 1.532146588185639941e-05 4.813682705312105820e-06 6.201524461554020901e-06
3.000000000000000000e+00 1.600000000000000000e+01 9.000000000000000222e-01 1.075123991121214037e-05 1.433283325994115002e-05 3.255884750264835420e-06 4.256139074305017275e-06
3.000000000000000000e+00 3.200000000000000000e+01 9.000000000000000222e-01 1.226689775451249848e-05 1.733313320804422982e-05 3.308162435127485807e-06 5.235604841238639240e-06
3.000000000000000000e+00 6.400000000000000000e+01 9.000000000000000222e-01 1.325853863559308723e-05 1.799834518013019585e-05 3.469745018985502543e-06 4.366094289019707429e-06
3.000000000000000000e+00 1.280000000000000000e+02 9.000000000000000222e-01 1.470692139902301047e-05 2.046322249423149800e-05 4.882859601002866113e-06 6.846114256445115414e-06
3.000000000000000000e+00 2.560000000000000000e+02 9.000000000000000222e-01 1.372413577232562083e-05 1.918964788181528317e-05 4.983013108514953774e-06 7.536742500544631800e-06
3.000000000000000000e+00 5.120000000000000000e+02 9.000000000000000222e-01 1.481967013648345321e-05 2.069661067231049934e-05 6.581479325715557204e-06 7.867087115579806316e-06
3.000000000000000000e+00 1.024000000000000000e+03 9.000000000000000222e-01 1.246599299085965028e-05 1.719289406128208115e-05 3.401351642030278332e-06 4.728562430949632578e-06
4.000000000000000000e+00 6.250000000000000000e-02 9.000000000000000222e-01 1.638383802496785835e+00 1.113933887395665012e+00 3.229049203407858393e+00 1.490305336570192818e+00
4.000000000000000000e+00 1.250000000000000000e-01 9.000000000000000222e-01 4.364367553801810906e-02 8.580961690658500673e-02 6.736024834937910655e-02 1.363898120136945169e-01
4.000000000000000000e+00 2.500000000000000000e-01 9.000000000000000222e-01 8.456498056769046071e-04 9.468208849884608962e-04 1.968618210682079959e-04 2.268876729538738305e-04
4.000000000000000000e+00 5.000000000000000000e-01 9.000000000000000222e-01 8.199388722519501747e-05 1.000036235740462515e-04 3.346552659343894457e-05 4.177135117544322778e-05
4.000000000000000000e+00 1.000000000000000000e+00 9.000000000000000222e-01 1.228126679211315457e-05 1.581995944317692368e-05 5.360416806771716194e-06 7.120075547973738218e-06
4.000000000000000000e+00 2.000000000000000000e+00 9.000000000000000222e-01 4.943206731406578691e-06 6.999093811788050796e-06 1.262804603140693946e-06 1.736099658596452244e-06
4.000000000000000000e+00 4.000000000000000000e+00 9.000000000000000222e-01 4.530703462936696199e-06 6.895247502928517739e-06 1.520529738481425760e-06 2.549486664563607481e-06
4.000000000000000000e+00 8.000000000000000000e+00 9.000000000000000222e-01 4.906488364305943309e-06 7.540718927922139584e-06 1.051772886414989539e-06 1.736770988376329583e-06
4.000000000000000000e+00 1.600000000000000000e+01 9.000000000000000222e-01 4.605950405275762601e-06 7.182679062971426014e-06 8.567655173700835759e-07 1.412918753348338069e-06
4.000000000000000000e+00 3.200000000000000000e+01 9.000000000000000222e-01 5.004620657290928908e-06 7.817849191046369296e-06 4.034012686557072822e-07 7.336049158490526903e-07
4.000000000000000000e+00 6.400000000000000000e+01 9.000000000000000222e-01 5.106294586621162485e-06 8.042071290565456625e-06 8.726510157108325887e-07 1.429722988009488258e-06
4.000000000000000000e+00 1.280000000000000000e+02 9.000000000000000222e-01 5.032994358102452021e-06 7.673118916439808167e-06 1.074412315462457679e-06 1.810999822713627263e-06
4.000000000000000000e+00 2.560000000000000000e+02 9.000000000000000222e-01 5.102319422778608553e-06 7.898976943864467423e-06 5.452124947230853362e-07 8.641915931462305168e-07
4.000000000000000000e+00 5.120000000000000000e+02 9.000000000000000222e-01 5.600757322665627924e-06 8.717416348755019094e-06 1.966663937314601269e-06 2.795017838968920607e-06
4.000000000000000000e+00 1.024000000000000000e+03 9.000000000000000222e-01 5.621874633818112813e-06 8.907974100712312941e-06 1.184936680230727058e-06 1.976817133513836938e-06
5.000000000000000000e+00 6.250000000000000000e-02 9.000000000000000222e-01 7.167408314927896651e-01 4.308724899290260701e+00 1.785123051137960104e+00 1.191308437986328528e+01
5.000000000000000000e+00 1.250000000000000000e-01 9.000000000000000222e-01 1.792202954796607628e+00 4.101918584150331171e+00 4.856038679601709873e+00 1.010995286249499792e+01
5.000000000000000000e+00 2.500000000000000000e-01 9.000000000000000222e-01 2.820806445179296906e-02 2.071442717833956448e-01 8.146074326342585270e-02 6.147505836805291501e-01
5.000000000000000000e+00 5.000000000000000000e-01 9.000000000000000222e-01 8.193293507051614872e-05 1.031219556894694063e-04 3.178060367257606292e-05 4.059288291782757441e-05
5.000000000000000000e+00 1.000000000000000000e+00 9.000000000000000222e-01 8.563037787226278889e-06 1.141128469507332889e-05 3.359053211836500887e-06 4.464790468828035430e-06
5.000000000000000000e+00 2.000000000000000000e+00 9.000000000000000222e-01 3.560912833106015849e-06 5.468889764096333045e-06 1.177392653888811655e-06 1.752390901885734594e-06
5.000000000000000000e+00 4.000000000000000000e+00 9.000000000000000222e-01 2.850835793076882231e-06 4.662189801832799167e-06 1.363140542584198011e-06 1.850981401626886035e-06
5.000000000000000000e+00 8.000000000000000000e+00 9.000000000000000222e-01 2.720769083189130637e-06 4.484715954657448849e-06 4.956437427405967243e-07 7.276774053994681744e-07
5.000000000000000000e+00 1.600000000000000000e+01 9.000000000000000222e-01 2.921655301653977488e-06 5.057834402990973651e-06 6.913043833777672386e-07 1.224174556098709083e-06
5.000000000000000000e+00 3.200000000000000000e+01 9.000000000000000222e-01 2.760551691759507418e-06 4.859066127162746620e-06 8.473623030987552289e-07 1.683724410909711163e-06
5.000000000000000000e+00 6.400000000000000000e+01 9.000000000000000222e-01 3.427548445389321417e-06 5.688448210685571319e-06 8.169322918492737689e-07 1.213039220266421129e-06
5.000000000000000000e+00 1.280000000000000000e+02 9.000000000000000222e-01 3.942991039197262521e-06 6.730076020846101203e-06 2.161128448264937306e-06 3.659767919431325988e-06
5.000000000000000000e+00 2.560000000000000000e+02 9.000000000000000222e-01 3.657649174815635773e-06 6.144238965115338118e-06 1.397895193130710548e-06 2.119878471226556498e-06
5.000000000000000000e+00 5.120000000000000000e+02 9.000000000000000222e-01 3.239733058589439576e-06 5.545013042195741628e-06 7.191561102009018814e-07 1.081424195677123566e-06
5.000000000000000000e+00 1.024000000000000000e+03 9.000000000000000222e-01 3.631113634616346451e-06 5.924404396348806304e-06 1.127401374374708640e-06 1.596741964574998860e-06
