1.000000000000000000e+00 6.250000000000000000e-02 5.000000000000000000e-01 1.015396284910565460e-02 1.818432220775809821e-02 1.135286079625459979e-02 2.605516480024986509e-02
1.000000000000000000e+00 1.250000000000000000e-01 5.000000000000000000e-01 5.931636714055501906e-03 8.476313411089061306e-03 6.000844688539583825e-03 1.165115770949674660e-02
1.000000000000000000e+00 2.500000000000000000e-01 5.000000000000000000e-01 1.530916495351379494e-03 1.431996906764313859e-03 3.233136937118256536e-04 3.331966811760280855e-04
1.000000000000000000e+00 5.000000000000000000e-01 5.000000000000000000e-01 6.198038929202596926e-04 5.663387831864294441e-04 2.564062116270018226e-04 2.283563773144836194e-04
1.000000000000000000e+00 1.000000000000000000e+00 5.000000000000000000e-01 7.784685359976187269e-04 7.760214946909729751e-04 6.606050624691333631e-04 6.830731886727336565e-04
1.000000000000000000e+00 2.000000000000000000e+00 5.000000000000000000e-01 1.326737192868883333e-03 1.341153089998234219e-03 9.353154869834402665e-04 9.656986068030284746e-04
1.000000000000000000e+00 4.000000000000000000e+00 5.000000000000000000e-01 1.565847315012122275e-03 1.538379106242247513e-03 9.069163249545086295e-04 9.208270918083218343e-04
1.000000000000000000e+00 8.000000000000000000e+00 5.000000000000000000e-01 1.816834305438189525e-03 1.802445211697311115e-03 7.413831982948933903e-04 7.475751004170305908e-04
1.000000000000000000e+00 1.600000000000000000e+01 5.000000000000000000e-01 1.937852756350204580e-03 1.896463488040673120e-03 5.282946679555357251e-04 5.353708821183358066e-04
1.000000000000000000e+00 3.200000000000000000e+01 5.000000000000000000e-01 1.758444762300945523e-03 1.705294661481481563e-03 6.157583184143673510e-04 6.096327628141660340e-04
1.000000000000000000e+00 6.400000000000000000e+01 5.000000000000000000e-01 1.966898400504101148e-03 1.962709322509343865e-03 4.860589952143761741e-04 4.908578676753903381e-04
1.000000000000000000e+00 1.280000000000000000e+02 5.000000000000000000e-01 2.104196378003453209e-03 2.055478927221106224e-03 4.066828111163992053e-04 4.141990907744954199e-04
1.000000000000000000e+00 2.560000000000000000e+02 5.000000000000000000e-01 1.997650336948366898e-03 1.976475855912723616e-03 4.636962883144034255e-04 4.691150104715518859e-04
1.000000000000000000e+00 5.120000000000000000e+02 5.000000000000000000e-01 2.066040144234632808e-03 2.057783031510988792e-03 3.846013757797306148e-04 3.976251175893888304e-04
1.000000000000000000e+00 1.024000000000000000e+03 5.000000000000000000e-01 2.229518596755094336e-03 2.209723002164066911e-03 4.724183189944376922e-04 4.607209995480767610e-04
2.000000000000000000e+00 6.250000000000000000e-02 5.000000000000000000e-01 2.520876854798823063e-02 4.117781824694750903e-02 2.247855747124394635e-02 4.043025421475612141e-02
2.000000000000000000e+00 1.250000000000000000e-01 5.000000000000000000e-01 8.263980116300967751e-03 1.798214586915528740e-02 9.857163505851692514e-03 3.232141965563965075e-02
2.000000000000000000e+00 2.500000000000000000e-01 5.000000000000000000e-01 1.177515610053040274e-03 1.078507254950151302e-03 1.818725444774048903e-04 1.947565091556496385e-04
2.000000000000000000e+00 5.000000000000000000e-01 5.000000000000000000e-01 2.410056411242698037e-04 2.309442980303636969e-04 1.473026231100442007e-04 1.441834584931922091e-04
2.000000000000000000e+00 1.000000000000000000e+00 5.000000000000000000e-01 2.174511652093949270e-04 2.173828789445768838e-04 1.047279708128703895e-04 1.011482621628229458e-04
2.000000000000000000e+00 2.000000000000000000e+00 5.000000000000000000e-01 3.088953325468701437e-04 3.274873994506318636e-04 1.258380909779513251e-04 1.304969990861389257e-04
2.000000000000000000e+00 4.000000000000000000e+00 5.000000000000000000e-01 2.584567970975811977e-04 2.697704936714481359e-04 1.130839805108127348e-04 1.191446217645277726e-04
2.000000000000000000e+00 8.000000000000000000e+00 5.000000000000000000e-01 2.818115492340409270e-04 3.028170097923402627e-04 9.408951524561489114e-05 1.077083354848381582e-04
2.000000000000000000e+00 1.600000000000000000e+01 5.000000000000000000e-01 3.213339804147818382e-04 3.404144369276981071e-04 1.013007101226727372e-04 1.132967463161658708e-04
2.000000000000000000e+00 3.200000000000000000e+01 5.000000000000000000e-01 3.545966432948303190e-04 3.749014763334880280e-04 1.064016550831755709e-04 1.031589350662081016e-04
2.000000000000000000e+00 6.400000000000000000e+01 5.000000000000000000e-01 3.554216127367560525e-04 3.832508190386725686e-04 7.152045681778372089e-05 7.757755377500163692e-05
2.000000000000000000e+00 1.280000000000000000e+02 5.000000000000000000e-01 3.543230623937378837e-04 3.908697177734242077e-04 4.276622525523883576e-05 4.928089872422057528e-05
2.000000000000000000e+00 2.560000000000000000e+02 5.000000000000000000e-01 3.821300686240185250e-04 4.106047576638424332e-04 9.306229434579415540e-05 9.835492501236295837e-05
2.000000000000000000e+00 5.120000000000000000e+02 5.000000000000000000e-01 4.012822949203612285e-04 4.225419678830232592e-04 1.201940945727748042e-04 1.184792253146252491e-04
2.000000000000000000e+00 1.024000000000000000e+03 5.000000000000000000e-01 3.828303807112122493e-04 3.954657218211942967e-04 8.516991670717246243e-05 9.050572277690304074e-05
3.000000000000000000e+00 6.250000000000000000e-02 5.000000000000000000e-01 4.410380080923703011e-02 1.980467053778638686e-01 4.973399113773857572e-02 3.352077845366048248e-01
3.000000000000000000e+00 1.250000000000000000e-01 5.000000000000000000e-01 1.340887115552434096e-02 1.293131652136582932e-01 1.724245938464083125e-02 3.523470518068207991e-01
3.000000000000000000e+00 2.500000000000000000e-01 5.000000000000000000e-01 3.367227419534380740e-03 3.532800506418252821e-03 6.567884789464929589e-03 7.227497852785370359e-03
3.000000000000000000e+00 5.000000000000000000e-01 5.000000000000000000e-01 1.141444501752338114e-04 1.154282175540192535e-04 3.985071331574669302e-05 4.334447810079096231e-05
3.000000000000000000e+00 1.000000000000000000e+00 5.000000000000000000e-01 4.852834717265792485e-05 5.466151452211060385e-05 2.302277932440650551e-05 2.629723735550056900e-05
3.000000000000000000e+00 2.000000000000000000e+00 5.000000000000000000e-01 4.885769528652051345e-05 5.901524522651634271e-05 2.142132072761572065e-05 2.763832568666617229e-05
3.000000000000000000e+00 4.000000000000000000e+00 5.000000000000000000e-01 6.916318290587695583e-05 8.527787065197493072e-05 3.340306061207530064e-05 3.984722291071955930e-05
3.000000000000000000e+00 8.000000000000000000e+00 5.000000000000000000e-01 9.275969689052125319e-05 1.112191238341653004e-04 4.093137745322648923e-05 4.816151908214008653e-05
3.000000000000000000e+00 1.600000000000000000e+01 5.000000000000000000e-01 9.746290139106813318e-05 1.180965416855638109e-04 4.110547845693916845e-05 5.093713287055068637e-05
3.000000000000000000e+00 3.200000000000000000e+01 5.000000000000000000e-01 1.277578342215048804e-04 1.521735465911308854e-04 5.160605719032181445e-05 6.322296071890667608e-05
3.000000000000000000e+00 6.400000000000000000e+01 5.000000000000000000e-01 1.241131595079653712e-04 1.522236274806890405e-04 4.073168174404262086e-05 5.034964289740429384e-05
3.000000000000000000e+00 1.280000000000000000e+02 5.000000000000000000e-01 1.376271147419574740e-04 1.697719250344431260e-04 6.022911084752799709e-05 7.047847325720048956e-05
3.000000000000000000e+00 2.560000000000000000e+02 5.000000000000000000e-01 1.478930100192045298e-04 1.814270984374087331e-04 3.237130200093939176e-05 3.980005120533367956e-05
3.000000000000000000e+00 5.120000000000000000e+02 5.000000000000000000e-01 1.275219667292040813e-04 1.562639537322275973e-04 3.268812840515382211e-05 4.281908861098629671e-05
3.000000000000000000e+00 1.024000000000000000e+03 5.000000000000000000e-01 1.402517093042481044e-04 1.702999597204041986e-04 2.034135684231841377e-05 2.411702077960130929e-05
4.000000000000000000e+00 6.250000000000000000e-02 5.000000000000000000e-01 1.122114637247916269e+00 4.076856080614257860e-01 3.276700693806024134e+00 1.036922107261846637e+00
4.000000000000000000e+00 1.250000000000000000e-01 5.000000000000000000e-01 1.277546049459514776e-01 3.059487772456953358e+00 2.132468878810740709e-01 8.488837314820846913e+00
4.000000000000000000e+00 2.500000000000000000e-01 5.000000000000000000e-01 9.073367656090130509e-04 8.729908608540304501e-04 2.010549443652518136e-04 1.909948259490475944e-04
4.000000000000000000e+00 5.000000000000000000e-01 5.000000000000000000e-01 7.063207623931306418e-05 7.456638188443248715e-05 2.236501636633433707e-05 2.371555031084103421e-05
4.000000000000000000e+00 1.000000000000000000e+00 5.000000000000000000e-01 2.251787246355009344e-05 2.581070968688061086e-05 6.516916603326149618e-06 7.005841199747486208e-06
4.000000000000000000e+00 2.000000000000000000e+00 5.000000000000000000e-01 2.864393940420140717e-05 3.778406781145650573e-05 1.515526342644876872e-05 2.027475963461205176e-05
4.000000000000000000e+00 4.000000000000000000e+00 5.000000000000000000e-01 3.752290088491059997e-05 5.321363097861499952e-05 1.995889081461429832e-05 3.113879761557694490e-05
4.000000000000000000e+00 8.000000000000000000e+00 5.000000000000000000e-01 5.321452198644923163e-05 7.326052368903382883e-05 1.788153856152540039e-05 2.790413285240165577e-05
4.000000000000000000e+00 1.600000000000000000e+01 5.000000000000000000e-01 5.289533390986389820e-05 6.964997199828915845e-05 1.651228814394001021e-05 2.097926797715832679e-05
4.000000000000000000e+00 3.200000000000000000e+01 5.000000000000000000e-01 5.917428580069270227e-05 8.081454223901806614e-05 1.212023838654671289e-05 1.654229925357204512e-05
4.000000000000000000e+00 6.400000000000000000e+01 5.000000000000000000e-01 6.299824493359560437e-05 8.687582058076475278e-05 1.768133467732816420e-05 2.309330554363270982e-05
4.000000000000000000e+00 1.280000000000000000e+02 5.000000000000000000e-01 6.666228380174559268e-05 8.999369628347075769e-05 2.031530352663086971e-05 2.548570357381172008e-05
4.000000000000000000e+00 2.560000000000000000e+02 5.000000000000000000e-01 6.655222161900976050e-05 9.280569400227012462e-05 1.250467401193382308e-05 1.962804216678020185e-05
4.000000000000000000e+00 5.120000000000000000e+02 5.000000000000000000e-01 7.441518121002778916e-05 1.002745597728158645e-04 1.361647192885352102e-05 2.039727254421055616e-05
4.000000000000000000e+00 1.024000000000000000e+03 5.000000000000000000e-01 7.179321131393933721e-05 9.693094486227413719e-05 1.934579389615237213e-05 2.355998664557882536e-05
5.000000000000000000e+00 6.250000000000000000e-02 5.000000000000000000e-01 8.239888243792876654e-01 2.350529566679252280e+00 1.629666663995548825e+00 4.171314788362361803e+00
5.000000000000000000e+00 1.250000000000000000e-01 5.000000000000000000e-01 3.082615224646092361e-02 8.844298313320927973e-02 3.490353743661058633e-02 1.500456977303124273e-01
5.000000000000000000e+00 2.500000000000000000e-01 5.000000000000000000e-01 1.772931115462311746e-03 2.754437677722483806e-03 1.504354783661423361e-03 3.496126183902889453e-03
5.000000000000000000e+00 5.000000000000000000e-01 5.000000000000000000e-01 1.224130875969672047e-04 1.595661888539804513e-04 1.591685731935985743e-04 2.521735274250640852e-04
5.000000000000000000e+00 1.000000000000000000e+00 5.000000000000000000e-01 1.747727121597569876e-05 2.223175027369761193e-05 5.645165132191803737e-06 7.031300529652148913e-06
5.000000000000000000e+00 2.000000000000000000e+00 5.000000000000000000e-01 1.903839901023258945e-05 2.874440215300641299e-05 1.232632244960740696e-05 1.916504990960684658e-05
5.000000000000000000e+00 4.000000000000000000e+00 5.000000000000000000e-01 2.059278477767167230e-05 3.123405697575977583e-05 1.254952749428063289e-05 1.787296113401424928e-05
5.000000000000000000e+00 8.000000000000000000e+00 5.000000000000000000e-01 2.820132263849133231e-05 4.344341018207246844e-05 1.035271839209063910e-05 1.775199415559767122e-05
5.000000000000000000e+00 1.600000000000000000e+01 5.000000000000000000e-01 2.991283460936328375e-05 4.916825090900688337e-05 1.432099351114093574e-05 2.675973108159367288e-05
5.000000000000000000e+00 3.200000000000000000e+01 5.000000000000000000e-01 3.618267834740293478e-05 5.305694648766802772e-05 1.745457825189162385e-05 2.323228792261021304e-05
5.000000000000000000e+00 6.400000000000000000e+01 5.000000000000000000e-01 3.743142477285504768e-05 5.811004110756051586e-05 1.413279908604202543e-05 2.141133845607907311e-05
5.000000000000000000e+00 1.280000000000000000e+02 5.000000000000000000e-01 3.691023602895364229e-05 5.643362525088941369e-05 1.265618969633825832e-05 1.931714191291940903e-05
5.000000000000000000e+00 2.560000000000000000e+02 5.000000000000000000e-01 3.965156313625282247e-05 6.452904772431814124e-05 1.189204652470813862e-05 1.989946806156435761e-05
5.000000000000000000e+00 5.120000000000000000e+02 5.000000000000000000e-01 3.874499147949466316e-05 6.046657317587096283e-05 8.801062010684006576e-06 1.460956120755625866e-05
5.000000000000000000e+00 1.024000000000000000e+03 5.000000000000000000e-01 4.084259176879484119e-05 6.348442671814919598e-05 8.529150779258447407e-06 1.312433487131512234e-05
