1.000000000000000000e+00 6.250000000000000000e-02 2.999999999999999889e-01 6.794926943535914074e-03 1.238973889222521295e-02 7.589365788662629821e-03 2.353955150262370885e-02
1.000000000000000000e+00 1.250000000000000000e-01 2.999999999999999889e-01 3.129984666972074510e-03 3.916814439713755223e-03 1.527451200426815535e-03 3.548549320120993316e-03
1.000000000000000000e+00 2.500000000000000000e-01 2.999999999999999889e-01 1.490970828145792276e-03 1.513319504041781352e-03 3.678224758585691453e-04 3.705586346575752985e-04
1.000000000000000000e+00 5.000000000000000000e-01 2.999999999999999889e-01 5.860954670287123799e-04 6.111644099806881570e-04 2.346014496606167103e-04 2.374159970920562896e-04
1.000000000000000000e+00 1.000000000000000000e+00 2.999999999999999889e-01 7.034880010290775910e-04 7.970335750013959409e-04 5.787239119432326887e-04 6.715403677557377389e-04
1.000000000000000000e+00 2.000000000000000000e+00 2.999999999999999889e-01 1.216296284444335013e-03 1.371812298850817822e-03 8.716962272789099226e-04 9.705125523497865492e-04
1.000000000000000000e+00 4.000000000000000000e+00 2.999999999999999889e-01 1.408015534446358354e-03 1.605370126768362795e-03 8.296341435165616911e-04 9.532197295357737465e-04
1.000000000000000000e+00 8.000000000000000000e+00 2.999999999999999889e-01 1.653640233892440413e-03 1.807280377076536312e-03 6.659574891313530497e-04 7.385027467745917474e-04
1.000000000000000000e+00 1.600000000000000000e+01 2.999999999999999889e-01 1.769070605956254549e-03 1.944517559388375021e-03 4.767317034677236208e-04 5.302185473555862550e-04
1.000000000000000000e+00 3.200000000000000000e+01 2.999999999999999889e-01 1.612377331132314835e-03 1.786307147496608893e-03 5.428650424009539644e-04 6.173683581258917639e-04
1.000000000000000000e+00 6.400000000000000000e+01 2.999999999999999889e-01 1.811830953396363544e-03 2.050658469857918973e-03 4.200026722772983324e-04 4.792087073919045035e-04
1.000000000000000000e+00 1.280000000000000000e+02 2.999999999999999889e-01 1.875937995747590983e-03 2.113079408844641214e-03 3.766176450781740263e-04 3.988518110552709923e-04
1.000000000000000000e+00 2.560000000000000000e+02 2.999999999999999889e-01 1.838983129971290655e-03 2.046988468971089846e-03 4.702444394040759292e-04 4.856981517285695522e-04
1.000000000000000000e+00 5.120000000000000000e+02 2.999999999999999889e-01 1.858425990548378485e-03 2.124979495379426646e-03 3.397358044081303014e-04 3.790445139668292590e-04
1.000000000000000000e+00 1.024000000000000000e+03 2.999999999999999889e-01 2.014165294468065436e-03 2.264464123706895742e-03 3.833119520560546016e-04 4.700669016532373111e-04
2.000000000000000000e+00 6.250000000000000000e-02 2.999999999999999889e-01 1.176533777220811587e-02 2.213593595550219367e-02 1.011548498515752251e-02 2.397469052416338620e-02
2.000000000000000000e+00 1.250000000000000000e-01 2.999999999999999889e-01 1.404475735862112731e-02 4.734721275709274924e-02 3.259160020870536384e-02 1.290273770075349158e-01
2.000000000000000000e+00 2.500000000000000000e-01 2.999999999999999889e-01 1.122607847294085880e-03 1.165120596812387879e-03 2.390226426864914850e-04 2.251151091526571975e-04
2.000000000000000000e+00 5.000000000000000000e-01 2.999999999999999889e-01 2.383801902781586041e-04 2.665786878407256830e-04 1.550731133908592131e-04 1.704402101029591204e-04
2.000000000000000000e+00 1.000000000000000000e+00 2.999999999999999889e-01 2.943266613447537280e-04 3.519005233976590236e-04 1.594590950144392477e-04 1.953562610898396535e-04
2.000000000000000000e+00 2.000000000000000000e+00 2.999999999999999889e-01 5.351479578702254434e-04 6.627045655696041327e-04 2.311711051150987131e-04 3.037581896766571943e-04
2.000000000000000000e+00 4.000000000000000000e+00 2.999999999999999889e-01 4.503038380161258273e-04 5.752208583537502581e-04 2.110192976447613296e-04 2.643229224572993426e-04
2.000000000000000000e+00 8.000000000000000000e+00 2.999999999999999889e-01 5.223791300125860994e-04 6.638521372582088537e-04 2.236450960347380410e-04 2.887997541036144166e-04
2.000000000000000000e+00 1.600000000000000000e+01 2.999999999999999889e-01 6.331473529867083592e-04 7.799115549234842196e-04 2.344073935621464213e-04 2.784728449558127690e-04
2.000000000000000000e+00 3.200000000000000000e+01 2.999999999999999889e-01 6.628509137004191289e-04 8.237677539068585884e-04 2.069039294706555060e-04 2.529938124321206780e-04
2.000000000000000000e+00 6.400000000000000000e+01 2.999999999999999889e-01 6.556544686195711884e-04 8.138702744159354626e-04 1.972255932172021500e-04 2.476530105642566317e-04
2.000000000000000000e+00 1.280000000000000000e+02 2.999999999999999889e-01 6.865512284469365862e-04 8.456712703388314951e-04 1.136353164729363364e-04 1.388655431762187992e-04
2.000000000000000000e+00 2.560000000000000000e+02 2.999999999999999889e-01 7.085464614244140879e-04 8.760601068271952133e-04 1.446513437199814403e-04 1.834753979610946346e-04
2.000000000000000000e+00 5.120000000000000000e+02 2.999999999999999889e-01 7.085944280414712988e-04 8.718291729697114339e-04 1.839613106226845117e-04 2.206054156756235261e-04
2.000000000000000000e+00 1.024000000000000000e+03 2.999999999999999889e-01 6.838221489602169367e-04 8.618267236312815221e-04 1.561834932671863252e-04 1.977691113940368542e-04
3.000000000000000000e+00 6.250000000000000000e-02 2.999999999999999889e-01 6.928024536106703879e-01 3.301568304657215069e+00 1.998676127447502893e+00 9.405742828360711627e+00
3.000000000000000000e+00 1.250000000000000000e-01 2.999999999999999889e-01 2.551328549843204230e-02 1.101257956832522034e-01 6.556222837024160144e-02 3.163432413035013324e-01
3.000000000000000000e+00 2.500000000000000000e-01 2.999999999999999889e-01 9.923068236965656898e-04 1.044036761429111742e-03 4.832476556031778826e-04 3.733362824809063332e-04
3.000000000000000000e+00 5.000000000000000000e-01 2.999999999999999889e-01 1.038189003034124564e-04 1.227673294941831030e-04 3.372777059213392362e-05 4.000109677495119695e-05
3.000000000000000000e+00 1.000000000000000000e+00 2.999999999999999889e-01 5.411982729798131564e-05 6.830304700555890954e-05 2.077258091124793487e-05 2.688457149614965124e-05
3.000000000000000000e+00 2.000000000000000000e+00 2.999999999999999889e-01 7.569855241631315225e-05 1.006113325059048114e-04 4.742802896401846722e-05 6.403145517364212892e-05
3.000000000000000000e+00 4.000000000000000000e+00 2.999999999999999889e-01 1.212805331379738767e-04 1.674538090921128312e-04 6.533810978929385717e-05 9.318425617217480277e-05
3.000000000000000000e+00 8.000000000000000000e+00 2.999999999999999889e-01 1.715681259954998758e-04 2.357083308613070209e-04 8.187123865909506622e-05 1.166512729342870062e-04
3.000000000000000000e+00 1.600000000000000000e+01 2.999999999999999889e-01 1.723609742191025622e-04 2.403124391728920486e-04 7.788109427002261006e-05 1.122628023917301028e-04
3.000000000000000000e+00 3.200000000000000000e+01 2.999999999999999889e-01 2.338760880278561852e-04 3.380730619657873600e-04 9.872821231567774174e-05 1.444642793924184800e-04
3.000000000000000000e+00 6.400000000000000000e+01 2.999999999999999889e-01 2.379745827973444097e-04 3.308885211588991244e-04 8.181938399213834932e-05 1.125627241232434069e-04
3.000000000000000000e+00 1.280000000000000000e+02 2.999999999999999889e-01 2.590611227951454087e-04 3.705198937598383631e-04 1.109083260973190045e-04 1.625801920622187819e-04
3.000000000000000000e+00 2.560000000000000000e+02 2.999999999999999889e-01 2.850130173469449290e-04 4.023131837474870696e-04 6.294135076693582113e-05 9.643068637144734570e-05
3.000000000000000000e+00 5.120000000000000000e+02 2.999999999999999889e-01 2.447548565834274745e-04 3.386606486950490794e-04 6.437391637140063788e-05 8.959961925004294742e-05
3.000000000000000000e+00 1.024000000000000000e+03 2.999999999999999889e-01 2.752365715370434329e-04 3.730898076287637302e-04 5.416907109434340056e-05 7.988873306554419883e-05
4.000000000000000000e+00 6.250000000000000000e-02 2.999999999999999889e-01 3.502534442911116319e-02 7.551881562049782282e-02 2.473211961205374135e-02 5.291312909470535786e-02
4.000000000000000000e+00 1.250000000000000000e-01 2.999999999999999889e-01 1.005095367586041899e-01 1.032226158655514592e+00 2.065022370126506912e-01 2.790264443344599776e+00
4.000000000000000000e+00 2.500000000000000000e-01 2.999999999999999889e-01 8.190877655887612505e-04 9.171779425510359499e-04 2.086397255064791859e-04 1.931884787750962095e-04
4.000000000000000000e+00 5.000000000000000000e-01 2.999999999999999889e-01 6.634035934851812376e-05 8.170397852236632535e-05 2.174709815670972319e-05 2.636259942991807547e-05
4.000000000000000000e+00 1.000000000000000000e+00 2.999999999999999889e-01 2.719010345031669498e-05 3.746834357788786168e-05 7.017529382062748420e-06 1.003425364002415756e-05
4.000000000000000000e+00 2.000000000000000000e+00 2.999999999999999889e-01 5.249182775171142197e-05 8.122451273784884942e-05 3.444382763991054647e-05 5.683561656293879355e-05
4.000000000000000000e+00 4.000000000000000000e+00 2.999999999999999889e-01 6.944424975819750293e-05 1.104864684892587385e-04 4.621487788332141831e-05 7.216165014005344923e-05
4.000000000000000000e+00 8.000000000000000000e+00 2.999999999999999889e-01 1.065194077888751919e-04 1.647992237491783163e-04 4.483506222822423521e-05 7.114713150497958274e-05
4.000000000000000000e+00 1.600000000000000000e+01 2.999999999999999889e-01 1.085113197805157660e-04 1.749319021026002167e-04 4.042783930685894849e-05 6.404686649444439562e-05
4.000000000000000000e+00 3.200000000000000000e+01 2.999999999999999889e-01 1.177771889137626518e-04 1.949763091384563410e-04 3.126855546344195876e-05 4.770705101324780736e-05
4.000000000000000000e+00 6.400000000000000000e+01 2.999999999999999889e-01 1.329373975551916118e-04 2.118662436992819532e-04 4.839178672309021574e-05 8.777703433848204630e-05
4.000000000000000000e+00 1.280000000000000000e+02 2.999999999999999889e-01 1.348790633849599537e-04 2.208341280456148760e-04 3.734684408495596124e-05 5.608662622276316376e-05
4.000000000000000000e+00 2.560000000000000000e+02 2.999999999999999889e-01 1.454316522259526735e-04 2.298108708570405028e-04 3.823747791069961443e-05 6.289995416843111075e-05
4.000000000000000000e+00 5.120000000000000000e+02 2.999999999999999889e-01 1.559070738312215421e-04 2.582638491842740637e-04 2.667623549987595128e-05 5.527456697240880031e-05
4.000000000000000000e+00 1.024000000000000000e+03 2.999999999999999889e-01 1.509889400057063422e-04 2.438390327487544810e-04 4.101329443837647347e-05 6.034532260098714868e-05
5.000000000000000000e+00 6.250000000000000000e-02 2.999999999999999889e-01 2.326277547986773442e+00 1.244129355840238871e+00 4.584605806803403460e+00 2.070994572753676266e+00
5.000000000000000000e+00 1.250000000000000000e-01 2.999999999999999889e-01 2.313407496174563552e-02 4.923627431847704683e-02 2.317717121490567647e-02 5.299989036681390653e-02
5.000000000000000000e+00 2.500000000000000000e-01 2.999999999999999889e-01 1.459724338751639504e-03 2.387090049808297809e-03 1.095423354961551354e-03 3.227766042786645289e-03
5.000000000000000000e+00 5.000000000000000000e-01 2.999999999999999889e-01 7.227690232209296327e-05 9.724542105635434184e-05 3.073411088508425754e-05 4.326881270087774525e-05
5.000000000000000000e+00 1.000000000000000000e+00 2.999999999999999889e-01 2.177284847659275813e-05 3.120087626373750704e-05 7.210830985711988489e-06 9.874976839015789384e-06
5.000000000000000000e+00 2.000000000000000000e+00 2.999999999999999889e-01 3.457664228347499705e-05 5.752759828953386839e-05 2.776279703000666360e-05 5.090560368023701923e-05
5.000000000000000000e+00 4.000000000000000000e+00 2.999999999999999889e-01 4.001113667310762572e-05 6.930054888625234431e-05 2.825076055255498176e-05 4.529347782618211964e-05
5.000000000000000000e+00 8.000000000000000000e+00 2.999999999999999889e-01 5.378002426724352549e-05 9.602651455544761281e-05 2.733572306320635012e-05 4.962214929679962763e-05
5.000000000000000000e+00 1.600000000000000000e+01 2.999999999999999889e-01 6.223290110642535418e-05 1.195068496539110207e-04 3.441953006536248332e-05 6.668896008437748713e-05
5.000000000000000000e+00 3.200000000000000000e+01 2.999999999999999889e-01 7.442266214881800783e-05 1.321975266310130171e-04 3.649266537209247459e-05 5.618191303820355809e-05
5.000000000000000000e+00 6.400000000000000000e+01 2.999999999999999889e-01 8.251217172361920995e-05 1.495410538971088323e-04 4.019054159752491142e-05 7.455593176442010305e-05
5.000000000000000000e+00 1.280000000000000000e+02 2.999999999999999889e-01 7.868287538129814594e-05 1.518188166917625189e-04 2.679976615816906174e-05 5.551717569382594010e-05
5.000000000000000000e+00 2.560000000000000000e+02 2.999999999999999889e-01 8.140523411601084962e-05 1.439034581365319606e-04 2.589484954649221230e-05 4.482230908940841780e-05
5.000000000000000000e+00 5.120000000000000000e+02 2.999999999999999889e-01 8.541641848930258871e-05 1.575613173788052484e-04 2.405307339139886938e-05 3.977978594254348165e-05
5.000000000000000000e+00 1.024000000000000000e+03 2.999999999999999889e-01 8.755050358631233983e-05 1.652115437924169537e-04 2.031298137672395943e-05 3.779694604577664516e-05
