1.000000000000000000e+00 6.250000000000000000e-02 0.000000000000000000e+00 7.409524034220206327e-03 1.327248782441797781e-02 7.552256144256192308e-03 2.334667725655672696e-02
1.000000000000000000e+00 1.250000000000000000e-01 0.000000000000000000e+00 5.098382325631599203e-03 6.387301326426930367e-03 5.048131699462128814e-03 7.396433961025451927e-03
1.000000000000000000e+00 2.500000000000000000e-01 0.000000000000000000e+00 1.515644425127838117e-03 1.678052502179673252e-03 3.548267442067936099e-04 3.625355013313930497e-04
1.000000000000000000e+00 5.000000000000000000e-01 0.000000000000000000e+00 5.874230061787964101e-04 6.684442429081193177e-04 2.393121146463753350e-04 2.620236300680125292e-04
1.000000000000000000e+00 1.000000000000000000e+00 0.000000000000000000e+00 7.752141274657534283e-04 8.368392919772748521e-04 6.660076176795583615e-04 7.007172776318417850e-04
1.000000000000000000e+00 2.000000000000000000e+00 0.000000000000000000e+00 1.274501491649690076e-03 1.420955907752585777e-03 8.952026997248429532e-04 1.002507354937805196e-03
1.000000000000000000e+00 4.000000000000000000e+00 0.000000000000000000e+00 1.517415596611699754e-03 1.652188974881218467e-03 8.995652881019030765e-04 9.728153117729800752e-04
1.000000000000000000e+00 8.000000000000000000e+00 0.000000000000000000e+00 1.708850513646691409e-03 1.950059522419281309e-03 6.939985919405232146e-04 7.662370889532066874e-04
1.000000000000000000e+00 1.600000000000000000e+01 0.000000000000000000e+00 1.848920162925208038e-03 2.055411959221062866e-03 4.806050341970530639e-04 5.432949117197263464e-04
1.000000000000000000e+00 3.200000000000000000e+01 0.000000000000000000e+00 1.687135089958815334e-03 1.873795348205627457e-03 6.081028088712946101e-04 6.232472529447958100e-04
1.000000000000000000e+00 6.400000000000000000e+01 0.000000000000000000e+00 1.933056260616699065e-03 2.153916562362327789e-03 4.636210060343179005e-04 4.932901879485569610e-04
1.000000000000000000e+00 1.280000000000000000e+02 0.000000000000000000e+00 1.993038582481291426e-03 2.233734602934746207e-03 4.099897549177972545e-04 4.324082126405028189e-04
1.000000000000000000e+00 2.560000000000000000e+02 0.000000000000000000e+00 1.895272278295148357e-03 2.141734515452129936e-03 4.619537129140642898e-04 5.294919253389916182e-04
1.000000000000000000e+00 5.120000000000000000e+02 0.000000000000000000e+00 1.997153752546827147e-03 2.236480038607498600e-03 3.379985126223433896e-04 3.949637716179106996e-04
1.000000000000000000e+00 1.024000000000000000e+03 0.000000000000000000e+00 2.143212378730886304e-03 2.342081414957019030e-03 4.669715072131642628e-04 4.223951840102995619e-04
2.000000000000000000e+00 6.250000000000000000e-02 0.000000000000000000e+00 1.033035006573764653e-02 1.813238136754964994e-02 8.684262068542484073e-03 1.855144936591174992e-02
2.000000000000000000e+00 1.250000000000000000e-01 0.000000000000000000e+00 3.499491393248772148e-02 1.715343986129884701e-01 9.306070569202211373e-02 4.940620085318381260e-01
2.000000000000000000e+00 2.500000000000000000e-01 0.000000000000000000e+00 1.168480446430631130e-03 1.426312410473448526e-03 2.721185176702497241e-04 3.989644543147896974e-04
2.000000000000000000e+00 5.000000000000000000e-01 0.000000000000000000e+00 2.695913449359981276e-04 3.387619228834883034e-04 1.781652199337358682e-04 2.262535741831322642e-04
2.000000000000000000e+00 1.000000000000000000e+00 0.000000000000000000e+00 5.547435184853077590e-04 7.161146486812021861e-04 3.754735371862709175e-04 4.839851269593026988e-04
2.000000000000000000e+00 2.000000000000000000e+00 0.000000000000000000e+00 1.036520738042962441e-03 1.334648100670269991e-03 4.637880508985254375e-04 6.168961063530147438e-04
2.000000000000000000e+00 4.000000000000000000e+00 0.000000000000000000e+00 9.177814994216675418e-04 1.201756565514630788e-03 4.338739134548854465e-04 5.611523667396017779e-04
2.000000000000000000e+00 8.000000000000000000e+00 0.000000000000000000e+00 1.035864536306755571e-03 1.350893720400803827e-03 4.932369034869144931e-04 6.274565136994340962e-04
2.000000000000000000e+00 1.600000000000000000e+01 0.000000000000000000e+00 1.232287534753032533e-03 1.579796350773656280e-03 4.162306650886520845e-04 5.430840648085425316e-04
2.000000000000000000e+00 3.200000000000000000e+01 0.000000000000000000e+00 1.224375044037797266e-03 1.553968013770342911e-03 3.459525531680812845e-04 4.788650224972945311e-04
2.000000000000000000e+00 6.400000000000000000e+01 0.000000000000000000e+00 1.259290459130805355e-03 1.629044353808892839e-03 2.896403917964862846e-04 3.575742922226374612e-04
2.000000000000000000e+00 1.280000000000000000e+02 0.000000000000000000e+00 1.296086898394544851e-03 1.710077015292800831e-03 2.059709904731686061e-04 2.731675336682749312e-04
2.000000000000000000e+00 2.560000000000000000e+02 0.000000000000000000e+00 1.376534252417310365e-03 1.781151669422068474e-03 2.480171420997409441e-04 3.095141971127596996e-04
2.000000000000000000e+00 5.120000000000000000e+02 0.000000000000000000e+00 1.308854478195945218e-03 1.745332091864666311e-03 2.261524307538078933e-04 2.629746595584264495e-04
2.000000000000000000e+00 1.024000000000000000e+03 0.000000000000000000e+00 1.230103957790639520e-03 1.616501510753653569e-03 2.997097456479720233e-04 3.673415697673794141e-04
3.000000000000000000e+00 6.250000000000000000e-02 0.000000000000000000e+00 9.352753424748367905e-01 7.033752171163323297e-01 1.832573814107749444e+00 1.399706382537057481e+00
3.000000000000000000e+00 1.250000000000000000e-01 0.000000000000000000e+00 5.733392471453961289e-03 1.428280890331185861e-02 6.411428520067210916e-03 2.364236252243813105e-02
3.000000000000000000e+00 2.500000000000000000e-01 0.000000000000000000e+00 1.276574536190081856e-03 2.666576491538935785e-03 1.147401553614554957e-03 4.597810543665355708e-03
3.000000000000000000e+00 5.000000000000000000e-01 0.000000000000000000e+00 1.094390064854195761e-04 1.418178335046833512e-04 3.431257056544314454e-05 3.866086456461629531e-05
3.000000000000000000e+00 1.000000000000000000e+00 0.000000000000000000e+00 7.334059218877272241e-05 1.030785416892695758e-04 2.700858379414250348e-05 3.948151344322776404e-05
3.000000000000000000e+00 2.000000000000000000e+00 0.000000000000000000e+00 1.435426585936530315e-04 2.133590260096836797e-04 1.098253823136755768e-04 1.670218511597195549e-04
3.000000000000000000e+00 4.000000000000000000e+00 0.000000000000000000e+00 2.735769305496449193e-04 4.164215990521023467e-04 1.792852758353030327e-04 2.773761060745588811e-04
3.000000000000000000e+00 8.000000000000000000e+00 0.000000000000000000e+00 3.718302449364050029e-04 5.622234248561159328e-04 1.881864125592515086e-04 2.851999137309491712e-04
3.000000000000000000e+00 1.600000000000000000e+01 0.000000000000000000e+00 3.889346388687700204e-04 5.718228439326178414e-04 2.097478431212779898e-04 3.072245676401433160e-04
3.000000000000000000e+00 3.200000000000000000e+01 0.000000000000000000e+00 5.067132689822768802e-04 7.845541162260175495e-04 2.197755131392391779e-04 3.518194249743402378e-04
3.000000000000000000e+00 6.400000000000000000e+01 0.000000000000000000e+00 5.053940429944654570e-04 7.566778591126915561e-04 1.994811006833132456e-04 3.140539945398349909e-04
3.000000000000000000e+00 1.280000000000000000e+02 0.000000000000000000e+00 5.765813131623722830e-04 8.556599219340840215e-04 2.431375490826317791e-04 3.501573277366966429e-04
3.000000000000000000e+00 2.560000000000000000e+02 0.000000000000000000e+00 6.033867519054608806e-04 9.220879699808649799e-04 1.397568593964866677e-04 2.207285164403647887e-04
3.000000000000000000e+00 5.120000000000000000e+02 0.000000000000000000e+00 5.889526282205435198e-04 8.968243595942526538e-04 1.724827956983574428e-04 2.777076337428075023e-04
3.000000000000000000e+00 1.024000000000000000e+03 0.000000000000000000e+00 6.282156602223718921e-04 9.291597892092226443e-04 1.326784854903963445e-04 2.082725110936338735e-04
4.000000000000000000e+00 6.250000000000000000e-02 0.000000000000000000e+00 1.363087693456154881e+00 2.398841268322072562e+00 3.498263154419771315e+00 4.340757496450476260e+00
4.000000000000000000e+00 1.250000000000000000e-01 0.000000000000000000e+00 2.103203184569356343e-02 8.636953279199227618e-02 3.766057101972124233e-02 2.060570836958095786e-01
4.000000000000000000e+00 2.500000000000000000e-01 0.000000000000000000e+00 1.245271737507910479e-03 2.173856710695693754e-03 7.952045576747996617e-04 2.186678212753104689e-03
4.000000000000000000e+00 5.000000000000000000e-01 0.000000000000000000e+00 7.424237552621648509e-05 1.049724217866081601e-04 2.202203158427569867e-05 2.946311779293843731e-05
4.000000000000000000e+00 1.000000000000000000e+00 0.000000000000000000e+00 5.292896417210362617e-05 8.294200854838267066e-05 3.125716023609583806e-05 5.322457979350329188e-05
4.000000000000000000e+00 2.000000000000000000e+00 0.000000000000000000e+00 1.117960847870496939e-04 1.846063270541680097e-04 8.221491303491189958e-05 1.257482757473050517e-04
4.000000000000000000e+00 4.000000000000000000e+00 0.000000000000000000e+00 1.651563440762949240e-04 2.982641799980705012e-04 1.260019694675899079e-04 2.250677351179607719e-04
4.000000000000000000e+00 8.000000000000000000e+00 0.000000000000000000e+00 2.421893469861477357e-04 4.190177969099037787e-04 1.126239830869846709e-04 1.927961067393206855e-04
4.000000000000000000e+00 1.600000000000000000e+01 0.000000000000000000e+00 2.769024160150122468e-04 4.896586709312454773e-04 1.198655040742512305e-04 2.111148261751831284e-04
4.000000000000000000e+00 3.200000000000000000e+01 0.000000000000000000e+00 2.696858596963636620e-04 5.009228821684051647e-04 7.281156395187257809e-05 1.524885729842878049e-04
4.000000000000000000e+00 6.400000000000000000e+01 0.000000000000000000e+00 3.420500270323674941e-04 5.820467887628242784e-04 1.427296882075351715e-04 2.487632873827749563e-04
4.000000000000000000e+00 1.280000000000000000e+02 0.000000000000000000e+00 3.377371284173970051e-04 6.118385134835511085e-04 8.323434748948768777e-05 1.400556505080685404e-04
4.000000000000000000e+00 2.560000000000000000e+02 0.000000000000000000e+00 3.554883901020970509e-04 6.484390893795769851e-04 1.000124893180423877e-04 1.630462123661070373e-04
4.000000000000000000e+00 5.120000000000000000e+02 0.000000000000000000e+00 4.078457078375764713e-04 7.423909797572051609e-04 8.835111087333547767e-05 1.768902282006669629e-04
4.000000000000000000e+00 1.024000000000000000e+03 0.000000000000000000e+00 3.985126857501843480e-04 7.542333878388221341e-04 1.035140202306473561e-04 1.824093446376316599e-04
5.000000000000000000e+00 6.250000000000000000e-02 0.000000000000000000e+00 2.611059908630700921e+00 5.684618671324935590e+00 3.832827059615111498e+00 6.635171273285616955e+00
5.000000000000000000e+00 1.250000000000000000e-01 0.000000000000000000e+00 1.911927825813212328e-02 4.479897371877315793e-02 2.124563179143623345e-02 6.159893789037674400e-02
5.000000000000000000e+00 2.500000000000000000e-01 0.000000000000000000e+00 4.956850517063569536e-03 1.641502532573015788e-02 8.681620777536269012e-03 3.458908092276367224e-02
5.000000000000000000e+00 5.000000000000000000e-01 0.000000000000000000e+00 7.613885216081034933e-05 1.131565416218088842e-04 2.781925635312532799e-05 4.767232515907649003e-05
5.000000000000000000e+00 1.000000000000000000e+00 0.000000000000000000e+00 4.681997724463338737e-05 8.681687807314392960e-05 2.982716960695320485e-05 7.337483683002058127e-05
5.000000000000000000e+00 2.000000000000000000e+00 0.000000000000000000e+00 7.261848099217409734e-05 1.362701981109521170e-04 7.049500691418517540e-05 1.377453273159269563e-04
5.000000000000000000e+00 4.000000000000000000e+00 0.000000000000000000e+00 1.035519971036831337e-04 2.046372489301151541e-04 9.305618202160626819e-05 1.952358896046633280e-04
5.000000000000000000e+00 8.000000000000000000e+00 0.000000000000000000e+00 1.322500644609713263e-04 2.634354923685068746e-04 8.540331505576547497e-05 1.679275356874877832e-04
5.000000000000000000e+00 1.600000000000000000e+01 0.000000000000000000e+00 1.622620921700774371e-04 3.236546813589228841e-04 1.049291444214701827e-04 2.091608262363534336e-04
5.000000000000000000e+00 3.200000000000000000e+01 0.000000000000000000e+00 1.821663524442960146e-04 3.693124100074820712e-04 8.891308879811440392e-05 1.873201443832984373e-04
5.000000000000000000e+00 6.400000000000000000e+01 0.000000000000000000e+00 2.120047891493712143e-04 4.319630799254135615e-04 1.019819570157537653e-04 1.928257643516518075e-04
5.000000000000000000e+00 1.280000000000000000e+02 0.000000000000000000e+00 2.197939494369004383e-04 4.436672117431646883e-04 9.115110514161368590e-05 1.793512862924101460e-04
5.000000000000000000e+00 2.560000000000000000e+02 0.000000000000000000e+00 2.173798901256955031e-04 4.361545893154539786e-04 8.766828883776550153e-05 1.798920293452899969e-04
5.000000000000000000e+00 5.120000000000000000e+02 0.000000000000000000e+00 2.136766057106126264e-04 4.608480345243558436e-04 5.652425922041344112e-05 1.476278164503218749e-04
5.000000000000000000e+00 1.024000000000000000e+03 0.000000000000000000e+00 2.485720460427729111e-04 5.066041922380826743e-04 4.824791531176919601e-05 1.110751843048317209e-04
