5.000000000000000000e-01 1.000000000000000000e+00 1.000000000000000000e+00 2.930268368036421846e-03 2.734729544797871725e-03
5.000000000000000000e-01 5.000000000000000000e+00 1.000000000000000000e+00 1.201808316976322316e-03 1.188900119877487390e-03
5.000000000000000000e-01 1.000000000000000000e+01 1.000000000000000000e+00 5.699671768549252355e-04 5.903928625847854137e-04
5.000000000000000000e-01 1.500000000000000000e+01 1.000000000000000000e+00 5.220843725519429875e-04 5.385842504774184750e-04
5.000000000000000000e-01 2.000000000000000000e+01 1.000000000000000000e+00 5.143308242897226502e-04 5.300354574695960485e-04
5.000000000000000000e-01 2.500000000000000000e+01 1.000000000000000000e+00 5.024699787597663395e-04 5.172163375756175544e-04
5.000000000000000000e-01 3.000000000000000000e+01 1.000000000000000000e+00 4.959076054797444339e-04 5.102303718324339554e-04
5.000000000000000000e-01 3.500000000000000000e+01 1.000000000000000000e+00 4.939149287588508880e-04 5.077905539958799206e-04
5.000000000000000000e-01 4.000000000000000000e+01 1.000000000000000000e+00 4.899870293584081705e-04 5.040637463461027741e-04
5.000000000000000000e-01 4.500000000000000000e+01 1.000000000000000000e+00 4.875763062017008037e-04 5.011127935592890907e-04
5.000000000000000000e-01 5.000000000000000000e+01 1.000000000000000000e+00 4.875641511231607614e-04 5.011162352035275708e-04
1.000000000000000000e+00 1.000000000000000000e+00 1.000000000000000000e+00 3.232835472907531153e-03 2.975871253785047823e-03
1.000000000000000000e+00 5.000000000000000000e+00 1.000000000000000000e+00 1.585547510477573491e-03 1.554942527563960312e-03
1.000000000000000000e+00 1.000000000000000000e+01 1.000000000000000000e+00 9.886125349005713599e-04 1.047983644889122516e-03
1.000000000000000000e+00 1.500000000000000000e+01 1.000000000000000000e+00 6.684242837236753412e-04 7.304663606569696032e-04
1.000000000000000000e+00 2.000000000000000000e+01 1.000000000000000000e+00 6.294901713833650925e-04 6.966777752795994547e-04
1.000000000000000000e+00 2.500000000000000000e+01 1.000000000000000000e+00 6.200310242739015196e-04 6.861794906839737904e-04
1.000000000000000000e+00 3.000000000000000000e+01 1.000000000000000000e+00 6.132081336564128293e-04 6.776611072056212002e-04
1.000000000000000000e+00 3.500000000000000000e+01 1.000000000000000000e+00 5.981868314717624351e-04 6.623830810091837400e-04
1.000000000000000000e+00 4.000000000000000000e+01 1.000000000000000000e+00 5.922744954315025193e-04 6.552994943750545948e-04
1.000000000000000000e+00 4.500000000000000000e+01 1.000000000000000000e+00 5.908478086365318970e-04 6.530959675091234026e-04
1.000000000000000000e+00 5.000000000000000000e+01 1.000000000000000000e+00 5.896782915157453009e-04 6.511311985395617412e-04
2.000000000000000000e+00 1.000000000000000000e+00 1.000000000000000000e+00 3.330820357176298482e-03 3.103703072769405710e-03
2.000000000000000000e+00 5.000000000000000000e+00 1.000000000000000000e+00 2.239722830258778809e-03 2.177714097444038814e-03
2.000000000000000000e+00 1.000000000000000000e+01 1.000000000000000000e+00 1.665732202825137608e-03 1.672454038307545588e-03
2.000000000000000000e+00 1.500000000000000000e+01 1.000000000000000000e+00 1.235850082365216136e-03 1.302518390238050329e-03
2.000000000000000000e+00 2.000000000000000000e+01 1.000000000000000000e+00 1.026119899789196526e-03 1.134710649716699857e-03
2.000000000000000000e+00 2.500000000000000000e+01 1.000000000000000000e+00 9.830469255183934846e-04 1.098810374559054757e-03
2.000000000000000000e+00 3.000000000000000000e+01 1.000000000000000000e+00 9.607937756402600699e-04 1.084110298278361103e-03
2.000000000000000000e+00 3.500000000000000000e+01 1.000000000000000000e+00 9.549207027494040776e-04 1.078780530843104386e-03
2.000000000000000000e+00 4.000000000000000000e+01 1.000000000000000000e+00 9.432145114871614893e-04 1.072021115946695862e-03
2.000000000000000000e+00 4.500000000000000000e+01 1.000000000000000000e+00 9.381185245770510064e-04 1.066365674027182266e-03
2.000000000000000000e+00 5.000000000000000000e+01 1.000000000000000000e+00 9.301938806699392662e-04 1.057293574045094610e-03
4.000000000000000000e+00 1.000000000000000000e+00 1.000000000000000000e+00 3.441108501758140259e-03 3.196116705180914678e-03
4.000000000000000000e+00 5.000000000000000000e+00 1.000000000000000000e+00 2.436693283682764971e-03 2.363474450135421949e-03
4.000000000000000000e+00 1.000000000000000000e+01 1.000000000000000000e+00 1.867979332096736042e-03 1.889185911213503129e-03
4.000000000000000000e+00 1.500000000000000000e+01 1.000000000000000000e+00 1.475271608334318687e-03 1.573212782668731522e-03
4.000000000000000000e+00 2.000000000000000000e+01 1.000000000000000000e+00 1.175347133816110300e-03 1.313172029878948745e-03
4.000000000000000000e+00 2.500000000000000000e+01 1.000000000000000000e+00 9.390970439477894834e-04 1.116251520842022034e-03
4.000000000000000000e+00 3.000000000000000000e+01 1.000000000000000000e+00 8.672934082329239111e-04 1.066256226188480507e-03
4.000000000000000000e+00 3.500000000000000000e+01 1.000000000000000000e+00 8.381035639308395072e-04 1.035686579629929195e-03
4.000000000000000000e+00 4.000000000000000000e+01 1.000000000000000000e+00 8.239825395922031805e-04 1.027388974581668144e-03
4.000000000000000000e+00 4.500000000000000000e+01 1.000000000000000000e+00 8.146842869317418023e-04 1.015128309200625297e-03
4.000000000000000000e+00 5.000000000000000000e+01 1.000000000000000000e+00 8.075363139667850534e-04 1.008299405790637248e-03
8.000000000000000000e+00 1.000000000000000000e+00 1.000000000000000000e+00 3.408886428423426370e-03 3.155206332819389479e-03
8.000000000000000000e+00 5.000000000000000000e+00 1.000000000000000000e+00 2.622323871849616128e-03 2.552700480257051770e-03
8.000000000000000000e+00 1.000000000000000000e+01 1.000000000000000000e+00 2.023656995430321483e-03 2.054470071992887861e-03
8.000000000000000000e+00 1.500000000000000000e+01 1.000000000000000000e+00 1.629960019906063736e-03 1.722778769669151876e-03
8.000000000000000000e+00 2.000000000000000000e+01 1.000000000000000000e+00 1.291082266299336785e-03 1.441986968886734216e-03
8.000000000000000000e+00 2.500000000000000000e+01 1.000000000000000000e+00 1.038074031970178833e-03 1.239125714664186329e-03
8.000000000000000000e+00 3.000000000000000000e+01 1.000000000000000000e+00 8.443044581373400619e-04 1.060058336163953452e-03
8.000000000000000000e+00 3.500000000000000000e+01 1.000000000000000000e+00 7.061765159986961192e-04 9.337952295595499308e-04
8.000000000000000000e+00 4.000000000000000000e+01 1.000000000000000000e+00 6.159744685850464512e-04 8.540066389869469411e-04
8.000000000000000000e+00 4.500000000000000000e+01 1.000000000000000000e+00 5.794772300613740398e-04 8.177816840116581415e-04
8.000000000000000000e+00 5.000000000000000000e+01 1.000000000000000000e+00 5.649497148519180313e-04 8.076340327488907298e-04
1.600000000000000000e+01 1.000000000000000000e+00 1.000000000000000000e+00 3.510564513434555160e-03 3.272668156654159107e-03
1.600000000000000000e+01 5.000000000000000000e+00 1.000000000000000000e+00 2.701834871633195488e-03 2.606454133439185285e-03
1.600000000000000000e+01 1.000000000000000000e+01 1.000000000000000000e+00 2.129052888012815392e-03 2.146707227683946652e-03
1.600000000000000000e+01 1.500000000000000000e+01 1.000000000000000000e+00 1.704804827352593422e-03 1.813720734455880664e-03
1.600000000000000000e+01 2.000000000000000000e+01 1.000000000000000000e+00 1.355567312044199521e-03 1.525484505837457986e-03
1.600000000000000000e+01 2.500000000000000000e+01 1.000000000000000000e+00 1.118112474585111326e-03 1.340338672149222077e-03
1.600000000000000000e+01 3.000000000000000000e+01 1.000000000000000000e+00 9.212586909994203294e-04 1.158329879724564939e-03
1.600000000000000000e+01 3.500000000000000000e+01 1.000000000000000000e+00 7.487578431656028355e-04 9.986329572467416739e-04
1.600000000000000000e+01 4.000000000000000000e+01 1.000000000000000000e+00 6.321585328669528884e-04 8.881853595853299310e-04
1.600000000000000000e+01 4.500000000000000000e+01 1.000000000000000000e+00 5.283475508935416964e-04 7.768185911917289011e-04
1.600000000000000000e+01 5.000000000000000000e+01 1.000000000000000000e+00 4.478529919258480941e-04 6.861889151060908496e-04
3.200000000000000000e+01 1.000000000000000000e+00 1.000000000000000000e+00 3.446026337087096554e-03 3.183876019629074822e-03
3.200000000000000000e+01 5.000000000000000000e+00 1.000000000000000000e+00 2.733364967392669723e-03 2.635436778660205440e-03
3.200000000000000000e+01 1.000000000000000000e+01 1.000000000000000000e+00 2.205835578706137438e-03 2.214781816503686145e-03
3.200000000000000000e+01 1.500000000000000000e+01 1.000000000000000000e+00 1.739771900649066810e-03 1.827242749977634221e-03
3.200000000000000000e+01 2.000000000000000000e+01 1.000000000000000000e+00 1.424629004518497295e-03 1.615513182805525553e-03
3.200000000000000000e+01 2.500000000000000000e+01 1.000000000000000000e+00 1.105104395200874178e-03 1.337969515038262306e-03
3.200000000000000000e+01 3.000000000000000000e+01 1.000000000000000000e+00 9.310526051614944048e-04 1.171165718202712850e-03
3.200000000000000000e+01 3.500000000000000000e+01 1.000000000000000000e+00 7.464942635517596249e-04 1.032426266400235989e-03
3.200000000000000000e+01 4.000000000000000000e+01 1.000000000000000000e+00 6.344254449780939616e-04 9.064732150033590627e-04
3.200000000000000000e+01 4.500000000000000000e+01 1.000000000000000000e+00 5.158165227845077369e-04 7.911107802374246160e-04
3.200000000000000000e+01 5.000000000000000000e+01 1.000000000000000000e+00 4.364327432666058673e-04 7.075951288679741165e-04
6.400000000000000000e+01 1.000000000000000000e+00 1.000000000000000000e+00 3.482233184781104857e-03 3.247309303211000451e-03
6.400000000000000000e+01 5.000000000000000000e+00 1.000000000000000000e+00 2.829809800711349192e-03 2.745251250319686621e-03
6.400000000000000000e+01 1.000000000000000000e+01 1.000000000000000000e+00 2.265162153861136757e-03 2.286781534657408507e-03
6.400000000000000000e+01 1.500000000000000000e+01 1.000000000000000000e+00 1.786628218318683185e-03 1.919918387073256752e-03
6.400000000000000000e+01 2.000000000000000000e+01 1.000000000000000000e+00 1.483210786886692955e-03 1.670304221973806583e-03
6.400000000000000000e+01 2.500000000000000000e+01 1.000000000000000000e+00 1.214428732313803600e-03 1.462795569061030960e-03
6.400000000000000000e+01 3.000000000000000000e+01 1.000000000000000000e+00 9.860466818060720749e-04 1.265339802675643274e-03
6.400000000000000000e+01 3.500000000000000000e+01 1.000000000000000000e+00 8.390224521578303063e-04 1.121777683199162191e-03
6.400000000000000000e+01 4.000000000000000000e+01 1.000000000000000000e+00 6.845817236023235379e-04 9.755961157450275100e-04
6.400000000000000000e+01 4.500000000000000000e+01 1.000000000000000000e+00 5.753241653892883067e-04 8.823827732091031042e-04
6.400000000000000000e+01 5.000000000000000000e+01 1.000000000000000000e+00 4.823284281990087153e-04 7.767459678062951919e-04
1.280000000000000000e+02 1.000000000000000000e+00 1.000000000000000000e+00 3.470076934837129038e-03 3.193621535506505245e-03
1.280000000000000000e+02 5.000000000000000000e+00 1.000000000000000000e+00 2.834395062872226926e-03 2.737327539531612432e-03
1.280000000000000000e+02 1.000000000000000000e+01 1.000000000000000000e+00 2.345395537506114389e-03 2.363751463263555862e-03
1.280000000000000000e+02 1.500000000000000000e+01 1.000000000000000000e+00 1.906725751724393627e-03 1.980525599450757603e-03
1.280000000000000000e+02 2.000000000000000000e+01 1.000000000000000000e+00 1.576630819917312519e-03 1.772730036614047003e-03
1.280000000000000000e+02 2.500000000000000000e+01 1.000000000000000000e+00 1.308908109818546304e-03 1.540038368096497811e-03
1.280000000000000000e+02 3.000000000000000000e+01 1.000000000000000000e+00 1.086476146420232341e-03 1.360326770745819841e-03
1.280000000000000000e+02 3.500000000000000000e+01 1.000000000000000000e+00 8.846969698804629714e-04 1.185046285031407260e-03
1.280000000000000000e+02 4.000000000000000000e+01 1.000000000000000000e+00 7.480663923793286034e-04 1.072720901618609730e-03
1.280000000000000000e+02 4.500000000000000000e+01 1.000000000000000000e+00 6.368396856533082651e-04 9.353748171981489867e-04
1.280000000000000000e+02 5.000000000000000000e+01 1.000000000000000000e+00 5.196369507696766083e-04 8.263427516675876400e-04
2.560000000000000000e+02 1.000000000000000000e+00 1.000000000000000000e+00 3.466168044671318667e-03 3.222422281303991779e-03
2.560000000000000000e+02 5.000000000000000000e+00 1.000000000000000000e+00 2.842460819997440821e-03 2.725044715435686639e-03
2.560000000000000000e+02 1.000000000000000000e+01 1.000000000000000000e+00 2.292043060206724707e-03 2.328140029462788356e-03
2.560000000000000000e+02 1.500000000000000000e+01 1.000000000000000000e+00 1.798657214655026339e-03 1.939843346345839934e-03
2.560000000000000000e+02 2.000000000000000000e+01 1.000000000000000000e+00 1.491551140339360390e-03 1.675681050534052682e-03
2.560000000000000000e+02 2.500000000000000000e+01 1.000000000000000000e+00 1.188418654761919492e-03 1.440605552679031631e-03
2.560000000000000000e+02 3.000000000000000000e+01 1.000000000000000000e+00 9.805131179332839293e-04 1.247973624076852139e-03
2.560000000000000000e+02 3.500000000000000000e+01 1.000000000000000000e+00 8.066893401633895089e-04 1.103683491242524791e-03
2.560000000000000000e+02 4.000000000000000000e+01 1.000000000000000000e+00 6.862218876729558534e-04 9.692114074465251828e-04
2.560000000000000000e+02 4.500000000000000000e+01 1.000000000000000000e+00 5.410713589030142524e-04 8.430124644522481170e-04
2.560000000000000000e+02 5.000000000000000000e+01 1.000000000000000000e+00 4.718230472368472586e-04 7.722495729589977636e-04
5.120000000000000000e+02 1.000000000000000000e+00 1.000000000000000000e+00 3.481093228716996939e-03 3.240937404369101296e-03
5.120000000000000000e+02 5.000000000000000000e+00 1.000000000000000000e+00 2.884749556455549861e-03 2.805349781782953862e-03
5.120000000000000000e+02 1.000000000000000000e+01 1.000000000000000000e+00 2.438199108472053657e-03 2.436935970271201374e-03
5.120000000000000000e+02 1.500000000000000000e+01 1.000000000000000000e+00 2.055828853820002543e-03 2.169659713933726371e-03
5.120000000000000000e+02 2.000000000000000000e+01 1.000000000000000000e+00 1.677490046863449550e-03 1.880257609572770494e-03
5.120000000000000000e+02 2.500000000000000000e+01 1.000000000000000000e+00 1.422008096244304189e-03 1.679192116578742027e-03
5.120000000000000000e+02 3.000000000000000000e+01 1.000000000000000000e+00 1.168082394017528215e-03 1.450924527934162019e-03
5.120000000000000000e+02 3.500000000000000000e+01 1.000000000000000000e+00 9.636279274851469474e-04 1.267387781277488695e-03
5.120000000000000000e+02 4.000000000000000000e+01 1.000000000000000000e+00 8.049407240554868736e-04 1.152640677960886347e-03
5.120000000000000000e+02 4.500000000000000000e+01 1.000000000000000000e+00 6.863713765443026473e-04 1.050017448092614974e-03
5.120000000000000000e+02 5.000000000000000000e+01 1.000000000000000000e+00 5.987612369124861115e-04 9.390739939020345799e-04
