5.000000000000000000e-01 1.000000000000000000e+00 1.000000000000000000e+00 2.847454541845573749e-03 2.848560789559371424e-03
5.000000000000000000e-01 5.000000000000000000e+00 1.000000000000000000e+00 1.297619729813781313e-03 1.278992121288065808e-03
5.000000000000000000e-01 1.000000000000000000e+01 1.000000000000000000e+00 7.196731943235224350e-04 7.120067911526397654e-04
5.000000000000000000e-01 1.500000000000000000e+01 1.000000000000000000e+00 6.809999855587973907e-04 6.785030940127629662e-04
5.000000000000000000e-01 2.000000000000000000e+01 1.000000000000000000e+00 6.727126994985688831e-04 6.712114007433365266e-04
5.000000000000000000e-01 2.500000000000000000e+01 1.000000000000000000e+00 6.716727531063705625e-04 6.697734350045358911e-04
5.000000000000000000e-01 3.000000000000000000e+01 1.000000000000000000e+00 6.608202767882857646e-04 6.586249735474588099e-04
5.000000000000000000e-01 3.500000000000000000e+01 1.000000000000000000e+00 6.544954913901865172e-04 6.522642554033666971e-04
5.000000000000000000e-01 4.000000000000000000e+01 1.000000000000000000e+00 6.532374548747382249e-04 6.518792139776353719e-04
5.000000000000000000e-01 4.500000000000000000e+01 1.000000000000000000e+00 6.527944514805496127e-04 6.515787195676799514e-04
5.000000000000000000e-01 5.000000000000000000e+01 1.000000000000000000e+00 6.446774565112198523e-04 6.427115764051194013e-04
1.000000000000000000e+00 1.000000000000000000e+00 1.000000000000000000e+00 3.085096208135134407e-03 3.058327237770862468e-03
1.000000000000000000e+00 5.000000000000000000e+00 1.000000000000000000e+00 1.099112719174871744e-03 1.091517265163199956e-03
1.000000000000000000e+00 1.000000000000000000e+01 1.000000000000000000e+00 5.954983615668170372e-04 6.082286032213022730e-04
1.000000000000000000e+00 1.500000000000000000e+01 1.000000000000000000e+00 3.920064862806160082e-04 4.107956605314188811e-04
1.000000000000000000e+00 2.000000000000000000e+01 1.000000000000000000e+00 3.693480068316258970e-04 3.882963661307200858e-04
1.000000000000000000e+00 2.500000000000000000e+01 1.000000000000000000e+00 3.605084306488333780e-04 3.798475886838610953e-04
1.000000000000000000e+00 3.000000000000000000e+01 1.000000000000000000e+00 3.541560587968278144e-04 3.704785828072325814e-04
1.000000000000000000e+00 3.500000000000000000e+01 1.000000000000000000e+00 3.535936609189205856e-04 3.693542576634866988e-04
1.000000000000000000e+00 4.000000000000000000e+01 1.000000000000000000e+00 3.536341516603161645e-04 3.695485570927234398e-04
1.000000000000000000e+00 4.500000000000000000e+01 1.000000000000000000e+00 3.534083556741120583e-04 3.694433008560539435e-04
1.000000000000000000e+00 5.000000000000000000e+01 1.000000000000000000e+00 3.533305202497839066e-04 3.694508464062524404e-04
2.000000000000000000e+00 1.000000000000000000e+00 1.000000000000000000e+00 3.158354476362228245e-03 3.114813265886769329e-03
2.000000000000000000e+00 5.000000000000000000e+00 1.000000000000000000e+00 1.370746467725998067e-03 1.371931982067317504e-03
2.000000000000000000e+00 1.000000000000000000e+01 1.000000000000000000e+00 8.049036336003256766e-04 8.164977495938441484e-04
2.000000000000000000e+00 1.500000000000000000e+01 1.000000000000000000e+00 4.920734653342917053e-04 5.180141740340124795e-04
2.000000000000000000e+00 2.000000000000000000e+01 1.000000000000000000e+00 3.643411223267812595e-04 3.976184209112841529e-04
2.000000000000000000e+00 2.500000000000000000e+01 1.000000000000000000e+00 3.499799835528277694e-04 3.848859006424572185e-04
2.000000000000000000e+00 3.000000000000000000e+01 1.000000000000000000e+00 3.390804344133023268e-04 3.763464942227076311e-04
2.000000000000000000e+00 3.500000000000000000e+01 1.000000000000000000e+00 3.347546812080634689e-04 3.708443001391822816e-04
2.000000000000000000e+00 4.000000000000000000e+01 1.000000000000000000e+00 3.312150099766169101e-04 3.671391755752700307e-04
2.000000000000000000e+00 4.500000000000000000e+01 1.000000000000000000e+00 3.310446593576280233e-04 3.670753671977209243e-04
2.000000000000000000e+00 5.000000000000000000e+01 1.000000000000000000e+00 3.304869160411347717e-04 3.665966421655751217e-04
4.000000000000000000e+00 1.000000000000000000e+00 1.000000000000000000e+00 2.977713338740002082e-03 2.939297019323377537e-03
4.000000000000000000e+00 5.000000000000000000e+00 1.000000000000000000e+00 1.508752062697665776e-03 1.528312188286956325e-03
4.000000000000000000e+00 1.000000000000000000e+01 1.000000000000000000e+00 8.876314641451121552e-04 9.169246313270274992e-04
4.000000000000000000e+00 1.500000000000000000e+01 1.000000000000000000e+00 5.899708101564383458e-04 6.201844658128699084e-04
4.000000000000000000e+00 2.000000000000000000e+01 1.000000000000000000e+00 3.484127336587200768e-04 3.925378401175388899e-04
4.000000000000000000e+00 2.500000000000000000e+01 1.000000000000000000e+00 2.524781142352505899e-04 2.992988449502590994e-04
4.000000000000000000e+00 3.000000000000000000e+01 1.000000000000000000e+00 2.195596674315343326e-04 2.691632549436267542e-04
4.000000000000000000e+00 3.500000000000000000e+01 1.000000000000000000e+00 2.130052754574272649e-04 2.629708558367986854e-04
4.000000000000000000e+00 4.000000000000000000e+01 1.000000000000000000e+00 2.037536024714528657e-04 2.531570824821309908e-04
4.000000000000000000e+00 4.500000000000000000e+01 1.000000000000000000e+00 2.001553791830536460e-04 2.482920564256208495e-04
4.000000000000000000e+00 5.000000000000000000e+01 1.000000000000000000e+00 1.997969994248804970e-04 2.474928440789932052e-04
8.000000000000000000e+00 1.000000000000000000e+00 1.000000000000000000e+00 2.967609022197563191e-03 2.927328591163270988e-03
8.000000000000000000e+00 5.000000000000000000e+00 1.000000000000000000e+00 1.543046483045526062e-03 1.565768246748336758e-03
8.000000000000000000e+00 1.000000000000000000e+01 1.000000000000000000e+00 8.574013570889317060e-04 8.713509944619542017e-04
8.000000000000000000e+00 1.500000000000000000e+01 1.000000000000000000e+00 5.751126385020148427e-04 6.015666942267475876e-04
8.000000000000000000e+00 2.000000000000000000e+01 1.000000000000000000e+00 3.816327579172221684e-04 4.123725813663758726e-04
8.000000000000000000e+00 2.500000000000000000e+01 1.000000000000000000e+00 2.595405257064898946e-04 2.971379394945151682e-04
8.000000000000000000e+00 3.000000000000000000e+01 1.000000000000000000e+00 1.783338307953022384e-04 2.173886738903652493e-04
8.000000000000000000e+00 3.500000000000000000e+01 1.000000000000000000e+00 1.336588633959908377e-04 1.730432921421705384e-04
8.000000000000000000e+00 4.000000000000000000e+01 1.000000000000000000e+00 1.222925529298072743e-04 1.614776573247967111e-04
8.000000000000000000e+00 4.500000000000000000e+01 1.000000000000000000e+00 1.149084864669388666e-04 1.533128717818960064e-04
8.000000000000000000e+00 5.000000000000000000e+01 1.000000000000000000e+00 1.121666558775016387e-04 1.495191729334673808e-04
1.600000000000000000e+01 1.000000000000000000e+00 1.000000000000000000e+00 3.225239075824477310e-03 3.144248990764912481e-03
1.600000000000000000e+01 5.000000000000000000e+00 1.000000000000000000e+00 1.751618804250811273e-03 1.731825381098315002e-03
1.600000000000000000e+01 1.000000000000000000e+01 1.000000000000000000e+00 9.179757123517828321e-04 9.172583517907728417e-04
1.600000000000000000e+01 1.500000000000000000e+01 1.000000000000000000e+00 5.957857121414579342e-04 6.334518963291610027e-04
1.600000000000000000e+01 2.000000000000000000e+01 1.000000000000000000e+00 4.285330716325733385e-04 4.695005419579543994e-04
1.600000000000000000e+01 2.500000000000000000e+01 1.000000000000000000e+00 2.761890851973744726e-04 3.229154332962702904e-04
1.600000000000000000e+01 3.000000000000000000e+01 1.000000000000000000e+00 1.975324054511955045e-04 2.408708089177541943e-04
1.600000000000000000e+01 3.500000000000000000e+01 1.000000000000000000e+00 1.493035762988406700e-04 1.882919986131014346e-04
1.600000000000000000e+01 4.000000000000000000e+01 1.000000000000000000e+00 1.123731810080422168e-04 1.458907210598658693e-04
1.600000000000000000e+01 4.500000000000000000e+01 1.000000000000000000e+00 8.364843829430484426e-05 1.140458815123839990e-04
1.600000000000000000e+01 5.000000000000000000e+01 1.000000000000000000e+00 6.490284193322746402e-05 9.354440362532245271e-05
3.200000000000000000e+01 1.000000000000000000e+00 1.000000000000000000e+00 3.134756814042649522e-03 3.086043383791447960e-03
3.200000000000000000e+01 5.000000000000000000e+00 1.000000000000000000e+00 1.752854821004820856e-03 1.801365259416189569e-03
3.200000000000000000e+01 1.000000000000000000e+01 1.000000000000000000e+00 9.585989901664985569e-04 9.913888506084360657e-04
3.200000000000000000e+01 1.500000000000000000e+01 1.000000000000000000e+00 5.428222979348252359e-04 5.816167498214803739e-04
3.200000000000000000e+01 2.000000000000000000e+01 1.000000000000000000e+00 3.908343801530732515e-04 4.454508678495021812e-04
3.200000000000000000e+01 2.500000000000000000e+01 1.000000000000000000e+00 2.510187084887045405e-04 2.985124340901171682e-04
3.200000000000000000e+01 3.000000000000000000e+01 1.000000000000000000e+00 1.723705967002645619e-04 2.108167895523739024e-04
3.200000000000000000e+01 3.500000000000000000e+01 1.000000000000000000e+00 1.316103860618087645e-04 1.665890204865408766e-04
3.200000000000000000e+01 4.000000000000000000e+01 1.000000000000000000e+00 9.384824003600244070e-05 1.247065018573396294e-04
3.200000000000000000e+01 4.500000000000000000e+01 1.000000000000000000e+00 7.135575278275949171e-05 9.933565834855943486e-05
3.200000000000000000e+01 5.000000000000000000e+01 1.000000000000000000e+00 5.700947788430160479e-05 8.376557112587742105e-05
6.400000000000000000e+01 1.000000000000000000e+00 1.000000000000000000e+00 2.976639084332293426e-03 2.970100228294125615e-03
6.400000000000000000e+01 5.000000000000000000e+00 1.000000000000000000e+00 1.803082486834384126e-03 1.772523523322751260e-03
6.400000000000000000e+01 1.000000000000000000e+01 1.000000000000000000e+00 9.335355205124247057e-04 9.371471060467897757e-04
6.400000000000000000e+01 1.500000000000000000e+01 1.000000000000000000e+00 6.225150185043677687e-04 6.646603117806263502e-04
6.400000000000000000e+01 2.000000000000000000e+01 1.000000000000000000e+00 3.996954207520936895e-04 4.465071231428407723e-04
6.400000000000000000e+01 2.500000000000000000e+01 1.000000000000000000e+00 2.811139904874771834e-04 3.209582799767911939e-04
6.400000000000000000e+01 3.000000000000000000e+01 1.000000000000000000e+00 1.987832090944572001e-04 2.446166266546230127e-04
6.400000000000000000e+01 3.500000000000000000e+01 1.000000000000000000e+00 1.480289454378572070e-04 1.897994171202365614e-04
6.400000000000000000e+01 4.000000000000000000e+01 1.000000000000000000e+00 1.083549299716606869e-04 1.471257767060131028e-04
6.400000000000000000e+01 4.500000000000000000e+01 1.000000000000000000e+00 8.367938042136439578e-05 1.172301798423228109e-04
6.400000000000000000e+01 5.000000000000000000e+01 1.000000000000000000e+00 6.538602371912670657e-05 9.493075533673905214e-05
1.280000000000000000e+02 1.000000000000000000e+00 1.000000000000000000e+00 3.131233193405957675e-03 3.094797432873113048e-03
1.280000000000000000e+02 5.000000000000000000e+00 1.000000000000000000e+00 1.878870225095471925e-03 1.871446760936705924e-03
1.280000000000000000e+02 1.000000000000000000e+01 1.000000000000000000e+00 9.834976286055528705e-04 1.011799573434193867e-03
1.280000000000000000e+02 1.500000000000000000e+01 1.000000000000000000e+00 6.249822470694665032e-04 6.708337327449382043e-04
1.280000000000000000e+02 2.000000000000000000e+01 1.000000000000000000e+00 3.851712594972055864e-04 4.221730295827355378e-04
1.280000000000000000e+02 2.500000000000000000e+01 1.000000000000000000e+00 2.708113342549213010e-04 3.200338308767429539e-04
1.280000000000000000e+02 3.000000000000000000e+01 1.000000000000000000e+00 1.966749684628771484e-04 2.361139879037181478e-04
1.280000000000000000e+02 3.500000000000000000e+01 1.000000000000000000e+00 1.438872523093171971e-04 1.813956378245784389e-04
1.280000000000000000e+02 4.000000000000000000e+01 1.000000000000000000e+00 1.017132732998351894e-04 1.389178964275963901e-04
1.280000000000000000e+02 4.500000000000000000e+01 1.000000000000000000e+00 8.005417524543940587e-05 1.123498760937034611e-04
1.280000000000000000e+02 5.000000000000000000e+01 1.000000000000000000e+00 6.155640309077384492e-05 9.029273490709006672e-05
2.560000000000000000e+02 1.000000000000000000e+00 1.000000000000000000e+00 3.063199091954970504e-03 3.018182891442373374e-03
2.560000000000000000e+02 5.000000000000000000e+00 1.000000000000000000e+00 1.932383054366230242e-03 1.934885393170548322e-03
2.560000000000000000e+02 1.000000000000000000e+01 1.000000000000000000e+00 9.851962856691053733e-04 1.012253993299270811e-03
2.560000000000000000e+02 1.500000000000000000e+01 1.000000000000000000e+00 5.440593164707750989e-04 5.822642173719295728e-04
2.560000000000000000e+02 2.000000000000000000e+01 1.000000000000000000e+00 4.053908332196087534e-04 4.479785797156009622e-04
2.560000000000000000e+02 2.500000000000000000e+01 1.000000000000000000e+00 2.974084352773877921e-04 3.447748112023306258e-04
2.560000000000000000e+02 3.000000000000000000e+01 1.000000000000000000e+00 1.982898718049087123e-04 2.486495064748231649e-04
2.560000000000000000e+02 3.500000000000000000e+01 1.000000000000000000e+00 1.415889808539304664e-04 1.795948925810068430e-04
2.560000000000000000e+02 4.000000000000000000e+01 1.000000000000000000e+00 1.119474522461505125e-04 1.446839182971817279e-04
2.560000000000000000e+02 4.500000000000000000e+01 1.000000000000000000e+00 8.641365813317721575e-05 1.208747463924021574e-04
2.560000000000000000e+02 5.000000000000000000e+01 1.000000000000000000e+00 6.866757010796440265e-05 1.012362106184720489e-04
5.120000000000000000e+02 1.000000000000000000e+00 1.000000000000000000e+00 3.065390118019069212e-03 3.011338950558000056e-03
5.120000000000000000e+02 5.000000000000000000e+00 1.000000000000000000e+00 2.002827272729043769e-03 2.024246409208077090e-03
5.120000000000000000e+02 1.000000000000000000e+01 1.000000000000000000e+00 1.052817053196401223e-03 1.080829504104485316e-03
5.120000000000000000e+02 1.500000000000000000e+01 1.000000000000000000e+00 6.845591090442731258e-04 7.310354780572587063e-04
5.120000000000000000e+02 2.000000000000000000e+01 1.000000000000000000e+00 4.554542335523492744e-04 5.057252519973440535e-04
5.120000000000000000e+02 2.500000000000000000e+01 1.000000000000000000e+00 3.079452326741870531e-04 3.486439623514556206e-04
5.120000000000000000e+02 3.000000000000000000e+01 1.000000000000000000e+00 2.235863118068653584e-04 2.680213824850563370e-04
5.120000000000000000e+02 3.500000000000000000e+01 1.000000000000000000e+00 1.584550127417690113e-04 1.956613333550674769e-04
5.120000000000000000e+02 4.000000000000000000e+01 1.000000000000000000e+00 1.271486023393439261e-04 1.653829634275288593e-04
5.120000000000000000e+02 4.500000000000000000e+01 1.000000000000000000e+00 1.001228868329434400e-04 1.387052183882168065e-04
5.120000000000000000e+02 5.000000000000000000e+01 1.000000000000000000e+00 7.887898810131622172e-05 1.115697518344536233e-04
