5.000000000000000000e+00 1.000000000000000000e+00 7.812500000000000000e-03 1.000000000000000000e+00 1.000000000000000056e-01 4.985800115713514558e+00 1.216775928531120959e-01
5.000000000000000000e+00 1.000000000000000000e+00 1.562500000000000000e-02 1.000000000000000000e+00 1.000000000000000056e-01 4.429555394858444295e+00 1.458997812152030837e-01
5.000000000000000000e+00 1.000000000000000000e+00 3.125000000000000000e-02 1.000000000000000000e+00 1.000000000000000056e-01 3.762169012916797506e+00 1.853990854206518102e-01
5.000000000000000000e+00 1.000000000000000000e+00 6.250000000000000000e-02 1.000000000000000000e+00 1.000000000000000056e-01 2.888051640747177906e+00 4.210461566166396885e-01
5.000000000000000000e+00 1.000000000000000000e+00 1.250000000000000000e-01 1.000000000000000000e+00 1.000000000000000056e-01 1.337972898223919183e+00 1.051432937750199637e+00
5.000000000000000000e+00 1.000000000000000000e+00 2.500000000000000000e-01 1.000000000000000000e+00 1.000000000000000056e-01 -1.515612282857589976e+00 1.620721663088486642e+00
5.000000000000000000e+00 1.000000000000000000e+00 5.000000000000000000e-01 1.000000000000000000e+00 1.000000000000000056e-01 -3.750792016716494537e+00 1.384563102498296283e+00
5.000000000000000000e+00 1.000000000000000000e+00 1.000000000000000000e+00 1.000000000000000000e+00 1.000000000000000056e-01 -5.307872389372063182e+00 6.723099266124094031e-01
5.000000000000000000e+00 1.000000000000000000e+00 2.000000000000000000e+00 1.000000000000000000e+00 1.000000000000000056e-01 -5.180086699490326296e+00 4.470012306993672579e-01
5.000000000000000000e+00 1.000000000000000000e+00 4.000000000000000000e+00 1.000000000000000000e+00 1.000000000000000056e-01 -5.237533827697360422e+00 4.700352064422414489e-01
5.000000000000000000e+00 1.000000000000000000e+00 8.000000000000000000e+00 1.000000000000000000e+00 1.000000000000000056e-01 -5.157263850989741272e+00 3.782090035772601722e-01
5.000000000000000000e+00 1.000000000000000000e+00 1.600000000000000000e+01 1.000000000000000000e+00 1.000000000000000056e-01 -5.081380091486957795e+00 3.587977679851598878e-01
5.000000000000000000e+00 1.000000000000000000e+00 3.200000000000000000e+01 1.000000000000000000e+00 1.000000000000000056e-01 -5.170827061951024817e+00 3.623674959843963261e-01
5.000000000000000000e+00 1.000000000000000000e+00 6.400000000000000000e+01 1.000000000000000000e+00 1.000000000000000056e-01 -5.138804431565617392e+00 3.378687957282487386e-01
5.000000000000000000e+00 1.000000000000000000e+00 1.280000000000000000e+02 1.000000000000000000e+00 1.000000000000000056e-01 -5.104563687727700305e+00 3.564382595475329985e-01
5.000000000000000000e+00 1.000000000000000000e+00 7.812500000000000000e-03 1.000000000000000000e+00 5.000000000000000000e-01 4.985798779645072898e+00 1.216775587847990225e-01
5.000000000000000000e+00 1.000000000000000000e+00 1.562500000000000000e-02 1.000000000000000000e+00 5.000000000000000000e-01 4.429557653116605209e+00 1.458999431272594571e-01
5.000000000000000000e+00 1.000000000000000000e+00 3.125000000000000000e-02 1.000000000000000000e+00 5.000000000000000000e-01 3.762176568604524540e+00 1.853949469601673949e-01
5.000000000000000000e+00 1.000000000000000000e+00 6.250000000000000000e-02 1.000000000000000000e+00 5.000000000000000000e-01 2.888108945410251760e+00 4.209852224995138670e-01
5.000000000000000000e+00 1.000000000000000000e+00 1.250000000000000000e-01 1.000000000000000000e+00 5.000000000000000000e-01 1.360156116344092059e+00 9.952355698089072611e-01
5.000000000000000000e+00 1.000000000000000000e+00 2.500000000000000000e-01 1.000000000000000000e+00 5.000000000000000000e-01 -9.955235733102865137e-01 1.187787352704647414e+00
5.000000000000000000e+00 1.000000000000000000e+00 5.000000000000000000e-01 1.000000000000000000e+00 5.000000000000000000e-01 -2.532884045288636976e+00 9.221627150789653005e-01
5.000000000000000000e+00 1.000000000000000000e+00 1.000000000000000000e+00 1.000000000000000000e+00 5.000000000000000000e-01 -3.987098660919971671e+00 4.377285233122676922e-01
5.000000000000000000e+00 1.000000000000000000e+00 2.000000000000000000e+00 1.000000000000000000e+00 5.000000000000000000e-01 -3.753144392281704711e+00 4.438406685433852195e-01
5.000000000000000000e+00 1.000000000000000000e+00 4.000000000000000000e+00 1.000000000000000000e+00 5.000000000000000000e-01 -3.772815977296133383e+00 4.811865075714412687e-01
5.000000000000000000e+00 1.000000000000000000e+00 8.000000000000000000e+00 1.000000000000000000e+00 5.000000000000000000e-01 -3.666008723350306475e+00 4.201927771016089608e-01
5.000000000000000000e+00 1.000000000000000000e+00 1.600000000000000000e+01 1.000000000000000000e+00 5.000000000000000000e-01 -3.626949867480640854e+00 3.628662190347164418e-01
5.000000000000000000e+00 1.000000000000000000e+00 3.200000000000000000e+01 1.000000000000000000e+00 5.000000000000000000e-01 -3.679937237604607780e+00 3.588340352732321548e-01
5.000000000000000000e+00 1.000000000000000000e+00 6.400000000000000000e+01 1.000000000000000000e+00 5.000000000000000000e-01 -3.645463966993695237e+00 3.419152117110603739e-01
5.000000000000000000e+00 1.000000000000000000e+00 1.280000000000000000e+02 1.000000000000000000e+00 5.000000000000000000e-01 -3.610180235030458817e+00 3.891370735590272134e-01
5.000000000000000000e+00 1.000000000000000000e+00 7.812500000000000000e-03 1.000000000000000000e+00 9.000000000000000222e-01 4.985797646059266341e+00 1.216774966392003832e-01
5.000000000000000000e+00 1.000000000000000000e+00 1.562500000000000000e-02 1.000000000000000000e+00 9.000000000000000222e-01 4.429560777866351273e+00 1.458994364334459948e-01
5.000000000000000000e+00 1.000000000000000000e+00 3.125000000000000000e-02 1.000000000000000000e+00 9.000000000000000222e-01 3.762189011735634914e+00 1.853891080426501581e-01
5.000000000000000000e+00 1.000000000000000000e+00 6.250000000000000000e-02 1.000000000000000000e+00 9.000000000000000222e-01 2.888215129903540568e+00 4.208552646812385722e-01
5.000000000000000000e+00 1.000000000000000000e+00 1.250000000000000000e-01 1.000000000000000000e+00 9.000000000000000222e-01 1.385083152413720153e+00 9.342801921788165265e-01
5.000000000000000000e+00 1.000000000000000000e+00 2.500000000000000000e-01 1.000000000000000000e+00 9.000000000000000222e-01 -7.475722170242342646e-01 1.009182054430098008e+00
5.000000000000000000e+00 1.000000000000000000e+00 5.000000000000000000e-01 1.000000000000000000e+00 9.000000000000000222e-01 -2.064318322074095491e+00 7.567185348946079415e-01
5.000000000000000000e+00 1.000000000000000000e+00 1.000000000000000000e+00 1.000000000000000000e+00 9.000000000000000222e-01 -3.519854824605224142e+00 4.131987375702811938e-01
5.000000000000000000e+00 1.000000000000000000e+00 2.000000000000000000e+00 1.000000000000000000e+00 9.000000000000000222e-01 -3.254334144664901007e+00 4.620257973413041674e-01
5.000000000000000000e+00 1.000000000000000000e+00 4.000000000000000000e+00 1.000000000000000000e+00 9.000000000000000222e-01 -3.250752492813614225e+00 4.940324753985050332e-01
5.000000000000000000e+00 1.000000000000000000e+00 8.000000000000000000e+00 1.000000000000000000e+00 9.000000000000000222e-01 -3.151074067369878051e+00 4.636426023529265916e-01
5.000000000000000000e+00 1.000000000000000000e+00 1.600000000000000000e+01 1.000000000000000000e+00 9.000000000000000222e-01 -3.121553283205822371e+00 4.018991924313919939e-01
5.000000000000000000e+00 1.000000000000000000e+00 3.200000000000000000e+01 1.000000000000000000e+00 9.000000000000000222e-01 -3.158234852772069168e+00 3.781497148224807758e-01
5.000000000000000000e+00 1.000000000000000000e+00 6.400000000000000000e+01 1.000000000000000000e+00 9.000000000000000222e-01 -3.121050373654624455e+00 3.580539205339124953e-01
5.000000000000000000e+00 1.000000000000000000e+00 1.280000000000000000e+02 1.000000000000000000e+00 9.000000000000000222e-01 -3.083859415853374308e+00 4.180520524468455679e-01
