5.000000000000000000e+00 1.000000000000000000e+00 7.812500000000000000e-03 1.600000000000000000e+01 1.000000000000000056e-01 1.337972898223919183e+00 1.051432937750199637e+00
5.000000000000000000e+00 1.000000000000000000e+00 1.562500000000000000e-02 1.600000000000000000e+01 1.000000000000000056e-01 -1.515612282857589976e+00 1.620721663088486642e+00
5.000000000000000000e+00 1.000000000000000000e+00 3.125000000000000000e-02 1.600000000000000000e+01 1.000000000000000056e-01 -3.750792016716494537e+00 1.384563102498296283e+00
5.000000000000000000e+00 1.000000000000000000e+00 6.250000000000000000e-02 1.600000000000000000e+01 1.000000000000000056e-01 -5.307872389372063182e+00 6.723099266124094031e-01
5.000000000000000000e+00 1.000000000000000000e+00 1.250000000000000000e-01 1.600000000000000000e+01 1.000000000000000056e-01 -5.180086699490326296e+00 4.470012306993672579e-01
5.000000000000000000e+00 1.000000000000000000e+00 2.500000000000000000e-01 1.600000000000000000e+01 1.000000000000000056e-01 -5.237533827697360422e+00 4.700352064422414489e-01
5.000000000000000000e+00 1.000000000000000000e+00 5.000000000000000000e-01 1.600000000000000000e+01 1.000000000000000056e-01 -5.157263850989741272e+00 3.782090035772601722e-01
5.000000000000000000e+00 1.000000000000000000e+00 1.000000000000000000e+00 1.600000000000000000e+01 1.000000000000000056e-01 -5.081380091486957795e+00 3.587977679851598878e-01
5.000000000000000000e+00 1.000000000000000000e+00 2.000000000000000000e+00 1.600000000000000000e+01 1.000000000000000056e-01 -5.170827061951024817e+00 3.623674959843963261e-01
5.000000000000000000e+00 1.000000000000000000e+00 4.000000000000000000e+00 1.600000000000000000e+01 1.000000000000000056e-01 -5.138804431565617392e+00 3.378687957282487386e-01
5.000000000000000000e+00 1.000000000000000000e+00 8.000000000000000000e+00 1.600000000000000000e+01 1.000000000000000056e-01 -5.104563687727700305e+00 3.564382595475329985e-01
5.000000000000000000e+00 1.000000000000000000e+00 1.600000000000000000e+01 1.600000000000000000e+01 1.000000000000000056e-01 -5.109077760459201478e+00 3.515784068422053710e-01
5.000000000000000000e+00 1.000000000000000000e+00 3.200000000000000000e+01 1.600000000000000000e+01 1.000000000000000056e-01 -5.109929994111104712e+00 3.837626268282616215e-01
5.000000000000000000e+00 1.000000000000000000e+00 6.400000000000000000e+01 1.600000000000000000e+01 1.000000000000000056e-01 -5.139219520714082279e+00 3.641936135365172467e-01
5.000000000000000000e+00 1.000000000000000000e+00 1.280000000000000000e+02 1.600000000000000000e+01 1.000000000000000056e-01 -5.173198136975417860e+00 3.672037205215816780e-01
5.000000000000000000e+00 1.000000000000000000e+00 7.812500000000000000e-03 1.600000000000000000e+01 5.000000000000000000e-01 1.360156116344092059e+00 9.952355698089072611e-01
5.000000000000000000e+00 1.000000000000000000e+00 1.562500000000000000e-02 1.600000000000000000e+01 5.000000000000000000e-01 -9.955235733102865137e-01 1.187787352704647414e+00
5.000000000000000000e+00 1.000000000000000000e+00 3.125000000000000000e-02 1.600000000000000000e+01 5.000000000000000000e-01 -2.532884045288636976e+00 9.221627150789653005e-01
5.000000000000000000e+00 1.000000000000000000e+00 6.250000000000000000e-02 1.600000000000000000e+01 5.000000000000000000e-01 -3.987098660919971671e+00 4.377285233122676922e-01
5.000000000000000000e+00 1.000000000000000000e+00 1.250000000000000000e-01 1.600000000000000000e+01 5.000000000000000000e-01 -3.753144392281704711e+00 4.438406685433852195e-01
5.000000000000000000e+00 1.000000000000000000e+00 2.500000000000000000e-01 1.600000000000000000e+01 5.000000000000000000e-01 -3.772815977296133383e+00 4.811865075714412687e-01
5.000000000000000000e+00 1.000000000000000000e+00 5.000000000000000000e-01 1.600000000000000000e+01 5.000000000000000000e-01 -3.666008723350306475e+00 4.201927771016089608e-01
5.000000000000000000e+00 1.000000000000000000e+00 1.000000000000000000e+00 1.600000000000000000e+01 5.000000000000000000e-01 -3.626949867480640854e+00 3.628662190347164418e-01
5.000000000000000000e+00 1.000000000000000000e+00 2.000000000000000000e+00 1.600000000000000000e+01 5.000000000000000000e-01 -3.679937237604607780e+00 3.588340352732321548e-01
5.000000000000000000e+00 1.000000000000000000e+00 4.000000000000000000e+00 1.600000000000000000e+01 5.000000000000000000e-01 -3.645463966993695237e+00 3.419152117110603739e-01
5.000000000000000000e+00 1.000000000000000000e+00 8.000000000000000000e+00 1.600000000000000000e+01 5.000000000000000000e-01 -3.610180235030458817e+00 3.891370735590272134e-01
5.000000000000000000e+00 1.000000000000000000e+00 1.600000000000000000e+01 1.600000000000000000e+01 5.000000000000000000e-01 -3.655485831328776136e+00 3.743899785844860828e-01
5.000000000000000000e+00 1.000000000000000000e+00 3.200000000000000000e+01 1.600000000000000000e+01 5.000000000000000000e-01 -3.631893506744899192e+00 3.905062797735745495e-01
5.000000000000000000e+00 1.000000000000000000e+00 6.400000000000000000e+01 1.600000000000000000e+01 5.000000000000000000e-01 -3.668064227941628452e+00 4.161791813639340032e-01
5.000000000000000000e+00 1.000000000000000000e+00 1.280000000000000000e+02 1.600000000000000000e+01 5.000000000000000000e-01 -3.687005829119235578e+00 3.973007551809052407e-01
5.000000000000000000e+00 1.000000000000000000e+00 7.812500000000000000e-03 1.600000000000000000e+01 9.000000000000000222e-01 1.385083152413720153e+00 9.342801921788165265e-01
5.000000000000000000e+00 1.000000000000000000e+00 1.562500000000000000e-02 1.600000000000000000e+01 9.000000000000000222e-01 -7.475722170242342646e-01 1.009182054430098008e+00
5.000000000000000000e+00 1.000000000000000000e+00 3.125000000000000000e-02 1.600000000000000000e+01 9.000000000000000222e-01 -2.064318322074095491e+00 7.567185348946079415e-01
5.000000000000000000e+00 1.000000000000000000e+00 6.250000000000000000e-02 1.600000000000000000e+01 9.000000000000000222e-01 -3.519854824605224142e+00 4.131987375702811938e-01
5.000000000000000000e+00 1.000000000000000000e+00 1.250000000000000000e-01 1.600000000000000000e+01 9.000000000000000222e-01 -3.254334144664901007e+00 4.620257973413041674e-01
5.000000000000000000e+00 1.000000000000000000e+00 2.500000000000000000e-01 1.600000000000000000e+01 9.000000000000000222e-01 -3.250752492813614225e+00 4.940324753985050332e-01
5.000000000000000000e+00 1.000000000000000000e+00 5.000000000000000000e-01 1.600000000000000000e+01 9.000000000000000222e-01 -3.151074067369878051e+00 4.636426023529265916e-01
5.000000000000000000e+00 1.000000000000000000e+00 1.000000000000000000e+00 1.600000000000000000e+01 9.000000000000000222e-01 -3.121553283205822371e+00 4.018991924313919939e-01
5.000000000000000000e+00 1.000000000000000000e+00 2.000000000000000000e+00 1.600000000000000000e+01 9.000000000000000222e-01 -3.158234852772069168e+00 3.781497148224807758e-01
5.000000000000000000e+00 1.000000000000000000e+00 4.000000000000000000e+00 1.600000000000000000e+01 9.000000000000000222e-01 -3.121050373654624455e+00 3.580539205339124953e-01
5.000000000000000000e+00 1.000000000000000000e+00 8.000000000000000000e+00 1.600000000000000000e+01 9.000000000000000222e-01 -3.083859415853374308e+00 4.180520524468455679e-01
5.000000000000000000e+00 1.000000000000000000e+00 1.600000000000000000e+01 1.600000000000000000e+01 9.000000000000000222e-01 -3.178177959023098520e+00 4.399881268896751463e-01
5.000000000000000000e+00 1.000000000000000000e+00 3.200000000000000000e+01 1.600000000000000000e+01 9.000000000000000222e-01 -3.107031195304600146e+00 4.015675975991261915e-01
5.000000000000000000e+00 1.000000000000000000e+00 6.400000000000000000e+01 1.600000000000000000e+01 9.000000000000000222e-01 -3.153679773808750308e+00 4.570142217060573775e-01
5.000000000000000000e+00 1.000000000000000000e+00 1.280000000000000000e+02 1.600000000000000000e+01 9.000000000000000222e-01 -3.162476411442924906e+00 4.206566168234178726e-01
