5.000000000000000000e+00 1.000000000000000000e+00 7.812500000000000000e-03 1.000000000000000000e+00 9.000000000000000222e-01 5.185116301156396545e+00 1.826099591148691026e-01
5.000000000000000000e+00 1.000000000000000000e+00 1.562500000000000000e-02 1.000000000000000000e+00 9.000000000000000222e-01 4.672856193428742699e+00 1.021231213626396794e-01
5.000000000000000000e+00 1.000000000000000000e+00 3.125000000000000000e-02 1.000000000000000000e+00 9.000000000000000222e-01 3.999817690822438543e+00 2.237045694881230062e-01
5.000000000000000000e+00 1.000000000000000000e+00 6.250000000000000000e-02 1.000000000000000000e+00 9.000000000000000222e-01 3.116845944886333264e+00 5.108270606969922412e-01
5.000000000000000000e+00 1.000000000000000000e+00 1.250000000000000000e-01 1.000000000000000000e+00 9.000000000000000222e-01 2.391108610952071611e+00 4.147951233924476178e-01
5.000000000000000000e+00 1.000000000000000000e+00 2.500000000000000000e-01 1.000000000000000000e+00 9.000000000000000222e-01 1.780465887681746684e-01 5.267564350361794157e-01
5.000000000000000000e+00 1.000000000000000000e+00 5.000000000000000000e-01 1.000000000000000000e+00 9.000000000000000222e-01 -2.316602177895589421e+00 1.526078585179226899e-01
5.000000000000000000e+00 1.000000000000000000e+00 1.000000000000000000e+00 1.000000000000000000e+00 9.000000000000000222e-01 -3.095522641114155427e+00 1.661555208762299785e-01
5.000000000000000000e+00 1.000000000000000000e+00 2.000000000000000000e+00 1.000000000000000000e+00 9.000000000000000222e-01 -3.402860973614541429e+00 8.188229579013566184e-01
5.000000000000000000e+00 1.000000000000000000e+00 4.000000000000000000e+00 1.000000000000000000e+00 9.000000000000000222e-01 -3.103820108651710541e+00 5.504933751099387873e-01
5.000000000000000000e+00 1.000000000000000000e+00 8.000000000000000000e+00 1.000000000000000000e+00 9.000000000000000222e-01 -3.282668949475583187e+00 7.871387162637728530e-01
5.000000000000000000e+00 1.000000000000000000e+00 1.600000000000000000e+01 1.000000000000000000e+00 9.000000000000000222e-01 -3.367636473871211233e+00 7.128763605262222747e-01
5.000000000000000000e+00 1.000000000000000000e+00 3.200000000000000000e+01 1.000000000000000000e+00 9.000000000000000222e-01 -3.373047578912788058e+00 8.082873063138076297e-01
5.000000000000000000e+00 1.000000000000000000e+00 6.400000000000000000e+01 1.000000000000000000e+00 9.000000000000000222e-01 -3.245026752990313845e+00 7.458576413618140943e-01
5.000000000000000000e+00 1.000000000000000000e+00 1.280000000000000000e+02 1.000000000000000000e+00 9.000000000000000222e-01 -3.292202905745860164e+00 5.295458538518653668e-01
