5.000000000000000000e+00 1.000000000000000000e+00 7.812500000000000000e-03 1.000000000000000000e+00 1.000000000000000056e-01 5.185114958839966093e+00 1.826144206416309146e-01
5.000000000000000000e+00 1.000000000000000000e+00 1.562500000000000000e-02 1.000000000000000000e+00 1.000000000000000056e-01 4.672850221015490746e+00 1.021095398806921573e-01
5.000000000000000000e+00 1.000000000000000000e+00 3.125000000000000000e-02 1.000000000000000000e+00 1.000000000000000056e-01 3.999883089443912354e+00 2.236138471572484132e-01
5.000000000000000000e+00 1.000000000000000000e+00 6.250000000000000000e-02 1.000000000000000000e+00 1.000000000000000056e-01 3.116633470917633986e+00 5.109469242858846183e-01
5.000000000000000000e+00 1.000000000000000000e+00 1.250000000000000000e-01 1.000000000000000000e+00 1.000000000000000056e-01 2.390684031560587286e+00 4.151960980176127025e-01
5.000000000000000000e+00 1.000000000000000000e+00 2.500000000000000000e-01 1.000000000000000000e+00 1.000000000000000056e-01 1.590382568642618732e-01 5.439843754242428275e-01
5.000000000000000000e+00 1.000000000000000000e+00 5.000000000000000000e-01 1.000000000000000000e+00 1.000000000000000056e-01 -4.018527282861274585e+00 4.032936829974276272e-02
5.000000000000000000e+00 1.000000000000000000e+00 1.000000000000000000e+00 1.000000000000000000e+00 1.000000000000000056e-01 -4.769331288499380150e+00 6.506298446424363391e-03
5.000000000000000000e+00 1.000000000000000000e+00 2.000000000000000000e+00 1.000000000000000000e+00 1.000000000000000056e-01 -5.009562856142084186e+00 8.975329744655238251e-01
5.000000000000000000e+00 1.000000000000000000e+00 4.000000000000000000e+00 1.000000000000000000e+00 1.000000000000000056e-01 -4.807457294356309419e+00 7.253031643577316778e-01
5.000000000000000000e+00 1.000000000000000000e+00 8.000000000000000000e+00 1.000000000000000000e+00 1.000000000000000056e-01 -5.067498233025881760e+00 8.748384740113137603e-01
5.000000000000000000e+00 1.000000000000000000e+00 1.600000000000000000e+01 1.000000000000000000e+00 1.000000000000000056e-01 -5.024898111720792926e+00 7.219914262625266588e-01
5.000000000000000000e+00 1.000000000000000000e+00 3.200000000000000000e+01 1.000000000000000000e+00 1.000000000000000056e-01 -5.089097714760065116e+00 8.396561043414059178e-01
5.000000000000000000e+00 1.000000000000000000e+00 6.400000000000000000e+01 1.000000000000000000e+00 1.000000000000000056e-01 -4.880157967023958321e+00 7.280796405852867359e-01
5.000000000000000000e+00 1.000000000000000000e+00 1.280000000000000000e+02 1.000000000000000000e+00 1.000000000000000056e-01 -5.139971706535879648e+00 5.716369832589873745e-01
