5.000000000000000000e+00 1.000000000000000000e+00 7.812500000000000000e-03 6.250000000000000000e-02 1.000000000000000056e-01 5.356218999027483996e+00 1.008340133177163672e-01
5.000000000000000000e+00 1.000000000000000000e+00 1.562500000000000000e-02 6.250000000000000000e-02 1.000000000000000056e-01 5.268510349366956724e+00 6.622213343800251173e-02
5.000000000000000000e+00 1.000000000000000000e+00 3.125000000000000000e-02 6.250000000000000000e-02 1.000000000000000056e-01 5.218695811027388665e+00 1.356643524017585589e-01
5.000000000000000000e+00 1.000000000000000000e+00 6.250000000000000000e-02 6.250000000000000000e-02 1.000000000000000056e-01 5.174034818045127437e+00 1.230663574518014863e-01
5.000000000000000000e+00 1.000000000000000000e+00 1.250000000000000000e-01 6.250000000000000000e-02 1.000000000000000056e-01 4.985800115713514558e+00 1.216775928531120959e-01
5.000000000000000000e+00 1.000000000000000000e+00 2.500000000000000000e-01 6.250000000000000000e-02 1.000000000000000056e-01 4.429555394858444295e+00 1.458997812152030837e-01
5.000000000000000000e+00 1.000000000000000000e+00 5.000000000000000000e-01 6.250000000000000000e-02 1.000000000000000056e-01 3.762169012916797506e+00 1.853990854206518102e-01
5.000000000000000000e+00 1.000000000000000000e+00 1.000000000000000000e+00 6.250000000000000000e-02 1.000000000000000056e-01 2.888051640747177906e+00 4.210461566166396885e-01
5.000000000000000000e+00 1.000000000000000000e+00 2.000000000000000000e+00 6.250000000000000000e-02 1.000000000000000056e-01 1.337972898223919183e+00 1.051432937750199637e+00
5.000000000000000000e+00 1.000000000000000000e+00 4.000000000000000000e+00 6.250000000000000000e-02 1.000000000000000056e-01 -1.515612282857589976e+00 1.620721663088486642e+00
5.000000000000000000e+00 1.000000000000000000e+00 8.000000000000000000e+00 6.250000000000000000e-02 1.000000000000000056e-01 -3.750792016716494537e+00 1.384563102498296283e+00
5.000000000000000000e+00 1.000000000000000000e+00 1.600000000000000000e+01 6.250000000000000000e-02 1.000000000000000056e-01 -5.307872389372063182e+00 6.723099266124094031e-01
5.000000000000000000e+00 1.000000000000000000e+00 3.200000000000000000e+01 6.250000000000000000e-02 1.000000000000000056e-01 -5.180086699490326296e+00 4.470012306993672579e-01
5.000000000000000000e+00 1.000000000000000000e+00 6.400000000000000000e+01 6.250000000000000000e-02 1.000000000000000056e-01 -5.237533827697360422e+00 4.700352064422414489e-01
5.000000000000000000e+00 1.000000000000000000e+00 1.280000000000000000e+02 6.250000000000000000e-02 1.000000000000000056e-01 -5.157263850989741272e+00 3.782090035772601722e-01
5.000000000000000000e+00 1.000000000000000000e+00 7.812500000000000000e-03 6.250000000000000000e-02 5.000000000000000000e-01 5.356219067927552757e+00 1.008340014588562095e-01
5.000000000000000000e+00 1.000000000000000000e+00 1.562500000000000000e-02 6.250000000000000000e-02 5.000000000000000000e-01 5.268510430651497600e+00 6.622211354220867985e-02
5.000000000000000000e+00 1.000000000000000000e+00 3.125000000000000000e-02 6.250000000000000000e-02 5.000000000000000000e-01 5.218695875512501914e+00 1.356644094174587756e-01
5.000000000000000000e+00 1.000000000000000000e+00 6.250000000000000000e-02 6.250000000000000000e-02 5.000000000000000000e-01 5.174034534410162145e+00 1.230663052879202440e-01
5.000000000000000000e+00 1.000000000000000000e+00 1.250000000000000000e-01 6.250000000000000000e-02 5.000000000000000000e-01 4.985798779645072898e+00 1.216775587847990225e-01
5.000000000000000000e+00 1.000000000000000000e+00 2.500000000000000000e-01 6.250000000000000000e-02 5.000000000000000000e-01 4.429557653116605209e+00 1.458999431272594571e-01
5.000000000000000000e+00 1.000000000000000000e+00 5.000000000000000000e-01 6.250000000000000000e-02 5.000000000000000000e-01 3.762176568604524540e+00 1.853949469601673949e-01
5.000000000000000000e+00 1.000000000000000000e+00 1.000000000000000000e+00 6.250000000000000000e-02 5.000000000000000000e-01 2.888108945410251760e+00 4.209852224995138670e-01
5.000000000000000000e+00 1.000000000000000000e+00 2.000000000000000000e+00 6.250000000000000000e-02 5.000000000000000000e-01 1.360156116344092059e+00 9.952355698089072611e-01
5.000000000000000000e+00 1.000000000000000000e+00 4.000000000000000000e+00 6.250000000000000000e-02 5.000000000000000000e-01 -9.955235733102865137e-01 1.187787352704647414e+00
5.000000000000000000e+00 1.000000000000000000e+00 8.000000000000000000e+00 6.250000000000000000e-02 5.000000000000000000e-01 -2.532884045288636976e+00 9.221627150789653005e-01
5.000000000000000000e+00 1.000000000000000000e+00 1.600000000000000000e+01 6.250000000000000000e-02 5.000000000000000000e-01 -3.987098660919971671e+00 4.377285233122676922e-01
5.000000000000000000e+00 1.000000000000000000e+00 3.200000000000000000e+01 6.250000000000000000e-02 5.000000000000000000e-01 -3.753144392281704711e+00 4.438406685433852195e-01
5.000000000000000000e+00 1.000000000000000000e+00 6.400000000000000000e+01 6.250000000000000000e-02 5.000000000000000000e-01 -3.772815977296133383e+00 4.811865075714412687e-01
5.000000000000000000e+00 1.000000000000000000e+00 1.280000000000000000e+02 6.250000000000000000e-02 5.000000000000000000e-01 -3.666008723350306475e+00 4.201927771016089608e-01
5.000000000000000000e+00 1.000000000000000000e+00 7.812500000000000000e-03 6.250000000000000000e-02 9.000000000000000222e-01 5.356219230747571558e+00 1.008339707319567541e-01
5.000000000000000000e+00 1.000000000000000000e+00 1.562500000000000000e-02 6.250000000000000000e-02 9.000000000000000222e-01 5.268510615771238470e+00 6.622206644801865993e-02
5.000000000000000000e+00 1.000000000000000000e+00 3.125000000000000000e-02 6.250000000000000000e-02 9.000000000000000222e-01 5.218696044289419689e+00 1.356644239080529446e-01
5.000000000000000000e+00 1.000000000000000000e+00 6.250000000000000000e-02 6.250000000000000000e-02 9.000000000000000222e-01 5.174034410199518597e+00 1.230662328939419459e-01
5.000000000000000000e+00 1.000000000000000000e+00 1.250000000000000000e-01 6.250000000000000000e-02 9.000000000000000222e-01 4.985797646059266341e+00 1.216774966392003832e-01
5.000000000000000000e+00 1.000000000000000000e+00 2.500000000000000000e-01 6.250000000000000000e-02 9.000000000000000222e-01 4.429560777866351273e+00 1.458994364334459948e-01
5.000000000000000000e+00 1.000000000000000000e+00 5.000000000000000000e-01 6.250000000000000000e-02 9.000000000000000222e-01 3.762189011735634914e+00 1.853891080426501581e-01
5.000000000000000000e+00 1.000000000000000000e+00 1.000000000000000000e+00 6.250000000000000000e-02 9.000000000000000222e-01 2.888215129903540568e+00 4.208552646812385722e-01
5.000000000000000000e+00 1.000000000000000000e+00 2.000000000000000000e+00 6.250000000000000000e-02 9.000000000000000222e-01 1.385083152413720153e+00 9.342801921788165265e-01
5.000000000000000000e+00 1.000000000000000000e+00 4.000000000000000000e+00 6.250000000000000000e-02 9.000000000000000222e-01 -7.475722170242342646e-01 1.009182054430098008e+00
5.000000000000000000e+00 1.000000000000000000e+00 8.000000000000000000e+00 6.250000000000000000e-02 9.000000000000000222e-01 -2.064318322074095491e+00 7.567185348946079415e-01
5.000000000000000000e+00 1.000000000000000000e+00 1.600000000000000000e+01 6.250000000000000000e-02 9.000000000000000222e-01 -3.519854824605224142e+00 4.131987375702811938e-01
5.000000000000000000e+00 1.000000000000000000e+00 3.200000000000000000e+01 6.250000000000000000e-02 9.000000000000000222e-01 -3.254334144664901007e+00 4.620257973413041674e-01
5.000000000000000000e+00 1.000000000000000000e+00 6.400000000000000000e+01 6.250000000000000000e-02 9.000000000000000222e-01 -3.250752492813614225e+00 4.940324753985050332e-01
5.000000000000000000e+00 1.000000000000000000e+00 1.280000000000000000e+02 6.250000000000000000e-02 9.000000000000000222e-01 -3.151074067369878051e+00 4.636426023529265916e-01
