5.000000000000000000e+00 1.000000000000000000e+00 7.812500000000000000e-03 1.250000000000000000e-01 5.000000000000000000e-01 5.108745336416262717e+00 2.131405507098853569e-01
5.000000000000000000e+00 1.000000000000000000e+00 1.562500000000000000e-02 1.250000000000000000e-01 5.000000000000000000e-01 5.249861424389614228e+00 9.925728389746346636e-02
5.000000000000000000e+00 1.000000000000000000e+00 3.125000000000000000e-02 1.250000000000000000e-01 5.000000000000000000e-01 5.162995302445032131e+00 2.550889189338727547e-01
5.000000000000000000e+00 1.000000000000000000e+00 6.250000000000000000e-02 1.250000000000000000e-01 5.000000000000000000e-01 5.185115676313278854e+00 1.826119988332068900e-01
5.000000000000000000e+00 1.000000000000000000e+00 1.250000000000000000e-01 1.250000000000000000e-01 5.000000000000000000e-01 4.672853451474245468e+00 1.021168982449029983e-01
5.000000000000000000e+00 1.000000000000000000e+00 2.500000000000000000e-01 1.250000000000000000e-01 5.000000000000000000e-01 3.999845756821528653e+00 2.236637673489012546e-01
5.000000000000000000e+00 1.000000000000000000e+00 5.000000000000000000e-01 1.250000000000000000e-01 5.000000000000000000e-01 3.116723214246342355e+00 5.109013461289602098e-01
5.000000000000000000e+00 1.000000000000000000e+00 1.000000000000000000e+00 1.250000000000000000e-01 5.000000000000000000e-01 2.390863908249136749e+00 4.150070621288824979e-01
5.000000000000000000e+00 1.000000000000000000e+00 2.000000000000000000e+00 1.250000000000000000e-01 5.000000000000000000e-01 1.654408130030354807e-01 5.374818585473787325e-01
5.000000000000000000e+00 1.000000000000000000e+00 4.000000000000000000e+00 1.250000000000000000e-01 5.000000000000000000e-01 -2.848349058776875609e+00 1.295874774564940157e-01
5.000000000000000000e+00 1.000000000000000000e+00 8.000000000000000000e+00 1.250000000000000000e-01 5.000000000000000000e-01 -3.535339603947778464e+00 1.188274090492413837e-01
5.000000000000000000e+00 1.000000000000000000e+00 1.600000000000000000e+01 1.250000000000000000e-01 5.000000000000000000e-01 -3.796482264191930689e+00 8.494447879015760705e-01
5.000000000000000000e+00 1.000000000000000000e+00 3.200000000000000000e+01 1.250000000000000000e-01 5.000000000000000000e-01 -3.533948114209493063e+00 6.050364110527839401e-01
5.000000000000000000e+00 1.000000000000000000e+00 6.400000000000000000e+01 1.250000000000000000e-01 5.000000000000000000e-01 -3.771771590610295988e+00 8.449861964281044635e-01
5.000000000000000000e+00 1.000000000000000000e+00 1.280000000000000000e+02 1.250000000000000000e-01 5.000000000000000000e-01 -3.799963688125129746e+00 7.314263353481700314e-01
