1.000000000000000000e+00 6.250000000000000000e-02 1.000000000000000000e+00 1.216240861048333510e+00 3.766122597190822707e-02
1.000000000000000000e+00 1.250000000000000000e-01 1.000000000000000000e+00 3.192584929919362491e+00 1.161475504780504986e+00
1.000000000000000000e+00 2.500000000000000000e-01 1.000000000000000000e+00 4.810108108882769073e+00 7.444322456529929299e-01
1.000000000000000000e+00 5.000000000000000000e-01 1.000000000000000000e+00 5.111971677519223434e+00 2.906608670107136971e-01
1.000000000000000000e+00 1.000000000000000000e+00 1.000000000000000000e+00 4.160929038898731669e+00 4.507401334038657614e-01
1.000000000000000000e+00 2.000000000000000000e+00 1.000000000000000000e+00 3.706786225601887086e+00 7.390231379494091035e-01
1.000000000000000000e+00 4.000000000000000000e+00 1.000000000000000000e+00 3.684015298872679089e+00 5.594444775080646970e-01
1.000000000000000000e+00 8.000000000000000000e+00 1.000000000000000000e+00 3.720302296824160582e+00 5.345463414678122138e-01
1.000000000000000000e+00 1.600000000000000000e+01 1.000000000000000000e+00 3.576331269153604886e+00 2.207986121593747408e-01
1.000000000000000000e+00 3.200000000000000000e+01 1.000000000000000000e+00 3.470919452542843064e+00 3.301360123840170191e-01
1.000000000000000000e+00 6.400000000000000000e+01 1.000000000000000000e+00 3.374458507036166566e+00 1.293084395207475812e-01
1.000000000000000000e+00 1.280000000000000000e+02 1.000000000000000000e+00 3.377768503061660876e+00 3.244423716417604298e-01
2.000000000000000000e+00 6.250000000000000000e-02 1.000000000000000000e+00 1.961452706027965176e+00 4.095940206014714868e-01
2.000000000000000000e+00 1.250000000000000000e-01 1.000000000000000000e+00 5.046706573993475331e+00 1.647837563081070433e+00
2.000000000000000000e+00 2.500000000000000000e-01 1.000000000000000000e+00 8.587171852334702038e+00 1.378577789801286757e+00
2.000000000000000000e+00 5.000000000000000000e-01 1.000000000000000000e+00 9.662868553330511645e+00 5.303861611522896480e-01
2.000000000000000000e+00 1.000000000000000000e+00 1.000000000000000000e+00 9.211320377296868145e+00 3.432945892676555477e-01
2.000000000000000000e+00 2.000000000000000000e+00 1.000000000000000000e+00 8.487361143765710381e+00 7.141994172211082459e-01
2.000000000000000000e+00 4.000000000000000000e+00 1.000000000000000000e+00 8.353983446722352824e+00 7.031265952544417663e-01
2.000000000000000000e+00 8.000000000000000000e+00 1.000000000000000000e+00 8.352679207008634421e+00 9.140602593286499822e-01
2.000000000000000000e+00 1.600000000000000000e+01 1.000000000000000000e+00 8.280644074945080035e+00 7.504191411239002907e-01
2.000000000000000000e+00 3.200000000000000000e+01 1.000000000000000000e+00 8.333063935981112280e+00 7.519304272968874159e-01
2.000000000000000000e+00 6.400000000000000000e+01 1.000000000000000000e+00 7.979431540683695978e+00 6.110784996274206682e-01
2.000000000000000000e+00 1.280000000000000000e+02 1.000000000000000000e+00 8.081908694002974514e+00 5.625471627892719706e-01
3.000000000000000000e+00 6.250000000000000000e-02 1.000000000000000000e+00 2.688260268043669576e+00 4.791375629645531209e-01
3.000000000000000000e+00 1.250000000000000000e-01 1.000000000000000000e+00 6.051151249546621536e+00 2.135950949778898433e+00
3.000000000000000000e+00 2.500000000000000000e-01 1.000000000000000000e+00 1.256965888642577411e+01 1.105182683107688302e+00
3.000000000000000000e+00 5.000000000000000000e-01 1.000000000000000000e+00 1.417080696130602213e+01 7.294522049169915867e-01
3.000000000000000000e+00 1.000000000000000000e+00 1.000000000000000000e+00 1.261579376592468549e+01 6.495526641025869408e-01
3.000000000000000000e+00 2.000000000000000000e+00 1.000000000000000000e+00 1.158659059388256551e+01 1.012012261695621529e+00
3.000000000000000000e+00 4.000000000000000000e+00 1.000000000000000000e+00 1.108045874151344456e+01 1.152916840990505509e+00
3.000000000000000000e+00 8.000000000000000000e+00 1.000000000000000000e+00 1.072505890757753022e+01 9.803670698971580499e-01
3.000000000000000000e+00 1.600000000000000000e+01 1.000000000000000000e+00 1.047118263741797684e+01 9.953557288206480447e-01
3.000000000000000000e+00 3.200000000000000000e+01 1.000000000000000000e+00 1.056264611305016032e+01 6.077558016672487406e-01
3.000000000000000000e+00 6.400000000000000000e+01 1.000000000000000000e+00 1.024404801410077148e+01 5.938401077392776450e-01
3.000000000000000000e+00 1.280000000000000000e+02 1.000000000000000000e+00 1.024880959399968816e+01 8.782220261244714221e-01
4.000000000000000000e+00 6.250000000000000000e-02 1.000000000000000000e+00 2.691165066624495061e+00 4.355625110363455232e-01
4.000000000000000000e+00 1.250000000000000000e-01 1.000000000000000000e+00 6.950873773545952261e+00 2.795782527183740651e+00
4.000000000000000000e+00 2.500000000000000000e-01 1.000000000000000000e+00 1.564193256973001134e+01 1.809951328706815854e+00
4.000000000000000000e+00 5.000000000000000000e-01 1.000000000000000000e+00 1.780157714928137835e+01 6.825732834146557293e-01
4.000000000000000000e+00 1.000000000000000000e+00 1.000000000000000000e+00 1.588231762714263695e+01 1.209474798785562966e+00
4.000000000000000000e+00 2.000000000000000000e+00 1.000000000000000000e+00 1.365022943732437355e+01 1.170206375964942813e+00
4.000000000000000000e+00 4.000000000000000000e+00 1.000000000000000000e+00 1.281079898229119785e+01 1.501348096047083969e+00
4.000000000000000000e+00 8.000000000000000000e+00 1.000000000000000000e+00 1.270156218121741531e+01 1.385112071223587815e+00
4.000000000000000000e+00 1.600000000000000000e+01 1.000000000000000000e+00 1.232566508011598572e+01 9.947367160631963579e-01
4.000000000000000000e+00 3.200000000000000000e+01 1.000000000000000000e+00 1.246025076675018894e+01 1.092472989528638250e+00
4.000000000000000000e+00 6.400000000000000000e+01 1.000000000000000000e+00 1.198319058723023645e+01 7.666164551693551710e-01
4.000000000000000000e+00 1.280000000000000000e+02 1.000000000000000000e+00 1.185830196305893836e+01 7.718717498502633001e-01
5.000000000000000000e+00 6.250000000000000000e-02 1.000000000000000000e+00 2.777334223912010902e+00 4.170201031989194118e-01
5.000000000000000000e+00 1.250000000000000000e-01 1.000000000000000000e+00 7.779744328795139552e+00 2.776626492325513507e+00
5.000000000000000000e+00 2.500000000000000000e-01 1.000000000000000000e+00 2.002004229088407072e+01 1.813487286615512728e+00
5.000000000000000000e+00 5.000000000000000000e-01 1.000000000000000000e+00 2.200167391394092675e+01 9.295412626324446315e-01
5.000000000000000000e+00 1.000000000000000000e+00 1.000000000000000000e+00 1.832304971804294524e+01 9.249894176789742462e-01
5.000000000000000000e+00 2.000000000000000000e+00 1.000000000000000000e+00 1.487316567773619624e+01 7.919970701836531735e-01
5.000000000000000000e+00 4.000000000000000000e+00 1.000000000000000000e+00 1.397514157477263552e+01 6.377690395748869534e-01
5.000000000000000000e+00 8.000000000000000000e+00 1.000000000000000000e+00 1.338162934057707432e+01 6.783474981637863666e-01
5.000000000000000000e+00 1.600000000000000000e+01 1.000000000000000000e+00 1.333057679108378046e+01 9.010050942991214562e-01
5.000000000000000000e+00 3.200000000000000000e+01 1.000000000000000000e+00 1.314789929988475237e+01 6.859841268141412263e-01
5.000000000000000000e+00 6.400000000000000000e+01 1.000000000000000000e+00 1.318969544402494343e+01 9.145015864733674338e-01
5.000000000000000000e+00 1.280000000000000000e+02 1.000000000000000000e+00 1.313253467705596123e+01 9.020380303195051352e-01
