2.000000000000000000e+00 6.250000000000000000e-02 1.000000000000000000e+00 1.303779225651447327e+00 1.559221925679943055e-01
2.000000000000000000e+00 1.250000000000000000e-01 1.000000000000000000e+00 5.002905829935472504e+00 1.485715345169490886e+00
2.000000000000000000e+00 2.500000000000000000e-01 1.000000000000000000e+00 7.850934058504836166e+00 1.139926642321089645e+00
2.000000000000000000e+00 5.000000000000000000e-01 1.000000000000000000e+00 8.620166909063232907e+00 4.610344132043962539e-01
2.000000000000000000e+00 1.000000000000000000e+00 1.000000000000000000e+00 6.895792407088841003e+00 1.111349428251174887e+00
2.000000000000000000e+00 2.000000000000000000e+00 1.000000000000000000e+00 5.914644903083163818e+00 1.641998680860556004e+00
2.000000000000000000e+00 4.000000000000000000e+00 1.000000000000000000e+00 5.367203297691533592e+00 1.164024681737130695e+00
2.000000000000000000e+00 8.000000000000000000e+00 1.000000000000000000e+00 5.265309514488595966e+00 9.316952821436396137e-01
2.000000000000000000e+00 1.600000000000000000e+01 1.000000000000000000e+00 5.206276562640875127e+00 9.749315101881402823e-01
2.000000000000000000e+00 3.200000000000000000e+01 1.000000000000000000e+00 5.086805688785345225e+00 7.928091338017048129e-01
2.000000000000000000e+00 6.400000000000000000e+01 1.000000000000000000e+00 4.724433031444169373e+00 4.847560399241898077e-01
2.000000000000000000e+00 1.280000000000000000e+02 1.000000000000000000e+00 4.854247333442704537e+00 4.085736368731015533e-01
3.000000000000000000e+00 6.250000000000000000e-02 1.000000000000000000e+00 1.266287442071584612e+00 1.660741812431471287e-01
3.000000000000000000e+00 1.250000000000000000e-01 1.000000000000000000e+00 5.883828979675852722e+00 2.052413730271912318e+00
3.000000000000000000e+00 2.500000000000000000e-01 1.000000000000000000e+00 1.118869307649555722e+01 1.122976037351262280e+00
3.000000000000000000e+00 5.000000000000000000e-01 1.000000000000000000e+00 1.223918737398163259e+01 6.788869270973475478e-01
3.000000000000000000e+00 1.000000000000000000e+00 1.000000000000000000e+00 9.272440360174005747e+00 9.559609129903927638e-01
3.000000000000000000e+00 2.000000000000000000e+00 1.000000000000000000e+00 7.420102636573815857e+00 9.855247329947228740e-01
3.000000000000000000e+00 4.000000000000000000e+00 1.000000000000000000e+00 6.940519763690725874e+00 1.203784905130719451e+00
3.000000000000000000e+00 8.000000000000000000e+00 1.000000000000000000e+00 6.526401000983268474e+00 1.105575627878266909e+00
3.000000000000000000e+00 1.600000000000000000e+01 1.000000000000000000e+00 6.399819353506461361e+00 7.554829105978985160e-01
3.000000000000000000e+00 3.200000000000000000e+01 1.000000000000000000e+00 6.103236234799391369e+00 5.542219418675013998e-01
3.000000000000000000e+00 6.400000000000000000e+01 1.000000000000000000e+00 6.098815924578122605e+00 5.096624119949998422e-01
3.000000000000000000e+00 1.280000000000000000e+02 1.000000000000000000e+00 5.997242632281363228e+00 6.473986433826264264e-01
4.000000000000000000e+00 6.250000000000000000e-02 1.000000000000000000e+00 1.210048729944605883e+00 3.889187553749984955e-02
4.000000000000000000e+00 1.250000000000000000e-01 1.000000000000000000e+00 6.859422055207734736e+00 2.709681151747167505e+00
4.000000000000000000e+00 2.500000000000000000e-01 1.000000000000000000e+00 1.430008334071256648e+01 1.137444724539823593e+00
4.000000000000000000e+00 5.000000000000000000e-01 1.000000000000000000e+00 1.546760825846334342e+01 7.584104309470055538e-01
4.000000000000000000e+00 1.000000000000000000e+00 1.000000000000000000e+00 1.119512475932672046e+01 1.657521895003399415e+00
4.000000000000000000e+00 2.000000000000000000e+00 1.000000000000000000e+00 8.642955369583486203e+00 1.368796276914552745e+00
4.000000000000000000e+00 4.000000000000000000e+00 1.000000000000000000e+00 8.029244707988206997e+00 1.063272148645039605e+00
4.000000000000000000e+00 8.000000000000000000e+00 1.000000000000000000e+00 7.745430989709208625e+00 1.080970768469243337e+00
4.000000000000000000e+00 1.600000000000000000e+01 1.000000000000000000e+00 7.397377888817165292e+00 9.578162567419772344e-01
4.000000000000000000e+00 3.200000000000000000e+01 1.000000000000000000e+00 7.365332289534519461e+00 8.418266597115807715e-01
4.000000000000000000e+00 6.400000000000000000e+01 1.000000000000000000e+00 7.160463731054437453e+00 7.993895786747626797e-01
4.000000000000000000e+00 1.280000000000000000e+02 1.000000000000000000e+00 7.160529243958424495e+00 8.889020306773509628e-01
5.000000000000000000e+00 6.250000000000000000e-02 1.000000000000000000e+00 1.258074866841425443e+00 7.199794774543426257e-02
5.000000000000000000e+00 1.250000000000000000e-01 1.000000000000000000e+00 8.183631215406652615e+00 2.817395381985455138e+00
5.000000000000000000e+00 2.500000000000000000e-01 1.000000000000000000e+00 1.797006647517827460e+01 1.493237750906052597e+00
5.000000000000000000e+00 5.000000000000000000e-01 1.000000000000000000e+00 1.875701859952621220e+01 5.487106816952346255e-01
5.000000000000000000e+00 1.000000000000000000e+00 1.000000000000000000e+00 1.274039721772164491e+01 6.601016371988773779e-01
5.000000000000000000e+00 2.000000000000000000e+00 1.000000000000000000e+00 9.071035612890096189e+00 7.037635321025779156e-01
5.000000000000000000e+00 4.000000000000000000e+00 1.000000000000000000e+00 8.179436788881952580e+00 6.473477020733836573e-01
5.000000000000000000e+00 8.000000000000000000e+00 1.000000000000000000e+00 7.739790202978317879e+00 7.967794641203979067e-01
5.000000000000000000e+00 1.600000000000000000e+01 1.000000000000000000e+00 7.574587152005330282e+00 7.967050197796581301e-01
5.000000000000000000e+00 3.200000000000000000e+01 1.000000000000000000e+00 7.418790192329261401e+00 6.341016008982192087e-01
5.000000000000000000e+00 6.400000000000000000e+01 1.000000000000000000e+00 7.526071751046217173e+00 6.909464236642745005e-01
5.000000000000000000e+00 1.280000000000000000e+02 1.000000000000000000e+00 7.229418208738936258e+00 5.525235721230282726e-01
