5.000000000000000000e+00 1.000000000000000000e+00 7.812500000000000000e-03 8.000000000000000000e+00 1.000000000000000056e-01 8.973559854646747880e+00 0.000000000000000000e+00
5.000000000000000000e+00 1.000000000000000000e+00 1.562500000000000000e-02 8.000000000000000000e+00 1.000000000000000056e-01 7.272063983003105747e+00 0.000000000000000000e+00
5.000000000000000000e+00 1.000000000000000000e+00 3.125000000000000000e-02 8.000000000000000000e+00 1.000000000000000056e-01 5.868328489521709379e+00 0.000000000000000000e+00
5.000000000000000000e+00 1.000000000000000000e+00 6.250000000000000000e-02 8.000000000000000000e+00 1.000000000000000056e-01 4.162380068277397704e+00 0.000000000000000000e+00
5.000000000000000000e+00 1.000000000000000000e+00 1.250000000000000000e-01 8.000000000000000000e+00 1.000000000000000056e-01 4.067712152564267214e+00 0.000000000000000000e+00
5.000000000000000000e+00 1.000000000000000000e+00 2.500000000000000000e-01 8.000000000000000000e+00 1.000000000000000056e-01 2.662031116587689983e+00 0.000000000000000000e+00
5.000000000000000000e+00 1.000000000000000000e+00 5.000000000000000000e-01 8.000000000000000000e+00 1.000000000000000056e-01 -3.325396896740084960e-03 0.000000000000000000e+00
5.000000000000000000e+00 1.000000000000000000e+00 1.000000000000000000e+00 8.000000000000000000e+00 1.000000000000000056e-01 -1.350302967706906498e+00 0.000000000000000000e+00
5.000000000000000000e+00 1.000000000000000000e+00 2.000000000000000000e+00 8.000000000000000000e+00 1.000000000000000056e-01 -2.032828971632883786e+00 0.000000000000000000e+00
5.000000000000000000e+00 1.000000000000000000e+00 4.000000000000000000e+00 8.000000000000000000e+00 1.000000000000000056e-01 -2.538445615452868509e+00 0.000000000000000000e+00
5.000000000000000000e+00 1.000000000000000000e+00 8.000000000000000000e+00 8.000000000000000000e+00 1.000000000000000056e-01 -1.642007908144069717e+00 0.000000000000000000e+00
5.000000000000000000e+00 1.000000000000000000e+00 1.600000000000000000e+01 8.000000000000000000e+00 1.000000000000000056e-01 -1.524512613611035849e+00 0.000000000000000000e+00
5.000000000000000000e+00 1.000000000000000000e+00 3.200000000000000000e+01 8.000000000000000000e+00 1.000000000000000056e-01 1.524750077360443212e+00 0.000000000000000000e+00
5.000000000000000000e+00 1.000000000000000000e+00 6.400000000000000000e+01 8.000000000000000000e+00 1.000000000000000056e-01 1.494256792697750358e+00 0.000000000000000000e+00
5.000000000000000000e+00 1.000000000000000000e+00 1.280000000000000000e+02 8.000000000000000000e+00 1.000000000000000056e-01 6.740093800152801018e-01 0.000000000000000000e+00
5.000000000000000000e+00 1.000000000000000000e+00 7.812500000000000000e-03 8.000000000000000000e+00 9.000000000000000222e-01 8.973473110239305939e+00 0.000000000000000000e+00
5.000000000000000000e+00 1.000000000000000000e+00 1.562500000000000000e-02 8.000000000000000000e+00 9.000000000000000222e-01 7.271595238531949335e+00 0.000000000000000000e+00
5.000000000000000000e+00 1.000000000000000000e+00 3.125000000000000000e-02 8.000000000000000000e+00 9.000000000000000222e-01 5.841460791744514047e+00 0.000000000000000000e+00
5.000000000000000000e+00 1.000000000000000000e+00 6.250000000000000000e-02 8.000000000000000000e+00 9.000000000000000222e-01 1.804212919393383796e+00 0.000000000000000000e+00
5.000000000000000000e+00 1.000000000000000000e+00 1.250000000000000000e-01 8.000000000000000000e+00 9.000000000000000222e-01 1.827755348477387853e+00 0.000000000000000000e+00
5.000000000000000000e+00 1.000000000000000000e+00 2.500000000000000000e-01 8.000000000000000000e+00 9.000000000000000222e-01 4.740267282442849894e-01 0.000000000000000000e+00
5.000000000000000000e+00 1.000000000000000000e+00 5.000000000000000000e-01 8.000000000000000000e+00 9.000000000000000222e-01 -9.957647955855094546e-01 0.000000000000000000e+00
5.000000000000000000e+00 1.000000000000000000e+00 1.000000000000000000e+00 8.000000000000000000e+00 9.000000000000000222e-01 -1.279990031485903845e+00 0.000000000000000000e+00
5.000000000000000000e+00 1.000000000000000000e+00 2.000000000000000000e+00 8.000000000000000000e+00 9.000000000000000222e-01 -1.631554338763622214e+00 0.000000000000000000e+00
5.000000000000000000e+00 1.000000000000000000e+00 4.000000000000000000e+00 8.000000000000000000e+00 9.000000000000000222e-01 -2.156712857604147882e+00 0.000000000000000000e+00
5.000000000000000000e+00 1.000000000000000000e+00 8.000000000000000000e+00 8.000000000000000000e+00 9.000000000000000222e-01 -1.489097337650752584e+00 0.000000000000000000e+00
5.000000000000000000e+00 1.000000000000000000e+00 1.600000000000000000e+01 8.000000000000000000e+00 9.000000000000000222e-01 -1.369351049432651291e+00 0.000000000000000000e+00
5.000000000000000000e+00 1.000000000000000000e+00 3.200000000000000000e+01 8.000000000000000000e+00 9.000000000000000222e-01 -3.610127764319526755e-01 0.000000000000000000e+00
5.000000000000000000e+00 1.000000000000000000e+00 6.400000000000000000e+01 8.000000000000000000e+00 9.000000000000000222e-01 -5.896770850659844854e-01 0.000000000000000000e+00
5.000000000000000000e+00 1.000000000000000000e+00 1.280000000000000000e+02 8.000000000000000000e+00 9.000000000000000222e-01 -9.503576831020552618e-01 0.000000000000000000e+00
