5.000000000000000000e+00 1.000000000000000000e+00 7.812500000000000000e-03 2.500000000000000000e-01 1.000000000000000056e-01 7.461563887587564281e+00 0.000000000000000000e+00
5.000000000000000000e+00 1.000000000000000000e+00 1.562500000000000000e-02 2.500000000000000000e-01 1.000000000000000056e-01 7.463050433870819234e+00 0.000000000000000000e+00
5.000000000000000000e+00 1.000000000000000000e+00 3.125000000000000000e-02 2.500000000000000000e-01 1.000000000000000056e-01 7.258259077394404457e+00 0.000000000000000000e+00
5.000000000000000000e+00 1.000000000000000000e+00 6.250000000000000000e-02 2.500000000000000000e-01 1.000000000000000056e-01 6.527215817607283199e+00 0.000000000000000000e+00
5.000000000000000000e+00 1.000000000000000000e+00 1.250000000000000000e-01 2.500000000000000000e-01 1.000000000000000056e-01 5.189912354299435648e+00 0.000000000000000000e+00
5.000000000000000000e+00 1.000000000000000000e+00 2.500000000000000000e-01 2.500000000000000000e-01 1.000000000000000056e-01 4.368389728891341584e+00 0.000000000000000000e+00
5.000000000000000000e+00 1.000000000000000000e+00 5.000000000000000000e-01 2.500000000000000000e-01 1.000000000000000056e-01 2.666895386031835624e+00 0.000000000000000000e+00
5.000000000000000000e+00 1.000000000000000000e+00 1.000000000000000000e+00 2.500000000000000000e-01 1.000000000000000056e-01 1.263161114952472186e+00 0.000000000000000000e+00
5.000000000000000000e+00 1.000000000000000000e+00 2.000000000000000000e+00 2.500000000000000000e-01 1.000000000000000056e-01 -4.428084784097047755e-01 0.000000000000000000e+00
5.000000000000000000e+00 1.000000000000000000e+00 4.000000000000000000e+00 2.500000000000000000e-01 1.000000000000000056e-01 -5.362357441237761702e-01 0.000000000000000000e+00
5.000000000000000000e+00 1.000000000000000000e+00 8.000000000000000000e+00 2.500000000000000000e-01 1.000000000000000056e-01 -1.927474672051582516e+00 0.000000000000000000e+00
5.000000000000000000e+00 1.000000000000000000e+00 1.600000000000000000e+01 2.500000000000000000e-01 1.000000000000000056e-01 -3.186723162583565916e+00 0.000000000000000000e+00
5.000000000000000000e+00 1.000000000000000000e+00 3.200000000000000000e+01 2.500000000000000000e-01 1.000000000000000056e-01 -3.554651691195660046e+00 0.000000000000000000e+00
5.000000000000000000e+00 1.000000000000000000e+00 6.400000000000000000e+01 2.500000000000000000e-01 1.000000000000000056e-01 -3.893154900120196604e+00 0.000000000000000000e+00
5.000000000000000000e+00 1.000000000000000000e+00 1.280000000000000000e+02 2.500000000000000000e-01 1.000000000000000056e-01 -4.354254129625109826e+00 0.000000000000000000e+00
5.000000000000000000e+00 1.000000000000000000e+00 7.812500000000000000e-03 2.500000000000000000e-01 9.000000000000000222e-01 7.461563615695915530e+00 0.000000000000000000e+00
5.000000000000000000e+00 1.000000000000000000e+00 1.562500000000000000e-02 2.500000000000000000e-01 9.000000000000000222e-01 7.463050469840044165e+00 0.000000000000000000e+00
5.000000000000000000e+00 1.000000000000000000e+00 3.125000000000000000e-02 2.500000000000000000e-01 9.000000000000000222e-01 7.258266176173826523e+00 0.000000000000000000e+00
5.000000000000000000e+00 1.000000000000000000e+00 6.250000000000000000e-02 2.500000000000000000e-01 9.000000000000000222e-01 6.527176192718829206e+00 0.000000000000000000e+00
5.000000000000000000e+00 1.000000000000000000e+00 1.250000000000000000e-01 2.500000000000000000e-01 9.000000000000000222e-01 5.189899185997514763e+00 0.000000000000000000e+00
5.000000000000000000e+00 1.000000000000000000e+00 2.500000000000000000e-01 2.500000000000000000e-01 9.000000000000000222e-01 4.368305679000725306e+00 0.000000000000000000e+00
5.000000000000000000e+00 1.000000000000000000e+00 5.000000000000000000e-01 2.500000000000000000e-01 9.000000000000000222e-01 2.666495958780471298e+00 0.000000000000000000e+00
5.000000000000000000e+00 1.000000000000000000e+00 1.000000000000000000e+00 2.500000000000000000e-01 9.000000000000000222e-01 1.236540135603362955e+00 0.000000000000000000e+00
5.000000000000000000e+00 1.000000000000000000e+00 2.000000000000000000e+00 2.500000000000000000e-01 9.000000000000000222e-01 -2.075186138883671649e+00 0.000000000000000000e+00
5.000000000000000000e+00 1.000000000000000000e+00 4.000000000000000000e+00 2.500000000000000000e-01 9.000000000000000222e-01 -2.345896122718313048e+00 0.000000000000000000e+00
5.000000000000000000e+00 1.000000000000000000e+00 8.000000000000000000e+00 2.500000000000000000e-01 9.000000000000000222e-01 -2.710979791141327588e+00 0.000000000000000000e+00
5.000000000000000000e+00 1.000000000000000000e+00 1.600000000000000000e+01 2.500000000000000000e-01 9.000000000000000222e-01 -2.721241320226794436e+00 0.000000000000000000e+00
5.000000000000000000e+00 1.000000000000000000e+00 3.200000000000000000e+01 2.500000000000000000e-01 9.000000000000000222e-01 -2.586360681216371304e+00 0.000000000000000000e+00
5.000000000000000000e+00 1.000000000000000000e+00 6.400000000000000000e+01 2.500000000000000000e-01 9.000000000000000222e-01 -2.759814324698069310e+00 0.000000000000000000e+00
5.000000000000000000e+00 1.000000000000000000e+00 1.280000000000000000e+02 2.500000000000000000e-01 9.000000000000000222e-01 -3.208938751492302455e+00 0.000000000000000000e+00
