5.000000000000000000e+00 1.000000000000000000e+00 7.812500000000000000e-03 8.000000000000000000e+00 1.000000000000000056e-01 6.670974764261279333e+00 0.000000000000000000e+00
5.000000000000000000e+00 1.000000000000000000e+00 1.562500000000000000e-02 8.000000000000000000e+00 1.000000000000000056e-01 4.969478961743307721e+00 0.000000000000000000e+00
5.000000000000000000e+00 1.000000000000000000e+00 3.125000000000000000e-02 8.000000000000000000e+00 1.000000000000000056e-01 3.565743394020923773e+00 0.000000000000000000e+00
5.000000000000000000e+00 1.000000000000000000e+00 6.250000000000000000e-02 8.000000000000000000e+00 1.000000000000000056e-01 1.859783293182305286e+00 0.000000000000000000e+00
5.000000000000000000e+00 1.000000000000000000e+00 1.250000000000000000e-01 8.000000000000000000e+00 1.000000000000000056e-01 1.765216317344588504e+00 0.000000000000000000e+00
5.000000000000000000e+00 1.000000000000000000e+00 2.500000000000000000e-01 8.000000000000000000e+00 1.000000000000000056e-01 3.595399962000433436e-01 0.000000000000000000e+00
5.000000000000000000e+00 1.000000000000000000e+00 5.000000000000000000e-01 8.000000000000000000e+00 1.000000000000000056e-01 -1.775513186181650882e+00 0.000000000000000000e+00
5.000000000000000000e+00 1.000000000000000000e+00 1.000000000000000000e+00 8.000000000000000000e+00 1.000000000000000056e-01 -2.578362381381377855e+00 0.000000000000000000e+00
5.000000000000000000e+00 1.000000000000000000e+00 2.000000000000000000e+00 8.000000000000000000e+00 1.000000000000000056e-01 -3.059555642636506256e+00 0.000000000000000000e+00
5.000000000000000000e+00 1.000000000000000000e+00 4.000000000000000000e+00 8.000000000000000000e+00 1.000000000000000056e-01 -3.542682454104525647e+00 0.000000000000000000e+00
5.000000000000000000e+00 1.000000000000000000e+00 8.000000000000000000e+00 8.000000000000000000e+00 1.000000000000000056e-01 -2.829420835440513038e+00 0.000000000000000000e+00
5.000000000000000000e+00 1.000000000000000000e+00 1.600000000000000000e+01 8.000000000000000000e+00 1.000000000000000056e-01 -2.701626826313801910e+00 0.000000000000000000e+00
5.000000000000000000e+00 1.000000000000000000e+00 3.200000000000000000e+01 8.000000000000000000e+00 1.000000000000000056e-01 -7.477750579003392684e-01 0.000000000000000000e+00
5.000000000000000000e+00 1.000000000000000000e+00 6.400000000000000000e+01 8.000000000000000000e+00 1.000000000000000056e-01 -7.926209843129036203e-01 0.000000000000000000e+00
5.000000000000000000e+00 1.000000000000000000e+00 1.280000000000000000e+02 8.000000000000000000e+00 1.000000000000000056e-01 -1.492979040408622282e+00 0.000000000000000000e+00
5.000000000000000000e+00 1.000000000000000000e+00 7.812500000000000000e-03 8.000000000000000000e+00 9.000000000000000222e-01 6.670888036269275290e+00 0.000000000000000000e+00
5.000000000000000000e+00 1.000000000000000000e+00 1.562500000000000000e-02 8.000000000000000000e+00 9.000000000000000222e-01 4.969010836917178153e+00 0.000000000000000000e+00
5.000000000000000000e+00 1.000000000000000000e+00 3.125000000000000000e-02 8.000000000000000000e+00 9.000000000000000222e-01 3.538878304715500356e+00 0.000000000000000000e+00
5.000000000000000000e+00 1.000000000000000000e+00 6.250000000000000000e-02 8.000000000000000000e+00 9.000000000000000222e-01 -4.906673344698576078e-01 0.000000000000000000e+00
5.000000000000000000e+00 1.000000000000000000e+00 1.250000000000000000e-01 8.000000000000000000e+00 9.000000000000000222e-01 -4.466655974257059958e-01 0.000000000000000000e+00
5.000000000000000000e+00 1.000000000000000000e+00 2.500000000000000000e-01 8.000000000000000000e+00 9.000000000000000222e-01 -1.469299564546066250e+00 0.000000000000000000e+00
5.000000000000000000e+00 1.000000000000000000e+00 5.000000000000000000e-01 8.000000000000000000e+00 9.000000000000000222e-01 -2.038766521513084573e+00 0.000000000000000000e+00
5.000000000000000000e+00 1.000000000000000000e+00 1.000000000000000000e+00 8.000000000000000000e+00 9.000000000000000222e-01 -2.043996754037593622e+00 0.000000000000000000e+00
5.000000000000000000e+00 1.000000000000000000e+00 2.000000000000000000e+00 8.000000000000000000e+00 9.000000000000000222e-01 -2.291464252163708526e+00 0.000000000000000000e+00
5.000000000000000000e+00 1.000000000000000000e+00 4.000000000000000000e+00 8.000000000000000000e+00 9.000000000000000222e-01 -2.777714040447414767e+00 0.000000000000000000e+00
5.000000000000000000e+00 1.000000000000000000e+00 8.000000000000000000e+00 8.000000000000000000e+00 9.000000000000000222e-01 -2.247959483314870610e+00 0.000000000000000000e+00
5.000000000000000000e+00 1.000000000000000000e+00 1.600000000000000000e+01 8.000000000000000000e+00 9.000000000000000222e-01 -2.116834311669480773e+00 0.000000000000000000e+00
5.000000000000000000e+00 1.000000000000000000e+00 3.200000000000000000e+01 8.000000000000000000e+00 9.000000000000000222e-01 -1.691997663015754272e+00 0.000000000000000000e+00
5.000000000000000000e+00 1.000000000000000000e+00 6.400000000000000000e+01 8.000000000000000000e+00 9.000000000000000222e-01 -2.004607551771420582e+00 0.000000000000000000e+00
5.000000000000000000e+00 1.000000000000000000e+00 1.280000000000000000e+02 8.000000000000000000e+00 9.000000000000000222e-01 -2.268532353933501611e+00 0.000000000000000000e+00
