5.000000000000000000e-01 1.000000000000000000e+00 1.000000000000000000e+00 3.410890808949209024e-03 3.362285304428251284e-03
5.000000000000000000e-01 5.000000000000000000e+00 1.000000000000000000e+00 2.388289473654009714e-03 2.958546080877893190e-03
5.000000000000000000e-01 1.000000000000000000e+01 1.000000000000000000e+00 1.291951169106582420e-03 5.716308185220593252e-01
5.000000000000000000e-01 1.500000000000000000e+01 1.000000000000000000e+00 1.130943725641486274e-03 7.386197974801014254e-01
5.000000000000000000e-01 2.000000000000000000e+01 1.000000000000000000e+00 1.110451863858085472e-03 7.353605478136828744e-01
5.000000000000000000e-01 2.500000000000000000e+01 1.000000000000000000e+00 1.111185079376429685e-03 7.341555186829545887e-01
5.000000000000000000e-01 3.000000000000000000e+01 1.000000000000000000e+00 1.111682315606756562e-03 7.333670111365631072e-01
5.000000000000000000e-01 3.500000000000000000e+01 1.000000000000000000e+00 1.112051069561250391e-03 7.327907203344680154e-01
5.000000000000000000e-01 4.000000000000000000e+01 1.000000000000000000e+00 1.112291390970171229e-03 7.323727426192557788e-01
5.000000000000000000e-01 4.500000000000000000e+01 1.000000000000000000e+00 1.112499777192682256e-03 7.320567176279433319e-01
5.000000000000000000e-01 5.000000000000000000e+01 1.000000000000000000e+00 1.112633418316682317e-03 7.318249471284867802e-01
1.000000000000000000e+00 1.000000000000000000e+00 1.000000000000000000e+00 2.758456834293004315e-03 2.683970899956643862e-03
1.000000000000000000e+00 5.000000000000000000e+00 1.000000000000000000e+00 2.000746286743504236e-03 7.686455048588058947e-03
1.000000000000000000e+00 1.000000000000000000e+01 1.000000000000000000e+00 1.346826001569859880e-03 3.803113864637250874e-01
1.000000000000000000e+00 1.500000000000000000e+01 1.000000000000000000e+00 9.719561102375703227e-04 7.757288319067587867e-01
1.000000000000000000e+00 2.000000000000000000e+01 1.000000000000000000e+00 9.018055636922711268e-04 6.514566280035628543e-01
1.000000000000000000e+00 2.500000000000000000e+01 1.000000000000000000e+00 9.018399994089427388e-04 6.517934122647005557e-01
1.000000000000000000e+00 3.000000000000000000e+01 1.000000000000000000e+00 8.826734403534037491e-04 6.500901899552713470e-01
1.000000000000000000e+00 3.500000000000000000e+01 1.000000000000000000e+00 8.715678090518060852e-04 7.166984982830882922e-01
1.000000000000000000e+00 4.000000000000000000e+01 1.000000000000000000e+00 8.717276477694840863e-04 7.164646514721050297e-01
1.000000000000000000e+00 4.500000000000000000e+01 1.000000000000000000e+00 8.718737935887637194e-04 7.175700111920000346e-01
1.000000000000000000e+00 5.000000000000000000e+01 1.000000000000000000e+00 8.719466215262260643e-04 7.176673973746522384e-01
2.000000000000000000e+00 1.000000000000000000e+00 1.000000000000000000e+00 2.758727905989577945e-03 2.686639025584112300e-03
2.000000000000000000e+00 5.000000000000000000e+00 1.000000000000000000e+00 2.091156530390844356e-03 2.656276944817046598e-02
2.000000000000000000e+00 1.000000000000000000e+01 1.000000000000000000e+00 1.663983773275663726e-03 6.252883797361212803e-01
2.000000000000000000e+00 1.500000000000000000e+01 1.000000000000000000e+00 1.371271305281924384e-03 7.977303992639817043e-01
2.000000000000000000e+00 2.000000000000000000e+01 1.000000000000000000e+00 1.230795906658756775e-03 9.313323136273207181e-01
2.000000000000000000e+00 2.500000000000000000e+01 1.000000000000000000e+00 1.204533382000055105e-03 9.378577468705786568e-01
2.000000000000000000e+00 3.000000000000000000e+01 1.000000000000000000e+00 1.193148895309934041e-03 9.377589660021694584e-01
2.000000000000000000e+00 3.500000000000000000e+01 1.000000000000000000e+00 1.192883026878802620e-03 9.369872675350842117e-01
2.000000000000000000e+00 4.000000000000000000e+01 1.000000000000000000e+00 1.190178320490195866e-03 9.385429645807826793e-01
2.000000000000000000e+00 4.500000000000000000e+01 1.000000000000000000e+00 1.187739648513263645e-03 9.429160197484535155e-01
2.000000000000000000e+00 5.000000000000000000e+01 1.000000000000000000e+00 1.186413792221305578e-03 9.434350615309509136e-01
4.000000000000000000e+00 1.000000000000000000e+00 1.000000000000000000e+00 2.746008210097036426e-03 2.696901841665291528e-03
4.000000000000000000e+00 5.000000000000000000e+00 1.000000000000000000e+00 2.028669647080721776e-03 3.464723317998783664e-02
4.000000000000000000e+00 1.000000000000000000e+01 1.000000000000000000e+00 1.601813116225230937e-03 3.156853247138098895e-01
4.000000000000000000e+00 1.500000000000000000e+01 1.000000000000000000e+00 1.378255847200213951e-03 8.080393098448711564e-01
4.000000000000000000e+00 2.000000000000000000e+01 1.000000000000000000e+00 1.154789892512506208e-03 9.708944834061487006e-01
4.000000000000000000e+00 2.500000000000000000e+01 1.000000000000000000e+00 1.019919602820397973e-03 9.891255883381973035e-01
4.000000000000000000e+00 3.000000000000000000e+01 1.000000000000000000e+00 9.926546086743881676e-04 9.904243626775178777e-01
4.000000000000000000e+00 3.500000000000000000e+01 1.000000000000000000e+00 9.773559247833166121e-04 9.903871929830669885e-01
4.000000000000000000e+00 4.000000000000000000e+01 1.000000000000000000e+00 9.745208085379992351e-04 9.908041462139675071e-01
4.000000000000000000e+00 4.500000000000000000e+01 1.000000000000000000e+00 9.721558218757974995e-04 9.909647158115859611e-01
4.000000000000000000e+00 5.000000000000000000e+01 1.000000000000000000e+00 9.702963337622241792e-04 9.910870380847833783e-01
8.000000000000000000e+00 1.000000000000000000e+00 1.000000000000000000e+00 2.731831174938159981e-03 2.679967678932453773e-03
8.000000000000000000e+00 5.000000000000000000e+00 1.000000000000000000e+00 2.004763292428306948e-03 1.126141659709024162e-02
8.000000000000000000e+00 1.000000000000000000e+01 1.000000000000000000e+00 1.492548458517709052e-03 7.653384014822424142e-01
8.000000000000000000e+00 1.500000000000000000e+01 1.000000000000000000e+00 1.225288456861671482e-03 9.226160784872383669e-01
8.000000000000000000e+00 2.000000000000000000e+01 1.000000000000000000e+00 1.009347457598313907e-03 9.865940519250649965e-01
8.000000000000000000e+00 2.500000000000000000e+01 1.000000000000000000e+00 8.442268127092517884e-04 9.792931153483944717e-01
8.000000000000000000e+00 3.000000000000000000e+01 1.000000000000000000e+00 7.130126962463392924e-04 9.942618444974824499e-01
8.000000000000000000e+00 3.500000000000000000e+01 1.000000000000000000e+00 6.353985430193341598e-04 9.951713539430058209e-01
8.000000000000000000e+00 4.000000000000000000e+01 1.000000000000000000e+00 5.999311363295546868e-04 9.977410879405240740e-01
8.000000000000000000e+00 4.500000000000000000e+01 1.000000000000000000e+00 5.896423678546093257e-04 9.987706038401804598e-01
8.000000000000000000e+00 5.000000000000000000e+01 1.000000000000000000e+00 5.872613132088878082e-04 9.986328620184926619e-01
1.600000000000000000e+01 1.000000000000000000e+00 1.000000000000000000e+00 2.886288602750222872e-03 2.826895440376775686e-03
1.600000000000000000e+01 5.000000000000000000e+00 1.000000000000000000e+00 2.031047753764717977e-03 4.360302293956445224e-02
1.600000000000000000e+01 1.000000000000000000e+01 1.000000000000000000e+00 1.563891857664837784e-03 1.538492824977953644e-01
1.600000000000000000e+01 1.500000000000000000e+01 1.000000000000000000e+00 1.306122291744849255e-03 7.949759491444366999e-01
1.600000000000000000e+01 2.000000000000000000e+01 1.000000000000000000e+00 1.117769712326621310e-03 9.763036429791128734e-01
1.600000000000000000e+01 2.500000000000000000e+01 1.000000000000000000e+00 9.494312693657179199e-04 9.920119520654399059e-01
1.600000000000000000e+01 3.000000000000000000e+01 1.000000000000000000e+00 7.949327921909863509e-04 9.969103572988916584e-01
1.600000000000000000e+01 3.500000000000000000e+01 1.000000000000000000e+00 6.977799987622176122e-04 9.974748194218512332e-01
1.600000000000000000e+01 4.000000000000000000e+01 1.000000000000000000e+00 6.575667434546676737e-04 9.980515946729672239e-01
1.600000000000000000e+01 4.500000000000000000e+01 1.000000000000000000e+00 6.085191251363748603e-04 9.997236539454635862e-01
1.600000000000000000e+01 5.000000000000000000e+01 1.000000000000000000e+00 5.299882993509650317e-04 9.997513149570309565e-01
3.200000000000000000e+01 1.000000000000000000e+00 1.000000000000000000e+00 2.996277357503651130e-03 2.931983415694109328e-03
3.200000000000000000e+01 5.000000000000000000e+00 1.000000000000000000e+00 1.993459086280770232e-03 6.445527658929660342e-02
3.200000000000000000e+01 1.000000000000000000e+01 1.000000000000000000e+00 1.484797847320977861e-03 5.797736475618036067e-01
3.200000000000000000e+01 1.500000000000000000e+01 1.000000000000000000e+00 1.243403243585304617e-03 9.291421928225880311e-01
3.200000000000000000e+01 2.000000000000000000e+01 1.000000000000000000e+00 9.862134429558379149e-04 9.475982911362337280e-01
3.200000000000000000e+01 2.500000000000000000e+01 1.000000000000000000e+00 8.773297074442119783e-04 9.882109768666439420e-01
3.200000000000000000e+01 3.000000000000000000e+01 1.000000000000000000e+00 7.527621541636478038e-04 9.943449276132479975e-01
3.200000000000000000e+01 3.500000000000000000e+01 1.000000000000000000e+00 6.429695572725349379e-04 9.896012336087537387e-01
3.200000000000000000e+01 4.000000000000000000e+01 1.000000000000000000e+00 5.987854311715756642e-04 9.983771220793838941e-01
3.200000000000000000e+01 4.500000000000000000e+01 1.000000000000000000e+00 5.250948563344605196e-04 9.972175167552698172e-01
3.200000000000000000e+01 5.000000000000000000e+01 1.000000000000000000e+00 4.933374617548233389e-04 9.994568031146561227e-01
6.400000000000000000e+01 1.000000000000000000e+00 1.000000000000000000e+00 2.604345552435642034e-03 2.574910610782256068e-03
6.400000000000000000e+01 5.000000000000000000e+00 1.000000000000000000e+00 1.964215901107413571e-03 2.530363403181964954e-02
6.400000000000000000e+01 1.000000000000000000e+01 1.000000000000000000e+00 1.339067989641737257e-03 3.084459687085368551e-01
6.400000000000000000e+01 1.500000000000000000e+01 1.000000000000000000e+00 1.138191713467321450e-03 7.643227721497916072e-01
6.400000000000000000e+01 2.000000000000000000e+01 1.000000000000000000e+00 8.534011951325633704e-04 9.533943162733423682e-01
6.400000000000000000e+01 2.500000000000000000e+01 1.000000000000000000e+00 7.478363768964802665e-04 9.886553137563722782e-01
6.400000000000000000e+01 3.000000000000000000e+01 1.000000000000000000e+00 6.228405187713198943e-04 9.950023217485278737e-01
6.400000000000000000e+01 3.500000000000000000e+01 1.000000000000000000e+00 5.766186928154325066e-04 9.975267841206625352e-01
6.400000000000000000e+01 4.000000000000000000e+01 1.000000000000000000e+00 5.364212141908122553e-04 9.978083028599209481e-01
6.400000000000000000e+01 4.500000000000000000e+01 1.000000000000000000e+00 5.001220365936582049e-04 9.996873441693198137e-01
6.400000000000000000e+01 5.000000000000000000e+01 1.000000000000000000e+00 4.752287349991703700e-04 9.982373653604951214e-01
1.280000000000000000e+02 1.000000000000000000e+00 1.000000000000000000e+00 2.871762606899148917e-03 2.883413815048535642e-03
1.280000000000000000e+02 5.000000000000000000e+00 1.000000000000000000e+00 2.057565373529613405e-03 1.665553579200702849e-02
1.280000000000000000e+02 1.000000000000000000e+01 1.000000000000000000e+00 1.390623955491351307e-03 5.592719375407089188e-01
1.280000000000000000e+02 1.500000000000000000e+01 1.000000000000000000e+00 1.133869704929540978e-03 8.108525067667907704e-01
1.280000000000000000e+02 2.000000000000000000e+01 1.000000000000000000e+00 7.985805736408278874e-04 9.824702993878269286e-01
1.280000000000000000e+02 2.500000000000000000e+01 1.000000000000000000e+00 6.654548811613747710e-04 9.540567034680887959e-01
1.280000000000000000e+02 3.000000000000000000e+01 1.000000000000000000e+00 5.505844498163367517e-04 9.956469379606531778e-01
1.280000000000000000e+02 3.500000000000000000e+01 1.000000000000000000e+00 4.927846733761325404e-04 9.970136529965039074e-01
1.280000000000000000e+02 4.000000000000000000e+01 1.000000000000000000e+00 4.267096460777301033e-04 9.970010543442610063e-01
1.280000000000000000e+02 4.500000000000000000e+01 1.000000000000000000e+00 3.952945628509935421e-04 9.962040031886342240e-01
1.280000000000000000e+02 5.000000000000000000e+01 1.000000000000000000e+00 3.649908090268109712e-04 9.983158029708608661e-01
2.560000000000000000e+02 1.000000000000000000e+00 1.000000000000000000e+00 2.744974723436520610e-03 2.728310324335880485e-03
2.560000000000000000e+02 5.000000000000000000e+00 1.000000000000000000e+00 2.200053653789532920e-03 1.295405652174003996e-01
2.560000000000000000e+02 1.000000000000000000e+01 1.000000000000000000e+00 1.661236564528860904e-03 7.621900127217920984e-01
2.560000000000000000e+02 1.500000000000000000e+01 1.000000000000000000e+00 1.406508394377102046e-03 9.583954300225505651e-01
2.560000000000000000e+02 2.000000000000000000e+01 1.000000000000000000e+00 1.189016185955731920e-03 9.541395961570215967e-01
2.560000000000000000e+02 2.500000000000000000e+01 1.000000000000000000e+00 1.038596528027513344e-03 9.728581114467487190e-01
2.560000000000000000e+02 3.000000000000000000e+01 1.000000000000000000e+00 8.977470099109729302e-04 9.974717085127989824e-01
2.560000000000000000e+02 3.500000000000000000e+01 1.000000000000000000e+00 8.281924860013873020e-04 9.992217255472563009e-01
2.560000000000000000e+02 4.000000000000000000e+01 1.000000000000000000e+00 7.387622475858104812e-04 9.988682662818677560e-01
2.560000000000000000e+02 4.500000000000000000e+01 1.000000000000000000e+00 6.374653633595347719e-04 9.988122958085700054e-01
2.560000000000000000e+02 5.000000000000000000e+01 1.000000000000000000e+00 5.744175231607974788e-04 1.000278168504425524e+00
5.120000000000000000e+02 1.000000000000000000e+00 1.000000000000000000e+00 2.691790893570426314e-03 2.649138228531415680e-03
5.120000000000000000e+02 5.000000000000000000e+00 1.000000000000000000e+00 2.114001731642873357e-03 1.795298756184797798e-02
5.120000000000000000e+02 1.000000000000000000e+01 1.000000000000000000e+00 1.535522044418013640e-03 6.749485568339803621e-01
5.120000000000000000e+02 1.500000000000000000e+01 1.000000000000000000e+00 1.312362411542564210e-03 8.852664003038335228e-01
5.120000000000000000e+02 2.000000000000000000e+01 1.000000000000000000e+00 1.018236924221262293e-03 9.724773324829965038e-01
5.120000000000000000e+02 2.500000000000000000e+01 1.000000000000000000e+00 8.628820006941622127e-04 9.981712633185121364e-01
5.120000000000000000e+02 3.000000000000000000e+01 1.000000000000000000e+00 7.407937129049703071e-04 9.973606670984235256e-01
5.120000000000000000e+02 3.500000000000000000e+01 1.000000000000000000e+00 6.492634778496152040e-04 9.983487482694967108e-01
5.120000000000000000e+02 4.000000000000000000e+01 1.000000000000000000e+00 5.982573323121987427e-04 9.993300368893829333e-01
5.120000000000000000e+02 4.500000000000000000e+01 1.000000000000000000e+00 5.335651870554617825e-04 1.000453101856858540e+00
5.120000000000000000e+02 5.000000000000000000e+01 1.000000000000000000e+00 4.878098107612282457e-04 1.000025662470489740e+00
