2.000000000000000000e+00 1.000000000000000000e+00 1.000000000000000000e+00 2.858472098395247168e-03 2.712762345178810087e-03
2.000000000000000000e+00 5.000000000000000000e+00 1.000000000000000000e+00 1.146420425287035614e-03 1.160754685765817565e-03
2.000000000000000000e+00 1.000000000000000000e+01 1.000000000000000000e+00 4.754666477711495093e-04 4.344830631371531058e-04
2.000000000000000000e+00 1.500000000000000000e+01 1.000000000000000000e+00 2.898272909322172704e-04 2.766478463023180835e-04
2.000000000000000000e+00 2.000000000000000000e+01 1.000000000000000000e+00 2.835374071387996632e-04 2.709866377146350836e-04
2.000000000000000000e+00 2.500000000000000000e+01 1.000000000000000000e+00 2.838280989981398932e-04 2.700913350235974869e-04
2.000000000000000000e+00 3.000000000000000000e+01 1.000000000000000000e+00 2.804405687481137280e-04 2.676736235765457160e-04
2.000000000000000000e+00 3.500000000000000000e+01 1.000000000000000000e+00 2.801546772127517116e-04 2.676367373309216030e-04
2.000000000000000000e+00 4.000000000000000000e+01 1.000000000000000000e+00 2.798583550813521417e-04 2.674617203665715487e-04
2.000000000000000000e+00 4.500000000000000000e+01 1.000000000000000000e+00 2.667282251758030642e-04 2.565945352364885565e-04
2.000000000000000000e+00 5.000000000000000000e+01 1.000000000000000000e+00 2.668094426326758596e-04 2.564386360448919397e-04
