3.200000000000000000e+01 1.000000000000000000e+00 1.000000000000000000e+00 3.503496177111006457e-03 3.597344896209908518e-03
3.200000000000000000e+01 5.000000000000000000e+00 1.000000000000000000e+00 2.036830509206183620e-03 2.262534046484803059e-03
3.200000000000000000e+01 1.000000000000000000e+01 1.000000000000000000e+00 1.020294188577571676e-03 1.174369127546673938e-03
3.200000000000000000e+01 1.500000000000000000e+01 1.000000000000000000e+00 4.674259692673859621e-04 5.931355752895091241e-04
3.200000000000000000e+01 2.000000000000000000e+01 1.000000000000000000e+00 2.909617454920702647e-04 3.860339389626766355e-04
3.200000000000000000e+01 2.500000000000000000e+01 1.000000000000000000e+00 2.089845241200350822e-04 2.654307722624092247e-04
3.200000000000000000e+01 3.000000000000000000e+01 1.000000000000000000e+00 1.304607904546078773e-04 1.750547565715617284e-04
3.200000000000000000e+01 3.500000000000000000e+01 1.000000000000000000e+00 1.001170346186840355e-04 1.396044730237321226e-04
3.200000000000000000e+01 4.000000000000000000e+01 1.000000000000000000e+00 8.764260566732828752e-05 1.240011292889147462e-04
3.200000000000000000e+01 4.500000000000000000e+01 1.000000000000000000e+00 7.476142510398075549e-05 1.070122771653047434e-04
3.200000000000000000e+01 5.000000000000000000e+01 1.000000000000000000e+00 6.472220534044650453e-05 9.383825311066319827e-05
