8.000000000000000000e+00 1.000000000000000000e+00 1.000000000000000000e+00 3.164721642688136331e-03 3.579389702483181963e-03
8.000000000000000000e+00 5.000000000000000000e+00 1.000000000000000000e+00 1.377126583354644756e-03 1.590507548115959423e-03
8.000000000000000000e+00 1.000000000000000000e+01 1.000000000000000000e+00 9.202951535619476736e-04 1.053913547424256822e-03
8.000000000000000000e+00 1.500000000000000000e+01 1.000000000000000000e+00 5.391324650911685952e-04 6.755561348801245470e-04
8.000000000000000000e+00 2.000000000000000000e+01 1.000000000000000000e+00 3.303277237355450153e-04 4.120180774341301779e-04
8.000000000000000000e+00 2.500000000000000000e+01 1.000000000000000000e+00 2.280544935767196116e-04 3.010583245814333893e-04
8.000000000000000000e+00 3.000000000000000000e+01 1.000000000000000000e+00 1.551815237795155320e-04 2.212495391900709779e-04
8.000000000000000000e+00 3.500000000000000000e+01 1.000000000000000000e+00 1.396359762567136130e-04 2.042765762527144985e-04
8.000000000000000000e+00 4.000000000000000000e+01 1.000000000000000000e+00 1.271775269904418097e-04 1.808865014959331891e-04
8.000000000000000000e+00 4.500000000000000000e+01 1.000000000000000000e+00 1.192726497505292108e-04 1.705636885281589801e-04
8.000000000000000000e+00 5.000000000000000000e+01 1.000000000000000000e+00 1.177674075511969589e-04 1.684727600507656201e-04
