1.600000000000000000e+01 1.000000000000000000e+00 1.000000000000000000e+00 3.062146224548633992e-03 3.312048521398605443e-03
1.600000000000000000e+01 5.000000000000000000e+00 1.000000000000000000e+00 2.497180909920520761e-03 2.676081093719198493e-03
1.600000000000000000e+01 1.000000000000000000e+01 1.000000000000000000e+00 1.571971349899809996e-03 1.696893227647564527e-03
1.600000000000000000e+01 1.500000000000000000e+01 1.000000000000000000e+00 9.815143737721444828e-04 1.160672703367404647e-03
1.600000000000000000e+01 2.000000000000000000e+01 1.000000000000000000e+00 6.086061503978912237e-04 7.508071053433407497e-04
1.600000000000000000e+01 2.500000000000000000e+01 1.000000000000000000e+00 4.191656396384496716e-04 6.171622626633544838e-04
1.600000000000000000e+01 3.000000000000000000e+01 1.000000000000000000e+00 2.789538112907250541e-04 4.374166972263037519e-04
1.600000000000000000e+01 3.500000000000000000e+01 1.000000000000000000e+00 1.665982781997746927e-04 2.589646154329680247e-04
1.600000000000000000e+01 4.000000000000000000e+01 1.000000000000000000e+00 1.288783006319577725e-04 2.102656009691472019e-04
1.600000000000000000e+01 4.500000000000000000e+01 1.000000000000000000e+00 1.195927942232067898e-04 1.925270556031538443e-04
1.600000000000000000e+01 5.000000000000000000e+01 1.000000000000000000e+00 1.166124041889017501e-04 1.843600292873363942e-04
