1.280000000000000000e+02 1.000000000000000000e+00 1.000000000000000000e+00 3.485097647375083596e-03 3.985581556659040237e-03
1.280000000000000000e+02 5.000000000000000000e+00 1.000000000000000000e+00 2.524955266809638787e-03 2.852877024821457580e-03
1.280000000000000000e+02 1.000000000000000000e+01 1.000000000000000000e+00 1.552340682529442396e-03 1.726883119401815278e-03
1.280000000000000000e+02 1.500000000000000000e+01 1.000000000000000000e+00 1.150651867217395265e-03 1.414369093417306832e-03
1.280000000000000000e+02 2.000000000000000000e+01 1.000000000000000000e+00 6.736968520723686038e-04 8.580727822647367994e-04
1.280000000000000000e+02 2.500000000000000000e+01 1.000000000000000000e+00 5.921568784577866968e-04 7.562955604153839481e-04
1.280000000000000000e+02 3.000000000000000000e+01 1.000000000000000000e+00 4.426519277942448207e-04 6.406133183660531931e-04
1.280000000000000000e+02 3.500000000000000000e+01 1.000000000000000000e+00 3.304564763337491050e-04 5.314890612974475931e-04
1.280000000000000000e+02 4.000000000000000000e+01 1.000000000000000000e+00 2.671198473853790578e-04 4.334196803091503142e-04
1.280000000000000000e+02 4.500000000000000000e+01 1.000000000000000000e+00 2.544564502124175491e-04 4.326943163911717402e-04
1.280000000000000000e+02 5.000000000000000000e+01 1.000000000000000000e+00 2.106242087250928953e-04 3.581719359336958978e-04
