5.000000000000000000e-01 1.000000000000000000e+00 1.000000000000000000e+00 2.771226667261214062e-03 2.835889298386410056e-03
5.000000000000000000e-01 5.000000000000000000e+00 1.000000000000000000e+00 1.181141678660869391e-03 1.191386551424314637e-03
5.000000000000000000e-01 1.000000000000000000e+01 1.000000000000000000e+00 6.145753419502244467e-04 6.258220512995494060e-04
5.000000000000000000e-01 1.500000000000000000e+01 1.000000000000000000e+00 5.776129678838069813e-04 5.928009185574721531e-04
5.000000000000000000e-01 2.000000000000000000e+01 1.000000000000000000e+00 5.673528356036222371e-04 5.851247049042141183e-04
5.000000000000000000e-01 2.500000000000000000e+01 1.000000000000000000e+00 5.677284965853060614e-04 5.855561234181048264e-04
5.000000000000000000e-01 3.000000000000000000e+01 1.000000000000000000e+00 5.657509522811997055e-04 5.835977195550834211e-04
5.000000000000000000e-01 3.500000000000000000e+01 1.000000000000000000e+00 5.658841569914361321e-04 5.837765143298851486e-04
5.000000000000000000e-01 4.000000000000000000e+01 1.000000000000000000e+00 5.650618789391282423e-04 5.827404207317919563e-04
5.000000000000000000e-01 4.500000000000000000e+01 1.000000000000000000e+00 5.651077162832479064e-04 5.827758069476462934e-04
5.000000000000000000e-01 5.000000000000000000e+01 1.000000000000000000e+00 5.651621524857585246e-04 5.828479464894618369e-04
1.000000000000000000e+00 1.000000000000000000e+00 1.000000000000000000e+00 3.052676134231102189e-03 3.139938063614075049e-03
1.000000000000000000e+00 5.000000000000000000e+00 1.000000000000000000e+00 1.506071812640623515e-03 1.576666818130184698e-03
1.000000000000000000e+00 1.000000000000000000e+01 1.000000000000000000e+00 8.907818608163798691e-04 9.572799471412425047e-04
1.000000000000000000e+00 1.500000000000000000e+01 1.000000000000000000e+00 7.206610679215804055e-04 7.894357566347055257e-04
1.000000000000000000e+00 2.000000000000000000e+01 1.000000000000000000e+00 7.059748161781604844e-04 7.782786794766153584e-04
1.000000000000000000e+00 2.500000000000000000e+01 1.000000000000000000e+00 6.976104159965990223e-04 7.700200094111324129e-04
1.000000000000000000e+00 3.000000000000000000e+01 1.000000000000000000e+00 6.957880040776041669e-04 7.686137693895493802e-04
1.000000000000000000e+00 3.500000000000000000e+01 1.000000000000000000e+00 6.941279554460416234e-04 7.668128640043132610e-04
1.000000000000000000e+00 4.000000000000000000e+01 1.000000000000000000e+00 6.914043306258287535e-04 7.646758784391876349e-04
1.000000000000000000e+00 4.500000000000000000e+01 1.000000000000000000e+00 6.914607981685891346e-04 7.648780168040219098e-04
1.000000000000000000e+00 5.000000000000000000e+01 1.000000000000000000e+00 6.915059224466945775e-04 7.648942153826373018e-04
2.000000000000000000e+00 1.000000000000000000e+00 1.000000000000000000e+00 3.081943819658870907e-03 3.185870410031588044e-03
2.000000000000000000e+00 5.000000000000000000e+00 1.000000000000000000e+00 2.015182266851015588e-03 2.148841131103089615e-03
2.000000000000000000e+00 1.000000000000000000e+01 1.000000000000000000e+00 1.527705031477158415e-03 1.688875274251179547e-03
2.000000000000000000e+00 1.500000000000000000e+01 1.000000000000000000e+00 1.236555321046135716e-03 1.417398787325613828e-03
2.000000000000000000e+00 2.000000000000000000e+01 1.000000000000000000e+00 1.178631773112502916e-03 1.360653680234848563e-03
2.000000000000000000e+00 2.500000000000000000e+01 1.000000000000000000e+00 1.158242791361988391e-03 1.348734251976508539e-03
2.000000000000000000e+00 3.000000000000000000e+01 1.000000000000000000e+00 1.150829501319894799e-03 1.346264679230381369e-03
2.000000000000000000e+00 3.500000000000000000e+01 1.000000000000000000e+00 1.139633785325013058e-03 1.336051868465435626e-03
2.000000000000000000e+00 4.000000000000000000e+01 1.000000000000000000e+00 1.138530056489050644e-03 1.334978416592078228e-03
2.000000000000000000e+00 4.500000000000000000e+01 1.000000000000000000e+00 1.136959112506265475e-03 1.333666877369915930e-03
2.000000000000000000e+00 5.000000000000000000e+01 1.000000000000000000e+00 1.136766106650201249e-03 1.333102602112520071e-03
4.000000000000000000e+00 1.000000000000000000e+00 1.000000000000000000e+00 3.234432253361991302e-03 3.339834905179695813e-03
4.000000000000000000e+00 5.000000000000000000e+00 1.000000000000000000e+00 2.420374929067890639e-03 2.561344307205428751e-03
4.000000000000000000e+00 1.000000000000000000e+01 1.000000000000000000e+00 1.795983621990170868e-03 1.978326482627048438e-03
4.000000000000000000e+00 1.500000000000000000e+01 1.000000000000000000e+00 1.418526529511642681e-03 1.611439133729193184e-03
4.000000000000000000e+00 2.000000000000000000e+01 1.000000000000000000e+00 1.166212409433106363e-03 1.370677614075740394e-03
4.000000000000000000e+00 2.500000000000000000e+01 1.000000000000000000e+00 1.077019148655154832e-03 1.277345952653030072e-03
4.000000000000000000e+00 3.000000000000000000e+01 1.000000000000000000e+00 1.035081347650231931e-03 1.241211443219065059e-03
4.000000000000000000e+00 3.500000000000000000e+01 1.000000000000000000e+00 1.027937499458389612e-03 1.231418118806706192e-03
4.000000000000000000e+00 4.000000000000000000e+01 1.000000000000000000e+00 1.009234471180331860e-03 1.212615332058142705e-03
4.000000000000000000e+00 4.500000000000000000e+01 1.000000000000000000e+00 1.005519558841956292e-03 1.207930042835280533e-03
4.000000000000000000e+00 5.000000000000000000e+01 1.000000000000000000e+00 9.985035455869852895e-04 1.202353726804371217e-03
8.000000000000000000e+00 1.000000000000000000e+00 1.000000000000000000e+00 3.190476180342548870e-03 3.287039892065692862e-03
8.000000000000000000e+00 5.000000000000000000e+00 1.000000000000000000e+00 2.492596738819311854e-03 2.686697143182468096e-03
8.000000000000000000e+00 1.000000000000000000e+01 1.000000000000000000e+00 2.000179133959619805e-03 2.219398757515229394e-03
8.000000000000000000e+00 1.500000000000000000e+01 1.000000000000000000e+00 1.631116941817658096e-03 1.859593090158330117e-03
8.000000000000000000e+00 2.000000000000000000e+01 1.000000000000000000e+00 1.388212494549350470e-03 1.656029059044271693e-03
8.000000000000000000e+00 2.500000000000000000e+01 1.000000000000000000e+00 1.143901463661785951e-03 1.411959584894012304e-03
8.000000000000000000e+00 3.000000000000000000e+01 1.000000000000000000e+00 9.958498820750289436e-04 1.279107378604936712e-03
8.000000000000000000e+00 3.500000000000000000e+01 1.000000000000000000e+00 9.280959582115205298e-04 1.208019350445597734e-03
8.000000000000000000e+00 4.000000000000000000e+01 1.000000000000000000e+00 9.109051935429544975e-04 1.184774107422667099e-03
8.000000000000000000e+00 4.500000000000000000e+01 1.000000000000000000e+00 9.045889295812422834e-04 1.175021532893824822e-03
8.000000000000000000e+00 5.000000000000000000e+01 1.000000000000000000e+00 9.020078432351877557e-04 1.174552998050021248e-03
1.600000000000000000e+01 1.000000000000000000e+00 1.000000000000000000e+00 3.323861167779054542e-03 3.446056274288740451e-03
1.600000000000000000e+01 5.000000000000000000e+00 1.000000000000000000e+00 2.735991686528883773e-03 2.953088581605422657e-03
1.600000000000000000e+01 1.000000000000000000e+01 1.000000000000000000e+00 2.167620448938043301e-03 2.387608264720655384e-03
1.600000000000000000e+01 1.500000000000000000e+01 1.000000000000000000e+00 1.759502260467129663e-03 1.994685094968238082e-03
1.600000000000000000e+01 2.000000000000000000e+01 1.000000000000000000e+00 1.419043766701761147e-03 1.706314671568649657e-03
1.600000000000000000e+01 2.500000000000000000e+01 1.000000000000000000e+00 1.173175424193833747e-03 1.451294308949251707e-03
1.600000000000000000e+01 3.000000000000000000e+01 1.000000000000000000e+00 9.813814751241968504e-04 1.275090805057646189e-03
1.600000000000000000e+01 3.500000000000000000e+01 1.000000000000000000e+00 8.497291654095127152e-04 1.165415821746370543e-03
1.600000000000000000e+01 4.000000000000000000e+01 1.000000000000000000e+00 7.579346601200431929e-04 1.117266404611066879e-03
1.600000000000000000e+01 4.500000000000000000e+01 1.000000000000000000e+00 7.107389039782002760e-04 1.082297940356919796e-03
1.600000000000000000e+01 5.000000000000000000e+01 1.000000000000000000e+00 6.879140462879654045e-04 1.065610125386356717e-03
3.200000000000000000e+01 1.000000000000000000e+00 1.000000000000000000e+00 3.234046845656464962e-03 3.339309336371000438e-03
3.200000000000000000e+01 5.000000000000000000e+00 1.000000000000000000e+00 2.619661923457532356e-03 2.829170082184372798e-03
3.200000000000000000e+01 1.000000000000000000e+01 1.000000000000000000e+00 2.047117593382555539e-03 2.245197941860565226e-03
3.200000000000000000e+01 1.500000000000000000e+01 1.000000000000000000e+00 1.621596520952956009e-03 1.820982464709416633e-03
3.200000000000000000e+01 2.000000000000000000e+01 1.000000000000000000e+00 1.390227478547266656e-03 1.621348290345128685e-03
3.200000000000000000e+01 2.500000000000000000e+01 1.000000000000000000e+00 1.181626886561279108e-03 1.436172327022749474e-03
3.200000000000000000e+01 3.000000000000000000e+01 1.000000000000000000e+00 1.053897491761276485e-03 1.324322917537436826e-03
3.200000000000000000e+01 3.500000000000000000e+01 1.000000000000000000e+00 9.330238922674119213e-04 1.222788778757317573e-03
3.200000000000000000e+01 4.000000000000000000e+01 1.000000000000000000e+00 8.239383354298605074e-04 1.127887649994429534e-03
3.200000000000000000e+01 4.500000000000000000e+01 1.000000000000000000e+00 7.414721107746309690e-04 1.064551897599274590e-03
3.200000000000000000e+01 5.000000000000000000e+01 1.000000000000000000e+00 6.810615681858954180e-04 1.000713542677573531e-03
6.400000000000000000e+01 1.000000000000000000e+00 1.000000000000000000e+00 3.247926936850119989e-03 3.340687395840659466e-03
6.400000000000000000e+01 5.000000000000000000e+00 1.000000000000000000e+00 2.692728936370310851e-03 2.886784671011279838e-03
6.400000000000000000e+01 1.000000000000000000e+01 1.000000000000000000e+00 2.310812255168409601e-03 2.533268760646586060e-03
6.400000000000000000e+01 1.500000000000000000e+01 1.000000000000000000e+00 1.820211110683842698e-03 2.072116994361036368e-03
6.400000000000000000e+01 2.000000000000000000e+01 1.000000000000000000e+00 1.535436268246069286e-03 1.818368081825729680e-03
6.400000000000000000e+01 2.500000000000000000e+01 1.000000000000000000e+00 1.288271810172372670e-03 1.579948932729232465e-03
6.400000000000000000e+01 3.000000000000000000e+01 1.000000000000000000e+00 1.073016482624750264e-03 1.418170633465144336e-03
6.400000000000000000e+01 3.500000000000000000e+01 1.000000000000000000e+00 9.572189236726112932e-04 1.284667179007897885e-03
6.400000000000000000e+01 4.000000000000000000e+01 1.000000000000000000e+00 8.392140257714672275e-04 1.208691739131846242e-03
6.400000000000000000e+01 4.500000000000000000e+01 1.000000000000000000e+00 7.393415182941695399e-04 1.131642733903906808e-03
6.400000000000000000e+01 5.000000000000000000e+01 1.000000000000000000e+00 6.648047165504348318e-04 1.057833690667663463e-03
1.280000000000000000e+02 1.000000000000000000e+00 1.000000000000000000e+00 3.252824243683081172e-03 3.358568452261798034e-03
1.280000000000000000e+02 5.000000000000000000e+00 1.000000000000000000e+00 2.752982783127798892e-03 2.949993342348271406e-03
1.280000000000000000e+02 1.000000000000000000e+01 1.000000000000000000e+00 2.294229456804377371e-03 2.523369954042385590e-03
1.280000000000000000e+02 1.500000000000000000e+01 1.000000000000000000e+00 1.880680681939467594e-03 2.157979541537604230e-03
1.280000000000000000e+02 2.000000000000000000e+01 1.000000000000000000e+00 1.542846011018331057e-03 1.838452389753907719e-03
1.280000000000000000e+02 2.500000000000000000e+01 1.000000000000000000e+00 1.327836790887782989e-03 1.644101878766203711e-03
1.280000000000000000e+02 3.000000000000000000e+01 1.000000000000000000e+00 1.163356340464500064e-03 1.500812771794465383e-03
1.280000000000000000e+02 3.500000000000000000e+01 1.000000000000000000e+00 1.023879832210636666e-03 1.375906706641154536e-03
1.280000000000000000e+02 4.000000000000000000e+01 1.000000000000000000e+00 8.835270313910841217e-04 1.261536721848541612e-03
1.280000000000000000e+02 4.500000000000000000e+01 1.000000000000000000e+00 8.071193609049292280e-04 1.194960569462286040e-03
1.280000000000000000e+02 5.000000000000000000e+01 1.000000000000000000e+00 7.147371658454977194e-04 1.109822045049095856e-03
2.560000000000000000e+02 1.000000000000000000e+00 1.000000000000000000e+00 3.310233150281084551e-03 3.438601060237975095e-03
2.560000000000000000e+02 5.000000000000000000e+00 1.000000000000000000e+00 2.780638402516301746e-03 2.982877025009624244e-03
2.560000000000000000e+02 1.000000000000000000e+01 1.000000000000000000e+00 2.207437496678699065e-03 2.426587742732624117e-03
2.560000000000000000e+02 1.500000000000000000e+01 1.000000000000000000e+00 1.850145841326577504e-03 2.070765002836912581e-03
2.560000000000000000e+02 2.000000000000000000e+01 1.000000000000000000e+00 1.532382492824061609e-03 1.790974990519714942e-03
2.560000000000000000e+02 2.500000000000000000e+01 1.000000000000000000e+00 1.242252044425958685e-03 1.514292629817478534e-03
2.560000000000000000e+02 3.000000000000000000e+01 1.000000000000000000e+00 1.061496260051210914e-03 1.357365240359603448e-03
2.560000000000000000e+02 3.500000000000000000e+01 1.000000000000000000e+00 8.733175114239079707e-04 1.183478083878638587e-03
2.560000000000000000e+02 4.000000000000000000e+01 1.000000000000000000e+00 7.485362468925234108e-04 1.056390752607902148e-03
2.560000000000000000e+02 4.500000000000000000e+01 1.000000000000000000e+00 6.547437175143269814e-04 9.648254472507942266e-04
2.560000000000000000e+02 5.000000000000000000e+01 1.000000000000000000e+00 5.818987553941718741e-04 9.008846296512700502e-04
5.120000000000000000e+02 1.000000000000000000e+00 1.000000000000000000e+00 3.290184662211392309e-03 3.430645481311820656e-03
5.120000000000000000e+02 5.000000000000000000e+00 1.000000000000000000e+00 2.748721686770522806e-03 2.925870717146325517e-03
5.120000000000000000e+02 1.000000000000000000e+01 1.000000000000000000e+00 2.345796553855960913e-03 2.558391581089786235e-03
5.120000000000000000e+02 1.500000000000000000e+01 1.000000000000000000e+00 1.903226278546020066e-03 2.116747553603005438e-03
5.120000000000000000e+02 2.000000000000000000e+01 1.000000000000000000e+00 1.613269400881803305e-03 1.876840126846970273e-03
5.120000000000000000e+02 2.500000000000000000e+01 1.000000000000000000e+00 1.360386345792097534e-03 1.670597427848496226e-03
5.120000000000000000e+02 3.000000000000000000e+01 1.000000000000000000e+00 1.173363681208875083e-03 1.494772761340180467e-03
5.120000000000000000e+02 3.500000000000000000e+01 1.000000000000000000e+00 9.894202445064491282e-04 1.345048714622225925e-03
5.120000000000000000e+02 4.000000000000000000e+01 1.000000000000000000e+00 8.709343509203284605e-04 1.251491850663541319e-03
5.120000000000000000e+02 4.500000000000000000e+01 1.000000000000000000e+00 7.564909098399929133e-04 1.178145489184529490e-03
5.120000000000000000e+02 5.000000000000000000e+01 1.000000000000000000e+00 6.736942579299499316e-04 1.114360519328448738e-03
