6.400000000000000000e+01 1.000000000000000000e+00 1.000000000000000000e+00 3.366828206486763113e-03 3.249233525286305581e-03
6.400000000000000000e+01 5.000000000000000000e+00 1.000000000000000000e+00 2.550322418799675327e-03 2.450165460896309207e-03
6.400000000000000000e+01 1.000000000000000000e+01 1.000000000000000000e+00 1.754720052817611373e-03 1.730494816134302456e-03
6.400000000000000000e+01 1.500000000000000000e+01 1.000000000000000000e+00 8.831035487148873207e-04 9.455394711690824974e-04
6.400000000000000000e+01 2.000000000000000000e+01 1.000000000000000000e+00 6.353730155324451793e-04 7.143516781272300472e-04
6.400000000000000000e+01 2.500000000000000000e+01 1.000000000000000000e+00 3.865250148580219613e-04 4.638210559530262325e-04
6.400000000000000000e+01 3.000000000000000000e+01 1.000000000000000000e+00 2.819212616243405999e-04 3.221350414564208477e-04
6.400000000000000000e+01 3.500000000000000000e+01 1.000000000000000000e+00 1.964742984086309248e-04 2.374973178011015762e-04
6.400000000000000000e+01 4.000000000000000000e+01 1.000000000000000000e+00 1.515382438805639353e-04 1.953665894360488654e-04
6.400000000000000000e+01 4.500000000000000000e+01 1.000000000000000000e+00 1.378357382609091901e-04 1.751940955444368270e-04
6.400000000000000000e+01 5.000000000000000000e+01 1.000000000000000000e+00 1.184228194163159406e-04 1.654433046154104052e-04
