1.000000000000000000e+00 1.000000000000000000e+00 1.000000000000000000e+00 3.126096095019734785e-03 3.039284160010633385e-03
1.000000000000000000e+00 5.000000000000000000e+00 1.000000000000000000e+00 1.089873449195328386e-03 1.202993017753093341e-03
1.000000000000000000e+00 1.000000000000000000e+01 1.000000000000000000e+00 3.290769313505203923e-04 3.525737105741799681e-04
1.000000000000000000e+00 1.500000000000000000e+01 1.000000000000000000e+00 2.785306299233478362e-04 2.963474175306517904e-04
1.000000000000000000e+00 2.000000000000000000e+01 1.000000000000000000e+00 2.786034402993654239e-04 2.965786457861503906e-04
1.000000000000000000e+00 2.500000000000000000e+01 1.000000000000000000e+00 2.785976354726477046e-04 2.965910533110499851e-04
1.000000000000000000e+00 3.000000000000000000e+01 1.000000000000000000e+00 2.785743626003705934e-04 2.965299841315640218e-04
1.000000000000000000e+00 3.500000000000000000e+01 1.000000000000000000e+00 2.773259172201541362e-04 2.938975038219023787e-04
1.000000000000000000e+00 4.000000000000000000e+01 1.000000000000000000e+00 2.772989687292914864e-04 2.934042476786894458e-04
1.000000000000000000e+00 4.500000000000000000e+01 1.000000000000000000e+00 2.772150315134696034e-04 2.938590971814018077e-04
1.000000000000000000e+00 5.000000000000000000e+01 1.000000000000000000e+00 2.771740928802129468e-04 2.937400296815909149e-04
