4.000000000000000000e+00 1.000000000000000000e+00 1.000000000000000000e+00 3.403397700152729476e-03 3.302227785781025344e-03
4.000000000000000000e+00 5.000000000000000000e+00 1.000000000000000000e+00 1.669296336887547390e-03 1.650427185176744048e-03
4.000000000000000000e+00 1.000000000000000000e+01 1.000000000000000000e+00 7.147321592884202770e-04 7.473700149858781205e-04
4.000000000000000000e+00 1.500000000000000000e+01 1.000000000000000000e+00 3.933990462750618588e-04 4.324812314625206674e-04
4.000000000000000000e+00 2.000000000000000000e+01 1.000000000000000000e+00 2.538733752054651133e-04 2.745319686947328853e-04
4.000000000000000000e+00 2.500000000000000000e+01 1.000000000000000000e+00 2.405978026368128081e-04 2.549477409998131012e-04
4.000000000000000000e+00 3.000000000000000000e+01 1.000000000000000000e+00 2.337927440142537441e-04 2.434272633294724570e-04
4.000000000000000000e+00 3.500000000000000000e+01 1.000000000000000000e+00 2.340022175379736916e-04 2.432955183769026626e-04
4.000000000000000000e+00 4.000000000000000000e+01 1.000000000000000000e+00 2.343292707476637353e-04 2.439932323613621323e-04
4.000000000000000000e+00 4.500000000000000000e+01 1.000000000000000000e+00 2.116226134253373144e-04 2.288356179204424482e-04
4.000000000000000000e+00 5.000000000000000000e+01 1.000000000000000000e+00 2.096464672209873679e-04 2.244349519415554759e-04
