2.000000000000000000e+00 1.000000000000000000e+00 2.000000000000000000e+01 2.000000000000000111e-01 5.753695555230810407e-04 7.319196678657975338e-04 0.000000000000000000e+00 0.000000000000000000e+00
2.000000000000000000e+00 1.000000000000000000e+00 2.000000000000000000e+01 4.000000000000000222e-01 5.580017494047271025e-04 6.986599833491093006e-04 0.000000000000000000e+00 0.000000000000000000e+00
2.000000000000000000e+00 1.000000000000000000e+00 2.000000000000000000e+01 5.999999999999999778e-01 5.519986051497052446e-04 6.677047436672438633e-04 0.000000000000000000e+00 0.000000000000000000e+00
2.000000000000000000e+00 1.000000000000000000e+00 2.000000000000000000e+01 8.000000000000000444e-01 5.724926883846081799e-04 6.555125435370253058e-04 0.000000000000000000e+00 0.000000000000000000e+00
2.000000000000000000e+00 1.000000000000000000e+00 2.000000000000000000e+01 1.000000000000000000e+00 5.595984593480993977e-04 6.598072062530231175e-04 0.000000000000000000e+00 0.000000000000000000e+00
3.000000000000000000e+00 1.000000000000000000e+00 2.000000000000000000e+01 2.000000000000000111e-01 3.674412101339210408e-04 5.533363566738271674e-04 0.000000000000000000e+00 0.000000000000000000e+00
3.000000000000000000e+00 1.000000000000000000e+00 2.000000000000000000e+01 4.000000000000000222e-01 3.145870035035753750e-04 4.782691592206947048e-04 0.000000000000000000e+00 0.000000000000000000e+00
3.000000000000000000e+00 1.000000000000000000e+00 2.000000000000000000e+01 5.999999999999999778e-01 2.767200867289643898e-04 4.216656495272124469e-04 0.000000000000000000e+00 0.000000000000000000e+00
3.000000000000000000e+00 1.000000000000000000e+00 2.000000000000000000e+01 8.000000000000000444e-01 2.686506298141415924e-04 4.047364105935239115e-04 0.000000000000000000e+00 0.000000000000000000e+00
3.000000000000000000e+00 1.000000000000000000e+00 2.000000000000000000e+01 1.000000000000000000e+00 4.472670052220398674e-04 6.010193901658946554e-04 0.000000000000000000e+00 0.000000000000000000e+00
4.000000000000000000e+00 1.000000000000000000e+00 2.000000000000000000e+01 2.000000000000000111e-01 5.283857358960166806e-04 7.933057458765574660e-04 0.000000000000000000e+00 0.000000000000000000e+00
4.000000000000000000e+00 1.000000000000000000e+00 2.000000000000000000e+01 4.000000000000000222e-01 4.283473167701117522e-04 6.413292471161548486e-04 0.000000000000000000e+00 0.000000000000000000e+00
4.000000000000000000e+00 1.000000000000000000e+00 2.000000000000000000e+01 5.999999999999999778e-01 3.363818139540950057e-04 5.092440946449960015e-04 0.000000000000000000e+00 0.000000000000000000e+00
4.000000000000000000e+00 1.000000000000000000e+00 2.000000000000000000e+01 8.000000000000000444e-01 2.688313165838992613e-04 4.444416152658408887e-04 0.000000000000000000e+00 0.000000000000000000e+00
4.000000000000000000e+00 1.000000000000000000e+00 2.000000000000000000e+01 1.000000000000000000e+00 5.051591617853412337e-04 7.665173413239766576e-04 0.000000000000000000e+00 0.000000000000000000e+00
5.000000000000000000e+00 1.000000000000000000e+00 2.000000000000000000e+01 2.000000000000000111e-01 2.009226618843343944e-04 3.282374045554485977e-04 0.000000000000000000e+00 0.000000000000000000e+00
5.000000000000000000e+00 1.000000000000000000e+00 2.000000000000000000e+01 4.000000000000000222e-01 1.904332172733919299e-04 3.108779629049391994e-04 0.000000000000000000e+00 0.000000000000000000e+00
5.000000000000000000e+00 1.000000000000000000e+00 2.000000000000000000e+01 5.999999999999999778e-01 1.784399194490876573e-04 2.872790638851511688e-04 0.000000000000000000e+00 0.000000000000000000e+00
5.000000000000000000e+00 1.000000000000000000e+00 2.000000000000000000e+01 8.000000000000000444e-01 1.645385692447686615e-04 2.586313471205486112e-04 0.000000000000000000e+00 0.000000000000000000e+00
5.000000000000000000e+00 1.000000000000000000e+00 2.000000000000000000e+01 1.000000000000000000e+00 3.830720216599622701e-04 5.930467568282999681e-04 0.000000000000000000e+00 0.000000000000000000e+00
