4.000000000000000000e+00 6.250000000000000000e-02 6.999999999999999556e-01 1.005438459252985695e+00 4.392527120784492888e-03
4.000000000000000000e+00 1.250000000000000000e-01 6.999999999999999556e-01 1.000089986106563300e+00 1.207667019067796356e-04
4.000000000000000000e+00 2.500000000000000000e-01 6.999999999999999556e-01 1.000105714314814875e+00 7.652926944706842918e-05
4.000000000000000000e+00 5.000000000000000000e-01 6.999999999999999556e-01 1.001766930153973778e+00 1.261031608688304752e-03
4.000000000000000000e+00 1.000000000000000000e+00 6.999999999999999556e-01 1.015856007954297757e+00 7.793159034012228821e-03
4.000000000000000000e+00 2.000000000000000000e+00 6.999999999999999556e-01 1.023410385200989925e+00 3.265469587906407595e-03
4.000000000000000000e+00 4.000000000000000000e+00 6.999999999999999556e-01 1.019669840451624898e+00 4.229195321696966638e-03
4.000000000000000000e+00 8.000000000000000000e+00 6.999999999999999556e-01 1.015982586192421877e+00 5.884958961066045352e-03
4.000000000000000000e+00 1.600000000000000000e+01 6.999999999999999556e-01 1.013421571323408488e+00 5.566869088817083359e-03
4.000000000000000000e+00 3.200000000000000000e+01 6.999999999999999556e-01 1.013246096921742723e+00 4.499318254802289058e-03
4.000000000000000000e+00 6.400000000000000000e+01 6.999999999999999556e-01 1.012382425718229451e+00 4.431291366798825217e-03
4.000000000000000000e+00 1.280000000000000000e+02 6.999999999999999556e-01 1.013287079755074815e+00 4.794382399811506629e-03
5.000000000000000000e+00 6.250000000000000000e-02 6.999999999999999556e-01 1.010646619687392667e+00 1.532790753160281211e-02
5.000000000000000000e+00 1.250000000000000000e-01 6.999999999999999556e-01 1.001325779952855655e+00 1.909683390460621862e-03
5.000000000000000000e+00 2.500000000000000000e-01 6.999999999999999556e-01 1.000160240877192797e+00 1.640644043685168135e-04
5.000000000000000000e+00 5.000000000000000000e-01 6.999999999999999556e-01 1.001292270128422590e+00 5.501889212522677883e-04
5.000000000000000000e+00 1.000000000000000000e+00 6.999999999999999556e-01 1.013773260975840085e+00 3.762909972083916445e-03
5.000000000000000000e+00 2.000000000000000000e+00 6.999999999999999556e-01 1.023717055708603496e+00 4.148887732376118492e-03
5.000000000000000000e+00 4.000000000000000000e+00 6.999999999999999556e-01 1.023306201619538225e+00 2.959864871029376215e-03
5.000000000000000000e+00 8.000000000000000000e+00 6.999999999999999556e-01 1.017727344200181960e+00 2.831774958671669836e-03
5.000000000000000000e+00 1.600000000000000000e+01 6.999999999999999556e-01 1.015402888449404184e+00 3.369414667787244601e-03
5.000000000000000000e+00 3.200000000000000000e+01 6.999999999999999556e-01 1.014996192945233799e+00 3.203625342290114097e-03
5.000000000000000000e+00 6.400000000000000000e+01 6.999999999999999556e-01 1.014581613674335747e+00 3.242809995231809433e-03
5.000000000000000000e+00 1.280000000000000000e+02 6.999999999999999556e-01 1.015097019370642117e+00 3.238772086808723409e-03
