1.000000000000000000e+00 6.250000000000000000e-02 0.000000000000000000e+00 1.262586334755737338e+00 3.042171524175096842e-01
1.000000000000000000e+00 1.250000000000000000e-01 0.000000000000000000e+00 1.031975770470013654e+00 5.218972796126865321e-02
1.000000000000000000e+00 2.500000000000000000e-01 0.000000000000000000e+00 1.000205495070309869e+00 3.809027162807612321e-04
1.000000000000000000e+00 5.000000000000000000e-01 0.000000000000000000e+00 1.000651669261679810e+00 9.385915613397121391e-04
1.000000000000000000e+00 1.000000000000000000e+00 0.000000000000000000e+00 1.027181799026853914e+00 3.898155289068551410e-02
1.000000000000000000e+00 2.000000000000000000e+00 0.000000000000000000e+00 1.139941152334007501e+00 1.719417331290625794e-01
1.000000000000000000e+00 4.000000000000000000e+00 0.000000000000000000e+00 1.239354076622549927e+00 1.886707373505453478e-01
1.000000000000000000e+00 8.000000000000000000e+00 0.000000000000000000e+00 1.311578212042143088e+00 1.968645321373445334e-01
1.000000000000000000e+00 1.600000000000000000e+01 0.000000000000000000e+00 1.281975172235995775e+00 1.327759022345110507e-01
1.000000000000000000e+00 3.200000000000000000e+01 0.000000000000000000e+00 1.320013312934490646e+00 1.664403402636677187e-01
1.000000000000000000e+00 6.400000000000000000e+01 0.000000000000000000e+00 1.346361193930133648e+00 3.159390844551639432e-01
1.000000000000000000e+00 1.280000000000000000e+02 0.000000000000000000e+00 1.358867124869518772e+00 2.333578086633406046e-01
2.000000000000000000e+00 6.250000000000000000e-02 1.000000000000000056e-01 1.126650519767959935e+00 1.820046367847388546e-01
2.000000000000000000e+00 1.250000000000000000e-01 1.000000000000000056e-01 1.007722887753356833e+00 1.581259908111446247e-02
2.000000000000000000e+00 2.500000000000000000e-01 1.000000000000000056e-01 1.000135120178228920e+00 1.312962902008437543e-04
2.000000000000000000e+00 5.000000000000000000e-01 1.000000000000000056e-01 1.002490863606319449e+00 1.827476761545264537e-03
2.000000000000000000e+00 1.000000000000000000e+00 1.000000000000000056e-01 1.056185524031227452e+00 4.639161239465145609e-02
2.000000000000000000e+00 2.000000000000000000e+00 1.000000000000000056e-01 1.227042299358498401e+00 1.831987346577199638e-01
2.000000000000000000e+00 4.000000000000000000e+00 1.000000000000000056e-01 1.368640376691084182e+00 1.573008635730944182e-01
2.000000000000000000e+00 8.000000000000000000e+00 1.000000000000000056e-01 1.351544100281969918e+00 1.222941210072592266e-01
2.000000000000000000e+00 1.600000000000000000e+01 1.000000000000000056e-01 1.312026744214884078e+00 8.266244778187126219e-02
2.000000000000000000e+00 3.200000000000000000e+01 1.000000000000000056e-01 1.344813212281633863e+00 1.476985167668541932e-01
2.000000000000000000e+00 6.400000000000000000e+01 1.000000000000000056e-01 1.292718448343050497e+00 1.041356661789479554e-01
2.000000000000000000e+00 1.280000000000000000e+02 1.000000000000000056e-01 1.328461005176114984e+00 9.853769364592636359e-02
3.000000000000000000e+00 6.250000000000000000e-02 1.000000000000000056e-01 1.072610275064667551e+00 1.080540391731234229e-01
3.000000000000000000e+00 1.250000000000000000e-01 1.000000000000000056e-01 1.001025665259971387e+00 2.225945121508293885e-03
3.000000000000000000e+00 2.500000000000000000e-01 1.000000000000000056e-01 1.000113213276336621e+00 4.252488079808158713e-05
3.000000000000000000e+00 5.000000000000000000e-01 1.000000000000000056e-01 1.002892587681683434e+00 1.463979886548635954e-03
3.000000000000000000e+00 1.000000000000000000e+00 1.000000000000000056e-01 1.062542162531666445e+00 3.978937080729227915e-02
3.000000000000000000e+00 2.000000000000000000e+00 1.000000000000000056e-01 1.252040516600438691e+00 1.103345643294731532e-01
3.000000000000000000e+00 4.000000000000000000e+00 1.000000000000000056e-01 1.377536215207309400e+00 1.367478598222548469e-01
3.000000000000000000e+00 8.000000000000000000e+00 1.000000000000000056e-01 1.387602202739690371e+00 1.033040994749261227e-01
3.000000000000000000e+00 1.600000000000000000e+01 1.000000000000000056e-01 1.314203335837444309e+00 6.487341542256865046e-02
3.000000000000000000e+00 3.200000000000000000e+01 1.000000000000000056e-01 1.291380720002565097e+00 5.354483367585544801e-02
3.000000000000000000e+00 6.400000000000000000e+01 1.000000000000000056e-01 1.313918881912496728e+00 7.744327251659664790e-02
3.000000000000000000e+00 1.280000000000000000e+02 1.000000000000000056e-01 1.315786803858373322e+00 8.977589721802557710e-02
4.000000000000000000e+00 6.250000000000000000e-02 1.000000000000000056e-01 1.061809095089123689e+00 4.649785533253916747e-02
4.000000000000000000e+00 1.250000000000000000e-01 1.000000000000000056e-01 1.000664253879985477e+00 1.181828294785626033e-03
4.000000000000000000e+00 2.500000000000000000e-01 1.000000000000000056e-01 1.000088078777593648e+00 5.585507581382316881e-05
4.000000000000000000e+00 5.000000000000000000e-01 1.000000000000000056e-01 1.002475369911514536e+00 1.689945106877985617e-03
4.000000000000000000e+00 1.000000000000000000e+00 1.000000000000000056e-01 1.059486183863609599e+00 4.439636721823648352e-02
4.000000000000000000e+00 2.000000000000000000e+00 1.000000000000000056e-01 1.250575721740371238e+00 1.720296454809018549e-01
4.000000000000000000e+00 4.000000000000000000e+00 1.000000000000000056e-01 1.353312631266083255e+00 1.460007651061580869e-01
4.000000000000000000e+00 8.000000000000000000e+00 1.000000000000000056e-01 1.372073224126447943e+00 5.103149432479232861e-02
4.000000000000000000e+00 1.600000000000000000e+01 1.000000000000000056e-01 1.327288896344182678e+00 7.381425422129204994e-02
4.000000000000000000e+00 3.200000000000000000e+01 1.000000000000000056e-01 1.342747048982912972e+00 1.075438215167490164e-01
4.000000000000000000e+00 6.400000000000000000e+01 1.000000000000000056e-01 1.309312659237465981e+00 8.463650663182875622e-02
4.000000000000000000e+00 1.280000000000000000e+02 1.000000000000000056e-01 1.315077158186034101e+00 9.685758157218371522e-02
5.000000000000000000e+00 6.250000000000000000e-02 1.000000000000000056e-01 1.134284791195784070e+00 1.848056840901401432e-01
5.000000000000000000e+00 1.250000000000000000e-01 1.000000000000000056e-01 1.016869246423481421e+00 3.018559889227268034e-02
5.000000000000000000e+00 2.500000000000000000e-01 1.000000000000000056e-01 1.000922613743324252e+00 1.660102766244017777e-03
5.000000000000000000e+00 5.000000000000000000e-01 1.000000000000000056e-01 1.001725083635718994e+00 7.188788441238011832e-04
5.000000000000000000e+00 1.000000000000000000e+00 1.000000000000000056e-01 1.036097451056167573e+00 1.358992355949269551e-02
5.000000000000000000e+00 2.000000000000000000e+00 1.000000000000000056e-01 1.161652714022821886e+00 5.218538409366468844e-02
5.000000000000000000e+00 4.000000000000000000e+00 1.000000000000000056e-01 1.321480429002183321e+00 9.779707158618002050e-02
5.000000000000000000e+00 8.000000000000000000e+00 1.000000000000000056e-01 1.390806658767944182e+00 6.976203829198096562e-02
5.000000000000000000e+00 1.600000000000000000e+01 1.000000000000000056e-01 1.390303808580799938e+00 8.582664142135663921e-02
5.000000000000000000e+00 3.200000000000000000e+01 1.000000000000000056e-01 1.368948590177752944e+00 9.737581121509883419e-02
5.000000000000000000e+00 6.400000000000000000e+01 1.000000000000000056e-01 1.375370728230211892e+00 9.888098718069610049e-02
5.000000000000000000e+00 1.280000000000000000e+02 1.000000000000000056e-01 1.376459529500324575e+00 9.777714811012058749e-02
