1.000000000000000000e+00 6.250000000000000000e-02 0.000000000000000000e+00 1.262586334755737338e+00 3.042171524175096842e-01
1.000000000000000000e+00 1.250000000000000000e-01 0.000000000000000000e+00 1.031975770470013654e+00 5.218972796126865321e-02
1.000000000000000000e+00 2.500000000000000000e-01 0.000000000000000000e+00 1.000205495070309869e+00 3.809027162807612321e-04
1.000000000000000000e+00 5.000000000000000000e-01 0.000000000000000000e+00 1.000651669261679810e+00 9.385915613397121391e-04
1.000000000000000000e+00 1.000000000000000000e+00 0.000000000000000000e+00 1.027181799026853914e+00 3.898155289068551410e-02
1.000000000000000000e+00 2.000000000000000000e+00 0.000000000000000000e+00 1.139941152334007501e+00 1.719417331290625794e-01
1.000000000000000000e+00 4.000000000000000000e+00 0.000000000000000000e+00 1.239354076622549927e+00 1.886707373505453478e-01
1.000000000000000000e+00 8.000000000000000000e+00 0.000000000000000000e+00 1.311578212042143088e+00 1.968645321373445334e-01
1.000000000000000000e+00 1.600000000000000000e+01 0.000000000000000000e+00 1.281975172235995775e+00 1.327759022345110507e-01
1.000000000000000000e+00 3.200000000000000000e+01 0.000000000000000000e+00 1.320013312934490646e+00 1.664403402636677187e-01
1.000000000000000000e+00 6.400000000000000000e+01 0.000000000000000000e+00 1.346361193930133648e+00 3.159390844551639432e-01
1.000000000000000000e+00 1.280000000000000000e+02 0.000000000000000000e+00 1.358867124869518772e+00 2.333578086633406046e-01
2.000000000000000000e+00 6.250000000000000000e-02 9.000000000000000222e-01 1.008919122351381370e+00 1.472044613119147249e-02
2.000000000000000000e+00 1.250000000000000000e-01 9.000000000000000222e-01 1.000463705531972947e+00 7.906916666541671411e-04
2.000000000000000000e+00 2.500000000000000000e-01 9.000000000000000222e-01 1.000013865813098590e+00 1.555922445252632278e-05
2.000000000000000000e+00 5.000000000000000000e-01 9.000000000000000222e-01 1.000135339051452021e+00 8.121484087708829506e-05
2.000000000000000000e+00 1.000000000000000000e+00 9.000000000000000222e-01 1.001181003467537689e+00 5.562845821684985100e-04
2.000000000000000000e+00 2.000000000000000000e+00 9.000000000000000222e-01 1.001588156954338560e+00 5.675141093927068897e-04
2.000000000000000000e+00 4.000000000000000000e+00 9.000000000000000222e-01 1.001629001917022865e+00 4.077738080045974212e-04
2.000000000000000000e+00 8.000000000000000000e+00 9.000000000000000222e-01 1.001398054879320210e+00 3.797875627239942205e-04
2.000000000000000000e+00 1.600000000000000000e+01 9.000000000000000222e-01 1.001334616042165004e+00 4.489434114134021941e-04
2.000000000000000000e+00 3.200000000000000000e+01 9.000000000000000222e-01 1.001201310497954244e+00 3.490954542057422491e-04
2.000000000000000000e+00 6.400000000000000000e+01 9.000000000000000222e-01 1.001224878037126009e+00 3.109329139633848298e-04
2.000000000000000000e+00 1.280000000000000000e+02 9.000000000000000222e-01 1.001291894332880572e+00 4.944482494938848413e-04
3.000000000000000000e+00 6.250000000000000000e-02 9.000000000000000222e-01 1.006737525337848993e+00 1.609310718065202692e-02
3.000000000000000000e+00 1.250000000000000000e-01 9.000000000000000222e-01 1.000199950688407835e+00 5.152204960613247656e-04
3.000000000000000000e+00 2.500000000000000000e-01 9.000000000000000222e-01 1.000009586887233182e+00 3.793223973437221878e-06
3.000000000000000000e+00 5.000000000000000000e-01 9.000000000000000222e-01 1.000153198421457557e+00 6.832891509291687498e-05
3.000000000000000000e+00 1.000000000000000000e+00 9.000000000000000222e-01 1.001329032145958475e+00 4.164959347642975583e-04
3.000000000000000000e+00 2.000000000000000000e+00 9.000000000000000222e-01 1.001892706598589644e+00 2.881716784848439264e-04
3.000000000000000000e+00 4.000000000000000000e+00 9.000000000000000222e-01 1.001571543428570799e+00 2.974137471686661913e-04
3.000000000000000000e+00 8.000000000000000000e+00 9.000000000000000222e-01 1.001274916860509734e+00 2.598084101190394134e-04
3.000000000000000000e+00 1.600000000000000000e+01 9.000000000000000222e-01 1.001253328577438539e+00 4.156238600990307358e-04
3.000000000000000000e+00 3.200000000000000000e+01 9.000000000000000222e-01 1.001200903550842458e+00 5.226349671599587934e-04
3.000000000000000000e+00 6.400000000000000000e+01 9.000000000000000222e-01 1.001227727701882397e+00 5.090294581707489885e-04
3.000000000000000000e+00 1.280000000000000000e+02 9.000000000000000222e-01 1.001198674035475467e+00 3.994173237931623681e-04
4.000000000000000000e+00 6.250000000000000000e-02 9.000000000000000222e-01 1.002471756496965627e+00 2.421530826547294447e-03
4.000000000000000000e+00 1.250000000000000000e-01 9.000000000000000222e-01 1.000043966688020980e+00 6.023579908645504096e-05
4.000000000000000000e+00 2.500000000000000000e-01 9.000000000000000222e-01 1.000007971723915867e+00 5.724640936845367312e-06
4.000000000000000000e+00 5.000000000000000000e-01 9.000000000000000222e-01 1.000132977526847045e+00 9.431905379692611801e-05
4.000000000000000000e+00 1.000000000000000000e+00 9.000000000000000222e-01 1.001183295197588086e+00 5.482456979929241402e-04
4.000000000000000000e+00 2.000000000000000000e+00 9.000000000000000222e-01 1.001744336730969520e+00 2.389073917111272742e-04
4.000000000000000000e+00 4.000000000000000000e+00 9.000000000000000222e-01 1.001486806979356103e+00 3.182271785971477868e-04
4.000000000000000000e+00 8.000000000000000000e+00 9.000000000000000222e-01 1.001295027859243181e+00 5.397115251287838917e-04
4.000000000000000000e+00 1.600000000000000000e+01 9.000000000000000222e-01 1.001178613021433961e+00 5.558609958754135274e-04
4.000000000000000000e+00 3.200000000000000000e+01 9.000000000000000222e-01 1.001190240114386842e+00 4.310947921698232038e-04
4.000000000000000000e+00 6.400000000000000000e+01 9.000000000000000222e-01 1.001065087608945969e+00 3.713317463044213916e-04
4.000000000000000000e+00 1.280000000000000000e+02 9.000000000000000222e-01 1.001127064175055592e+00 4.154823904099761074e-04
5.000000000000000000e+00 6.250000000000000000e-02 9.000000000000000222e-01 1.004879701007121762e+00 9.705965895372228175e-03
5.000000000000000000e+00 1.250000000000000000e-01 9.000000000000000222e-01 1.000559346736481059e+00 9.131865048088243751e-04
5.000000000000000000e+00 2.500000000000000000e-01 9.000000000000000222e-01 1.000042823675944215e+00 6.899646570126569220e-05
5.000000000000000000e+00 5.000000000000000000e-01 9.000000000000000222e-01 1.000098872921046267e+00 4.110001001585850003e-05
5.000000000000000000e+00 1.000000000000000000e+00 9.000000000000000222e-01 1.001054794766668810e+00 2.793278008034265044e-04
5.000000000000000000e+00 2.000000000000000000e+00 9.000000000000000222e-01 1.001801419472829746e+00 3.015530491262883553e-04
5.000000000000000000e+00 4.000000000000000000e+00 9.000000000000000222e-01 1.001785649353278185e+00 2.726168191004710913e-04
5.000000000000000000e+00 8.000000000000000000e+00 9.000000000000000222e-01 1.001404782198560328e+00 2.367420831686790472e-04
5.000000000000000000e+00 1.600000000000000000e+01 9.000000000000000222e-01 1.001306945358781064e+00 2.788092806208490745e-04
5.000000000000000000e+00 3.200000000000000000e+01 9.000000000000000222e-01 1.001271556150428621e+00 2.417307660524618395e-04
5.000000000000000000e+00 6.400000000000000000e+01 9.000000000000000222e-01 1.001308562450239581e+00 3.226057479409306038e-04
5.000000000000000000e+00 1.280000000000000000e+02 9.000000000000000222e-01 1.001340096090579390e+00 2.632442482286600550e-04
