4.000000000000000000e+00 6.250000000000000000e-02 1.000000000000000056e-01 1.061809095089123689e+00 4.649785533253916747e-02
4.000000000000000000e+00 1.250000000000000000e-01 1.000000000000000056e-01 1.000664253879985477e+00 1.181828294785626033e-03
4.000000000000000000e+00 2.500000000000000000e-01 1.000000000000000056e-01 1.000088078777593648e+00 5.585507581382316881e-05
4.000000000000000000e+00 5.000000000000000000e-01 1.000000000000000056e-01 1.002475369911514536e+00 1.689945106877985617e-03
4.000000000000000000e+00 1.000000000000000000e+00 1.000000000000000056e-01 1.059486183863609599e+00 4.439636721823648352e-02
4.000000000000000000e+00 2.000000000000000000e+00 1.000000000000000056e-01 1.250575721740371238e+00 1.720296454809018549e-01
4.000000000000000000e+00 4.000000000000000000e+00 1.000000000000000056e-01 1.353312631266083255e+00 1.460007651061580869e-01
4.000000000000000000e+00 8.000000000000000000e+00 1.000000000000000056e-01 1.372073224126447943e+00 5.103149432479232861e-02
4.000000000000000000e+00 1.600000000000000000e+01 1.000000000000000056e-01 1.327288896344182678e+00 7.381425422129204994e-02
4.000000000000000000e+00 3.200000000000000000e+01 1.000000000000000056e-01 1.342747048982912972e+00 1.075438215167490164e-01
4.000000000000000000e+00 6.400000000000000000e+01 1.000000000000000056e-01 1.309312659237465981e+00 8.463650663182875622e-02
4.000000000000000000e+00 1.280000000000000000e+02 1.000000000000000056e-01 1.315077158186034101e+00 9.685758157218371522e-02
5.000000000000000000e+00 6.250000000000000000e-02 1.000000000000000056e-01 1.134284791195784070e+00 1.848056840901401432e-01
5.000000000000000000e+00 1.250000000000000000e-01 1.000000000000000056e-01 1.016869246423481421e+00 3.018559889227268034e-02
5.000000000000000000e+00 2.500000000000000000e-01 1.000000000000000056e-01 1.000922613743324252e+00 1.660102766244017777e-03
5.000000000000000000e+00 5.000000000000000000e-01 1.000000000000000056e-01 1.001725083635718994e+00 7.188788441238011832e-04
5.000000000000000000e+00 1.000000000000000000e+00 1.000000000000000056e-01 1.036097451056167573e+00 1.358992355949269551e-02
5.000000000000000000e+00 2.000000000000000000e+00 1.000000000000000056e-01 1.161652714022821886e+00 5.218538409366468844e-02
5.000000000000000000e+00 4.000000000000000000e+00 1.000000000000000056e-01 1.321480429002183321e+00 9.779707158618002050e-02
5.000000000000000000e+00 8.000000000000000000e+00 1.000000000000000056e-01 1.390806658767944182e+00 6.976203829198096562e-02
5.000000000000000000e+00 1.600000000000000000e+01 1.000000000000000056e-01 1.390303808580799938e+00 8.582664142135663921e-02
5.000000000000000000e+00 3.200000000000000000e+01 1.000000000000000056e-01 1.368948590177752944e+00 9.737581121509883419e-02
5.000000000000000000e+00 6.400000000000000000e+01 1.000000000000000056e-01 1.375370728230211892e+00 9.888098718069610049e-02
5.000000000000000000e+00 1.280000000000000000e+02 1.000000000000000056e-01 1.376459529500324575e+00 9.777714811012058749e-02
