1.000000000000000000e+00 6.250000000000000000e-02 0.000000000000000000e+00 1.262586334755737338e+00 3.042171524175096842e-01
1.000000000000000000e+00 1.250000000000000000e-01 0.000000000000000000e+00 1.031975770470013654e+00 5.218972796126865321e-02
1.000000000000000000e+00 2.500000000000000000e-01 0.000000000000000000e+00 1.000205495070309869e+00 3.809027162807612321e-04
1.000000000000000000e+00 5.000000000000000000e-01 0.000000000000000000e+00 1.000651669261679810e+00 9.385915613397121391e-04
1.000000000000000000e+00 1.000000000000000000e+00 0.000000000000000000e+00 1.027181799026853914e+00 3.898155289068551410e-02
1.000000000000000000e+00 2.000000000000000000e+00 0.000000000000000000e+00 1.139941152334007501e+00 1.719417331290625794e-01
1.000000000000000000e+00 4.000000000000000000e+00 0.000000000000000000e+00 1.239354076622549927e+00 1.886707373505453478e-01
1.000000000000000000e+00 8.000000000000000000e+00 0.000000000000000000e+00 1.311578212042143088e+00 1.968645321373445334e-01
1.000000000000000000e+00 1.600000000000000000e+01 0.000000000000000000e+00 1.281975172235995775e+00 1.327759022345110507e-01
1.000000000000000000e+00 3.200000000000000000e+01 0.000000000000000000e+00 1.320013312934490646e+00 1.664403402636677187e-01
1.000000000000000000e+00 6.400000000000000000e+01 0.000000000000000000e+00 1.346361193930133648e+00 3.159390844551639432e-01
1.000000000000000000e+00 1.280000000000000000e+02 0.000000000000000000e+00 1.358867124869518772e+00 2.333578086633406046e-01
2.000000000000000000e+00 6.250000000000000000e-02 2.999999999999999889e-01 1.093836427747274964e+00 1.247372508963065924e-01
2.000000000000000000e+00 1.250000000000000000e-01 2.999999999999999889e-01 1.006084890303012624e+00 1.208666837502445947e-02
2.000000000000000000e+00 2.500000000000000000e-01 2.999999999999999889e-01 1.000445658280144201e+00 2.765656105012814650e-04
2.000000000000000000e+00 5.000000000000000000e-01 2.999999999999999889e-01 1.008112287223282610e+00 5.231665989725326794e-03
2.000000000000000000e+00 1.000000000000000000e+00 2.999999999999999889e-01 1.110935986406653031e+00 7.594160645454089975e-02
2.000000000000000000e+00 2.000000000000000000e+00 2.999999999999999889e-01 1.239276029138916213e+00 1.449256673055662470e-01
2.000000000000000000e+00 4.000000000000000000e+00 2.999999999999999889e-01 1.273280088719868086e+00 7.784368286867378306e-02
2.000000000000000000e+00 8.000000000000000000e+00 2.999999999999999889e-01 1.236875398923489744e+00 6.455755836736580544e-02
2.000000000000000000e+00 1.600000000000000000e+01 2.999999999999999889e-01 1.215626787183777369e+00 5.870137297420339323e-02
2.000000000000000000e+00 3.200000000000000000e+01 2.999999999999999889e-01 1.213479045997921890e+00 7.642194098207912012e-02
2.000000000000000000e+00 6.400000000000000000e+01 2.999999999999999889e-01 1.188472236495404344e+00 5.609702809792996292e-02
2.000000000000000000e+00 1.280000000000000000e+02 2.999999999999999889e-01 1.212556817129435860e+00 5.904784114147611229e-02
3.000000000000000000e+00 6.250000000000000000e-02 2.999999999999999889e-01 1.057418143734501381e+00 8.893279501682758992e-02
3.000000000000000000e+00 1.250000000000000000e-01 2.999999999999999889e-01 1.000970487321544367e+00 2.129017121720048946e-03
3.000000000000000000e+00 2.500000000000000000e-01 2.999999999999999889e-01 1.000518046590328280e+00 2.275043525691033161e-04
3.000000000000000000e+00 5.000000000000000000e-01 2.999999999999999889e-01 1.009304234862310690e+00 4.227754654935038728e-03
3.000000000000000000e+00 1.000000000000000000e+00 2.999999999999999889e-01 1.119442424111912526e+00 5.774396360277832957e-02
3.000000000000000000e+00 2.000000000000000000e+00 2.999999999999999889e-01 1.272711802617567001e+00 8.690589322467887068e-02
3.000000000000000000e+00 4.000000000000000000e+00 2.999999999999999889e-01 1.281307491248570685e+00 4.176866688512146514e-02
3.000000000000000000e+00 8.000000000000000000e+00 2.999999999999999889e-01 1.240717837428036985e+00 4.166373487175237950e-02
3.000000000000000000e+00 1.600000000000000000e+01 2.999999999999999889e-01 1.203979669858034729e+00 5.261276393115511818e-02
3.000000000000000000e+00 3.200000000000000000e+01 2.999999999999999889e-01 1.193727940997211245e+00 5.911272984763955851e-02
3.000000000000000000e+00 6.400000000000000000e+01 2.999999999999999889e-01 1.187363414847356413e+00 5.106488411659372562e-02
3.000000000000000000e+00 1.280000000000000000e+02 2.999999999999999889e-01 1.195246591055562746e+00 5.713773845908539512e-02
4.000000000000000000e+00 6.250000000000000000e-02 2.999999999999999889e-01 1.046892643149495150e+00 3.455198463081365218e-02
4.000000000000000000e+00 1.250000000000000000e-01 2.999999999999999889e-01 1.000554248800591628e+00 9.127926499308351141e-04
4.000000000000000000e+00 2.500000000000000000e-01 2.999999999999999889e-01 1.000449542139249637e+00 3.178714874594034691e-04
4.000000000000000000e+00 5.000000000000000000e-01 2.999999999999999889e-01 1.008158015195173673e+00 5.831272537785528107e-03
4.000000000000000000e+00 1.000000000000000000e+00 2.999999999999999889e-01 1.114533671859971653e+00 7.801478766995517677e-02
4.000000000000000000e+00 2.000000000000000000e+00 2.999999999999999889e-01 1.263626899280016813e+00 1.138714662716991677e-01
4.000000000000000000e+00 4.000000000000000000e+00 2.999999999999999889e-01 1.270609819609140434e+00 3.929546387728461571e-02
4.000000000000000000e+00 8.000000000000000000e+00 2.999999999999999889e-01 1.238928609635242761e+00 6.011237827924400395e-02
4.000000000000000000e+00 1.600000000000000000e+01 2.999999999999999889e-01 1.191581640536969022e+00 5.848945449836413096e-02
4.000000000000000000e+00 3.200000000000000000e+01 2.999999999999999889e-01 1.187335760503368309e+00 4.953029603030036088e-02
4.000000000000000000e+00 6.400000000000000000e+01 2.999999999999999889e-01 1.176128224637727815e+00 4.691256946239044656e-02
4.000000000000000000e+00 1.280000000000000000e+02 2.999999999999999889e-01 1.186791810449569606e+00 5.748595951887718741e-02
5.000000000000000000e+00 6.250000000000000000e-02 2.999999999999999889e-01 1.091634295518840281e+00 1.112786451226644296e-01
5.000000000000000000e+00 1.250000000000000000e-01 2.999999999999999889e-01 1.012660577955747598e+00 2.182329373286491861e-02
5.000000000000000000e+00 2.500000000000000000e-01 2.999999999999999889e-01 1.001013337395112668e+00 1.363849924968471919e-03
5.000000000000000000e+00 5.000000000000000000e-01 2.999999999999999889e-01 1.005851059939560255e+00 2.455125211136615412e-03
5.000000000000000000e+00 1.000000000000000000e+00 2.999999999999999889e-01 1.081029810434281924e+00 2.839654014753956873e-02
5.000000000000000000e+00 2.000000000000000000e+00 2.999999999999999889e-01 1.226894958313202277e+00 6.124305905600677113e-02
5.000000000000000000e+00 4.000000000000000000e+00 2.999999999999999889e-01 1.310106760038459273e+00 5.405005571777035667e-02
5.000000000000000000e+00 8.000000000000000000e+00 2.999999999999999889e-01 1.274336399350055604e+00 4.166319227408637332e-02
5.000000000000000000e+00 1.600000000000000000e+01 2.999999999999999889e-01 1.233688209942385150e+00 5.173003127957208347e-02
5.000000000000000000e+00 3.200000000000000000e+01 2.999999999999999889e-01 1.223694114758647533e+00 5.079060853643183743e-02
5.000000000000000000e+00 6.400000000000000000e+01 2.999999999999999889e-01 1.223506246902391403e+00 5.893166172617921028e-02
5.000000000000000000e+00 1.280000000000000000e+02 2.999999999999999889e-01 1.227507496649397511e+00 6.435794278012842151e-02
