2.000000000000000000e+00 6.250000000000000000e-02 2.999999999999999889e-01 1.093836427747274964e+00 1.247372508963065924e-01
2.000000000000000000e+00 1.250000000000000000e-01 2.999999999999999889e-01 1.006084890303012624e+00 1.208666837502445947e-02
2.000000000000000000e+00 2.500000000000000000e-01 2.999999999999999889e-01 1.000445658280144201e+00 2.765656105012814650e-04
2.000000000000000000e+00 5.000000000000000000e-01 2.999999999999999889e-01 1.008112287223282610e+00 5.231665989725326794e-03
2.000000000000000000e+00 1.000000000000000000e+00 2.999999999999999889e-01 1.110935986406653031e+00 7.594160645454089975e-02
2.000000000000000000e+00 2.000000000000000000e+00 2.999999999999999889e-01 1.239276029138916213e+00 1.449256673055662470e-01
2.000000000000000000e+00 4.000000000000000000e+00 2.999999999999999889e-01 1.273280088719868086e+00 7.784368286867378306e-02
2.000000000000000000e+00 8.000000000000000000e+00 2.999999999999999889e-01 1.236875398923489744e+00 6.455755836736580544e-02
2.000000000000000000e+00 1.600000000000000000e+01 2.999999999999999889e-01 1.215626787183777369e+00 5.870137297420339323e-02
2.000000000000000000e+00 3.200000000000000000e+01 2.999999999999999889e-01 1.213479045997921890e+00 7.642194098207912012e-02
2.000000000000000000e+00 6.400000000000000000e+01 2.999999999999999889e-01 1.188472236495404344e+00 5.609702809792996292e-02
2.000000000000000000e+00 1.280000000000000000e+02 2.999999999999999889e-01 1.212556817129435860e+00 5.904784114147611229e-02
3.000000000000000000e+00 6.250000000000000000e-02 2.999999999999999889e-01 1.057418143734501381e+00 8.893279501682758992e-02
3.000000000000000000e+00 1.250000000000000000e-01 2.999999999999999889e-01 1.000970487321544367e+00 2.129017121720048946e-03
3.000000000000000000e+00 2.500000000000000000e-01 2.999999999999999889e-01 1.000518046590328280e+00 2.275043525691033161e-04
3.000000000000000000e+00 5.000000000000000000e-01 2.999999999999999889e-01 1.009304234862310690e+00 4.227754654935038728e-03
3.000000000000000000e+00 1.000000000000000000e+00 2.999999999999999889e-01 1.119442424111912526e+00 5.774396360277832957e-02
3.000000000000000000e+00 2.000000000000000000e+00 2.999999999999999889e-01 1.272711802617567001e+00 8.690589322467887068e-02
3.000000000000000000e+00 4.000000000000000000e+00 2.999999999999999889e-01 1.281307491248570685e+00 4.176866688512146514e-02
3.000000000000000000e+00 8.000000000000000000e+00 2.999999999999999889e-01 1.240717837428036985e+00 4.166373487175237950e-02
3.000000000000000000e+00 1.600000000000000000e+01 2.999999999999999889e-01 1.203979669858034729e+00 5.261276393115511818e-02
3.000000000000000000e+00 3.200000000000000000e+01 2.999999999999999889e-01 1.193727940997211245e+00 5.911272984763955851e-02
3.000000000000000000e+00 6.400000000000000000e+01 2.999999999999999889e-01 1.187363414847356413e+00 5.106488411659372562e-02
3.000000000000000000e+00 1.280000000000000000e+02 2.999999999999999889e-01 1.195246591055562746e+00 5.713773845908539512e-02
