4.000000000000000000e+00 6.250000000000000000e-02 5.000000000000000000e-01 1.017215429324618281e+00 1.233134334502424684e-02
4.000000000000000000e+00 1.250000000000000000e-01 5.000000000000000000e-01 1.000240775520514935e+00 3.489468414406589466e-04
4.000000000000000000e+00 2.500000000000000000e-01 5.000000000000000000e-01 1.000363967753898020e+00 2.638408379237937133e-04
4.000000000000000000e+00 5.000000000000000000e-01 5.000000000000000000e-01 1.006202559790578821e+00 4.471316697633729784e-03
4.000000000000000000e+00 1.000000000000000000e+00 5.000000000000000000e-01 1.063361360413896950e+00 3.542150315566833241e-02
4.000000000000000000e+00 2.000000000000000000e+00 5.000000000000000000e-01 1.102609958129191714e+00 2.102816971270657018e-02
4.000000000000000000e+00 4.000000000000000000e+00 5.000000000000000000e-01 1.090050165348174005e+00 1.640757081676510326e-02
4.000000000000000000e+00 8.000000000000000000e+00 5.000000000000000000e-01 1.072783373961410103e+00 2.493628890577032076e-02
4.000000000000000000e+00 1.600000000000000000e+01 5.000000000000000000e-01 1.058536433269035237e+00 2.231232369502806831e-02
4.000000000000000000e+00 3.200000000000000000e+01 5.000000000000000000e-01 1.056762632193122275e+00 1.770605415492771534e-02
4.000000000000000000e+00 6.400000000000000000e+01 5.000000000000000000e-01 1.054238058311831150e+00 1.831969151842160679e-02
4.000000000000000000e+00 1.280000000000000000e+02 5.000000000000000000e-01 1.058215135007520180e+00 2.001243894466729970e-02
5.000000000000000000e+00 6.250000000000000000e-02 5.000000000000000000e-01 1.032716128104226305e+00 3.600803641627715185e-02
5.000000000000000000e+00 1.250000000000000000e-01 5.000000000000000000e-01 1.004507143220068954e+00 7.075605345019753654e-03
5.000000000000000000e+00 2.500000000000000000e-01 5.000000000000000000e-01 1.000526610550089845e+00 5.352235083797453460e-04
5.000000000000000000e+00 5.000000000000000000e-01 5.000000000000000000e-01 1.004490592916144065e+00 1.926011335981445182e-03
5.000000000000000000e+00 1.000000000000000000e+00 5.000000000000000000e-01 1.051613165960166629e+00 1.569542891761352421e-02
5.000000000000000000e+00 2.000000000000000000e+00 5.000000000000000000e-01 1.101654382891033013e+00 2.013662858095738653e-02
5.000000000000000000e+00 4.000000000000000000e+00 5.000000000000000000e-01 1.106647590069656628e+00 1.345954907061448248e-02
5.000000000000000000e+00 8.000000000000000000e+00 5.000000000000000000e-01 1.081966621520445759e+00 1.288176772386089887e-02
5.000000000000000000e+00 1.600000000000000000e+01 5.000000000000000000e-01 1.068420700291808467e+00 1.497572201195710578e-02
5.000000000000000000e+00 3.200000000000000000e+01 5.000000000000000000e-01 1.066214285524374139e+00 1.444118990709521849e-02
5.000000000000000000e+00 6.400000000000000000e+01 5.000000000000000000e-01 1.064513866375160323e+00 1.514849664129229966e-02
5.000000000000000000e+00 1.280000000000000000e+02 5.000000000000000000e-01 1.066060152738836697e+00 1.595244964529122372e-02
