4.000000000000000000e+00 6.250000000000000000e-02 9.000000000000000222e-01 1.002471756496965627e+00 2.421530826547294447e-03
4.000000000000000000e+00 1.250000000000000000e-01 9.000000000000000222e-01 1.000043966688020980e+00 6.023579908645504096e-05
4.000000000000000000e+00 2.500000000000000000e-01 9.000000000000000222e-01 1.000007971723915867e+00 5.724640936845367312e-06
4.000000000000000000e+00 5.000000000000000000e-01 9.000000000000000222e-01 1.000132977526847045e+00 9.431905379692611801e-05
4.000000000000000000e+00 1.000000000000000000e+00 9.000000000000000222e-01 1.001183295197588086e+00 5.482456979929241402e-04
4.000000000000000000e+00 2.000000000000000000e+00 9.000000000000000222e-01 1.001744336730969520e+00 2.389073917111272742e-04
4.000000000000000000e+00 4.000000000000000000e+00 9.000000000000000222e-01 1.001486806979356103e+00 3.182271785971477868e-04
4.000000000000000000e+00 8.000000000000000000e+00 9.000000000000000222e-01 1.001295027859243181e+00 5.397115251287838917e-04
4.000000000000000000e+00 1.600000000000000000e+01 9.000000000000000222e-01 1.001178613021433961e+00 5.558609958754135274e-04
4.000000000000000000e+00 3.200000000000000000e+01 9.000000000000000222e-01 1.001190240114386842e+00 4.310947921698232038e-04
4.000000000000000000e+00 6.400000000000000000e+01 9.000000000000000222e-01 1.001065087608945969e+00 3.713317463044213916e-04
4.000000000000000000e+00 1.280000000000000000e+02 9.000000000000000222e-01 1.001127064175055592e+00 4.154823904099761074e-04
5.000000000000000000e+00 6.250000000000000000e-02 9.000000000000000222e-01 1.004879701007121762e+00 9.705965895372228175e-03
5.000000000000000000e+00 1.250000000000000000e-01 9.000000000000000222e-01 1.000559346736481059e+00 9.131865048088243751e-04
5.000000000000000000e+00 2.500000000000000000e-01 9.000000000000000222e-01 1.000042823675944215e+00 6.899646570126569220e-05
5.000000000000000000e+00 5.000000000000000000e-01 9.000000000000000222e-01 1.000098872921046267e+00 4.110001001585850003e-05
5.000000000000000000e+00 1.000000000000000000e+00 9.000000000000000222e-01 1.001054794766668810e+00 2.793278008034265044e-04
5.000000000000000000e+00 2.000000000000000000e+00 9.000000000000000222e-01 1.001801419472829746e+00 3.015530491262883553e-04
5.000000000000000000e+00 4.000000000000000000e+00 9.000000000000000222e-01 1.001785649353278185e+00 2.726168191004710913e-04
5.000000000000000000e+00 8.000000000000000000e+00 9.000000000000000222e-01 1.001404782198560328e+00 2.367420831686790472e-04
5.000000000000000000e+00 1.600000000000000000e+01 9.000000000000000222e-01 1.001306945358781064e+00 2.788092806208490745e-04
5.000000000000000000e+00 3.200000000000000000e+01 9.000000000000000222e-01 1.001271556150428621e+00 2.417307660524618395e-04
5.000000000000000000e+00 6.400000000000000000e+01 9.000000000000000222e-01 1.001308562450239581e+00 3.226057479409306038e-04
5.000000000000000000e+00 1.280000000000000000e+02 9.000000000000000222e-01 1.001340096090579390e+00 2.632442482286600550e-04
