2.000000000000000000e+00 6.250000000000000000e-02 5.000000000000000000e-01 1.039311808983736096e+00 5.335291356536625562e-02
2.000000000000000000e+00 1.250000000000000000e-01 5.000000000000000000e-01 1.002484063006007897e+00 4.632685372740527781e-03
2.000000000000000000e+00 2.500000000000000000e-01 5.000000000000000000e-01 1.000353035568235294e+00 2.107859305763263192e-04
2.000000000000000000e+00 5.000000000000000000e-01 5.000000000000000000e-01 1.006171208694312424e+00 3.795496824526666327e-03
2.000000000000000000e+00 1.000000000000000000e+00 5.000000000000000000e-01 1.062209615342381230e+00 3.324648440851708797e-02
2.000000000000000000e+00 2.000000000000000000e+00 5.000000000000000000e-01 1.092815939159297534e+00 4.023197613407582252e-02
2.000000000000000000e+00 4.000000000000000000e+00 5.000000000000000000e-01 1.092050598757925650e+00 2.735628147719978281e-02
2.000000000000000000e+00 8.000000000000000000e+00 5.000000000000000000e-01 1.076691552387430750e+00 2.361886625418740948e-02
2.000000000000000000e+00 1.600000000000000000e+01 5.000000000000000000e-01 1.068683702839275274e+00 2.219334345346577961e-02
2.000000000000000000e+00 3.200000000000000000e+01 5.000000000000000000e-01 1.064406988911881013e+00 2.021577964242909572e-02
2.000000000000000000e+00 6.400000000000000000e+01 5.000000000000000000e-01 1.061754968212686334e+00 2.008801810423621603e-02
2.000000000000000000e+00 1.280000000000000000e+02 5.000000000000000000e-01 1.067973382808144578e+00 2.387872495053270858e-02
3.000000000000000000e+00 6.250000000000000000e-02 5.000000000000000000e-01 1.026184163935289329e+00 4.732782828434946298e-02
3.000000000000000000e+00 1.250000000000000000e-01 5.000000000000000000e-01 1.000591264868706753e+00 1.373615026565189190e-03
3.000000000000000000e+00 2.500000000000000000e-01 5.000000000000000000e-01 1.000415737962069729e+00 1.883858371855417905e-04
3.000000000000000000e+00 5.000000000000000000e-01 5.000000000000000000e-01 1.007081132953965952e+00 3.192226341898770411e-03
3.000000000000000000e+00 1.000000000000000000e+00 5.000000000000000000e-01 1.068610339835378342e+00 2.664688322529028611e-02
3.000000000000000000e+00 2.000000000000000000e+00 5.000000000000000000e-01 1.106929340445322651e+00 1.889311554851381275e-02
3.000000000000000000e+00 4.000000000000000000e+00 5.000000000000000000e-01 1.092964827424265817e+00 1.407780522804484222e-02
3.000000000000000000e+00 8.000000000000000000e+00 5.000000000000000000e-01 1.073131739228914139e+00 1.871280119643761730e-02
3.000000000000000000e+00 1.600000000000000000e+01 5.000000000000000000e-01 1.064642644433771324e+00 2.279177190228317759e-02
3.000000000000000000e+00 3.200000000000000000e+01 5.000000000000000000e-01 1.061652874140655012e+00 2.597614635941478123e-02
3.000000000000000000e+00 6.400000000000000000e+01 5.000000000000000000e-01 1.059371755445279062e+00 1.982285056154714509e-02
3.000000000000000000e+00 1.280000000000000000e+02 5.000000000000000000e-01 1.062238694034976838e+00 2.556985276064433973e-02
