2.000000000000000000e+00 6.250000000000000000e-02 1.000000000000000056e-01 1.126650519767959935e+00 1.820046367847388546e-01
2.000000000000000000e+00 1.250000000000000000e-01 1.000000000000000056e-01 1.007722887753356833e+00 1.581259908111446247e-02
2.000000000000000000e+00 2.500000000000000000e-01 1.000000000000000056e-01 1.000135120178228920e+00 1.312962902008437543e-04
2.000000000000000000e+00 5.000000000000000000e-01 1.000000000000000056e-01 1.002490863606319449e+00 1.827476761545264537e-03
2.000000000000000000e+00 1.000000000000000000e+00 1.000000000000000056e-01 1.056185524031227452e+00 4.639161239465145609e-02
2.000000000000000000e+00 2.000000000000000000e+00 1.000000000000000056e-01 1.227042299358498401e+00 1.831987346577199638e-01
2.000000000000000000e+00 4.000000000000000000e+00 1.000000000000000056e-01 1.368640376691084182e+00 1.573008635730944182e-01
2.000000000000000000e+00 8.000000000000000000e+00 1.000000000000000056e-01 1.351544100281969918e+00 1.222941210072592266e-01
2.000000000000000000e+00 1.600000000000000000e+01 1.000000000000000056e-01 1.312026744214884078e+00 8.266244778187126219e-02
2.000000000000000000e+00 3.200000000000000000e+01 1.000000000000000056e-01 1.344813212281633863e+00 1.476985167668541932e-01
2.000000000000000000e+00 6.400000000000000000e+01 1.000000000000000056e-01 1.292718448343050497e+00 1.041356661789479554e-01
2.000000000000000000e+00 1.280000000000000000e+02 1.000000000000000056e-01 1.328461005176114984e+00 9.853769364592636359e-02
3.000000000000000000e+00 6.250000000000000000e-02 1.000000000000000056e-01 1.072610275064667551e+00 1.080540391731234229e-01
3.000000000000000000e+00 1.250000000000000000e-01 1.000000000000000056e-01 1.001025665259971387e+00 2.225945121508293885e-03
3.000000000000000000e+00 2.500000000000000000e-01 1.000000000000000056e-01 1.000113213276336621e+00 4.252488079808158713e-05
3.000000000000000000e+00 5.000000000000000000e-01 1.000000000000000056e-01 1.002892587681683434e+00 1.463979886548635954e-03
3.000000000000000000e+00 1.000000000000000000e+00 1.000000000000000056e-01 1.062542162531666445e+00 3.978937080729227915e-02
3.000000000000000000e+00 2.000000000000000000e+00 1.000000000000000056e-01 1.252040516600438691e+00 1.103345643294731532e-01
3.000000000000000000e+00 4.000000000000000000e+00 1.000000000000000056e-01 1.377536215207309400e+00 1.367478598222548469e-01
3.000000000000000000e+00 8.000000000000000000e+00 1.000000000000000056e-01 1.387602202739690371e+00 1.033040994749261227e-01
3.000000000000000000e+00 1.600000000000000000e+01 1.000000000000000056e-01 1.314203335837444309e+00 6.487341542256865046e-02
3.000000000000000000e+00 3.200000000000000000e+01 1.000000000000000056e-01 1.291380720002565097e+00 5.354483367585544801e-02
3.000000000000000000e+00 6.400000000000000000e+01 1.000000000000000056e-01 1.313918881912496728e+00 7.744327251659664790e-02
3.000000000000000000e+00 1.280000000000000000e+02 1.000000000000000056e-01 1.315786803858373322e+00 8.977589721802557710e-02
