2.000000000000000000e+00 6.250000000000000000e-02 6.999999999999999556e-01 1.016296555689998993e+00 2.495973862340707464e-02
2.000000000000000000e+00 1.250000000000000000e-01 6.999999999999999556e-01 1.000919926695696516e+00 1.602178804456009078e-03
2.000000000000000000e+00 2.500000000000000000e-01 6.999999999999999556e-01 1.000108661874807403e+00 6.561293400621528678e-05
2.000000000000000000e+00 5.000000000000000000e-01 6.999999999999999556e-01 1.001772785335102833e+00 1.076022223468644460e-03
2.000000000000000000e+00 1.000000000000000000e+00 6.999999999999999556e-01 1.015752043202537314e+00 7.639121637268696599e-03
2.000000000000000000e+00 2.000000000000000000e+00 6.999999999999999556e-01 1.021244830068009701e+00 7.950203809361972712e-03
2.000000000000000000e+00 4.000000000000000000e+00 6.999999999999999556e-01 1.020617349115658934e+00 5.779667417558078876e-03
2.000000000000000000e+00 8.000000000000000000e+00 6.999999999999999556e-01 1.017267110031620625e+00 5.286243004922363230e-03
2.000000000000000000e+00 1.600000000000000000e+01 6.999999999999999556e-01 1.015561296175032213e+00 5.028137284823052527e-03
2.000000000000000000e+00 3.200000000000000000e+01 6.999999999999999556e-01 1.014505660488288274e+00 4.391397937258160848e-03
2.000000000000000000e+00 6.400000000000000000e+01 6.999999999999999556e-01 1.014395319700335252e+00 4.427847159631159366e-03
2.000000000000000000e+00 1.280000000000000000e+02 6.999999999999999556e-01 1.015469797234164417e+00 5.673372556561680734e-03
3.000000000000000000e+00 6.250000000000000000e-02 6.999999999999999556e-01 1.011828314851401123e+00 2.591326998503041060e-02
3.000000000000000000e+00 1.250000000000000000e-01 6.999999999999999556e-01 1.000328518765804198e+00 8.170568316416301595e-04
3.000000000000000000e+00 2.500000000000000000e-01 6.999999999999999556e-01 1.000121398817083174e+00 5.480278308586571193e-05
3.000000000000000000e+00 5.000000000000000000e-01 6.999999999999999556e-01 1.002028730442139359e+00 9.084187512133376583e-04
3.000000000000000000e+00 1.000000000000000000e+00 6.999999999999999556e-01 1.017528452689493657e+00 5.901942626600239876e-03
3.000000000000000000e+00 2.000000000000000000e+00 6.999999999999999556e-01 1.024495156728121303e+00 3.028859724848735786e-03
3.000000000000000000e+00 4.000000000000000000e+00 6.999999999999999556e-01 1.020462634577827155e+00 3.837255709942766820e-03
3.000000000000000000e+00 8.000000000000000000e+00 6.999999999999999556e-01 1.016078757286408063e+00 3.984316119061461110e-03
3.000000000000000000e+00 1.600000000000000000e+01 6.999999999999999556e-01 1.014753669223301014e+00 5.180965761983769534e-03
3.000000000000000000e+00 3.200000000000000000e+01 6.999999999999999556e-01 1.014029301895464474e+00 6.004119380694156356e-03
3.000000000000000000e+00 6.400000000000000000e+01 6.999999999999999556e-01 1.013926463687505386e+00 5.023121872246997036e-03
3.000000000000000000e+00 1.280000000000000000e+02 6.999999999999999556e-01 1.014246295260734732e+00 5.690413226745278871e-03
