2.000000000000000000e+00 6.250000000000000000e-02 9.000000000000000222e-01 1.008919122351381370e+00 1.472044613119147249e-02
2.000000000000000000e+00 1.250000000000000000e-01 9.000000000000000222e-01 1.000463705531972947e+00 7.906916666541671411e-04
2.000000000000000000e+00 2.500000000000000000e-01 9.000000000000000222e-01 1.000013865813098590e+00 1.555922445252632278e-05
2.000000000000000000e+00 5.000000000000000000e-01 9.000000000000000222e-01 1.000135339051452021e+00 8.121484087708829506e-05
2.000000000000000000e+00 1.000000000000000000e+00 9.000000000000000222e-01 1.001181003467537689e+00 5.562845821684985100e-04
2.000000000000000000e+00 2.000000000000000000e+00 9.000000000000000222e-01 1.001588156954338560e+00 5.675141093927068897e-04
2.000000000000000000e+00 4.000000000000000000e+00 9.000000000000000222e-01 1.001629001917022865e+00 4.077738080045974212e-04
2.000000000000000000e+00 8.000000000000000000e+00 9.000000000000000222e-01 1.001398054879320210e+00 3.797875627239942205e-04
2.000000000000000000e+00 1.600000000000000000e+01 9.000000000000000222e-01 1.001334616042165004e+00 4.489434114134021941e-04
2.000000000000000000e+00 3.200000000000000000e+01 9.000000000000000222e-01 1.001201310497954244e+00 3.490954542057422491e-04
2.000000000000000000e+00 6.400000000000000000e+01 9.000000000000000222e-01 1.001224878037126009e+00 3.109329139633848298e-04
2.000000000000000000e+00 1.280000000000000000e+02 9.000000000000000222e-01 1.001291894332880572e+00 4.944482494938848413e-04
3.000000000000000000e+00 6.250000000000000000e-02 9.000000000000000222e-01 1.006737525337848993e+00 1.609310718065202692e-02
3.000000000000000000e+00 1.250000000000000000e-01 9.000000000000000222e-01 1.000199950688407835e+00 5.152204960613247656e-04
3.000000000000000000e+00 2.500000000000000000e-01 9.000000000000000222e-01 1.000009586887233182e+00 3.793223973437221878e-06
3.000000000000000000e+00 5.000000000000000000e-01 9.000000000000000222e-01 1.000153198421457557e+00 6.832891509291687498e-05
3.000000000000000000e+00 1.000000000000000000e+00 9.000000000000000222e-01 1.001329032145958475e+00 4.164959347642975583e-04
3.000000000000000000e+00 2.000000000000000000e+00 9.000000000000000222e-01 1.001892706598589644e+00 2.881716784848439264e-04
3.000000000000000000e+00 4.000000000000000000e+00 9.000000000000000222e-01 1.001571543428570799e+00 2.974137471686661913e-04
3.000000000000000000e+00 8.000000000000000000e+00 9.000000000000000222e-01 1.001274916860509734e+00 2.598084101190394134e-04
3.000000000000000000e+00 1.600000000000000000e+01 9.000000000000000222e-01 1.001253328577438539e+00 4.156238600990307358e-04
3.000000000000000000e+00 3.200000000000000000e+01 9.000000000000000222e-01 1.001200903550842458e+00 5.226349671599587934e-04
3.000000000000000000e+00 6.400000000000000000e+01 9.000000000000000222e-01 1.001227727701882397e+00 5.090294581707489885e-04
3.000000000000000000e+00 1.280000000000000000e+02 9.000000000000000222e-01 1.001198674035475467e+00 3.994173237931623681e-04
