1.000000000000000000e+00 6.250000000000000000e-02 0.000000000000000000e+00 1.262586334755737338e+00 3.042171524175096842e-01
1.000000000000000000e+00 1.250000000000000000e-01 0.000000000000000000e+00 1.031975770470013654e+00 5.218972796126865321e-02
1.000000000000000000e+00 2.500000000000000000e-01 0.000000000000000000e+00 1.000205495070309869e+00 3.809027162807612321e-04
1.000000000000000000e+00 5.000000000000000000e-01 0.000000000000000000e+00 1.000651669261679810e+00 9.385915613397121391e-04
1.000000000000000000e+00 1.000000000000000000e+00 0.000000000000000000e+00 1.027181799026853914e+00 3.898155289068551410e-02
1.000000000000000000e+00 2.000000000000000000e+00 0.000000000000000000e+00 1.139941152334007501e+00 1.719417331290625794e-01
1.000000000000000000e+00 4.000000000000000000e+00 0.000000000000000000e+00 1.239354076622549927e+00 1.886707373505453478e-01
1.000000000000000000e+00 8.000000000000000000e+00 0.000000000000000000e+00 1.311578212042143088e+00 1.968645321373445334e-01
1.000000000000000000e+00 1.600000000000000000e+01 0.000000000000000000e+00 1.281975172235995775e+00 1.327759022345110507e-01
1.000000000000000000e+00 3.200000000000000000e+01 0.000000000000000000e+00 1.320013312934490646e+00 1.664403402636677187e-01
1.000000000000000000e+00 6.400000000000000000e+01 0.000000000000000000e+00 1.346361193930133648e+00 3.159390844551639432e-01
1.000000000000000000e+00 1.280000000000000000e+02 0.000000000000000000e+00 1.358867124869518772e+00 2.333578086633406046e-01
2.000000000000000000e+00 6.250000000000000000e-02 6.999999999999999556e-01 1.016296555689998993e+00 2.495973862340707464e-02
2.000000000000000000e+00 1.250000000000000000e-01 6.999999999999999556e-01 1.000919926695696516e+00 1.602178804456009078e-03
2.000000000000000000e+00 2.500000000000000000e-01 6.999999999999999556e-01 1.000108661874807403e+00 6.561293400621528678e-05
2.000000000000000000e+00 5.000000000000000000e-01 6.999999999999999556e-01 1.001772785335102833e+00 1.076022223468644460e-03
2.000000000000000000e+00 1.000000000000000000e+00 6.999999999999999556e-01 1.015752043202537314e+00 7.639121637268696599e-03
2.000000000000000000e+00 2.000000000000000000e+00 6.999999999999999556e-01 1.021244830068009701e+00 7.950203809361972712e-03
2.000000000000000000e+00 4.000000000000000000e+00 6.999999999999999556e-01 1.020617349115658934e+00 5.779667417558078876e-03
2.000000000000000000e+00 8.000000000000000000e+00 6.999999999999999556e-01 1.017267110031620625e+00 5.286243004922363230e-03
2.000000000000000000e+00 1.600000000000000000e+01 6.999999999999999556e-01 1.015561296175032213e+00 5.028137284823052527e-03
2.000000000000000000e+00 3.200000000000000000e+01 6.999999999999999556e-01 1.014505660488288274e+00 4.391397937258160848e-03
2.000000000000000000e+00 6.400000000000000000e+01 6.999999999999999556e-01 1.014395319700335252e+00 4.427847159631159366e-03
2.000000000000000000e+00 1.280000000000000000e+02 6.999999999999999556e-01 1.015469797234164417e+00 5.673372556561680734e-03
3.000000000000000000e+00 6.250000000000000000e-02 6.999999999999999556e-01 1.011828314851401123e+00 2.591326998503041060e-02
3.000000000000000000e+00 1.250000000000000000e-01 6.999999999999999556e-01 1.000328518765804198e+00 8.170568316416301595e-04
3.000000000000000000e+00 2.500000000000000000e-01 6.999999999999999556e-01 1.000121398817083174e+00 5.480278308586571193e-05
3.000000000000000000e+00 5.000000000000000000e-01 6.999999999999999556e-01 1.002028730442139359e+00 9.084187512133376583e-04
3.000000000000000000e+00 1.000000000000000000e+00 6.999999999999999556e-01 1.017528452689493657e+00 5.901942626600239876e-03
3.000000000000000000e+00 2.000000000000000000e+00 6.999999999999999556e-01 1.024495156728121303e+00 3.028859724848735786e-03
3.000000000000000000e+00 4.000000000000000000e+00 6.999999999999999556e-01 1.020462634577827155e+00 3.837255709942766820e-03
3.000000000000000000e+00 8.000000000000000000e+00 6.999999999999999556e-01 1.016078757286408063e+00 3.984316119061461110e-03
3.000000000000000000e+00 1.600000000000000000e+01 6.999999999999999556e-01 1.014753669223301014e+00 5.180965761983769534e-03
3.000000000000000000e+00 3.200000000000000000e+01 6.999999999999999556e-01 1.014029301895464474e+00 6.004119380694156356e-03
3.000000000000000000e+00 6.400000000000000000e+01 6.999999999999999556e-01 1.013926463687505386e+00 5.023121872246997036e-03
3.000000000000000000e+00 1.280000000000000000e+02 6.999999999999999556e-01 1.014246295260734732e+00 5.690413226745278871e-03
4.000000000000000000e+00 6.250000000000000000e-02 6.999999999999999556e-01 1.005438459252985695e+00 4.392527120784492888e-03
4.000000000000000000e+00 1.250000000000000000e-01 6.999999999999999556e-01 1.000089986106563300e+00 1.207667019067796356e-04
4.000000000000000000e+00 2.500000000000000000e-01 6.999999999999999556e-01 1.000105714314814875e+00 7.652926944706842918e-05
4.000000000000000000e+00 5.000000000000000000e-01 6.999999999999999556e-01 1.001766930153973778e+00 1.261031608688304752e-03
4.000000000000000000e+00 1.000000000000000000e+00 6.999999999999999556e-01 1.015856007954297757e+00 7.793159034012228821e-03
4.000000000000000000e+00 2.000000000000000000e+00 6.999999999999999556e-01 1.023410385200989925e+00 3.265469587906407595e-03
4.000000000000000000e+00 4.000000000000000000e+00 6.999999999999999556e-01 1.019669840451624898e+00 4.229195321696966638e-03
4.000000000000000000e+00 8.000000000000000000e+00 6.999999999999999556e-01 1.015982586192421877e+00 5.884958961066045352e-03
4.000000000000000000e+00 1.600000000000000000e+01 6.999999999999999556e-01 1.013421571323408488e+00 5.566869088817083359e-03
4.000000000000000000e+00 3.200000000000000000e+01 6.999999999999999556e-01 1.013246096921742723e+00 4.499318254802289058e-03
4.000000000000000000e+00 6.400000000000000000e+01 6.999999999999999556e-01 1.012382425718229451e+00 4.431291366798825217e-03
4.000000000000000000e+00 1.280000000000000000e+02 6.999999999999999556e-01 1.013287079755074815e+00 4.794382399811506629e-03
5.000000000000000000e+00 6.250000000000000000e-02 6.999999999999999556e-01 1.010646619687392667e+00 1.532790753160281211e-02
5.000000000000000000e+00 1.250000000000000000e-01 6.999999999999999556e-01 1.001325779952855655e+00 1.909683390460621862e-03
5.000000000000000000e+00 2.500000000000000000e-01 6.999999999999999556e-01 1.000160240877192797e+00 1.640644043685168135e-04
5.000000000000000000e+00 5.000000000000000000e-01 6.999999999999999556e-01 1.001292270128422590e+00 5.501889212522677883e-04
5.000000000000000000e+00 1.000000000000000000e+00 6.999999999999999556e-01 1.013773260975840085e+00 3.762909972083916445e-03
5.000000000000000000e+00 2.000000000000000000e+00 6.999999999999999556e-01 1.023717055708603496e+00 4.148887732376118492e-03
5.000000000000000000e+00 4.000000000000000000e+00 6.999999999999999556e-01 1.023306201619538225e+00 2.959864871029376215e-03
5.000000000000000000e+00 8.000000000000000000e+00 6.999999999999999556e-01 1.017727344200181960e+00 2.831774958671669836e-03
5.000000000000000000e+00 1.600000000000000000e+01 6.999999999999999556e-01 1.015402888449404184e+00 3.369414667787244601e-03
5.000000000000000000e+00 3.200000000000000000e+01 6.999999999999999556e-01 1.014996192945233799e+00 3.203625342290114097e-03
5.000000000000000000e+00 6.400000000000000000e+01 6.999999999999999556e-01 1.014581613674335747e+00 3.242809995231809433e-03
5.000000000000000000e+00 1.280000000000000000e+02 6.999999999999999556e-01 1.015097019370642117e+00 3.238772086808723409e-03
