1.000000000000000000e+00 6.250000000000000000e-02 0.000000000000000000e+00 1.262586334755737338e+00 3.042171524175096842e-01
1.000000000000000000e+00 1.250000000000000000e-01 0.000000000000000000e+00 1.031975770470013654e+00 5.218972796126865321e-02
1.000000000000000000e+00 2.500000000000000000e-01 0.000000000000000000e+00 1.000205495070309869e+00 3.809027162807612321e-04
1.000000000000000000e+00 5.000000000000000000e-01 0.000000000000000000e+00 1.000651669261679810e+00 9.385915613397121391e-04
1.000000000000000000e+00 1.000000000000000000e+00 0.000000000000000000e+00 1.027181799026853914e+00 3.898155289068551410e-02
1.000000000000000000e+00 2.000000000000000000e+00 0.000000000000000000e+00 1.139941152334007501e+00 1.719417331290625794e-01
1.000000000000000000e+00 4.000000000000000000e+00 0.000000000000000000e+00 1.239354076622549927e+00 1.886707373505453478e-01
1.000000000000000000e+00 8.000000000000000000e+00 0.000000000000000000e+00 1.311578212042143088e+00 1.968645321373445334e-01
1.000000000000000000e+00 1.600000000000000000e+01 0.000000000000000000e+00 1.281975172235995775e+00 1.327759022345110507e-01
1.000000000000000000e+00 3.200000000000000000e+01 0.000000000000000000e+00 1.320013312934490646e+00 1.664403402636677187e-01
1.000000000000000000e+00 6.400000000000000000e+01 0.000000000000000000e+00 1.346361193930133648e+00 3.159390844551639432e-01
1.000000000000000000e+00 1.280000000000000000e+02 0.000000000000000000e+00 1.358867124869518772e+00 2.333578086633406046e-01
2.000000000000000000e+00 6.250000000000000000e-02 0.000000000000000000e+00 1.112552233652617018e+00 1.655978276254451986e-01
2.000000000000000000e+00 1.250000000000000000e-01 0.000000000000000000e+00 1.006769822510257484e+00 1.392069539764346879e-02
2.000000000000000000e+00 2.500000000000000000e-01 0.000000000000000000e+00 1.000076589553799300e+00 1.206043969713041893e-04
2.000000000000000000e+00 5.000000000000000000e-01 0.000000000000000000e+00 1.001337190363174035e+00 1.005312726367728728e-03
2.000000000000000000e+00 1.000000000000000000e+00 0.000000000000000000e+00 1.040806957133213473e+00 3.243206079389982649e-02
2.000000000000000000e+00 2.000000000000000000e+00 0.000000000000000000e+00 1.198480881466338799e+00 1.629729392809094735e-01
2.000000000000000000e+00 4.000000000000000000e+00 0.000000000000000000e+00 1.355555702262907669e+00 1.645464991966920087e-01
2.000000000000000000e+00 8.000000000000000000e+00 0.000000000000000000e+00 1.346568812582274344e+00 1.358712452872632148e-01
2.000000000000000000e+00 1.600000000000000000e+01 0.000000000000000000e+00 1.300307408542678900e+00 9.533984556915139907e-02
2.000000000000000000e+00 3.200000000000000000e+01 0.000000000000000000e+00 1.336972404770651268e+00 1.473961963794652441e-01
2.000000000000000000e+00 6.400000000000000000e+01 0.000000000000000000e+00 1.289640376264328703e+00 1.200689879525720649e-01
2.000000000000000000e+00 1.280000000000000000e+02 0.000000000000000000e+00 1.324803573640310095e+00 1.142621425165284837e-01
3.000000000000000000e+00 6.250000000000000000e-02 0.000000000000000000e+00 1.063699584186818203e+00 9.452526114972306659e-02
3.000000000000000000e+00 1.250000000000000000e-01 0.000000000000000000e+00 1.000886610619307504e+00 1.922932173300034289e-03
3.000000000000000000e+00 2.500000000000000000e-01 0.000000000000000000e+00 1.000035830875020793e+00 1.744242086374062363e-05
3.000000000000000000e+00 5.000000000000000000e-01 0.000000000000000000e+00 1.001650204761237672e+00 1.007595312644504054e-03
3.000000000000000000e+00 1.000000000000000000e+00 0.000000000000000000e+00 1.048969337247138256e+00 3.457381628260978307e-02
3.000000000000000000e+00 2.000000000000000000e+00 0.000000000000000000e+00 1.225607243707447669e+00 1.023525758833016969e-01
3.000000000000000000e+00 4.000000000000000000e+00 0.000000000000000000e+00 1.362518609208440479e+00 1.425581836894447008e-01
3.000000000000000000e+00 8.000000000000000000e+00 0.000000000000000000e+00 1.385003596765179701e+00 1.161014716663030105e-01
3.000000000000000000e+00 1.600000000000000000e+01 0.000000000000000000e+00 1.318803930548935410e+00 8.263698086391749187e-02
3.000000000000000000e+00 3.200000000000000000e+01 0.000000000000000000e+00 1.292123995459357300e+00 6.798896497350487289e-02
3.000000000000000000e+00 6.400000000000000000e+01 0.000000000000000000e+00 1.320293768093305342e+00 8.756824563128419447e-02
3.000000000000000000e+00 1.280000000000000000e+02 0.000000000000000000e+00 1.321495699067915641e+00 1.041114160400539029e-01
4.000000000000000000e+00 6.250000000000000000e-02 0.000000000000000000e+00 1.054004753141911888e+00 4.060507995821440591e-02
4.000000000000000000e+00 1.250000000000000000e-01 0.000000000000000000e+00 1.000575781948193299e+00 1.035093050478928063e-03
4.000000000000000000e+00 2.500000000000000000e-01 0.000000000000000000e+00 1.000024149801076678e+00 1.806123183994476272e-05
4.000000000000000000e+00 5.000000000000000000e-01 0.000000000000000000e+00 1.001429260846632641e+00 1.063214300870578711e-03
4.000000000000000000e+00 1.000000000000000000e+00 0.000000000000000000e+00 1.045987016494464239e+00 3.592771653536157295e-02
4.000000000000000000e+00 2.000000000000000000e+00 0.000000000000000000e+00 1.220952872239545517e+00 1.591179334340132867e-01
4.000000000000000000e+00 4.000000000000000000e+00 0.000000000000000000e+00 1.331768110550101802e+00 1.569204158084599177e-01
4.000000000000000000e+00 8.000000000000000000e+00 0.000000000000000000e+00 1.365791889696677641e+00 6.322562773112280765e-02
4.000000000000000000e+00 1.600000000000000000e+01 0.000000000000000000e+00 1.329822808644935295e+00 6.442006679301220951e-02
4.000000000000000000e+00 3.200000000000000000e+01 0.000000000000000000e+00 1.346038258863323067e+00 9.434482877846035731e-02
4.000000000000000000e+00 6.400000000000000000e+01 0.000000000000000000e+00 1.313385247394312838e+00 7.823059649554468808e-02
4.000000000000000000e+00 1.280000000000000000e+02 0.000000000000000000e+00 1.318947778343244392e+00 9.598613385031704026e-02
5.000000000000000000e+00 6.250000000000000000e-02 0.000000000000000000e+00 1.120651049678795363e+00 1.694749476101122532e-01
5.000000000000000000e+00 1.250000000000000000e-01 0.000000000000000000e+00 1.014766437686624112e+00 2.655717903826338572e-02
5.000000000000000000e+00 2.500000000000000000e-01 0.000000000000000000e+00 1.000749070067807445e+00 1.404749718145820430e-03
5.000000000000000000e+00 5.000000000000000000e-01 0.000000000000000000e+00 1.000928642857147777e+00 4.851043374912537300e-04
5.000000000000000000e+00 1.000000000000000000e+00 0.000000000000000000e+00 1.026313831757399209e+00 1.207709389553318115e-02
5.000000000000000000e+00 2.000000000000000000e+00 0.000000000000000000e+00 1.136775898863403800e+00 5.144828642350650350e-02
5.000000000000000000e+00 4.000000000000000000e+00 0.000000000000000000e+00 1.285759126582807221e+00 1.043720923083474306e-01
5.000000000000000000e+00 8.000000000000000000e+00 0.000000000000000000e+00 1.362700129616988720e+00 6.630852484511845502e-02
5.000000000000000000e+00 1.600000000000000000e+01 0.000000000000000000e+00 1.380545640331146906e+00 8.090825829778275358e-02
5.000000000000000000e+00 3.200000000000000000e+01 0.000000000000000000e+00 1.352123015424875785e+00 9.701342031785399611e-02
5.000000000000000000e+00 6.400000000000000000e+01 0.000000000000000000e+00 1.353603625628189366e+00 8.860739100021675085e-02
5.000000000000000000e+00 1.280000000000000000e+02 0.000000000000000000e+00 1.360119267414731103e+00 9.050372759349462060e-02
