4.000000000000000000e+00 6.250000000000000000e-02 0.000000000000000000e+00 1.054004753141911888e+00 4.060507995821440591e-02
4.000000000000000000e+00 1.250000000000000000e-01 0.000000000000000000e+00 1.000575781948193299e+00 1.035093050478928063e-03
4.000000000000000000e+00 2.500000000000000000e-01 0.000000000000000000e+00 1.000024149801076678e+00 1.806123183994476272e-05
4.000000000000000000e+00 5.000000000000000000e-01 0.000000000000000000e+00 1.001429260846632641e+00 1.063214300870578711e-03
4.000000000000000000e+00 1.000000000000000000e+00 0.000000000000000000e+00 1.045987016494464239e+00 3.592771653536157295e-02
4.000000000000000000e+00 2.000000000000000000e+00 0.000000000000000000e+00 1.220952872239545517e+00 1.591179334340132867e-01
4.000000000000000000e+00 4.000000000000000000e+00 0.000000000000000000e+00 1.331768110550101802e+00 1.569204158084599177e-01
4.000000000000000000e+00 8.000000000000000000e+00 0.000000000000000000e+00 1.365791889696677641e+00 6.322562773112280765e-02
4.000000000000000000e+00 1.600000000000000000e+01 0.000000000000000000e+00 1.329822808644935295e+00 6.442006679301220951e-02
4.000000000000000000e+00 3.200000000000000000e+01 0.000000000000000000e+00 1.346038258863323067e+00 9.434482877846035731e-02
4.000000000000000000e+00 6.400000000000000000e+01 0.000000000000000000e+00 1.313385247394312838e+00 7.823059649554468808e-02
4.000000000000000000e+00 1.280000000000000000e+02 0.000000000000000000e+00 1.318947778343244392e+00 9.598613385031704026e-02
5.000000000000000000e+00 6.250000000000000000e-02 0.000000000000000000e+00 1.120651049678795363e+00 1.694749476101122532e-01
5.000000000000000000e+00 1.250000000000000000e-01 0.000000000000000000e+00 1.014766437686624112e+00 2.655717903826338572e-02
5.000000000000000000e+00 2.500000000000000000e-01 0.000000000000000000e+00 1.000749070067807445e+00 1.404749718145820430e-03
5.000000000000000000e+00 5.000000000000000000e-01 0.000000000000000000e+00 1.000928642857147777e+00 4.851043374912537300e-04
5.000000000000000000e+00 1.000000000000000000e+00 0.000000000000000000e+00 1.026313831757399209e+00 1.207709389553318115e-02
5.000000000000000000e+00 2.000000000000000000e+00 0.000000000000000000e+00 1.136775898863403800e+00 5.144828642350650350e-02
5.000000000000000000e+00 4.000000000000000000e+00 0.000000000000000000e+00 1.285759126582807221e+00 1.043720923083474306e-01
5.000000000000000000e+00 8.000000000000000000e+00 0.000000000000000000e+00 1.362700129616988720e+00 6.630852484511845502e-02
5.000000000000000000e+00 1.600000000000000000e+01 0.000000000000000000e+00 1.380545640331146906e+00 8.090825829778275358e-02
5.000000000000000000e+00 3.200000000000000000e+01 0.000000000000000000e+00 1.352123015424875785e+00 9.701342031785399611e-02
5.000000000000000000e+00 6.400000000000000000e+01 0.000000000000000000e+00 1.353603625628189366e+00 8.860739100021675085e-02
5.000000000000000000e+00 1.280000000000000000e+02 0.000000000000000000e+00 1.360119267414731103e+00 9.050372759349462060e-02
