4.000000000000000000e+00 6.250000000000000000e-02 2.999999999999999889e-01 1.046892643149495150e+00 3.455198463081365218e-02
4.000000000000000000e+00 1.250000000000000000e-01 2.999999999999999889e-01 1.000554248800591628e+00 9.127926499308351141e-04
4.000000000000000000e+00 2.500000000000000000e-01 2.999999999999999889e-01 1.000449542139249637e+00 3.178714874594034691e-04
4.000000000000000000e+00 5.000000000000000000e-01 2.999999999999999889e-01 1.008158015195173673e+00 5.831272537785528107e-03
4.000000000000000000e+00 1.000000000000000000e+00 2.999999999999999889e-01 1.114533671859971653e+00 7.801478766995517677e-02
4.000000000000000000e+00 2.000000000000000000e+00 2.999999999999999889e-01 1.263626899280016813e+00 1.138714662716991677e-01
4.000000000000000000e+00 4.000000000000000000e+00 2.999999999999999889e-01 1.270609819609140434e+00 3.929546387728461571e-02
4.000000000000000000e+00 8.000000000000000000e+00 2.999999999999999889e-01 1.238928609635242761e+00 6.011237827924400395e-02
4.000000000000000000e+00 1.600000000000000000e+01 2.999999999999999889e-01 1.191581640536969022e+00 5.848945449836413096e-02
4.000000000000000000e+00 3.200000000000000000e+01 2.999999999999999889e-01 1.187335760503368309e+00 4.953029603030036088e-02
4.000000000000000000e+00 6.400000000000000000e+01 2.999999999999999889e-01 1.176128224637727815e+00 4.691256946239044656e-02
4.000000000000000000e+00 1.280000000000000000e+02 2.999999999999999889e-01 1.186791810449569606e+00 5.748595951887718741e-02
5.000000000000000000e+00 6.250000000000000000e-02 2.999999999999999889e-01 1.091634295518840281e+00 1.112786451226644296e-01
5.000000000000000000e+00 1.250000000000000000e-01 2.999999999999999889e-01 1.012660577955747598e+00 2.182329373286491861e-02
5.000000000000000000e+00 2.500000000000000000e-01 2.999999999999999889e-01 1.001013337395112668e+00 1.363849924968471919e-03
5.000000000000000000e+00 5.000000000000000000e-01 2.999999999999999889e-01 1.005851059939560255e+00 2.455125211136615412e-03
5.000000000000000000e+00 1.000000000000000000e+00 2.999999999999999889e-01 1.081029810434281924e+00 2.839654014753956873e-02
5.000000000000000000e+00 2.000000000000000000e+00 2.999999999999999889e-01 1.226894958313202277e+00 6.124305905600677113e-02
5.000000000000000000e+00 4.000000000000000000e+00 2.999999999999999889e-01 1.310106760038459273e+00 5.405005571777035667e-02
5.000000000000000000e+00 8.000000000000000000e+00 2.999999999999999889e-01 1.274336399350055604e+00 4.166319227408637332e-02
5.000000000000000000e+00 1.600000000000000000e+01 2.999999999999999889e-01 1.233688209942385150e+00 5.173003127957208347e-02
5.000000000000000000e+00 3.200000000000000000e+01 2.999999999999999889e-01 1.223694114758647533e+00 5.079060853643183743e-02
5.000000000000000000e+00 6.400000000000000000e+01 2.999999999999999889e-01 1.223506246902391403e+00 5.893166172617921028e-02
5.000000000000000000e+00 1.280000000000000000e+02 2.999999999999999889e-01 1.227507496649397511e+00 6.435794278012842151e-02
