2.000000000000000000e+00 6.250000000000000000e-02 0.000000000000000000e+00 1.112552233652617018e+00 1.655978276254451986e-01
2.000000000000000000e+00 1.250000000000000000e-01 0.000000000000000000e+00 1.006769822510257484e+00 1.392069539764346879e-02
2.000000000000000000e+00 2.500000000000000000e-01 0.000000000000000000e+00 1.000076589553799300e+00 1.206043969713041893e-04
2.000000000000000000e+00 5.000000000000000000e-01 0.000000000000000000e+00 1.001337190363174035e+00 1.005312726367728728e-03
2.000000000000000000e+00 1.000000000000000000e+00 0.000000000000000000e+00 1.040806957133213473e+00 3.243206079389982649e-02
2.000000000000000000e+00 2.000000000000000000e+00 0.000000000000000000e+00 1.198480881466338799e+00 1.629729392809094735e-01
2.000000000000000000e+00 4.000000000000000000e+00 0.000000000000000000e+00 1.355555702262907669e+00 1.645464991966920087e-01
2.000000000000000000e+00 8.000000000000000000e+00 0.000000000000000000e+00 1.346568812582274344e+00 1.358712452872632148e-01
2.000000000000000000e+00 1.600000000000000000e+01 0.000000000000000000e+00 1.300307408542678900e+00 9.533984556915139907e-02
2.000000000000000000e+00 3.200000000000000000e+01 0.000000000000000000e+00 1.336972404770651268e+00 1.473961963794652441e-01
2.000000000000000000e+00 6.400000000000000000e+01 0.000000000000000000e+00 1.289640376264328703e+00 1.200689879525720649e-01
2.000000000000000000e+00 1.280000000000000000e+02 0.000000000000000000e+00 1.324803573640310095e+00 1.142621425165284837e-01
3.000000000000000000e+00 6.250000000000000000e-02 0.000000000000000000e+00 1.063699584186818203e+00 9.452526114972306659e-02
3.000000000000000000e+00 1.250000000000000000e-01 0.000000000000000000e+00 1.000886610619307504e+00 1.922932173300034289e-03
3.000000000000000000e+00 2.500000000000000000e-01 0.000000000000000000e+00 1.000035830875020793e+00 1.744242086374062363e-05
3.000000000000000000e+00 5.000000000000000000e-01 0.000000000000000000e+00 1.001650204761237672e+00 1.007595312644504054e-03
3.000000000000000000e+00 1.000000000000000000e+00 0.000000000000000000e+00 1.048969337247138256e+00 3.457381628260978307e-02
3.000000000000000000e+00 2.000000000000000000e+00 0.000000000000000000e+00 1.225607243707447669e+00 1.023525758833016969e-01
3.000000000000000000e+00 4.000000000000000000e+00 0.000000000000000000e+00 1.362518609208440479e+00 1.425581836894447008e-01
3.000000000000000000e+00 8.000000000000000000e+00 0.000000000000000000e+00 1.385003596765179701e+00 1.161014716663030105e-01
3.000000000000000000e+00 1.600000000000000000e+01 0.000000000000000000e+00 1.318803930548935410e+00 8.263698086391749187e-02
3.000000000000000000e+00 3.200000000000000000e+01 0.000000000000000000e+00 1.292123995459357300e+00 6.798896497350487289e-02
3.000000000000000000e+00 6.400000000000000000e+01 0.000000000000000000e+00 1.320293768093305342e+00 8.756824563128419447e-02
3.000000000000000000e+00 1.280000000000000000e+02 0.000000000000000000e+00 1.321495699067915641e+00 1.041114160400539029e-01
