1.000000000000000000e+00 6.250000000000000000e-02 0.000000000000000000e+00 1.262586334755737338e+00 3.042171524175096842e-01
1.000000000000000000e+00 1.250000000000000000e-01 0.000000000000000000e+00 1.031975770470013654e+00 5.218972796126865321e-02
1.000000000000000000e+00 2.500000000000000000e-01 0.000000000000000000e+00 1.000205495070309869e+00 3.809027162807612321e-04
1.000000000000000000e+00 5.000000000000000000e-01 0.000000000000000000e+00 1.000651669261679810e+00 9.385915613397121391e-04
1.000000000000000000e+00 1.000000000000000000e+00 0.000000000000000000e+00 1.027181799026853914e+00 3.898155289068551410e-02
1.000000000000000000e+00 2.000000000000000000e+00 0.000000000000000000e+00 1.139941152334007501e+00 1.719417331290625794e-01
1.000000000000000000e+00 4.000000000000000000e+00 0.000000000000000000e+00 1.239354076622549927e+00 1.886707373505453478e-01
1.000000000000000000e+00 8.000000000000000000e+00 0.000000000000000000e+00 1.311578212042143088e+00 1.968645321373445334e-01
1.000000000000000000e+00 1.600000000000000000e+01 0.000000000000000000e+00 1.281975172235995775e+00 1.327759022345110507e-01
1.000000000000000000e+00 3.200000000000000000e+01 0.000000000000000000e+00 1.320013312934490646e+00 1.664403402636677187e-01
1.000000000000000000e+00 6.400000000000000000e+01 0.000000000000000000e+00 1.346361193930133648e+00 3.159390844551639432e-01
1.000000000000000000e+00 1.280000000000000000e+02 0.000000000000000000e+00 1.358867124869518772e+00 2.333578086633406046e-01
2.000000000000000000e+00 6.250000000000000000e-02 5.000000000000000000e-01 1.039311808983736096e+00 5.335291356536625562e-02
2.000000000000000000e+00 1.250000000000000000e-01 5.000000000000000000e-01 1.002484063006007897e+00 4.632685372740527781e-03
2.000000000000000000e+00 2.500000000000000000e-01 5.000000000000000000e-01 1.000353035568235294e+00 2.107859305763263192e-04
2.000000000000000000e+00 5.000000000000000000e-01 5.000000000000000000e-01 1.006171208694312424e+00 3.795496824526666327e-03
2.000000000000000000e+00 1.000000000000000000e+00 5.000000000000000000e-01 1.062209615342381230e+00 3.324648440851708797e-02
2.000000000000000000e+00 2.000000000000000000e+00 5.000000000000000000e-01 1.092815939159297534e+00 4.023197613407582252e-02
2.000000000000000000e+00 4.000000000000000000e+00 5.000000000000000000e-01 1.092050598757925650e+00 2.735628147719978281e-02
2.000000000000000000e+00 8.000000000000000000e+00 5.000000000000000000e-01 1.076691552387430750e+00 2.361886625418740948e-02
2.000000000000000000e+00 1.600000000000000000e+01 5.000000000000000000e-01 1.068683702839275274e+00 2.219334345346577961e-02
2.000000000000000000e+00 3.200000000000000000e+01 5.000000000000000000e-01 1.064406988911881013e+00 2.021577964242909572e-02
2.000000000000000000e+00 6.400000000000000000e+01 5.000000000000000000e-01 1.061754968212686334e+00 2.008801810423621603e-02
2.000000000000000000e+00 1.280000000000000000e+02 5.000000000000000000e-01 1.067973382808144578e+00 2.387872495053270858e-02
3.000000000000000000e+00 6.250000000000000000e-02 5.000000000000000000e-01 1.026184163935289329e+00 4.732782828434946298e-02
3.000000000000000000e+00 1.250000000000000000e-01 5.000000000000000000e-01 1.000591264868706753e+00 1.373615026565189190e-03
3.000000000000000000e+00 2.500000000000000000e-01 5.000000000000000000e-01 1.000415737962069729e+00 1.883858371855417905e-04
3.000000000000000000e+00 5.000000000000000000e-01 5.000000000000000000e-01 1.007081132953965952e+00 3.192226341898770411e-03
3.000000000000000000e+00 1.000000000000000000e+00 5.000000000000000000e-01 1.068610339835378342e+00 2.664688322529028611e-02
3.000000000000000000e+00 2.000000000000000000e+00 5.000000000000000000e-01 1.106929340445322651e+00 1.889311554851381275e-02
3.000000000000000000e+00 4.000000000000000000e+00 5.000000000000000000e-01 1.092964827424265817e+00 1.407780522804484222e-02
3.000000000000000000e+00 8.000000000000000000e+00 5.000000000000000000e-01 1.073131739228914139e+00 1.871280119643761730e-02
3.000000000000000000e+00 1.600000000000000000e+01 5.000000000000000000e-01 1.064642644433771324e+00 2.279177190228317759e-02
3.000000000000000000e+00 3.200000000000000000e+01 5.000000000000000000e-01 1.061652874140655012e+00 2.597614635941478123e-02
3.000000000000000000e+00 6.400000000000000000e+01 5.000000000000000000e-01 1.059371755445279062e+00 1.982285056154714509e-02
3.000000000000000000e+00 1.280000000000000000e+02 5.000000000000000000e-01 1.062238694034976838e+00 2.556985276064433973e-02
4.000000000000000000e+00 6.250000000000000000e-02 5.000000000000000000e-01 1.017215429324618281e+00 1.233134334502424684e-02
4.000000000000000000e+00 1.250000000000000000e-01 5.000000000000000000e-01 1.000240775520514935e+00 3.489468414406589466e-04
4.000000000000000000e+00 2.500000000000000000e-01 5.000000000000000000e-01 1.000363967753898020e+00 2.638408379237937133e-04
4.000000000000000000e+00 5.000000000000000000e-01 5.000000000000000000e-01 1.006202559790578821e+00 4.471316697633729784e-03
4.000000000000000000e+00 1.000000000000000000e+00 5.000000000000000000e-01 1.063361360413896950e+00 3.542150315566833241e-02
4.000000000000000000e+00 2.000000000000000000e+00 5.000000000000000000e-01 1.102609958129191714e+00 2.102816971270657018e-02
4.000000000000000000e+00 4.000000000000000000e+00 5.000000000000000000e-01 1.090050165348174005e+00 1.640757081676510326e-02
4.000000000000000000e+00 8.000000000000000000e+00 5.000000000000000000e-01 1.072783373961410103e+00 2.493628890577032076e-02
4.000000000000000000e+00 1.600000000000000000e+01 5.000000000000000000e-01 1.058536433269035237e+00 2.231232369502806831e-02
4.000000000000000000e+00 3.200000000000000000e+01 5.000000000000000000e-01 1.056762632193122275e+00 1.770605415492771534e-02
4.000000000000000000e+00 6.400000000000000000e+01 5.000000000000000000e-01 1.054238058311831150e+00 1.831969151842160679e-02
4.000000000000000000e+00 1.280000000000000000e+02 5.000000000000000000e-01 1.058215135007520180e+00 2.001243894466729970e-02
5.000000000000000000e+00 6.250000000000000000e-02 5.000000000000000000e-01 1.032716128104226305e+00 3.600803641627715185e-02
5.000000000000000000e+00 1.250000000000000000e-01 5.000000000000000000e-01 1.004507143220068954e+00 7.075605345019753654e-03
5.000000000000000000e+00 2.500000000000000000e-01 5.000000000000000000e-01 1.000526610550089845e+00 5.352235083797453460e-04
5.000000000000000000e+00 5.000000000000000000e-01 5.000000000000000000e-01 1.004490592916144065e+00 1.926011335981445182e-03
5.000000000000000000e+00 1.000000000000000000e+00 5.000000000000000000e-01 1.051613165960166629e+00 1.569542891761352421e-02
5.000000000000000000e+00 2.000000000000000000e+00 5.000000000000000000e-01 1.101654382891033013e+00 2.013662858095738653e-02
5.000000000000000000e+00 4.000000000000000000e+00 5.000000000000000000e-01 1.106647590069656628e+00 1.345954907061448248e-02
5.000000000000000000e+00 8.000000000000000000e+00 5.000000000000000000e-01 1.081966621520445759e+00 1.288176772386089887e-02
5.000000000000000000e+00 1.600000000000000000e+01 5.000000000000000000e-01 1.068420700291808467e+00 1.497572201195710578e-02
5.000000000000000000e+00 3.200000000000000000e+01 5.000000000000000000e-01 1.066214285524374139e+00 1.444118990709521849e-02
5.000000000000000000e+00 6.400000000000000000e+01 5.000000000000000000e-01 1.064513866375160323e+00 1.514849664129229966e-02
5.000000000000000000e+00 1.280000000000000000e+02 5.000000000000000000e-01 1.066060152738836697e+00 1.595244964529122372e-02
