1.000000000000000000e+00 6.250000000000000000e-02 1.537312727272724278e+00 8.732961746009293424e-01
1.000000000000000000e+00 1.250000000000000000e-01 1.625402793093670795e+01 5.280742384177393944e+00
1.000000000000000000e+00 2.500000000000000000e-01 2.409966410566344663e+01 2.651201037364044666e+00
1.000000000000000000e+00 5.000000000000000000e-01 2.340211849936105892e+01 4.676697259055653255e+00
1.000000000000000000e+00 1.000000000000000000e+00 1.385382081610521787e+01 3.441406951059920782e+00
1.000000000000000000e+00 2.000000000000000000e+00 1.092327253073372439e+01 3.861739403531445181e+00
1.000000000000000000e+00 4.000000000000000000e+00 1.037450390858085392e+01 3.277995639586694043e+00
1.000000000000000000e+00 8.000000000000000000e+00 1.058140933689073293e+01 2.944438416125522817e+00
1.000000000000000000e+00 1.600000000000000000e+01 9.579181704206430226e+00 1.716974055046600611e+00
1.000000000000000000e+00 3.200000000000000000e+01 9.123413498943548916e+00 1.221873170554437671e+00
1.000000000000000000e+00 6.400000000000000000e+01 8.954092517423177355e+00 9.186147411217923109e-01
1.000000000000000000e+00 1.280000000000000000e+02 9.326677247741754329e+00 1.327757690830263071e+00
