2.000000000000000000e+00 6.250000000000000000e-02 2.229211575152935332e+00 7.998625033030803966e-02
2.000000000000000000e+00 1.250000000000000000e-01 1.877273041068741222e+01 9.101061031182497985e+00
2.000000000000000000e+00 2.500000000000000000e-01 4.387611886868500477e+01 5.038345599228729377e+00
2.000000000000000000e+00 5.000000000000000000e-01 4.293876200675399701e+01 7.009420174613490317e+00
2.000000000000000000e+00 1.000000000000000000e+00 2.710531985132587351e+01 6.087417252721452954e+00
2.000000000000000000e+00 2.000000000000000000e+00 2.042594045472291242e+01 4.566237670821307049e+00
2.000000000000000000e+00 4.000000000000000000e+00 1.793811390949945306e+01 3.632867614378733290e+00
2.000000000000000000e+00 8.000000000000000000e+00 1.656862481980780188e+01 2.756842835149738047e+00
2.000000000000000000e+00 1.600000000000000000e+01 1.616919223478028655e+01 3.171587304712746747e+00
2.000000000000000000e+00 3.200000000000000000e+01 1.678722951181723388e+01 2.972590399859784238e+00
2.000000000000000000e+00 6.400000000000000000e+01 1.585238569828885602e+01 2.452833951671111734e+00
2.000000000000000000e+00 1.280000000000000000e+02 1.512417999309523076e+01 2.041844211098722273e+00
3.000000000000000000e+00 6.250000000000000000e-02 3.895108485500009099e+00 1.229974147966500064e+00
3.000000000000000000e+00 1.250000000000000000e-01 3.495684814708656063e+01 7.610377233719264112e+00
3.000000000000000000e+00 2.500000000000000000e-01 5.464566421267841179e+01 5.557864462883834733e+00
3.000000000000000000e+00 5.000000000000000000e-01 4.481815113083158764e+01 5.377539384034206726e+00
3.000000000000000000e+00 1.000000000000000000e+00 2.680708971984176969e+01 4.622501400421050732e+00
3.000000000000000000e+00 2.000000000000000000e+00 2.054780967152422022e+01 3.675446068755311213e+00
3.000000000000000000e+00 4.000000000000000000e+00 1.844179263342973485e+01 3.061705646528836589e+00
3.000000000000000000e+00 8.000000000000000000e+00 1.737542781138644798e+01 2.345488520379412023e+00
3.000000000000000000e+00 1.600000000000000000e+01 1.764887372587646652e+01 3.366581159216305075e+00
3.000000000000000000e+00 3.200000000000000000e+01 1.738904149442667801e+01 2.837126187590318871e+00
3.000000000000000000e+00 6.400000000000000000e+01 1.727020111282452675e+01 2.900146611713373623e+00
3.000000000000000000e+00 1.280000000000000000e+02 1.666987383010035373e+01 2.391799561531017915e+00
4.000000000000000000e+00 6.250000000000000000e-02 4.011514555072466237e+00 1.299808090765603330e+00
4.000000000000000000e+00 1.250000000000000000e-01 3.795843458435744822e+01 1.147730305965637854e+01
4.000000000000000000e+00 2.500000000000000000e-01 6.608202626085649456e+01 7.257994866302596826e+00
4.000000000000000000e+00 5.000000000000000000e-01 5.980442792895082960e+01 9.736812801687916519e+00
4.000000000000000000e+00 1.000000000000000000e+00 3.614424929216495030e+01 8.651366391845405346e+00
4.000000000000000000e+00 2.000000000000000000e+00 2.492032574122970701e+01 5.237304089480227631e+00
4.000000000000000000e+00 4.000000000000000000e+00 2.233958902011747583e+01 4.687729942898580582e+00
4.000000000000000000e+00 8.000000000000000000e+00 2.097211349111221779e+01 4.105583093679635809e+00
4.000000000000000000e+00 1.600000000000000000e+01 2.014895704429073220e+01 3.330074793848408543e+00
4.000000000000000000e+00 3.200000000000000000e+01 1.891958632910429827e+01 2.120475665688496214e+00
4.000000000000000000e+00 6.400000000000000000e+01 1.887386126333853298e+01 2.298082933523593052e+00
4.000000000000000000e+00 1.280000000000000000e+02 1.844809512451296740e+01 3.136935887591710159e+00
5.000000000000000000e+00 6.250000000000000000e-02 3.757940763972635434e+00 4.658850661210137134e-01
5.000000000000000000e+00 1.250000000000000000e-01 3.796136143672207197e+01 7.746618518613218818e+00
5.000000000000000000e+00 2.500000000000000000e-01 7.498398370752735786e+01 8.118128976374940464e+00
5.000000000000000000e+00 5.000000000000000000e-01 6.778845726791210780e+01 8.761923233919123533e+00
5.000000000000000000e+00 1.000000000000000000e+00 4.427189934140318428e+01 1.337541796282193474e+01
5.000000000000000000e+00 2.000000000000000000e+00 3.176289773190322308e+01 1.106847305198302323e+01
5.000000000000000000e+00 4.000000000000000000e+00 2.742196335927317818e+01 9.130421467189879792e+00
5.000000000000000000e+00 8.000000000000000000e+00 2.426933382411013440e+01 7.428394713657887394e+00
5.000000000000000000e+00 1.600000000000000000e+01 2.357619442603871818e+01 6.727617794528895523e+00
5.000000000000000000e+00 3.200000000000000000e+01 2.204332319668658258e+01 5.845449435721858933e+00
5.000000000000000000e+00 6.400000000000000000e+01 2.142401589348407498e+01 5.150720789632354801e+00
5.000000000000000000e+00 1.280000000000000000e+02 1.977781092809762598e+01 3.800657626156026758e+00
