3.125000000000000000e-02 1.228023559337150683e+00 1.811516585375609611e-01
6.250000000000000000e-02 1.468013723618940336e+00 7.158676609876571950e-01
1.250000000000000000e-01 9.488227729782952480e+00 7.681330432576642941e+00
2.500000000000000000e-01 2.063681476990173991e+01 3.704787198202863951e+00
5.000000000000000000e-01 2.159943425069882039e+01 4.349065517654310042e+00
1.000000000000000000e+00 1.442555685783942998e+01 5.611534638950244513e+00
2.000000000000000000e+00 9.402067377656271319e+00 3.437721850097221310e+00
4.000000000000000000e+00 8.028496217345772124e+00 2.702564022533898047e+00
8.000000000000000000e+00 7.023594158455383152e+00 2.215251672268014005e+00
1.600000000000000000e+01 6.385869109336552718e+00 1.216533291309319420e+00
3.200000000000000000e+01 6.395062146390526614e+00 1.400919280762507935e+00
6.400000000000000000e+01 6.042140793137799726e+00 1.204730393910013131e+00
1.280000000000000000e+02 5.936000381252785729e+00 8.528260478863400884e-01
2.560000000000000000e+02 6.109873738071856408e+00 7.038203398579949699e-01
5.120000000000000000e+02 5.747942267306231479e+00 4.258416775678606214e-01
1.024000000000000000e+03 5.804486426288385736e+00 4.506559033927530766e-01
