3.125000000000000000e-02 1.226941472661944088e+00 1.784634074227849643e-01
6.250000000000000000e-02 1.478767432128728077e+00 7.472878489809294811e-01
1.250000000000000000e-01 9.540702565998323337e+00 7.726586250088431918e+00
2.500000000000000000e-01 2.073709065739650015e+01 3.599951925863866808e+00
5.000000000000000000e-01 2.202055895860670631e+01 4.488776837131738695e+00
1.000000000000000000e+00 1.519645662082052340e+01 5.807501442953038051e+00
2.000000000000000000e+00 1.034989447114640271e+01 3.888702058784720972e+00
4.000000000000000000e+00 8.882629277362156017e+00 3.033065579853095439e+00
8.000000000000000000e+00 7.870394158587480149e+00 2.692841528616066515e+00
1.600000000000000000e+01 7.226542338375227637e+00 1.522258667880535210e+00
3.200000000000000000e+01 7.208883706846448192e+00 1.686205845611887577e+00
6.400000000000000000e+01 6.759725802761872515e+00 1.523874897172197374e+00
1.280000000000000000e+02 6.616849409822106232e+00 1.007903445179037183e+00
2.560000000000000000e+02 6.865837821006094188e+00 8.320274270975968056e-01
5.120000000000000000e+02 6.390203676736240013e+00 5.290009911329054404e-01
1.024000000000000000e+03 6.436807604975643748e+00 6.718493082218214285e-01
