3.125000000000000000e-02 1.228141998493065712e+00 1.778714978835651828e-01
6.250000000000000000e-02 1.478916368388257352e+00 7.467898838320381483e-01
1.250000000000000000e-01 9.541205857259820178e+00 7.728364883962671072e+00
2.500000000000000000e-01 2.087428706103759879e+01 3.660037985590855136e+00
5.000000000000000000e-01 2.211227631703662411e+01 4.479852661516557255e+00
1.000000000000000000e+00 1.530309294502466244e+01 5.839558128641342272e+00
2.000000000000000000e+00 1.054283456213780923e+01 3.925409765122613859e+00
4.000000000000000000e+00 9.513513481294339158e+00 3.342590019332553286e+00
8.000000000000000000e+00 8.467991683681098891e+00 2.949400676204412264e+00
1.600000000000000000e+01 7.772803491696095080e+00 1.782066485920012155e+00
3.200000000000000000e+01 7.744328623493544228e+00 1.895788828549031635e+00
6.400000000000000000e+01 7.294234714050833013e+00 1.635410995382133192e+00
1.280000000000000000e+02 7.109210872622232280e+00 1.092357988131523516e+00
2.560000000000000000e+02 7.427706120584515403e+00 1.080143347560075018e+00
5.120000000000000000e+02 6.941391368350855018e+00 5.959771053274222075e-01
1.024000000000000000e+03 6.919056932221756995e+00 7.356596766505916207e-01
