3.125000000000000000e-02 1.228140892829638897e+00 1.778164453475076234e-01
6.250000000000000000e-02 1.479144753150174907e+00 7.474727647730728952e-01
1.250000000000000000e-01 9.541735178930544237e+00 7.728866359487856386e+00
2.500000000000000000e-01 2.092536578382962986e+01 3.696395441952657901e+00
5.000000000000000000e-01 2.221861089073196993e+01 4.545980372161952054e+00
1.000000000000000000e+00 1.534471502648508157e+01 5.896750009640788548e+00
2.000000000000000000e+00 1.060721373625552033e+01 3.926658773482160747e+00
4.000000000000000000e+00 9.700544323099874688e+00 3.376896558289963934e+00
8.000000000000000000e+00 8.901994836008007894e+00 3.145943550434306957e+00
1.600000000000000000e+01 8.178105651682987087e+00 1.864621855610868018e+00
3.200000000000000000e+01 8.119535713306651914e+00 2.002990118090817617e+00
6.400000000000000000e+01 7.624402862302529726e+00 1.774805613655141556e+00
1.280000000000000000e+02 7.453237552803869903e+00 1.202821667016807927e+00
2.560000000000000000e+02 7.788820600662887728e+00 1.098081095872333046e+00
5.120000000000000000e+02 7.254680382431379471e+00 6.127608195712095362e-01
1.024000000000000000e+03 7.336421212884438603e+00 9.132242039085044505e-01
