3.125000000000000000e-02 1.175178769894018815e+00 5.470571238634386324e-02
6.250000000000000000e-02 1.246603907984679349e+00 1.100154717034264457e-01
1.250000000000000000e-01 2.367525757423676769e+00 1.304739311928813539e+00
2.500000000000000000e-01 4.172407900335910469e+00 9.863909519030186202e-01
5.000000000000000000e-01 4.895381573123646746e+00 4.145249337385302768e-01
1.000000000000000000e+00 3.962279372943730671e+00 7.033110575289597266e-01
2.000000000000000000e+00 3.258679921044827843e+00 8.086762929693057655e-01
4.000000000000000000e+00 3.147255041578711499e+00 6.520233265652379817e-01
8.000000000000000000e+00 2.688258005993339417e+00 5.129915105362540251e-01
1.600000000000000000e+01 2.561572601832952323e+00 2.043596962181185861e-01
3.200000000000000000e+01 2.620440226359877389e+00 3.360759256846420073e-01
6.400000000000000000e+01 2.664065892753124665e+00 4.668863251808860193e-01
1.280000000000000000e+02 2.560059115523194873e+00 3.134003209949720592e-01
2.560000000000000000e+02 2.581790082275545295e+00 3.082045047874421018e-01
5.120000000000000000e+02 2.603769176147420872e+00 3.059520865095635700e-01
1.024000000000000000e+03 2.406275172569352083e+00 3.080736640620135303e-01
