3.125000000000000000e-02 1.210732232370104411e+00 1.325355340793976378e-01
6.250000000000000000e-02 1.436547233143864011e+00 6.059947779652397060e-01
1.250000000000000000e-01 8.157875540379963653e+00 6.542434658568006434e+00
2.500000000000000000e-01 1.604190598442320237e+01 2.601490875439722572e+00
5.000000000000000000e-01 1.615154816769578972e+01 2.239329019054698833e+00
1.000000000000000000e+00 1.138547625594566171e+01 3.800127884846113524e+00
2.000000000000000000e+00 7.632130901461579242e+00 2.707015446225900845e+00
4.000000000000000000e+00 6.498431770308144451e+00 2.004816820037491176e+00
8.000000000000000000e+00 5.641683478634209159e+00 1.529861733548201430e+00
1.600000000000000000e+01 5.059718098641167394e+00 9.062386987558549434e-01
3.200000000000000000e+01 5.114041222136100906e+00 9.861916066720707308e-01
6.400000000000000000e+01 4.843588611957637902e+00 8.710149004102437642e-01
1.280000000000000000e+02 4.833899994313312298e+00 6.776443551840800605e-01
2.560000000000000000e+02 4.836659998537567340e+00 4.038933383227141793e-01
5.120000000000000000e+02 4.650703608924859012e+00 3.907860721146620975e-01
1.024000000000000000e+03 4.723323050399885759e+00 2.877427710125723404e-01
