4.000000000000000000e+00 6.250000000000000000e-02 0.000000000000000000e+00 4.716852147140350726e-01 2.229377327889812133e-01 -4.545234968404305849e-04 -5.825663102829328841e-04 8.677501531642807964e-05
4.000000000000000000e+00 1.250000000000000000e-01 0.000000000000000000e+00 4.475601730974179682e-02 3.323030772747131989e-02 -3.956328334393258909e-04 -1.067429446188040889e-03 6.278301087887844158e-04
4.000000000000000000e+00 2.500000000000000000e-01 0.000000000000000000e+00 2.800493577728478158e-03 6.247766611625136038e-03 -7.810960925303466699e-04 -2.693893596608752140e-03 1.688327837041085416e-03
4.000000000000000000e+00 5.000000000000000000e-01 0.000000000000000000e+00 2.121898882962973900e-05 6.118686501459891052e-05 -8.636315085665802454e-04 -3.381572624340374762e-03 1.959374559422921453e-03
4.000000000000000000e+00 1.000000000000000000e+00 0.000000000000000000e+00 9.443555690962137239e-10 2.579569039734018709e-09 -2.776496750245035085e-04 -1.469120169627663669e-03 1.845891379488315016e-03
4.000000000000000000e+00 2.000000000000000000e+00 0.000000000000000000e+00 5.565488419721217519e-12 2.751328701843674319e-12 4.315747090172100540e-05 -3.238516921036563409e-04 3.974560743723936306e-04
4.000000000000000000e+00 4.000000000000000000e+00 0.000000000000000000e+00 1.556402186867311621e-10 4.548750541769559939e-10 2.644745285833472880e-04 -6.356723583886877537e-04 1.428586594093735930e-03
4.000000000000000000e+00 8.000000000000000000e+00 0.000000000000000000e+00 3.093169476946460930e-12 7.729230475428958827e-13 3.421418727475348479e-04 5.573305861450311309e-05 2.609862760471754048e-04
4.000000000000000000e+00 1.600000000000000000e+01 0.000000000000000000e+00 2.024744727887638016e-11 4.437085067528096846e-11 2.674535132462791515e-04 -2.795813961062034391e-04 1.039131329212150158e-03
4.000000000000000000e+00 3.200000000000000000e+01 0.000000000000000000e+00 1.245925056886147266e-11 5.763735416303571552e-12 2.947032983410109675e-04 -1.583224296870750576e-04 6.063492115005947661e-04
4.000000000000000000e+00 6.400000000000000000e+01 0.000000000000000000e+00 2.192804854263827513e-11 6.670263640057553974e-12 3.186723172246886705e-04 8.122530867671101835e-05 2.089823052418854235e-04
4.000000000000000000e+00 1.280000000000000000e+02 0.000000000000000000e+00 4.463578407582534268e-11 1.309304580732255077e-11 2.788194702934921666e-04 7.438070345379315718e-05 1.856750424797334084e-04
5.000000000000000000e+00 6.250000000000000000e-02 0.000000000000000000e+00 7.464120097415783972e-01 2.836324311126271480e-01 8.937593170170102371e-05 -4.510800333101754435e-04 2.347066235797492237e-04
5.000000000000000000e+00 1.250000000000000000e-01 0.000000000000000000e+00 2.439947823809896499e-01 1.970585092808987693e-01 1.544480396373239771e-04 -5.376814538566390429e-04 3.122647782322715169e-04
5.000000000000000000e+00 2.500000000000000000e-01 0.000000000000000000e+00 7.553228071447436187e-02 1.785419054534377881e-01 -4.622948021801552847e-04 -1.661700739149674522e-03 8.736377241413417500e-04
5.000000000000000000e+00 5.000000000000000000e-01 0.000000000000000000e+00 3.782899040651320575e-03 1.001343175354585044e-02 -4.769024729750710777e-04 -3.616979377942836950e-03 1.721201279424091832e-03
5.000000000000000000e+00 1.000000000000000000e+00 0.000000000000000000e+00 6.144287692229633002e-04 1.234099196417138200e-03 -3.828714995476825310e-04 -1.377485235059629221e-03 1.708874782245609633e-03
5.000000000000000000e+00 2.000000000000000000e+00 0.000000000000000000e+00 6.253917359370755923e-04 1.308534136914835024e-03 2.103806725561338064e-04 -9.304261942858126294e-04 1.568206048385965530e-03
5.000000000000000000e+00 4.000000000000000000e+00 0.000000000000000000e+00 7.802340264630040810e-04 1.882259220208688799e-03 2.256850757106008661e-04 -7.413836033944266272e-04 1.889402034171578856e-03
5.000000000000000000e+00 8.000000000000000000e+00 0.000000000000000000e+00 7.136349097290665923e-04 1.735247825852528599e-03 3.774080933362583480e-04 -4.320105441155734855e-04 1.072527939561494347e-03
5.000000000000000000e+00 1.600000000000000000e+01 0.000000000000000000e+00 2.220191040174656402e-03 5.256252168403505003e-03 2.127043674844554923e-04 -3.354434881259920394e-04 8.614097267671633152e-04
5.000000000000000000e+00 3.200000000000000000e+01 0.000000000000000000e+00 8.024270216034660660e-04 2.061644131526437808e-03 2.346875307928908937e-04 -4.184439678909155323e-04 8.130057157098105353e-04
5.000000000000000000e+00 6.400000000000000000e+01 0.000000000000000000e+00 2.154881269658723286e-03 4.419673506025403702e-03 2.698738898938019405e-04 -3.061451145364072314e-04 7.488682892201757764e-04
5.000000000000000000e+00 1.280000000000000000e+02 0.000000000000000000e+00 1.114966484500632977e-03 2.977863014301311735e-03 1.943676380611340977e-04 -8.435676248082770660e-05 3.537453963505953923e-04
