4.000000000000000000e+00 6.250000000000000000e-02 2.999999999999999889e-01 4.717058663735039792e-01 2.228977904778719488e-01 -4.539040791643135964e-04 -5.825159402975026504e-04 8.682733322576749587e-05
4.000000000000000000e+00 1.250000000000000000e-01 2.999999999999999889e-01 4.486327854004578536e-02 3.333233399138736675e-02 -3.916436303755316175e-04 -1.066139419084684292e-03 6.272224544636733788e-04
4.000000000000000000e+00 2.500000000000000000e-01 2.999999999999999889e-01 2.920326178044525735e-03 6.498975658800360336e-03 -7.749264838811757965e-04 -2.523602942349062288e-03 1.478207585261791766e-03
4.000000000000000000e+00 5.000000000000000000e-01 2.999999999999999889e-01 2.588484476972221756e-05 7.586300687400530029e-05 6.507350058722049808e-05 -2.435855072771110109e-03 1.860402205996805917e-03
4.000000000000000000e+00 1.000000000000000000e+00 2.999999999999999889e-01 1.815813789714975571e-09 4.650777318429243982e-09 9.627576207796259306e-05 -8.678545633535863710e-04 1.901610758965037928e-03
4.000000000000000000e+00 2.000000000000000000e+00 2.999999999999999889e-01 5.701475674754397620e-12 3.254222152534188441e-12 1.431450364435203875e-04 -1.511211580520974078e-06 3.347654741674603932e-04
4.000000000000000000e+00 4.000000000000000000e+00 2.999999999999999889e-01 9.027123680527151091e-11 2.555917991797544680e-10 2.812712282946627264e-04 -4.419657566871419284e-04 1.282512912315826158e-03
4.000000000000000000e+00 8.000000000000000000e+00 2.999999999999999889e-01 3.528005218003939932e-12 1.039303832948274312e-12 2.908480432965722916e-04 1.699740128215992063e-04 1.735623115302519697e-04
4.000000000000000000e+00 1.600000000000000000e+01 2.999999999999999889e-01 2.960046510790126817e-11 7.019505093453021198e-11 3.103254826801613779e-04 -1.042668835877325702e-04 9.725080399695674440e-04
4.000000000000000000e+00 3.200000000000000000e+01 2.999999999999999889e-01 1.306214157116110730e-11 4.630615198381449848e-12 3.202779508241589872e-04 1.172669514333467381e-04 3.368043485048089511e-04
4.000000000000000000e+00 6.400000000000000000e+01 2.999999999999999889e-01 2.510891894340230303e-11 9.255268132414044196e-12 2.922094079246676575e-04 2.383413042168625712e-04 4.791127659896318475e-05
4.000000000000000000e+00 1.280000000000000000e+02 2.999999999999999889e-01 5.319562899027638024e-11 1.923003131178363024e-11 3.186715526342915987e-04 2.349117368498897533e-04 4.816963163872255995e-05
5.000000000000000000e+00 6.250000000000000000e-02 2.999999999999999889e-01 7.466969060664394586e-01 2.836483138543467453e-01 9.030333896851726924e-05 -4.513249097696725920e-04 2.348975021465648594e-04
5.000000000000000000e+00 1.250000000000000000e-01 2.999999999999999889e-01 2.448382985127819933e-01 1.972014286387906157e-01 1.527025811594947711e-04 -5.388435645108482271e-04 3.124746185537766435e-04
5.000000000000000000e+00 2.500000000000000000e-01 2.999999999999999889e-01 7.580385499371858349e-02 1.779965082367820917e-01 -4.597008077659543376e-04 -1.650759715252267694e-03 8.624927896585669104e-04
5.000000000000000000e+00 5.000000000000000000e-01 2.999999999999999889e-01 3.763402582191471141e-03 1.006689572563925807e-02 -4.692371410840502654e-04 -3.244907305891284090e-03 1.596768895656444556e-03
5.000000000000000000e+00 1.000000000000000000e+00 2.999999999999999889e-01 8.910704015989078745e-04 2.218210128941108632e-03 8.844320256109472196e-05 -8.821206550711479513e-04 1.567952220968145752e-03
5.000000000000000000e+00 2.000000000000000000e+00 2.999999999999999889e-01 8.563242789309504898e-04 1.913558517723935436e-03 1.818322079449290608e-04 -6.040500095023841956e-04 1.480385932235356045e-03
5.000000000000000000e+00 4.000000000000000000e+00 2.999999999999999889e-01 1.330522656962148309e-03 2.676574628136969228e-03 2.169956961388244741e-04 -6.084817513123504584e-04 1.870033329800304149e-03
5.000000000000000000e+00 8.000000000000000000e+00 2.999999999999999889e-01 7.082381235362516809e-04 1.419943602319740207e-03 2.961308535921639376e-04 -4.132449422947290642e-04 1.328044776977956379e-03
5.000000000000000000e+00 1.600000000000000000e+01 2.999999999999999889e-01 5.164913604613483771e-04 1.124192856866822925e-03 2.646219895372024355e-04 -2.592947129730037437e-04 8.994912630595708553e-04
5.000000000000000000e+00 3.200000000000000000e+01 2.999999999999999889e-01 1.043431105157056286e-03 2.087189006911558276e-03 2.574273525342449199e-04 -2.764088087646403421e-04 7.073251666211165028e-04
5.000000000000000000e+00 6.400000000000000000e+01 2.999999999999999889e-01 8.806593373477864233e-04 1.777030650037094437e-03 2.668538010900384358e-04 -1.677651427709539174e-04 6.767840406723774028e-04
5.000000000000000000e+00 1.280000000000000000e+02 2.999999999999999889e-01 2.016632869429040454e-03 4.131560242418451032e-03 2.837280805014715012e-04 7.219999079379773210e-05 3.309830068302001683e-04
