4.000000000000000000e+00 6.250000000000000000e-02 6.999999999999999556e-01 4.717311968075871276e-01 2.228395141276687252e-01 -4.531244838734596451e-04 -5.824903400293583635e-04 8.692415532617272383e-05
4.000000000000000000e+00 1.250000000000000000e-01 6.999999999999999556e-01 4.502357475239304047e-02 3.348401685690956947e-02 -3.877127662890813057e-04 -1.064608639287508872e-03 6.260574388899429023e-04
4.000000000000000000e+00 2.500000000000000000e-01 6.999999999999999556e-01 3.070007516961691801e-03 6.795953260757761280e-03 -7.648658110365542028e-04 -2.555881295164044113e-03 1.498100775640586954e-03
4.000000000000000000e+00 5.000000000000000000e-01 6.999999999999999556e-01 3.398812236209154257e-05 9.995982442022426355e-05 3.955554680257505776e-05 -2.502603337580627026e-03 1.926040895604958858e-03
4.000000000000000000e+00 1.000000000000000000e+00 6.999999999999999556e-01 5.203314814401011573e-09 1.214952748361375509e-08 3.463841909887697713e-05 -1.010190472584451609e-03 2.053569057359191496e-03
4.000000000000000000e+00 2.000000000000000000e+00 6.999999999999999556e-01 1.155052340959623041e-11 7.244247635600734955e-12 2.690958371400781286e-05 -1.107666483401768636e-04 3.284898847753285828e-04
4.000000000000000000e+00 4.000000000000000000e+00 6.999999999999999556e-01 3.974690300732960936e-11 8.219712308220639628e-11 2.032567136470680997e-06 -5.764334582399180179e-04 1.135174138950915306e-03
4.000000000000000000e+00 8.000000000000000000e+00 6.999999999999999556e-01 8.293538088341653372e-12 3.110687522610145288e-12 2.276081126177985299e-05 -1.110697419940190187e-04 2.795321022262837324e-04
4.000000000000000000e+00 1.600000000000000000e+01 6.999999999999999556e-01 4.062904746502864123e-11 8.006134269818606619e-11 1.152843234986322732e-05 -3.467173654158358493e-04 8.971193410441820858e-04
4.000000000000000000e+00 3.200000000000000000e+01 6.999999999999999556e-01 2.839133169713824076e-11 1.104091478524000200e-11 2.489109965998187311e-06 -7.488074713674601349e-05 1.892181634156873168e-04
4.000000000000000000e+00 6.400000000000000000e+01 6.999999999999999556e-01 5.840308308580904385e-11 2.627417374956879400e-11 1.148608117559909966e-05 -1.887496888631502566e-05 1.502473955308941970e-05
4.000000000000000000e+00 1.280000000000000000e+02 6.999999999999999556e-01 1.376300526484003332e-10 7.125223633249963023e-11 -1.208504986353095631e-05 -2.328107316427893242e-05 8.632121548527951120e-06
5.000000000000000000e+00 6.250000000000000000e-02 6.999999999999999556e-01 7.470161182194929861e-01 2.836494284579018643e-01 9.145133044297445871e-05 -4.515595774848715316e-04 2.351145973719229231e-04
5.000000000000000000e+00 1.250000000000000000e-01 6.999999999999999556e-01 2.458465633400997441e-01 1.973959982740078611e-01 1.504196045026284800e-04 -5.403101221442795088e-04 3.127891952357679311e-04
5.000000000000000000e+00 2.500000000000000000e-01 6.999999999999999556e-01 7.615945523066011691e-02 1.773208330111528952e-01 -4.554846943153453755e-04 -1.636491147305141726e-03 8.474892962951515981e-04
5.000000000000000000e+00 5.000000000000000000e-01 6.999999999999999556e-01 3.766185601236860664e-03 1.016709063444408596e-02 -4.942325971262860737e-04 -3.402365254073026150e-03 1.619965376532732197e-03
5.000000000000000000e+00 1.000000000000000000e+00 6.999999999999999556e-01 1.412326247615846653e-03 4.128656428887036642e-03 3.478411770138371877e-05 -1.041586108075710218e-03 1.728286616779882261e-03
5.000000000000000000e+00 2.000000000000000000e+00 6.999999999999999556e-01 1.320739814476918012e-03 3.753261572911727531e-03 2.217116457186594966e-05 -5.798919410070637421e-04 1.334425369049101803e-03
5.000000000000000000e+00 4.000000000000000000e+00 6.999999999999999556e-01 2.737125144763634214e-03 5.848029577372544988e-03 6.566351024291108853e-06 -6.488580885955143752e-04 1.550200207622039411e-03
5.000000000000000000e+00 8.000000000000000000e+00 6.999999999999999556e-01 7.253079291256249754e-04 1.475819192129115311e-03 7.489143260805645031e-06 -7.222831721870924884e-04 1.638914475246942707e-03
5.000000000000000000e+00 1.600000000000000000e+01 6.999999999999999556e-01 1.527768006102951572e-03 3.647847481316979397e-03 -2.637111013863664601e-06 -5.290404055757062015e-04 1.131985487621110439e-03
5.000000000000000000e+00 3.200000000000000000e+01 6.999999999999999556e-01 3.038836247264997703e-04 6.133287703957502387e-04 8.761544333296644152e-06 -7.614209225198692631e-04 1.258485435167028006e-03
5.000000000000000000e+00 6.400000000000000000e+01 6.999999999999999556e-01 1.306974093147954871e-03 2.738326953506859968e-03 1.872558713129968187e-05 -3.676655324104132123e-04 6.951913715955829231e-04
5.000000000000000000e+00 1.280000000000000000e+02 6.999999999999999556e-01 5.421023498662108642e-03 1.142334689606636436e-02 4.192933609584780920e-06 -1.244437855333994372e-04 2.875185804594350826e-04
