1.000000000000000000e+00 6.250000000000000000e-02 0.000000000000000000e+00 3.766270495081065484e-01 3.899972363427451350e-01 -2.801987061548285164e-04 -7.174727155786952883e-04 3.297314867450134267e-04
1.000000000000000000e+00 1.250000000000000000e-01 0.000000000000000000e+00 7.586380998137134957e-02 9.377858869960239985e-02 -4.137639163118903940e-04 -1.944901038906104648e-03 1.504456452125271185e-03
1.000000000000000000e+00 2.500000000000000000e-01 0.000000000000000000e+00 1.463041578191503133e-03 1.732067887997771130e-03 -2.873784836858967536e-04 -1.560674455853972150e-03 1.219891271731899426e-03
1.000000000000000000e+00 5.000000000000000000e-01 0.000000000000000000e+00 4.260094770369083137e-06 1.241994468346340735e-05 -1.132452653951613908e-04 -2.593579444669248842e-03 2.444695954180544674e-03
1.000000000000000000e+00 1.000000000000000000e+00 0.000000000000000000e+00 4.081979960307552104e-05 1.224593883981406632e-04 -1.137320011069242460e-04 -4.640302447253721700e-04 5.598845526117740166e-04
1.000000000000000000e+00 2.000000000000000000e+00 0.000000000000000000e+00 3.056140648887141308e-05 9.168421236523214158e-05 -1.643805729263271434e-04 -3.240221714652111520e-04 1.064202984823072173e-04
1.000000000000000000e+00 4.000000000000000000e+00 0.000000000000000000e+00 6.805441073791324090e-05 2.041632253895561027e-04 -1.198020408883510300e-04 -4.474677508674914511e-04 3.743312489325357085e-04
1.000000000000000000e+00 8.000000000000000000e+00 0.000000000000000000e+00 2.446743950268363106e-06 7.340227701177116332e-06 -1.669913337428553335e-04 -4.948579606076345836e-04 5.227708556575903385e-04
1.000000000000000000e+00 1.600000000000000000e+01 0.000000000000000000e+00 7.023025521562319836e-06 2.106907147293682973e-05 -1.603102926931263428e-04 -4.998595879021532420e-04 5.540466082081746749e-04
1.000000000000000000e+00 3.200000000000000000e+01 0.000000000000000000e+00 1.791929025373799547e-06 5.375775442897004413e-06 -1.391104463940782921e-04 -5.524557783343829291e-04 4.987388175411488003e-04
1.000000000000000000e+00 6.400000000000000000e+01 0.000000000000000000e+00 2.888392365844818626e-08 8.662855241544480929e-08 -2.889857179054058163e-04 -7.234655150638336649e-04 9.056984075031563556e-04
1.000000000000000000e+00 1.280000000000000000e+02 0.000000000000000000e+00 9.088072350021670264e-08 2.724205473260298892e-07 -2.119975887094644070e-04 -9.812360091391585278e-04 1.076238339441099989e-03
