2.000000000000000000e+00 6.250000000000000000e-02 6.999999999999999556e-01 2.978323257835197024e-01 2.424841213571932164e-01 -1.068770405273981828e-04 -5.520474034669297422e-04 2.906521029075180324e-04
2.000000000000000000e+00 1.250000000000000000e-01 6.999999999999999556e-01 1.115701176456632693e-01 1.899972587693470327e-01 -3.695021623159573470e-04 -1.525618250642903854e-03 1.213150569805810470e-03
2.000000000000000000e+00 2.500000000000000000e-01 6.999999999999999556e-01 1.346274520030506586e-02 2.504061677040319081e-02 -1.305045150547124312e-04 -1.572206300919182839e-03 9.114818828078517874e-04
2.000000000000000000e+00 5.000000000000000000e-01 6.999999999999999556e-01 1.324591276377369954e-04 3.685399528388498438e-04 -1.260159743868154744e-04 -2.417926799369688427e-03 2.019324187154567310e-03
2.000000000000000000e+00 1.000000000000000000e+00 6.999999999999999556e-01 1.571982179993558836e-07 3.192851777689601968e-07 -7.863005767166021036e-05 -2.281315143234549127e-03 2.296063824399341424e-03
2.000000000000000000e+00 2.000000000000000000e+00 6.999999999999999556e-01 1.247895065064513325e-11 1.827433248601234875e-11 -5.857709979924104025e-05 -5.872381947488471664e-04 1.116271045028085053e-03
2.000000000000000000e+00 4.000000000000000000e+00 6.999999999999999556e-01 5.437402961376912415e-12 2.971379672911576174e-12 -5.085675750844020671e-05 -8.139196524066241647e-05 1.746670222152296354e-05
2.000000000000000000e+00 8.000000000000000000e+00 6.999999999999999556e-01 6.519455255524809847e-12 4.654350957289950813e-12 -4.463745075241175460e-05 -7.188490545552794308e-05 2.208227474120920026e-05
2.000000000000000000e+00 1.600000000000000000e+01 6.999999999999999556e-01 1.244284022733018399e-11 8.763068352134128804e-12 -3.725568586338506947e-05 -6.890629861004873684e-05 2.092220560091454589e-05
2.000000000000000000e+00 3.200000000000000000e+01 6.999999999999999556e-01 2.431508737398874751e-11 1.656411627137001580e-11 -3.679661206055732513e-05 -7.334955763304589122e-05 2.116580862679634948e-05
2.000000000000000000e+00 6.400000000000000000e+01 6.999999999999999556e-01 4.687777927380347899e-11 2.937314144133802334e-11 -4.158055890281861652e-05 -7.014411993632718441e-05 2.012836999654409867e-05
2.000000000000000000e+00 1.280000000000000000e+02 6.999999999999999556e-01 9.220356320098153137e-11 5.502609805807099273e-11 -3.673576667302039781e-05 -6.749925726216457293e-05 1.950762794759427753e-05
3.000000000000000000e+00 6.250000000000000000e-02 6.999999999999999556e-01 5.301108630953025314e-01 2.476706708633031329e-01 -2.061016754257955722e-04 -4.341629597053004537e-04 1.078128228946954631e-04
3.000000000000000000e+00 1.250000000000000000e-01 6.999999999999999556e-01 1.106652702045715503e-01 1.246719273070404366e-01 -3.256033592009620987e-04 -1.008182850282246133e-03 6.535179408881370937e-04
3.000000000000000000e+00 2.500000000000000000e-01 6.999999999999999556e-01 1.246625290271202897e-02 2.670607043287540755e-02 -9.234483177863842289e-04 -2.709203809438921143e-03 1.302238812075836097e-03
3.000000000000000000e+00 5.000000000000000000e-01 6.999999999999999556e-01 4.834767850787012442e-05 1.285179009804073361e-04 -1.278603082801945160e-04 -2.448995778104031545e-03 2.063900746645148943e-03
3.000000000000000000e+00 1.000000000000000000e+00 6.999999999999999556e-01 2.408410744883180456e-09 5.810533391185780157e-09 -1.016831718800804355e-04 -1.430871350650020964e-03 1.986121747192383033e-03
3.000000000000000000e+00 2.000000000000000000e+00 6.999999999999999556e-01 2.931988972669685598e-07 8.795596386975328295e-07 -4.404381645736858968e-05 -5.247522915676105159e-04 1.305413124262882812e-03
3.000000000000000000e+00 4.000000000000000000e+00 6.999999999999999556e-01 2.187211791039645308e-05 6.561632358287366107e-05 -5.848500284309734629e-05 -4.378903348418055654e-04 8.178598104439947824e-04
3.000000000000000000e+00 8.000000000000000000e+00 6.999999999999999556e-01 9.879592987470956409e-08 2.824523463650155390e-07 -3.744999293076712823e-05 -1.127308126560797909e-03 2.127888376740968372e-03
3.000000000000000000e+00 1.600000000000000000e+01 6.999999999999999556e-01 1.806870215154587290e-08 5.411150420728957798e-08 -4.002562713355585792e-05 -9.746564570343280946e-04 1.831914121865293923e-03
3.000000000000000000e+00 3.200000000000000000e+01 6.999999999999999556e-01 7.140193529409019482e-07 2.141969601652989284e-06 -4.347325722987817402e-05 -6.759449693537769805e-04 1.232885454135641389e-03
3.000000000000000000e+00 6.400000000000000000e+01 6.999999999999999556e-01 4.999535171424084974e-10 9.249592501965787980e-10 -3.457187509706060257e-05 -6.544195034144633782e-04 1.196690548476101379e-03
3.000000000000000000e+00 1.280000000000000000e+02 6.999999999999999556e-01 2.027287012873579699e-10 2.777552403546414587e-10 -3.108803681288370570e-05 -3.813395692668462974e-04 7.726912004379114319e-04
