2.000000000000000000e+00 6.250000000000000000e-02 0.000000000000000000e+00 2.977701046346666880e-01 2.419984950764410558e-01 -1.026671484666451310e-04 -5.532269474265577580e-04 2.950355636979388823e-04
2.000000000000000000e+00 1.250000000000000000e-01 0.000000000000000000e+00 1.113308894798757248e-01 1.908101545861564940e-01 -3.798074564827484288e-04 -1.524867976390893764e-03 1.213322931997354043e-03
2.000000000000000000e+00 2.500000000000000000e-01 0.000000000000000000e+00 1.286415036241875601e-02 2.347802318301133936e-02 -4.614955360516559434e-04 -1.882811268877206384e-03 1.207703583607030833e-03
2.000000000000000000e+00 5.000000000000000000e-01 0.000000000000000000e+00 4.903833149891446009e-05 1.256969084587017220e-04 -4.551276573876565667e-04 -2.641376565943201991e-03 1.975192682812638208e-03
2.000000000000000000e+00 1.000000000000000000e+00 0.000000000000000000e+00 7.064891406329636736e-10 1.408305106522629901e-09 -4.509364431549343325e-04 -2.189353174657186069e-03 1.901606652820193432e-03
2.000000000000000000e+00 2.000000000000000000e+00 0.000000000000000000e+00 3.136966886145732401e-12 2.032897072927887402e-12 -3.476839129957694794e-04 -5.481860548021543367e-04 1.163720558351243961e-04
2.000000000000000000e+00 4.000000000000000000e+00 0.000000000000000000e+00 3.204888890574906453e-12 1.582077763230606449e-12 -4.315592265749327314e-04 -5.542901582757107145e-04 9.337264997666107564e-05
2.000000000000000000e+00 8.000000000000000000e+00 0.000000000000000000e+00 2.925107717911904419e-12 2.080303714319665328e-12 -3.968022693943485985e-04 -6.166711985639703386e-04 1.441342107064316313e-04
2.000000000000000000e+00 1.600000000000000000e+01 0.000000000000000000e+00 5.131690781147023450e-12 3.404876543667521603e-12 -3.996340790074855067e-04 -6.712526580084086144e-04 1.767034759656925373e-04
2.000000000000000000e+00 3.200000000000000000e+01 0.000000000000000000e+00 9.962267848577712303e-12 5.849207338690420693e-12 -4.787310636434410297e-04 -6.792510738394435307e-04 1.394310517176323744e-04
2.000000000000000000e+00 6.400000000000000000e+01 0.000000000000000000e+00 1.946982473816244024e-11 1.064885145931690464e-11 -4.751324672891004981e-04 -6.952426097738266964e-04 1.609320939429549743e-04
2.000000000000000000e+00 1.280000000000000000e+02 0.000000000000000000e+00 3.937990581605549932e-11 2.169824676085626824e-11 -4.464437427240151380e-04 -7.407974276829727657e-04 1.498928463584249071e-04
3.000000000000000000e+00 6.250000000000000000e-02 0.000000000000000000e+00 5.299836117434797433e-01 2.474052751366561942e-01 -2.057280297676194602e-04 -4.338676238377581966e-04 1.073922158134749783e-04
3.000000000000000000e+00 1.250000000000000000e-01 0.000000000000000000e+00 1.097056108729295848e-01 1.225522331552472283e-01 -3.305020136145256728e-04 -1.010278632818325389e-03 6.538046854955576869e-04
3.000000000000000000e+00 2.500000000000000000e-01 0.000000000000000000e+00 1.174200101394290256e-02 2.471256090259702290e-02 -9.196510319214841814e-04 -2.779900467694819150e-03 1.349300101454662055e-03
3.000000000000000000e+00 5.000000000000000000e-01 0.000000000000000000e+00 3.809164892496149388e-05 9.959979504121308706e-05 -4.564414779937797325e-04 -3.049112255648554932e-03 2.396546366562175411e-03
3.000000000000000000e+00 1.000000000000000000e+00 0.000000000000000000e+00 6.687595409323982891e-10 1.979477050027913379e-09 -4.351620662056771222e-04 -1.284265833554384733e-03 1.492921653754003975e-03
3.000000000000000000e+00 2.000000000000000000e+00 0.000000000000000000e+00 1.363403948039202293e-07 4.090060939720528891e-07 -4.176062435425950529e-04 -8.613503008636554797e-04 1.126682744062045211e-03
3.000000000000000000e+00 4.000000000000000000e+00 0.000000000000000000e+00 2.336115420444499670e-08 7.007204452097478208e-08 -4.090355643389155809e-04 -9.903319566325228737e-04 1.270719352054875068e-03
3.000000000000000000e+00 8.000000000000000000e+00 0.000000000000000000e+00 7.048487034485430382e-11 1.423965717164127391e-10 -4.600745071554827436e-04 -1.366546235906493942e-03 1.520903336339329099e-03
3.000000000000000000e+00 1.600000000000000000e+01 0.000000000000000000e+00 4.051981567718337326e-09 1.214505641660577521e-08 -5.308294234119370451e-04 -1.198722730747437543e-03 1.594451106334721611e-03
3.000000000000000000e+00 3.200000000000000000e+01 0.000000000000000000e+00 5.621293211625037510e-08 1.686169089479949244e-07 -5.776108013079506512e-04 -1.138580774124954608e-03 1.322180649264360431e-03
3.000000000000000000e+00 6.400000000000000000e+01 0.000000000000000000e+00 1.671002816462948862e-11 9.893603823541796455e-12 -4.842362940131782548e-04 -7.806309525939447366e-04 3.109270163738616440e-04
3.000000000000000000e+00 1.280000000000000000e+02 0.000000000000000000e+00 3.087423832558008198e-11 1.687247660366896655e-11 -5.747268378426884702e-04 -7.494877064811810265e-04 1.076075686448999680e-04
