1.000000000000000000e+00 6.250000000000000000e-02 0.000000000000000000e+00 2.035801652337190792e-01 8.534490902715084759e-02 4.595881860337058811e-01 2.295418164433254971e-01 2.300463695903803840e-01
1.000000000000000000e+00 1.250000000000000000e-01 0.000000000000000000e+00 5.478063255802261000e-02 5.455194599512598608e-02 5.043047526420928184e-02 2.356613563263670885e-02 2.686433963157257299e-02
1.000000000000000000e+00 2.500000000000000000e-01 0.000000000000000000e+00 2.009706130471868978e-03 2.009706118793050476e-03 6.797222713721922993e+00 3.406288965590368090e+00 3.390933748131554903e+00
1.000000000000000000e+00 5.000000000000000000e-01 0.000000000000000000e+00 1.662766718439878356e-07 1.662661845281054753e-07 5.427094874785041156e+00 2.898526846684553071e+00 2.528568028100488085e+00
1.000000000000000000e+00 1.000000000000000000e+00 0.000000000000000000e+00 1.026973851223375868e-11 6.764703182850609088e-13 5.366139572933197321e+00 4.696748393053725934e+00 6.693911798794718315e-01
1.000000000000000000e+00 2.000000000000000000e+00 0.000000000000000000e+00 4.221520628673085743e-12 3.979242041209213860e-12 3.950835684062056430e+00 3.548542927343044440e+00 4.022927567190117681e-01
1.000000000000000000e+00 4.000000000000000000e+00 0.000000000000000000e+00 3.290236314966285662e-12 3.295153229506379400e-13 3.168094207598088463e+00 2.943228899575618840e+00 2.248653080224696232e-01
1.000000000000000000e+00 8.000000000000000000e+00 0.000000000000000000e+00 8.982651508030027409e-13 7.990814644874836801e-13 2.691746117517431536e+00 2.535695847583422591e+00 1.560502699340091670e-01
1.000000000000000000e+00 1.600000000000000000e+01 0.000000000000000000e+00 1.607285193545202281e-12 1.548821719651649325e-12 2.914664277165761597e+00 2.384763254632366269e+00 5.299010225333955493e-01
1.000000000000000000e+00 3.200000000000000000e+01 0.000000000000000000e+00 3.495489546165357313e-12 3.042660577061262810e-12 2.819631499667959229e+00 2.510681256243825654e+00 3.089502434241335749e-01
1.000000000000000000e+00 6.400000000000000000e+01 0.000000000000000000e+00 7.818535990572541817e-12 7.050012254157906403e-12 3.068014401075963349e+00 2.682851330657983979e+00 3.851630704179795917e-01
1.000000000000000000e+00 1.280000000000000000e+02 0.000000000000000000e+00 2.641409993466107457e-10 2.626197258575294392e-10 2.636547702450185771e+00 2.349621135069656752e+00 2.869265673805292405e-01
2.000000000000000000e+00 6.250000000000000000e-02 0.000000000000000000e+00 2.672155347242696211e-01 2.297356439210709866e-02 8.380577809224043495e-01 4.234143709157115465e-01 4.146434100066928030e-01
2.000000000000000000e+00 1.250000000000000000e-01 0.000000000000000000e+00 1.271038784152887964e-02 1.092379054049577407e-02 1.599499316067007626e-01 7.885411574134333634e-02 8.109581586535742626e-02
2.000000000000000000e+00 2.500000000000000000e-01 0.000000000000000000e+00 1.775496571121023192e-03 1.775496335743056075e-03 5.509828110235919674e+00 2.761328658125244306e+00 2.748499452110675367e+00
2.000000000000000000e+00 5.000000000000000000e-01 0.000000000000000000e+00 1.131229318368141305e-05 1.131228399172779119e-05 4.248746322524006303e+00 2.187090261062961893e+00 2.061656061461043965e+00
2.000000000000000000e+00 1.000000000000000000e+00 0.000000000000000000e+00 8.866218412835769077e-10 8.820981894861584909e-10 3.757724627645407711e+00 3.525007659703137008e+00 2.327169679422704807e-01
2.000000000000000000e+00 2.000000000000000000e+00 0.000000000000000000e+00 6.574971676905292160e-12 5.058005364778436606e-12 2.718614670853685134e+00 2.658645695882704274e+00 5.996897497098063745e-02
2.000000000000000000e+00 4.000000000000000000e+00 0.000000000000000000e+00 5.178073857020696024e-12 1.974309225366465096e-12 2.789762253532708236e+00 2.581702643972282107e+00 2.080596095604261286e-01
2.000000000000000000e+00 8.000000000000000000e+00 0.000000000000000000e+00 2.833245418256510680e-12 1.228743703942732952e-12 2.724277873236899072e+00 2.523445696301083174e+00 2.008321769358156761e-01
2.000000000000000000e+00 1.600000000000000000e+01 0.000000000000000000e+00 5.248641243785186529e-12 3.242594490735742729e-12 2.938350852931944424e+00 2.699626460290012631e+00 2.387243926419315709e-01
2.000000000000000000e+00 3.200000000000000000e+01 0.000000000000000000e+00 9.977535038390214236e-12 5.439553077359716812e-12 3.084713272252148197e+00 2.768719586588773041e+00 3.159936856633749347e-01
2.000000000000000000e+00 6.400000000000000000e+01 0.000000000000000000e+00 2.135916036025376262e-11 1.142071498969498733e-11 3.054089192416868048e+00 2.811639881799504526e+00 2.424493106173635226e-01
2.000000000000000000e+00 1.280000000000000000e+02 0.000000000000000000e+00 4.275895758596434325e-11 2.336066966777276817e-11 2.887469414003457135e+00 2.825139747428828230e+00 6.232966657462890581e-02
