1.000000000000000000e+00 6.250000000000000000e-02 5.000000000000000000e-01 2.035787260548115596e-01 8.534300557445081981e-02 -3.129670732666727179e-04 -6.055148212790329842e-04 2.925477480123602121e-04
1.000000000000000000e+00 1.250000000000000000e-01 5.000000000000000000e-01 5.477423120996206818e-02 5.454560354916736242e-02 -5.674175493134312950e-04 -1.967462707363659517e-03 1.400045158050228222e-03
1.000000000000000000e+00 2.500000000000000000e-01 5.000000000000000000e-01 2.011386657863533170e-03 2.011386646092289468e-03 -6.341025155169804440e-04 -1.108866412420594222e-03 4.747638969036138321e-04
1.000000000000000000e+00 5.000000000000000000e-01 5.000000000000000000e-01 1.688643945042721141e-07 1.688537555637981486e-07 -6.105533424123163900e-04 -3.040056309660293683e-03 2.429502967247977509e-03
1.000000000000000000e+00 1.000000000000000000e+00 5.000000000000000000e-01 1.041266267811238591e-11 7.110096734588094730e-13 -6.048984422768587804e-04 -6.109874018329829138e-04 6.088959556124133414e-06
1.000000000000000000e+00 2.000000000000000000e+00 5.000000000000000000e-01 4.246647116660930359e-12 4.025364525169490350e-12 -5.992084006174946357e-04 -6.084030431243673404e-04 9.194642506872704665e-06
1.000000000000000000e+00 4.000000000000000000e+00 5.000000000000000000e-01 3.323336346724576181e-12 3.298614110497110352e-13 -5.497775713748870655e-04 -1.059718199528696591e-03 5.099406281538095258e-04
1.000000000000000000e+00 8.000000000000000000e+00 5.000000000000000000e-01 8.997590872712690847e-13 8.041108960116668958e-13 -5.109273716290541317e-04 -5.701135707404017929e-04 5.918619911134766123e-05
1.000000000000000000e+00 1.600000000000000000e+01 5.000000000000000000e-01 1.620460910948254271e-12 1.564374668336132011e-12 -4.642595544077154435e-04 -5.203817400476335158e-04 5.612218563991812651e-05
1.000000000000000000e+00 3.200000000000000000e+01 5.000000000000000000e-01 3.540077193603075873e-12 3.061429303496751157e-12 -5.622654005654890335e-04 -5.679133518669980717e-04 5.647951301509038236e-06
1.000000000000000000e+00 6.400000000000000000e+01 5.000000000000000000e-01 7.906024464489872247e-12 7.121404006705970003e-12 -6.060442848788121905e-04 -6.126895629510239333e-04 6.645278072211742784e-06
1.000000000000000000e+00 1.280000000000000000e+02 5.000000000000000000e-01 2.708560933199670276e-10 2.693106910068107370e-10 -4.396917875254734110e-04 -1.803008601848481683e-03 1.363316814323008164e-03
2.000000000000000000e+00 6.250000000000000000e-02 5.000000000000000000e-01 2.668587615725893647e-01 2.283146435624403003e-02 -6.012792971173703399e-04 -6.518113904288489434e-04 5.053209331147865769e-05
2.000000000000000000e+00 1.250000000000000000e-01 5.000000000000000000e-01 1.311287008476911577e-02 1.135009020816073709e-02 -6.073133194001868046e-04 -1.581203318203083666e-03 9.738899988028968616e-04
2.000000000000000000e+00 2.500000000000000000e-01 5.000000000000000000e-01 1.728514768610904745e-03 1.728514557920215458e-03 -1.009478712379240084e-03 -2.126715624060025820e-03 1.117236911680785736e-03
2.000000000000000000e+00 5.000000000000000000e-01 5.000000000000000000e-01 1.146611832686572102e-05 1.146610785011884518e-05 -1.989746556478184632e-04 -1.754214659937927473e-03 1.555240004290108901e-03
2.000000000000000000e+00 1.000000000000000000e+00 5.000000000000000000e-01 4.295708871762421348e-08 4.294980868336266589e-08 -1.977362445566756429e-04 -2.928477740931518473e-03 2.730741496374842776e-03
2.000000000000000000e+00 2.000000000000000000e+00 5.000000000000000000e-01 8.514951530815536367e-12 4.721920184378141856e-12 -2.457026495940447196e-04 -1.370528795941607959e-03 1.124826146347563186e-03
2.000000000000000000e+00 4.000000000000000000e+00 5.000000000000000000e-01 6.144058330034670560e-12 1.955004802683892101e-12 -2.808793023292290806e-04 -2.971468527835880802e-04 1.626755045435899962e-05
2.000000000000000000e+00 8.000000000000000000e+00 5.000000000000000000e-01 4.493388305943662599e-12 1.667949263149841202e-12 -2.680235545049289986e-04 -2.797306732452881388e-04 1.170711874035914018e-05
2.000000000000000000e+00 1.600000000000000000e+01 5.000000000000000000e-01 9.133576121243999553e-12 5.699953748179673856e-12 -2.252354287305705571e-04 -2.786259087100314939e-04 5.339047997946092330e-05
2.000000000000000000e+00 3.200000000000000000e+01 5.000000000000000000e-01 1.574647112702980903e-11 5.020843818683862935e-12 -2.520849239635568903e-04 -2.718716510753816772e-04 1.978672711182478689e-05
2.000000000000000000e+00 6.400000000000000000e+01 5.000000000000000000e-01 3.370489295170119979e-11 1.661503922017760308e-11 -2.588757655197179187e-04 -2.704401677196257778e-04 1.156440219990783193e-05
2.000000000000000000e+00 1.280000000000000000e+02 5.000000000000000000e-01 7.006568760117660175e-11 2.957218588217732690e-11 -2.641783657129935297e-04 -2.721856641404170156e-04 8.007298427423512966e-06
