2.000000000000000000e+00 6.250000000000000000e-02 2.999999999999999889e-01 2.977745341385649724e-01 2.421760075866227491e-01 -1.053336111909014674e-04 -5.526062624167345835e-04 2.931051684837200242e-04
2.000000000000000000e+00 1.250000000000000000e-01 2.999999999999999889e-01 1.114517472976038065e-01 1.905418318660018484e-01 -3.745624756298594413e-04 -1.525049606889156226e-03 1.213827388857322866e-03
2.000000000000000000e+00 2.500000000000000000e-01 2.999999999999999889e-01 1.304295266188951197e-02 2.392261392266399611e-02 -5.237531359301100071e-04 -2.018214676221207881e-03 1.385154569460562242e-03
2.000000000000000000e+00 5.000000000000000000e-01 2.999999999999999889e-01 7.440047847589843452e-05 1.999106450872633939e-04 -3.522393067311506919e-04 -2.609905462650203341e-03 2.017467027747400516e-03
2.000000000000000000e+00 1.000000000000000000e+00 2.999999999999999889e-01 3.744224969075900841e-09 8.169468955284765937e-09 -1.099666251077424352e-04 -2.123398853111376546e-03 2.340921907930827890e-03
2.000000000000000000e+00 2.000000000000000000e+00 2.999999999999999889e-01 2.698920226428705004e-12 1.756757188869253384e-12 -9.851717254058814583e-05 -5.073458303030554516e-04 5.019703133233138206e-04
2.000000000000000000e+00 4.000000000000000000e+00 2.999999999999999889e-01 2.987786978111981909e-12 1.607499212148960902e-12 -1.266592440476830715e-04 -3.306692227566541205e-04 1.464161723365726270e-04
2.000000000000000000e+00 8.000000000000000000e+00 2.999999999999999889e-01 3.107497719887225448e-12 2.117058280370550181e-12 -8.369060832359866793e-05 -3.109990638321366878e-04 1.529243129723441687e-04
2.000000000000000000e+00 1.600000000000000000e+01 2.999999999999999889e-01 5.488466735761229268e-12 3.864907649622305004e-12 -7.859593975676704906e-05 -3.337938913681985794e-04 1.510796947876420868e-04
2.000000000000000000e+00 3.200000000000000000e+01 2.999999999999999889e-01 1.005666777839467666e-11 6.072970767411086162e-12 -1.402025340546668604e-04 -3.880423045697821644e-04 1.746512116397969474e-04
2.000000000000000000e+00 6.400000000000000000e+01 2.999999999999999889e-01 1.999353684028266813e-11 1.193662635436798913e-11 -1.993918653469069940e-04 -3.397688110898741416e-04 1.089206469003503656e-04
2.000000000000000000e+00 1.280000000000000000e+02 2.999999999999999889e-01 4.043640050071667882e-11 2.349498658045941938e-11 -9.150367011806963085e-05 -3.673906078109990050e-04 1.702029158213471110e-04
3.000000000000000000e+00 6.250000000000000000e-02 2.999999999999999889e-01 5.300480927582436053e-01 2.475241205988210069e-01 -2.059994405836314854e-04 -4.339861934959860813e-04 1.075192194466004431e-04
3.000000000000000000e+00 1.250000000000000000e-01 2.999999999999999889e-01 1.101121860689286136e-01 1.234161310097765668e-01 -3.282811627111116028e-04 -1.009463928952794836e-03 6.537607344450431686e-04
3.000000000000000000e+00 2.500000000000000000e-01 2.999999999999999889e-01 1.206528063287616928e-02 2.561070706881505427e-02 -9.208696922746297062e-04 -2.833661435146976517e-03 1.386166053638820906e-03
3.000000000000000000e+00 5.000000000000000000e-01 2.999999999999999889e-01 4.160098316525134783e-05 1.093670817757335084e-04 -4.755690716480537685e-04 -3.147431668998630812e-03 2.430068206533077171e-03
3.000000000000000000e+00 1.000000000000000000e+00 2.999999999999999889e-01 7.915253040910864239e-10 2.264245927799172427e-09 -1.425900737836226597e-04 -1.425393754634642161e-03 1.789148617453128727e-03
3.000000000000000000e+00 2.000000000000000000e+00 2.999999999999999889e-01 1.708899054314477094e-07 5.126545637892118413e-07 -5.372144359629588183e-05 -7.047113337511987791e-04 1.232254379738943750e-03
3.000000000000000000e+00 4.000000000000000000e+00 2.999999999999999889e-01 4.225607331856048293e-07 1.267670504059267422e-06 -1.954782920733577015e-04 -7.136133305637998433e-04 1.118710164588003356e-03
3.000000000000000000e+00 8.000000000000000000e+00 2.999999999999999889e-01 1.545024225038174808e-09 3.804302185908677236e-09 -1.697529350726955809e-04 -1.231682687703846563e-03 1.905563371559979057e-03
3.000000000000000000e+00 1.600000000000000000e+01 2.999999999999999889e-01 6.919438119427189981e-09 2.074612633843028998e-08 -1.776118308546542732e-04 -1.030436523412984204e-03 1.585106448660284460e-03
3.000000000000000000e+00 3.200000000000000000e+01 2.999999999999999889e-01 3.907282176499609874e-07 1.172161693424095244e-06 -1.730604733930205029e-04 -7.774565427195020886e-04 1.157953965968230295e-03
3.000000000000000000e+00 6.400000000000000000e+01 2.999999999999999889e-01 2.294186830023638271e-11 2.401110436532937153e-11 -1.878219563302868417e-04 -4.331086108570544749e-04 3.848101510632439149e-04
3.000000000000000000e+00 1.280000000000000000e+02 2.999999999999999889e-01 3.670765272885621561e-11 2.315299151164228312e-11 -1.373761825658462643e-04 -2.877504363210765196e-04 1.294667731484159319e-04
