1.000000000000000000e+00 6.250000000000000000e-02 6.999999999999999556e-01 9.337712597940233533e-03 1.957624360452884724e-02 8.394250047714024374e-03 2.737721466203286297e-02
1.000000000000000000e+00 1.250000000000000000e-01 6.999999999999999556e-01 3.529633096865979983e-03 4.669231546366633609e-03 2.796167674735582087e-03 5.269049831872874012e-03
1.000000000000000000e+00 2.500000000000000000e-01 6.999999999999999556e-01 1.385603875553779660e-03 1.545170789331492970e-03 3.141589869883840169e-04 3.469338682716672996e-04
1.000000000000000000e+00 5.000000000000000000e-01 6.999999999999999556e-01 5.400202213051375150e-04 6.106105230114189332e-04 2.117776107770670947e-04 2.460560419768958399e-04
1.000000000000000000e+00 1.000000000000000000e+00 6.999999999999999556e-01 6.964428802336308007e-04 8.027708520148288743e-04 5.921336762887250034e-04 6.876979348886218387e-04
1.000000000000000000e+00 2.000000000000000000e+00 6.999999999999999556e-01 1.157473658783115308e-03 1.381817172641251800e-03 8.139532121295225704e-04 9.772208451806904065e-04
1.000000000000000000e+00 4.000000000000000000e+00 6.999999999999999556e-01 1.379224668277724249e-03 1.596990872628241106e-03 8.110017441420355310e-04 9.229462634713171470e-04
1.000000000000000000e+00 8.000000000000000000e+00 6.999999999999999556e-01 1.573812103154879124e-03 1.836327871782728483e-03 6.380243013592451235e-04 7.670395492765366479e-04
1.000000000000000000e+00 1.600000000000000000e+01 6.999999999999999556e-01 1.666338933966619602e-03 1.995860757937385939e-03 4.781830367025667930e-04 5.112100815729439356e-04
1.000000000000000000e+00 3.200000000000000000e+01 6.999999999999999556e-01 1.535057034757903198e-03 1.802631102820333479e-03 5.393862648928354113e-04 6.223227459136013075e-04
1.000000000000000000e+00 6.400000000000000000e+01 6.999999999999999556e-01 1.722611585547530579e-03 2.081395426290016080e-03 4.310954609314446425e-04 5.046823097768554298e-04
1.000000000000000000e+00 1.280000000000000000e+02 6.999999999999999556e-01 1.799648527615857084e-03 2.118360357878724606e-03 3.601968193590680259e-04 4.107334542448557455e-04
1.000000000000000000e+00 2.560000000000000000e+02 6.999999999999999556e-01 1.760147395220148375e-03 2.054262792962092965e-03 4.302378065021251010e-04 4.827551080700528746e-04
1.000000000000000000e+00 5.120000000000000000e+02 6.999999999999999556e-01 1.795047016419123575e-03 2.132316889291641180e-03 3.389199635028361892e-04 4.023026907211554545e-04
1.000000000000000000e+00 1.024000000000000000e+03 6.999999999999999556e-01 1.912499824865553696e-03 2.316482134305933478e-03 3.698541404722637308e-04 4.592777724410202866e-04
2.000000000000000000e+00 6.250000000000000000e-02 6.999999999999999556e-01 1.302289065471401788e-02 2.805912193927366169e-02 8.986048448948874556e-03 2.729533641294962579e-02
2.000000000000000000e+00 1.250000000000000000e-01 6.999999999999999556e-01 2.728991844585263761e-03 4.012040841021803118e-03 1.324542169295741872e-03 2.995896143297523215e-03
2.000000000000000000e+00 2.500000000000000000e-01 6.999999999999999556e-01 1.049461658778069652e-03 1.172935984655731033e-03 1.761911835757774575e-04 2.085999911555850553e-04
2.000000000000000000e+00 5.000000000000000000e-01 6.999999999999999556e-01 2.256120194884617147e-04 2.598219049443570034e-04 1.298273552716585841e-04 1.470847798867029772e-04
2.000000000000000000e+00 1.000000000000000000e+00 6.999999999999999556e-01 1.389059391073047911e-04 1.684480402256375155e-04 5.779531803171654696e-05 7.429429962770576134e-05
2.000000000000000000e+00 2.000000000000000000e+00 6.999999999999999556e-01 1.199451822701899667e-04 1.633787634729209177e-04 4.557072115512498178e-05 7.018734014101512327e-05
2.000000000000000000e+00 4.000000000000000000e+00 6.999999999999999556e-01 9.849042633971907650e-05 1.333652787502324585e-04 3.054890035957335490e-05 5.079813865055078160e-05
2.000000000000000000e+00 8.000000000000000000e+00 6.999999999999999556e-01 1.141117619803467994e-04 1.468055221357893723e-04 2.450903613395278584e-05 3.571535362819068765e-05
2.000000000000000000e+00 1.600000000000000000e+01 6.999999999999999556e-01 1.158738749667299488e-04 1.507249827605684018e-04 2.894084090563013958e-05 3.642349812609050599e-05
2.000000000000000000e+00 3.200000000000000000e+01 6.999999999999999556e-01 1.367244950380888235e-04 1.743585376216016426e-04 3.495514659244601340e-05 3.969616020748304309e-05
2.000000000000000000e+00 6.400000000000000000e+01 6.999999999999999556e-01 1.349509698334490642e-04 1.775024377334770789e-04 2.249031094051834174e-05 2.875705787266546380e-05
2.000000000000000000e+00 1.280000000000000000e+02 6.999999999999999556e-01 1.321369029166991819e-04 1.719232858796276831e-04 1.517799460109005103e-05 2.577903282515329260e-05
2.000000000000000000e+00 2.560000000000000000e+02 6.999999999999999556e-01 1.370853662525031583e-04 1.860958059365321374e-04 2.541294877519577455e-05 4.271575036614718124e-05
2.000000000000000000e+00 5.120000000000000000e+02 6.999999999999999556e-01 1.463349460993511504e-04 1.867720643075045594e-04 5.145154283041376289e-05 5.700959338588298069e-05
2.000000000000000000e+00 1.024000000000000000e+03 6.999999999999999556e-01 1.474313260087367487e-04 1.936794514731142241e-04 4.140870218923373435e-05 5.242839576056202420e-05
3.000000000000000000e+00 6.250000000000000000e-02 6.999999999999999556e-01 1.453563434624434991e-01 1.919567731983482517e+00 3.007893509115167063e-01 5.319393176342220642e+00
3.000000000000000000e+00 1.250000000000000000e-01 6.999999999999999556e-01 4.074423327033697625e-03 5.488246954082950241e-03 2.854067801453351230e-03 4.332871555271237268e-03
3.000000000000000000e+00 2.500000000000000000e-01 6.999999999999999556e-01 2.086360339348287095e-03 2.519473402321759179e-03 3.829331446687018591e-03 4.769644474912684666e-03
3.000000000000000000e+00 5.000000000000000000e-01 6.999999999999999556e-01 1.104011764702355079e-04 1.335102872655490633e-04 4.766518497469852744e-05 5.762635631184930874e-05
3.000000000000000000e+00 1.000000000000000000e+00 6.999999999999999556e-01 3.794896263505994499e-05 5.132941636475675518e-05 1.880866773847191391e-05 2.890795035301479580e-05
3.000000000000000000e+00 2.000000000000000000e+00 6.999999999999999556e-01 2.387167374799812269e-05 3.297781283402517825e-05 5.521686802491520712e-06 8.193592679510230638e-06
3.000000000000000000e+00 4.000000000000000000e+00 6.999999999999999556e-01 3.018426044699550753e-05 4.236704631541405832e-05 1.202832876428119233e-05 1.593365338483625096e-05
3.000000000000000000e+00 8.000000000000000000e+00 6.999999999999999556e-01 3.597003223793121985e-05 5.296487012452086649e-05 1.384455648898626833e-05 2.169661589717194038e-05
3.000000000000000000e+00 1.600000000000000000e+01 6.999999999999999556e-01 3.765667040635882457e-05 5.547729413667662837e-05 1.373494642288573265e-05 2.118820854223622872e-05
3.000000000000000000e+00 3.200000000000000000e+01 6.999999999999999556e-01 4.545890566498539371e-05 6.628664594200792560e-05 1.535076895073953247e-05 2.267772206489347930e-05
3.000000000000000000e+00 6.400000000000000000e+01 6.999999999999999556e-01 4.703354803050516063e-05 7.139305314132915893e-05 1.394444238313686609e-05 2.305822797235202010e-05
3.000000000000000000e+00 1.280000000000000000e+02 6.999999999999999556e-01 4.967529675377810712e-05 7.104383602134335749e-05 1.888302517153357424e-05 2.516839421580723189e-05
3.000000000000000000e+00 2.560000000000000000e+02 6.999999999999999556e-01 5.324762217179811760e-05 8.009141143351571827e-05 1.404018262948926766e-05 2.433142361885306764e-05
3.000000000000000000e+00 5.120000000000000000e+02 6.999999999999999556e-01 4.874813012714555133e-05 7.000444582996360695e-05 1.193985369066453987e-05 1.679745285791626189e-05
3.000000000000000000e+00 1.024000000000000000e+03 6.999999999999999556e-01 4.887448927030819425e-05 7.052769138663060220e-05 7.838444653153490285e-06 8.746050311745865726e-06
4.000000000000000000e+00 6.250000000000000000e-02 6.999999999999999556e-01 1.826911746022558958e-01 4.160384882017314823e+00 3.792349981208928966e-01 1.203592523003237780e+01
4.000000000000000000e+00 1.250000000000000000e-01 6.999999999999999556e-01 6.448800938844636566e-01 2.682630926268704030e+00 1.668595511606211446e+00 7.011532923401760264e+00
4.000000000000000000e+00 2.500000000000000000e-01 6.999999999999999556e-01 7.690345950339619189e-04 9.143776785049569349e-04 1.450809031310736563e-04 1.662920498045718839e-04
4.000000000000000000e+00 5.000000000000000000e-01 6.999999999999999556e-01 6.626610501318486678e-05 8.060217956471541726e-05 2.259158557399533392e-05 2.725881448983153240e-05
4.000000000000000000e+00 1.000000000000000000e+00 6.999999999999999556e-01 1.589520077998911028e-05 2.113997093322233636e-05 5.012151537243634537e-06 6.493251727508805132e-06
4.000000000000000000e+00 2.000000000000000000e+00 6.999999999999999556e-01 1.243385822979489179e-05 1.914754658167871939e-05 4.093068935326003822e-06 7.166459190822192327e-06
4.000000000000000000e+00 4.000000000000000000e+00 6.999999999999999556e-01 1.603887645886323396e-05 2.524907053867653863e-05 7.263687551082618600e-06 1.167736060595782097e-05
4.000000000000000000e+00 8.000000000000000000e+00 6.999999999999999556e-01 1.801776018517150171e-05 2.824327536236913405e-05 4.330653724500674557e-06 7.934964682327511900e-06
4.000000000000000000e+00 1.600000000000000000e+01 6.999999999999999556e-01 1.906582052138953591e-05 3.048912529661806077e-05 5.377382919354002115e-06 7.850414030402199736e-06
4.000000000000000000e+00 3.200000000000000000e+01 6.999999999999999556e-01 2.011980423324072470e-05 3.283646768442048311e-05 2.938317387594407872e-06 3.397735764306419485e-06
4.000000000000000000e+00 6.400000000000000000e+01 6.999999999999999556e-01 2.133037055029479123e-05 3.530540022462185087e-05 3.899695534433719209e-06 7.474032661531741591e-06
4.000000000000000000e+00 1.280000000000000000e+02 6.999999999999999556e-01 2.160949468917704858e-05 3.533867936844626423e-05 4.865510559145240018e-06 7.645014672258683370e-06
4.000000000000000000e+00 2.560000000000000000e+02 6.999999999999999556e-01 2.155028171677684812e-05 3.534548323281705049e-05 2.833852645888071846e-06 4.808608069127061242e-06
4.000000000000000000e+00 5.120000000000000000e+02 6.999999999999999556e-01 2.408291409134466431e-05 4.008163436947994468e-05 3.996432050707653230e-06 7.737623188540624795e-06
4.000000000000000000e+00 1.024000000000000000e+03 6.999999999999999556e-01 2.369328667954822204e-05 3.865358646189437136e-05 4.780993207264352284e-06 8.274784769751284422e-06
5.000000000000000000e+00 6.250000000000000000e-02 6.999999999999999556e-01 1.378551192096909350e+00 6.981437987292589131e-01 3.130034777795661416e+00 9.728490222334318371e-01
5.000000000000000000e+00 1.250000000000000000e-01 6.999999999999999556e-01 2.939434109478198387e-01 3.812705274709770720e+00 8.390571221925093859e-01 1.132501313721817127e+01
5.000000000000000000e+00 2.500000000000000000e-01 6.999999999999999556e-01 5.601923955570560498e-02 1.112985220644061579e+00 1.407938436174388519e-01 3.226482127454371795e+00
5.000000000000000000e+00 5.000000000000000000e-01 6.999999999999999556e-01 6.922456210099714978e-05 9.177967387394777589e-05 2.827376455969350495e-05 3.861376732648596545e-05
5.000000000000000000e+00 1.000000000000000000e+00 6.999999999999999556e-01 1.128252966616983923e-05 1.758329682082661243e-05 3.627892061791911777e-06 6.211064560972015097e-06
5.000000000000000000e+00 2.000000000000000000e+00 6.999999999999999556e-01 8.921575937091085382e-06 1.493372845593506449e-05 5.095386990710710599e-06 8.185201645135338009e-06
5.000000000000000000e+00 4.000000000000000000e+00 6.999999999999999556e-01 8.207326868606359355e-06 1.476882155414138250e-05 3.315988617454038666e-06 6.056223268010059204e-06
5.000000000000000000e+00 8.000000000000000000e+00 6.999999999999999556e-01 1.000589693195373726e-05 1.852836357604966444e-05 2.520086783609136372e-06 5.613003882256135757e-06
5.000000000000000000e+00 1.600000000000000000e+01 6.999999999999999556e-01 1.183680267701319950e-05 2.150109012910104419e-05 5.103313633578368204e-06 9.395839407727902222e-06
5.000000000000000000e+00 3.200000000000000000e+01 6.999999999999999556e-01 1.173378514702590207e-05 2.131438486331180580e-05 3.359753639182688983e-06 6.040264286395894565e-06
5.000000000000000000e+00 6.400000000000000000e+01 6.999999999999999556e-01 1.339932066478244518e-05 2.338842945366639511e-05 3.920431009561144843e-06 5.941621138092823185e-06
5.000000000000000000e+00 1.280000000000000000e+02 6.999999999999999556e-01 1.361824907291360257e-05 2.524650877544988608e-05 5.514021976055334280e-06 9.488227005380794332e-06
5.000000000000000000e+00 2.560000000000000000e+02 6.999999999999999556e-01 1.322916509445867439e-05 2.449357238834235865e-05 3.631685509048975602e-06 7.111176199137601717e-06
5.000000000000000000e+00 5.120000000000000000e+02 6.999999999999999556e-01 1.289948009909292696e-05 2.452989971948143141e-05 2.659454575214316045e-06 5.457696065231319491e-06
5.000000000000000000e+00 1.024000000000000000e+03 6.999999999999999556e-01 1.427168199258697942e-05 2.685836641508106956e-05 3.788576404553011704e-06 7.605523145288574662e-06
