1.000000000000000000e+00 6.250000000000000000e-02 1.000000000000000056e-01 7.133958449485401296e-03 1.287378385236552514e-02 6.370559602730465829e-03 1.916255106607781325e-02
1.000000000000000000e+00 1.250000000000000000e-01 1.000000000000000056e-01 5.219093898554546043e-03 7.865823628412631913e-03 5.809975683333558349e-03 1.189219364828791349e-02
1.000000000000000000e+00 2.500000000000000000e-01 1.000000000000000056e-01 1.408358359025294699e-03 1.548578352220855887e-03 3.373119379189656072e-04 3.683087844425387289e-04
1.000000000000000000e+00 5.000000000000000000e-01 1.000000000000000056e-01 5.386833119561554393e-04 6.136547718313411798e-04 2.263473125511539642e-04 2.464296706835807701e-04
1.000000000000000000e+00 1.000000000000000000e+00 1.000000000000000056e-01 6.875169905747942779e-04 8.444919627409924528e-04 5.913113445555383610e-04 7.525326912441020893e-04
1.000000000000000000e+00 2.000000000000000000e+00 1.000000000000000056e-01 1.174842576801223264e-03 1.436630910888639628e-03 8.505671401797501759e-04 1.046222966274903271e-03
1.000000000000000000e+00 4.000000000000000000e+00 1.000000000000000056e-01 1.366357501421098554e-03 1.642146607847501643e-03 8.320574795687399501e-04 9.767131133961352938e-04
1.000000000000000000e+00 8.000000000000000000e+00 1.000000000000000056e-01 1.559564362843465389e-03 1.946153938635478099e-03 6.542266982157361440e-04 7.971278044652372772e-04
1.000000000000000000e+00 1.600000000000000000e+01 1.000000000000000056e-01 1.698578876446126245e-03 2.107074362930662966e-03 4.710405795711254022e-04 5.733469189438091451e-04
1.000000000000000000e+00 3.200000000000000000e+01 1.000000000000000056e-01 1.547768302364769654e-03 1.899531187607681219e-03 5.543857712844346610e-04 6.843412656929839842e-04
1.000000000000000000e+00 6.400000000000000000e+01 1.000000000000000056e-01 1.748877810853878860e-03 2.160016536420288243e-03 4.484920513331299547e-04 5.496221195163561663e-04
1.000000000000000000e+00 1.280000000000000000e+02 1.000000000000000056e-01 1.806018393834462384e-03 2.248286109610835547e-03 3.555039991392092082e-04 4.749350507776652812e-04
1.000000000000000000e+00 2.560000000000000000e+02 1.000000000000000056e-01 1.754841619223033999e-03 2.153306379321759563e-03 4.300073505355883944e-04 5.316296896003102745e-04
1.000000000000000000e+00 5.120000000000000000e+02 1.000000000000000056e-01 1.833638300574670036e-03 2.262169916767600274e-03 3.446060173403442894e-04 4.173329409856146996e-04
1.000000000000000000e+00 1.024000000000000000e+03 1.000000000000000056e-01 2.006448640641234592e-03 2.408836530552122771e-03 4.013423605948153536e-04 4.628932453053450757e-04
2.000000000000000000e+00 6.250000000000000000e-02 1.000000000000000056e-01 1.206821762210307999e-02 2.053355521858409721e-02 8.686007534098592539e-03 1.807859929620735800e-02
2.000000000000000000e+00 1.250000000000000000e-01 1.000000000000000056e-01 8.218561451721123276e-03 1.305543557203177676e-02 9.572451388595725960e-03 1.739646562038679733e-02
2.000000000000000000e+00 2.500000000000000000e-01 1.000000000000000056e-01 1.029247586414117847e-03 1.150262888556831615e-03 1.990375894339429510e-04 2.205930201374193677e-04
2.000000000000000000e+00 5.000000000000000000e-01 1.000000000000000056e-01 2.273092187979262847e-04 2.762588429155071789e-04 1.505375988523455189e-04 1.819114242408526397e-04
2.000000000000000000e+00 1.000000000000000000e+00 1.000000000000000056e-01 3.813033623737009702e-04 5.039987845683448296e-04 2.238740445690618115e-04 3.069195868234342534e-04
2.000000000000000000e+00 2.000000000000000000e+00 1.000000000000000056e-01 7.655078804705758031e-04 1.089493440596089532e-03 3.397167350047531850e-04 5.132550338298813922e-04
2.000000000000000000e+00 4.000000000000000000e+00 1.000000000000000056e-01 6.690706153599523549e-04 9.828285989286465220e-04 3.322487028129191304e-04 4.815595399041026014e-04
2.000000000000000000e+00 8.000000000000000000e+00 1.000000000000000056e-01 7.860636268767170250e-04 1.130916231350134618e-03 3.512712400462350104e-04 5.311408442513266583e-04
2.000000000000000000e+00 1.600000000000000000e+01 1.000000000000000056e-01 9.407693564715914397e-04 1.366922545199696385e-03 3.371288858117021622e-04 5.043396160642176764e-04
2.000000000000000000e+00 3.200000000000000000e+01 1.000000000000000056e-01 9.147335780433397956e-04 1.350441901615222554e-03 2.691028072104405928e-04 4.136910089768592344e-04
2.000000000000000000e+00 6.400000000000000000e+01 1.000000000000000056e-01 9.654838781482202089e-04 1.382381676396456658e-03 2.489846561798988284e-04 3.559372546463721487e-04
2.000000000000000000e+00 1.280000000000000000e+02 1.000000000000000056e-01 9.841711540518368728e-04 1.419758295605993374e-03 1.797969131558110553e-04 2.342537953814189256e-04
2.000000000000000000e+00 2.560000000000000000e+02 1.000000000000000056e-01 1.050036234856212020e-03 1.516380022772439214e-03 2.088393340991069656e-04 2.942616661990686555e-04
2.000000000000000000e+00 5.120000000000000000e+02 1.000000000000000056e-01 9.942043638338034141e-04 1.408141427721177393e-03 1.976284981879505138e-04 2.475085520921099466e-04
2.000000000000000000e+00 1.024000000000000000e+03 1.000000000000000056e-01 9.623351812152496553e-04 1.389732878916192941e-03 2.528108175774954102e-04 3.551022400068801362e-04
3.000000000000000000e+00 6.250000000000000000e-02 1.000000000000000056e-01 5.078419214651198887e-02 8.942009070427564543e-02 8.181714239379148101e-02 1.424557822243251448e-01
3.000000000000000000e+00 1.250000000000000000e-01 1.000000000000000056e-01 2.692924216751104230e-02 4.498185260418453846e-02 4.456275498513546235e-02 8.117748319929769807e-02
3.000000000000000000e+00 2.500000000000000000e-01 1.000000000000000056e-01 8.361984587747009739e-04 9.550750423292569610e-04 1.866820744906939672e-04 2.232258870899183592e-04
3.000000000000000000e+00 5.000000000000000000e-01 1.000000000000000056e-01 9.591982643822433391e-05 1.201309329659906808e-04 3.081934870189169975e-05 3.532236046312664437e-05
3.000000000000000000e+00 1.000000000000000000e+00 1.000000000000000056e-01 5.508597988596317444e-05 8.189054879265970281e-05 1.924454271602094510e-05 2.848630459381307068e-05
3.000000000000000000e+00 2.000000000000000000e+00 1.000000000000000056e-01 1.044146077001655189e-04 1.671366669190784413e-04 8.007976265240530260e-05 1.247983767356202324e-04
3.000000000000000000e+00 4.000000000000000000e+00 1.000000000000000056e-01 1.905729478291035516e-04 3.148802611803465227e-04 1.262327387914261414e-04 2.191512754922828792e-04
3.000000000000000000e+00 8.000000000000000000e+00 1.000000000000000056e-01 2.560341738960166544e-04 4.311650900226165410e-04 1.270350215650652777e-04 2.325045420394443029e-04
3.000000000000000000e+00 1.600000000000000000e+01 1.000000000000000056e-01 2.560191159134961574e-04 4.465955890089818225e-04 1.297832016767682631e-04 2.292167103344527391e-04
3.000000000000000000e+00 3.200000000000000000e+01 1.000000000000000056e-01 3.607091631405385320e-04 6.074729604189444201e-04 1.566242812885859398e-04 2.855130527011595057e-04
3.000000000000000000e+00 6.400000000000000000e+01 1.000000000000000056e-01 3.599533814810340323e-04 6.094880074855831605e-04 1.400369686226401978e-04 2.349110318288110180e-04
3.000000000000000000e+00 1.280000000000000000e+02 1.000000000000000056e-01 3.812605395703555912e-04 6.601962085595594262e-04 1.586878713132942409e-04 2.757122270009830663e-04
3.000000000000000000e+00 2.560000000000000000e+02 1.000000000000000056e-01 4.179387386408008357e-04 7.148675012012925978e-04 1.004937032351060813e-04 1.850422405437013936e-04
3.000000000000000000e+00 5.120000000000000000e+02 1.000000000000000056e-01 3.922859107258616163e-04 6.636972791622782397e-04 1.243141965658908050e-04 2.004705749400158537e-04
3.000000000000000000e+00 1.024000000000000000e+03 1.000000000000000056e-01 4.285336716378639619e-04 7.011676148647340420e-04 8.971772288143866334e-05 1.630390682935111411e-04
4.000000000000000000e+00 6.250000000000000000e-02 1.000000000000000056e-01 2.375905255084426529e-02 3.972643826901843533e-02 2.250344981195549765e-02 4.174711135077290025e-02
4.000000000000000000e+00 1.250000000000000000e-01 1.000000000000000056e-01 6.611488918032010220e-03 1.083942779960580041e-02 4.980758764992503432e-03 8.214141366210158876e-03
4.000000000000000000e+00 2.500000000000000000e-01 1.000000000000000056e-01 7.429525301651586930e-04 8.685414124280359683e-04 1.442775822790850842e-04 1.473351266679988282e-04
4.000000000000000000e+00 5.000000000000000000e-01 1.000000000000000056e-01 6.162003198430348043e-05 8.372900627446773210e-05 1.962002904386495763e-05 2.484067798603025560e-05
4.000000000000000000e+00 1.000000000000000000e+00 1.000000000000000056e-01 3.200885838737620989e-05 5.156364328358184642e-05 1.016704346052450559e-05 1.562274836492275943e-05
4.000000000000000000e+00 2.000000000000000000e+00 1.000000000000000056e-01 7.718186480970386167e-05 1.444229214572797083e-04 5.941347143852512185e-05 1.071266773842760215e-04
4.000000000000000000e+00 4.000000000000000000e+00 1.000000000000000056e-01 1.077310748820535497e-04 2.135349867609263928e-04 8.067645023930764025e-05 1.649328056046468879e-04
4.000000000000000000e+00 8.000000000000000000e+00 1.000000000000000056e-01 1.624369206386023958e-04 3.155780313630760425e-04 7.287096454423761058e-05 1.537763905556343549e-04
4.000000000000000000e+00 1.600000000000000000e+01 1.000000000000000056e-01 1.787222368188932725e-04 3.548538941936788178e-04 6.986601981306885412e-05 1.519948349573110500e-04
4.000000000000000000e+00 3.200000000000000000e+01 1.000000000000000056e-01 1.750700026390491788e-04 3.616593483913614561e-04 4.747758588859886641e-05 1.165892758408438370e-04
4.000000000000000000e+00 6.400000000000000000e+01 1.000000000000000056e-01 2.084064414268334644e-04 4.286281398313127782e-04 8.592072594742081941e-05 1.784063619621941441e-04
4.000000000000000000e+00 1.280000000000000000e+02 1.000000000000000056e-01 2.247278933391993593e-04 4.437125464314796777e-04 5.495580017612117539e-05 1.059887077479641733e-04
4.000000000000000000e+00 2.560000000000000000e+02 1.000000000000000056e-01 2.302487516052271750e-04 4.630271148872357081e-04 6.757622715640291839e-05 1.286029469304731472e-04
4.000000000000000000e+00 5.120000000000000000e+02 1.000000000000000056e-01 2.673014580840517643e-04 5.195591083129332249e-04 5.603374155564409007e-05 1.268896466980803787e-04
4.000000000000000000e+00 1.024000000000000000e+03 1.000000000000000056e-01 2.510689068419672031e-04 5.167077011489221638e-04 6.228176429998749804e-05 1.337585431190664738e-04
5.000000000000000000e+00 6.250000000000000000e-02 1.000000000000000056e-01 7.153747106757153695e-02 4.945433408348150484e-01 6.551934175494750212e-02 1.200940011368238025e+00
5.000000000000000000e+00 1.250000000000000000e-01 1.000000000000000056e-01 2.481911192397298627e-02 3.851036098496398580e-02 2.478528236302189602e-02 3.914435423659645696e-02
5.000000000000000000e+00 2.500000000000000000e-01 1.000000000000000056e-01 3.351910899838018380e-03 7.219586803824879981e-03 7.646404211758210667e-03 1.865397008522061070e-02
5.000000000000000000e+00 5.000000000000000000e-01 1.000000000000000056e-01 6.380952533485708907e-05 8.663699326585499712e-05 2.439145731739738150e-05 3.174689747793114176e-05
5.000000000000000000e+00 1.000000000000000000e+00 1.000000000000000056e-01 2.487291021270878838e-05 4.388938886281181661e-05 8.127748120243146929e-06 1.448921319970952078e-05
5.000000000000000000e+00 2.000000000000000000e+00 1.000000000000000056e-01 4.836662232634748876e-05 1.017805020435200695e-04 4.376116616202396960e-05 9.660211933111590582e-05
5.000000000000000000e+00 4.000000000000000000e+00 1.000000000000000056e-01 6.505007404457405652e-05 1.423859246135708199e-04 5.265789189996436629e-05 1.198892737343001637e-04
5.000000000000000000e+00 8.000000000000000000e+00 1.000000000000000056e-01 8.319936785465317894e-05 1.932121861368616268e-04 4.761145989981988903e-05 1.197790600256671553e-04
5.000000000000000000e+00 1.600000000000000000e+01 1.000000000000000056e-01 1.034488452582555084e-04 2.415933473202074684e-04 6.495579836211104398e-05 1.576961227260688121e-04
5.000000000000000000e+00 3.200000000000000000e+01 1.000000000000000056e-01 1.159177431479848085e-04 2.591702765318864470e-04 5.989883244192509900e-05 1.267621737905885997e-04
5.000000000000000000e+00 6.400000000000000000e+01 1.000000000000000056e-01 1.337697021729469565e-04 3.117158899480337300e-04 6.433644743837239281e-05 1.448599556132566606e-04
5.000000000000000000e+00 1.280000000000000000e+02 1.000000000000000056e-01 1.369339312379922618e-04 3.212704811198014072e-04 5.399271794271876489e-05 1.238047767989564670e-04
5.000000000000000000e+00 2.560000000000000000e+02 1.000000000000000056e-01 1.336589481686289657e-04 3.043643225876073986e-04 5.405753070553058850e-05 1.276348191911839947e-04
5.000000000000000000e+00 5.120000000000000000e+02 1.000000000000000056e-01 1.358175850116921559e-04 3.106976226311765127e-04 3.633958918419644547e-05 8.689613494161857812e-05
5.000000000000000000e+00 1.024000000000000000e+03 1.000000000000000056e-01 1.486489129830786547e-04 3.507606929885106876e-04 2.877083889986573593e-05 7.310639092966106671e-05
