3.000000000000000000e+00 6.250000000000000000e-02 6.999999999999999556e-01 1.011828337107942399e+00 2.591349115422234006e-02
3.000000000000000000e+00 1.250000000000000000e-01 6.999999999999999556e-01 1.000328518400628974e+00 8.170572522892212463e-04
3.000000000000000000e+00 2.500000000000000000e-01 6.999999999999999556e-01 1.000121398037820075e+00 5.480203830544625268e-05
3.000000000000000000e+00 5.000000000000000000e-01 6.999999999999999556e-01 1.002028730034101089e+00 9.084415534766424050e-04
3.000000000000000000e+00 1.000000000000000000e+00 6.999999999999999556e-01 1.017528190735032423e+00 5.902473252172252792e-03
3.000000000000000000e+00 2.000000000000000000e+00 6.999999999999999556e-01 1.024495503006942254e+00 3.030523235352678996e-03
3.000000000000000000e+00 4.000000000000000000e+00 6.999999999999999556e-01 1.020464488137207582e+00 3.839173536478947182e-03
3.000000000000000000e+00 8.000000000000000000e+00 6.999999999999999556e-01 1.016080797960678073e+00 3.986814398651630786e-03
3.000000000000000000e+00 1.600000000000000000e+01 6.999999999999999556e-01 1.014754899999769311e+00 5.183179739437347722e-03
3.000000000000000000e+00 3.200000000000000000e+01 6.999999999999999556e-01 1.014029687554244719e+00 6.005978564006281273e-03
3.000000000000000000e+00 6.400000000000000000e+01 6.999999999999999556e-01 1.013927271489510673e+00 5.023776527074695283e-03
3.000000000000000000e+00 1.280000000000000000e+02 6.999999999999999556e-01 1.014247891755665210e+00 5.692821667715082697e-03
3.000000000000000000e+00 2.560000000000000000e+02 6.999999999999999556e-01 1.013459074774232249e+00 5.462081304566876634e-03
3.000000000000000000e+00 5.120000000000000000e+02 6.999999999999999556e-01 1.012277634550772021e+00 3.586949705853072039e-03
3.000000000000000000e+00 1.024000000000000000e+03 6.999999999999999556e-01 1.013506178022896886e+00 4.440233983816237705e-03
4.000000000000000000e+00 6.250000000000000000e-02 6.999999999999999556e-01 1.005438526562398405e+00 4.392582271812951397e-03
4.000000000000000000e+00 1.250000000000000000e-01 6.999999999999999556e-01 1.000089986280819687e+00 1.207673914343500933e-04
4.000000000000000000e+00 2.500000000000000000e-01 6.999999999999999556e-01 1.000105715451824695e+00 7.653060316936828014e-05
4.000000000000000000e+00 5.000000000000000000e-01 6.999999999999999556e-01 1.001766995519483228e+00 1.261110458985185978e-03
4.000000000000000000e+00 1.000000000000000000e+00 6.999999999999999556e-01 1.015856154976019887e+00 7.793567921186177194e-03
4.000000000000000000e+00 2.000000000000000000e+00 6.999999999999999556e-01 1.023410392006375735e+00 3.266310706226258596e-03
4.000000000000000000e+00 4.000000000000000000e+00 6.999999999999999556e-01 1.019669895888886124e+00 4.229956831484283329e-03
4.000000000000000000e+00 8.000000000000000000e+00 6.999999999999999556e-01 1.015983037968719138e+00 5.885202850725638341e-03
4.000000000000000000e+00 1.600000000000000000e+01 6.999999999999999556e-01 1.013422326175049903e+00 5.566875094312098704e-03
4.000000000000000000e+00 3.200000000000000000e+01 6.999999999999999556e-01 1.013247053049209478e+00 4.499992902969073179e-03
4.000000000000000000e+00 6.400000000000000000e+01 6.999999999999999556e-01 1.012383451861297301e+00 4.432295041636799202e-03
4.000000000000000000e+00 1.280000000000000000e+02 6.999999999999999556e-01 1.013287425683049081e+00 4.795156756941118363e-03
4.000000000000000000e+00 2.560000000000000000e+02 6.999999999999999556e-01 1.012857401092152498e+00 4.660309592615530933e-03
4.000000000000000000e+00 5.120000000000000000e+02 6.999999999999999556e-01 1.012368579959890935e+00 4.021292628994213580e-03
4.000000000000000000e+00 1.024000000000000000e+03 6.999999999999999556e-01 1.012255375764924192e+00 3.917110031268336567e-03
