5.000000000000000000e+00 6.250000000000000000e-02 5.000000000000000000e-01 1.032716126166080439e+00 3.600823485012050879e-02
5.000000000000000000e+00 1.250000000000000000e-01 5.000000000000000000e-01 1.004507110822064009e+00 7.075530306319945117e-03
5.000000000000000000e+00 2.500000000000000000e-01 5.000000000000000000e-01 1.000526607606106122e+00 5.352166535234324524e-04
5.000000000000000000e+00 5.000000000000000000e-01 5.000000000000000000e-01 1.004490579420745267e+00 1.925994863248980862e-03
5.000000000000000000e+00 1.000000000000000000e+00 5.000000000000000000e-01 1.051613265855396495e+00 1.569548240540149728e-02
5.000000000000000000e+00 2.000000000000000000e+00 5.000000000000000000e-01 1.101654976029185384e+00 2.013746896764639568e-02
5.000000000000000000e+00 4.000000000000000000e+00 5.000000000000000000e-01 1.106648552586055434e+00 1.346098680257431200e-02
5.000000000000000000e+00 8.000000000000000000e+00 5.000000000000000000e-01 1.081967906281597003e+00 1.288220158610993253e-02
5.000000000000000000e+00 1.600000000000000000e+01 5.000000000000000000e-01 1.068422158130010402e+00 1.497732332860119558e-02
5.000000000000000000e+00 3.200000000000000000e+01 5.000000000000000000e-01 1.066215074881042835e+00 1.444170470338275447e-02
5.000000000000000000e+00 6.400000000000000000e+01 5.000000000000000000e-01 1.064515233636865954e+00 1.515009798979442823e-02
5.000000000000000000e+00 1.280000000000000000e+02 5.000000000000000000e-01 1.066061557750955346e+00 1.595417841478173615e-02
5.000000000000000000e+00 2.560000000000000000e+02 5.000000000000000000e-01 1.066318396971376758e+00 1.383153177782513350e-02
5.000000000000000000e+00 5.120000000000000000e+02 5.000000000000000000e-01 1.065544816568886111e+00 1.680676616592135728e-02
5.000000000000000000e+00 1.024000000000000000e+03 5.000000000000000000e-01 1.065415001039608844e+00 1.534451686525318236e-02
6.000000000000000000e+00 6.250000000000000000e-02 5.000000000000000000e-01 1.029368410570732806e+00 2.813648289859748894e-02
6.000000000000000000e+00 1.250000000000000000e-01 5.000000000000000000e-01 1.003710802834393956e+00 6.968656359109261580e-03
6.000000000000000000e+00 2.500000000000000000e-01 5.000000000000000000e-01 1.000373519971737846e+00 1.551310374569664862e-04
6.000000000000000000e+00 5.000000000000000000e-01 5.000000000000000000e-01 1.005544628243894900e+00 2.440478880310617202e-03
6.000000000000000000e+00 1.000000000000000000e+00 5.000000000000000000e-01 1.062827389768759234e+00 1.963923658333710173e-02
6.000000000000000000e+00 2.000000000000000000e+00 5.000000000000000000e-01 1.110808626023799484e+00 2.130517231873665235e-02
6.000000000000000000e+00 4.000000000000000000e+00 5.000000000000000000e-01 1.104104355169141183e+00 9.350453254992214733e-03
6.000000000000000000e+00 8.000000000000000000e+00 5.000000000000000000e-01 1.081426219019185897e+00 1.124740261452542543e-02
6.000000000000000000e+00 1.600000000000000000e+01 5.000000000000000000e-01 1.066644163667732403e+00 1.587287669949562219e-02
6.000000000000000000e+00 3.200000000000000000e+01 5.000000000000000000e-01 1.062932572099532624e+00 1.057537836216918166e-02
6.000000000000000000e+00 6.400000000000000000e+01 5.000000000000000000e-01 1.059122840388902587e+00 1.165973148177726869e-02
6.000000000000000000e+00 1.280000000000000000e+02 5.000000000000000000e-01 1.061866847632238819e+00 1.181955866246249195e-02
6.000000000000000000e+00 2.560000000000000000e+02 5.000000000000000000e-01 1.063664791996290715e+00 1.271909103739243471e-02
6.000000000000000000e+00 5.120000000000000000e+02 5.000000000000000000e-01 1.063605261106289612e+00 1.346576352663918924e-02
6.000000000000000000e+00 1.024000000000000000e+03 5.000000000000000000e-01 1.065258935323544875e+00 1.697425906286032654e-02
