1.000000000000000000e+00 6.250000000000000000e-02 2.999999999999999889e-01 1.262586334755737338e+00 3.042171524175096842e-01
1.000000000000000000e+00 1.250000000000000000e-01 2.999999999999999889e-01 1.031975770470013654e+00 5.218972796126865321e-02
1.000000000000000000e+00 2.500000000000000000e-01 2.999999999999999889e-01 1.000205495070309869e+00 3.809027162807612321e-04
1.000000000000000000e+00 5.000000000000000000e-01 2.999999999999999889e-01 1.000651669261679810e+00 9.385915613397121391e-04
1.000000000000000000e+00 1.000000000000000000e+00 2.999999999999999889e-01 1.027181799026853914e+00 3.898155289068551410e-02
1.000000000000000000e+00 2.000000000000000000e+00 2.999999999999999889e-01 1.139941152334007501e+00 1.719417331290625794e-01
1.000000000000000000e+00 4.000000000000000000e+00 2.999999999999999889e-01 1.239354076622549927e+00 1.886707373505453478e-01
1.000000000000000000e+00 8.000000000000000000e+00 2.999999999999999889e-01 1.311578212042143088e+00 1.968645321373445334e-01
1.000000000000000000e+00 1.600000000000000000e+01 2.999999999999999889e-01 1.281975172235995775e+00 1.327759022345110507e-01
1.000000000000000000e+00 3.200000000000000000e+01 2.999999999999999889e-01 1.320013312934490646e+00 1.664403402636677187e-01
1.000000000000000000e+00 6.400000000000000000e+01 2.999999999999999889e-01 1.346361193930133648e+00 3.159390844551639432e-01
1.000000000000000000e+00 1.280000000000000000e+02 2.999999999999999889e-01 1.358867124869518772e+00 2.333578086633406046e-01
1.000000000000000000e+00 2.560000000000000000e+02 2.999999999999999889e-01 1.360142323500661332e+00 1.908055505858752277e-01
1.000000000000000000e+00 5.120000000000000000e+02 2.999999999999999889e-01 1.395537761030743562e+00 2.769418519886016061e-01
1.000000000000000000e+00 1.024000000000000000e+03 2.999999999999999889e-01 1.406423371018034718e+00 2.914335902050263494e-01
2.000000000000000000e+00 6.250000000000000000e-02 2.999999999999999889e-01 1.093835190805930058e+00 1.247335898757247624e-01
2.000000000000000000e+00 1.250000000000000000e-01 2.999999999999999889e-01 1.006084913462179875e+00 1.208670719992695555e-02
2.000000000000000000e+00 2.500000000000000000e-01 2.999999999999999889e-01 1.000445663810007879e+00 2.765686426746465586e-04
2.000000000000000000e+00 5.000000000000000000e-01 2.999999999999999889e-01 1.008112383763407838e+00 5.231353709634230936e-03
2.000000000000000000e+00 1.000000000000000000e+00 2.999999999999999889e-01 1.110925462137418496e+00 7.592207942741957538e-02
2.000000000000000000e+00 2.000000000000000000e+00 2.999999999999999889e-01 1.239310144123037860e+00 1.449483175480325570e-01
2.000000000000000000e+00 4.000000000000000000e+00 2.999999999999999889e-01 1.273340169835018187e+00 7.784717533105185716e-02
2.000000000000000000e+00 8.000000000000000000e+00 2.999999999999999889e-01 1.236959461981538277e+00 6.456801123993979874e-02
2.000000000000000000e+00 1.600000000000000000e+01 2.999999999999999889e-01 1.215687737661245382e+00 5.870231112249535421e-02
2.000000000000000000e+00 3.200000000000000000e+01 2.999999999999999889e-01 1.213539317802023065e+00 7.641867877593000458e-02
2.000000000000000000e+00 6.400000000000000000e+01 2.999999999999999889e-01 1.188527143867161184e+00 5.611602154889139271e-02
2.000000000000000000e+00 1.280000000000000000e+02 2.999999999999999889e-01 1.212616630430145115e+00 5.903238092315155755e-02
2.000000000000000000e+00 2.560000000000000000e+02 2.999999999999999889e-01 1.211358223577041482e+00 5.509601858091438958e-02
2.000000000000000000e+00 5.120000000000000000e+02 2.999999999999999889e-01 1.203313784154708355e+00 6.344788807690665555e-02
2.000000000000000000e+00 1.024000000000000000e+03 2.999999999999999889e-01 1.195126310085227406e+00 5.199600952569929241e-02
