5.000000000000000000e+00 6.250000000000000000e-02 6.999999999999999556e-01 1.010646629793271467e+00 1.532794763286386697e-02
5.000000000000000000e+00 1.250000000000000000e-01 6.999999999999999556e-01 1.001325771707852308e+00 1.909670858215699058e-03
5.000000000000000000e+00 2.500000000000000000e-01 6.999999999999999556e-01 1.000160239754265712e+00 1.640618030526861575e-04
5.000000000000000000e+00 5.000000000000000000e-01 6.999999999999999556e-01 1.001292265278530991e+00 5.501845550100177649e-04
5.000000000000000000e+00 1.000000000000000000e+00 6.999999999999999556e-01 1.013773347944893377e+00 3.763012662365652385e-03
5.000000000000000000e+00 2.000000000000000000e+00 6.999999999999999556e-01 1.023717431660539301e+00 4.149317856041309475e-03
5.000000000000000000e+00 4.000000000000000000e+00 6.999999999999999556e-01 1.023306527303119440e+00 2.960059359315811607e-03
5.000000000000000000e+00 8.000000000000000000e+00 6.999999999999999556e-01 1.017727805354311510e+00 2.831901789139668925e-03
5.000000000000000000e+00 1.600000000000000000e+01 6.999999999999999556e-01 1.015403381817686856e+00 3.369906809623234977e-03
5.000000000000000000e+00 3.200000000000000000e+01 6.999999999999999556e-01 1.014996530384571827e+00 3.203731856340783033e-03
5.000000000000000000e+00 6.400000000000000000e+01 6.999999999999999556e-01 1.014582074340970808e+00 3.243295907474944787e-03
5.000000000000000000e+00 1.280000000000000000e+02 6.999999999999999556e-01 1.015097500357493576e+00 3.239228221055925113e-03
5.000000000000000000e+00 2.560000000000000000e+02 6.999999999999999556e-01 1.015156832800691689e+00 3.028623622971688377e-03
5.000000000000000000e+00 5.120000000000000000e+02 6.999999999999999556e-01 1.014973146506487289e+00 3.742844183709660277e-03
5.000000000000000000e+00 1.024000000000000000e+03 6.999999999999999556e-01 1.014830855635867390e+00 3.379293007420139817e-03
6.000000000000000000e+00 6.250000000000000000e-02 6.999999999999999556e-01 1.009021890449323333e+00 9.864604060522648432e-03
6.000000000000000000e+00 1.250000000000000000e-01 6.999999999999999556e-01 1.000911400832762421e+00 1.583205023986667325e-03
6.000000000000000000e+00 2.500000000000000000e-01 6.999999999999999556e-01 1.000116812579387560e+00 5.299150693759505250e-05
6.000000000000000000e+00 5.000000000000000000e-01 6.999999999999999556e-01 1.001590502384610115e+00 6.950055126356442792e-04
6.000000000000000000e+00 1.000000000000000000e+00 6.999999999999999556e-01 1.016315398749325416e+00 4.763579753902378450e-03
6.000000000000000000e+00 2.000000000000000000e+00 6.999999999999999556e-01 1.025207374326044807e+00 3.707121818060429147e-03
6.000000000000000000e+00 4.000000000000000000e+00 6.999999999999999556e-01 1.022964029968123967e+00 1.793103162379461107e-03
6.000000000000000000e+00 8.000000000000000000e+00 6.999999999999999556e-01 1.018071578141261257e+00 2.659554425996761909e-03
6.000000000000000000e+00 1.600000000000000000e+01 6.999999999999999556e-01 1.014951432337279247e+00 3.693582164639384532e-03
6.000000000000000000e+00 3.200000000000000000e+01 6.999999999999999556e-01 1.014192742846113493e+00 2.390432206165959365e-03
6.000000000000000000e+00 6.400000000000000000e+01 6.999999999999999556e-01 1.013504271053156103e+00 2.786427857122917521e-03
6.000000000000000000e+00 1.280000000000000000e+02 6.999999999999999556e-01 1.014030993027191130e+00 2.492223370019796061e-03
6.000000000000000000e+00 2.560000000000000000e+02 6.999999999999999556e-01 1.014635000123578212e+00 2.933810727264082093e-03
6.000000000000000000e+00 5.120000000000000000e+02 6.999999999999999556e-01 1.014694586764323114e+00 3.294325930914577486e-03
6.000000000000000000e+00 1.024000000000000000e+03 6.999999999999999556e-01 1.014851776725134824e+00 3.813553296280062024e-03
