1.000000000000000000e+00 6.250000000000000000e-02 0.000000000000000000e+00 1.482616062396261647e+00 0.000000000000000000e+00
1.000000000000000000e+00 1.250000000000000000e-01 0.000000000000000000e+00 1.038569669546121510e+00 0.000000000000000000e+00
1.000000000000000000e+00 2.500000000000000000e-01 0.000000000000000000e+00 1.000131337809131882e+00 0.000000000000000000e+00
1.000000000000000000e+00 5.000000000000000000e-01 0.000000000000000000e+00 1.000288320084163018e+00 0.000000000000000000e+00
1.000000000000000000e+00 1.000000000000000000e+00 0.000000000000000000e+00 1.010506342639912569e+00 0.000000000000000000e+00
1.000000000000000000e+00 2.000000000000000000e+00 0.000000000000000000e+00 1.013718396641533070e+00 0.000000000000000000e+00
1.000000000000000000e+00 4.000000000000000000e+00 0.000000000000000000e+00 1.060443880326195742e+00 0.000000000000000000e+00
1.000000000000000000e+00 8.000000000000000000e+00 0.000000000000000000e+00 1.048488777201770139e+00 0.000000000000000000e+00
1.000000000000000000e+00 1.600000000000000000e+01 0.000000000000000000e+00 1.046098199964510478e+00 0.000000000000000000e+00
1.000000000000000000e+00 3.200000000000000000e+01 0.000000000000000000e+00 1.078686368044587507e+00 0.000000000000000000e+00
1.000000000000000000e+00 6.400000000000000000e+01 0.000000000000000000e+00 1.063187118549676402e+00 0.000000000000000000e+00
1.000000000000000000e+00 1.280000000000000000e+02 0.000000000000000000e+00 1.087722094363237524e+00 0.000000000000000000e+00
1.000000000000000000e+00 2.560000000000000000e+02 0.000000000000000000e+00 1.102733158055090090e+00 0.000000000000000000e+00
1.000000000000000000e+00 5.120000000000000000e+02 0.000000000000000000e+00 1.051386612221508310e+00 0.000000000000000000e+00
1.000000000000000000e+00 1.024000000000000000e+03 0.000000000000000000e+00 1.102617867589430256e+00 0.000000000000000000e+00
2.000000000000000000e+00 6.250000000000000000e-02 0.000000000000000000e+00 1.582519851214170048e+00 0.000000000000000000e+00
2.000000000000000000e+00 1.250000000000000000e-01 0.000000000000000000e+00 1.046368614014716591e+00 0.000000000000000000e+00
2.000000000000000000e+00 2.500000000000000000e-01 0.000000000000000000e+00 1.000415300283862496e+00 0.000000000000000000e+00
2.000000000000000000e+00 5.000000000000000000e-01 0.000000000000000000e+00 1.001427649793015240e+00 0.000000000000000000e+00
2.000000000000000000e+00 1.000000000000000000e+00 0.000000000000000000e+00 1.059732275954546443e+00 0.000000000000000000e+00
2.000000000000000000e+00 2.000000000000000000e+00 0.000000000000000000e+00 1.318892594192864420e+00 0.000000000000000000e+00
2.000000000000000000e+00 4.000000000000000000e+00 0.000000000000000000e+00 1.352067609825917449e+00 0.000000000000000000e+00
2.000000000000000000e+00 8.000000000000000000e+00 0.000000000000000000e+00 1.454059827125935511e+00 0.000000000000000000e+00
2.000000000000000000e+00 1.600000000000000000e+01 0.000000000000000000e+00 1.374732296358125438e+00 0.000000000000000000e+00
2.000000000000000000e+00 3.200000000000000000e+01 0.000000000000000000e+00 1.320946576967060748e+00 0.000000000000000000e+00
2.000000000000000000e+00 6.400000000000000000e+01 0.000000000000000000e+00 1.244137538332272142e+00 0.000000000000000000e+00
2.000000000000000000e+00 1.280000000000000000e+02 0.000000000000000000e+00 1.297242985362803358e+00 0.000000000000000000e+00
2.000000000000000000e+00 2.560000000000000000e+02 0.000000000000000000e+00 1.312090248250824764e+00 0.000000000000000000e+00
2.000000000000000000e+00 5.120000000000000000e+02 0.000000000000000000e+00 1.403696239229773157e+00 0.000000000000000000e+00
2.000000000000000000e+00 1.024000000000000000e+03 0.000000000000000000e+00 1.313913369469384307e+00 0.000000000000000000e+00
