5.000000000000000000e+00 6.250000000000000000e-02 1.000000000000000056e-01 1.134284790648954822e+00 1.848057694183873334e-01
5.000000000000000000e+00 1.250000000000000000e-01 1.000000000000000056e-01 1.016869236435540724e+00 3.018557202292476357e-02
5.000000000000000000e+00 2.500000000000000000e-01 1.000000000000000056e-01 1.000922612458882810e+00 1.660099805331053963e-03
5.000000000000000000e+00 5.000000000000000000e-01 1.000000000000000056e-01 1.001725082680122503e+00 7.188778441757051781e-04
5.000000000000000000e+00 1.000000000000000000e+00 1.000000000000000056e-01 1.036097384082404149e+00 1.358987864049626855e-02
5.000000000000000000e+00 2.000000000000000000e+00 1.000000000000000056e-01 1.161652231637712473e+00 5.218520434076073106e-02
5.000000000000000000e+00 4.000000000000000000e+00 1.000000000000000056e-01 1.321479960648559882e+00 9.779687081983712282e-02
5.000000000000000000e+00 8.000000000000000000e+00 1.000000000000000056e-01 1.390805849725904597e+00 6.976190041469558512e-02
5.000000000000000000e+00 1.600000000000000000e+01 1.000000000000000056e-01 1.390302474206146277e+00 8.582384811994163420e-02
5.000000000000000000e+00 3.200000000000000000e+01 1.000000000000000056e-01 1.368946935981000923e+00 9.737492829612655332e-02
5.000000000000000000e+00 6.400000000000000000e+01 1.000000000000000056e-01 1.375369248181918191e+00 9.887971018205689300e-02
5.000000000000000000e+00 1.280000000000000000e+02 1.000000000000000056e-01 1.376458601948420846e+00 9.777610758798101209e-02
5.000000000000000000e+00 2.560000000000000000e+02 1.000000000000000056e-01 1.371968432633435375e+00 6.734965259895978051e-02
5.000000000000000000e+00 5.120000000000000000e+02 1.000000000000000056e-01 1.369946969561270933e+00 8.790470078601933523e-02
5.000000000000000000e+00 1.024000000000000000e+03 1.000000000000000056e-01 1.376406357958551041e+00 1.055061979671769734e-01
6.000000000000000000e+00 6.250000000000000000e-02 1.000000000000000056e-01 1.118444253345824979e+00 1.320004840883914621e-01
6.000000000000000000e+00 1.250000000000000000e-01 1.000000000000000056e-01 1.015322717817960241e+00 2.994986043255254762e-02
6.000000000000000000e+00 2.500000000000000000e-01 1.000000000000000056e-01 1.000199947902818964e+00 2.602847334801542214e-04
6.000000000000000000e+00 5.000000000000000000e-01 1.000000000000000056e-01 1.002052287010444021e+00 9.892799266055301785e-04
6.000000000000000000e+00 1.000000000000000000e+00 1.000000000000000056e-01 1.046658634376693930e+00 1.903184881659702662e-02
6.000000000000000000e+00 2.000000000000000000e+00 1.000000000000000056e-01 1.196280533105275712e+00 6.558258869668749658e-02
6.000000000000000000e+00 4.000000000000000000e+00 1.000000000000000056e-01 1.336832218958664775e+00 9.338316928373420478e-02
6.000000000000000000e+00 8.000000000000000000e+00 1.000000000000000056e-01 1.423261878098271094e+00 1.002757524452245752e-01
6.000000000000000000e+00 1.600000000000000000e+01 1.000000000000000056e-01 1.411912462431870630e+00 1.119789198567595068e-01
6.000000000000000000e+00 3.200000000000000000e+01 1.000000000000000056e-01 1.334949905930791214e+00 1.038524096028186489e-01
6.000000000000000000e+00 6.400000000000000000e+01 1.000000000000000056e-01 1.342931557608180837e+00 9.655920442553382610e-02
6.000000000000000000e+00 1.280000000000000000e+02 1.000000000000000056e-01 1.366827794769026827e+00 8.775521055458442021e-02
6.000000000000000000e+00 2.560000000000000000e+02 1.000000000000000056e-01 1.354275077669560456e+00 7.918282163488045422e-02
6.000000000000000000e+00 5.120000000000000000e+02 1.000000000000000056e-01 1.342032302334279725e+00 7.159155910757233898e-02
6.000000000000000000e+00 1.024000000000000000e+03 1.000000000000000056e-01 1.343621899113158102e+00 8.592158103713513906e-02
