1.000000000000000000e+00 6.250000000000000000e-02 9.000000000000000222e-01 1.262586334755737338e+00 3.042171524175096842e-01
1.000000000000000000e+00 1.250000000000000000e-01 9.000000000000000222e-01 1.031975770470013654e+00 5.218972796126865321e-02
1.000000000000000000e+00 2.500000000000000000e-01 9.000000000000000222e-01 1.000205495070309869e+00 3.809027162807612321e-04
1.000000000000000000e+00 5.000000000000000000e-01 9.000000000000000222e-01 1.000651669261679810e+00 9.385915613397121391e-04
1.000000000000000000e+00 1.000000000000000000e+00 9.000000000000000222e-01 1.027181799026853914e+00 3.898155289068551410e-02
1.000000000000000000e+00 2.000000000000000000e+00 9.000000000000000222e-01 1.139941152334007501e+00 1.719417331290625794e-01
1.000000000000000000e+00 4.000000000000000000e+00 9.000000000000000222e-01 1.239354076622549927e+00 1.886707373505453478e-01
1.000000000000000000e+00 8.000000000000000000e+00 9.000000000000000222e-01 1.311578212042143088e+00 1.968645321373445334e-01
1.000000000000000000e+00 1.600000000000000000e+01 9.000000000000000222e-01 1.281975172235995775e+00 1.327759022345110507e-01
1.000000000000000000e+00 3.200000000000000000e+01 9.000000000000000222e-01 1.320013312934490646e+00 1.664403402636677187e-01
1.000000000000000000e+00 6.400000000000000000e+01 9.000000000000000222e-01 1.346361193930133648e+00 3.159390844551639432e-01
1.000000000000000000e+00 1.280000000000000000e+02 9.000000000000000222e-01 1.358867124869518772e+00 2.333578086633406046e-01
1.000000000000000000e+00 2.560000000000000000e+02 9.000000000000000222e-01 1.360142323500661332e+00 1.908055505858752277e-01
1.000000000000000000e+00 5.120000000000000000e+02 9.000000000000000222e-01 1.395537761030743562e+00 2.769418519886016061e-01
1.000000000000000000e+00 1.024000000000000000e+03 9.000000000000000222e-01 1.406423371018034718e+00 2.914335902050263494e-01
2.000000000000000000e+00 6.250000000000000000e-02 9.000000000000000222e-01 1.008919313706694521e+00 1.472077073465075624e-02
2.000000000000000000e+00 1.250000000000000000e-01 9.000000000000000222e-01 1.000463703152033812e+00 7.906927278541044189e-04
2.000000000000000000e+00 2.500000000000000000e-01 9.000000000000000222e-01 1.000013865488983189e+00 1.556201546819110083e-05
2.000000000000000000e+00 5.000000000000000000e-01 9.000000000000000222e-01 1.000135344427612427e+00 8.118877838400090005e-05
2.000000000000000000e+00 1.000000000000000000e+00 9.000000000000000222e-01 1.001181067272257197e+00 5.562673141479553083e-04
2.000000000000000000e+00 2.000000000000000000e+00 9.000000000000000222e-01 1.001589103937384539e+00 5.680335454517461760e-04
2.000000000000000000e+00 4.000000000000000000e+00 9.000000000000000222e-01 1.001629548864584551e+00 4.078984341536083720e-04
2.000000000000000000e+00 8.000000000000000000e+00 9.000000000000000222e-01 1.001399455328741528e+00 3.802435193286436178e-04
2.000000000000000000e+00 1.600000000000000000e+01 9.000000000000000222e-01 1.001334978098397333e+00 4.493603990910080646e-04
2.000000000000000000e+00 3.200000000000000000e+01 9.000000000000000222e-01 1.001202311150350077e+00 3.493750239523782971e-04
2.000000000000000000e+00 6.400000000000000000e+01 9.000000000000000222e-01 1.001225324445914167e+00 3.113246734423519356e-04
2.000000000000000000e+00 1.280000000000000000e+02 9.000000000000000222e-01 1.001292409763217428e+00 4.944900498123045536e-04
2.000000000000000000e+00 2.560000000000000000e+02 9.000000000000000222e-01 1.001395481616923488e+00 6.500929320074860622e-04
2.000000000000000000e+00 5.120000000000000000e+02 9.000000000000000222e-01 1.001284176268671278e+00 4.628781659130215575e-04
2.000000000000000000e+00 1.024000000000000000e+03 9.000000000000000222e-01 1.001207518959950971e+00 3.352649806701625827e-04
