5.000000000000000000e+00 6.250000000000000000e-02 9.000000000000000222e-01 1.004879708945474848e+00 9.705973423094909486e-03
5.000000000000000000e+00 1.250000000000000000e-01 9.000000000000000222e-01 1.000559344485488555e+00 9.131839581959937157e-04
5.000000000000000000e+00 2.500000000000000000e-01 9.000000000000000222e-01 1.000042823268190828e+00 6.899552401670659934e-05
5.000000000000000000e+00 5.000000000000000000e-01 9.000000000000000222e-01 1.000098872473905054e+00 4.109969214072607452e-05
5.000000000000000000e+00 1.000000000000000000e+00 9.000000000000000222e-01 1.001054803839120044e+00 2.793380547594456905e-04
5.000000000000000000e+00 2.000000000000000000e+00 9.000000000000000222e-01 1.001801479255075789e+00 3.016091602630785701e-04
5.000000000000000000e+00 4.000000000000000000e+00 9.000000000000000222e-01 1.001785687332624075e+00 2.726564543450932590e-04
5.000000000000000000e+00 8.000000000000000000e+00 9.000000000000000222e-01 1.001404832218057761e+00 2.367683387033558560e-04
5.000000000000000000e+00 1.600000000000000000e+01 9.000000000000000222e-01 1.001306956697016970e+00 2.788190325307433187e-04
5.000000000000000000e+00 3.200000000000000000e+01 9.000000000000000222e-01 1.001271615269955451e+00 2.417633209311921940e-04
5.000000000000000000e+00 6.400000000000000000e+01 9.000000000000000222e-01 1.001308556768792712e+00 3.226114992631096872e-04
5.000000000000000000e+00 1.280000000000000000e+02 9.000000000000000222e-01 1.001340117913833261e+00 2.632848120316058789e-04
5.000000000000000000e+00 2.560000000000000000e+02 9.000000000000000222e-01 1.001314033564673744e+00 2.531040258167310038e-04
5.000000000000000000e+00 5.120000000000000000e+02 9.000000000000000222e-01 1.001290017131784893e+00 2.934279148841937072e-04
5.000000000000000000e+00 1.024000000000000000e+03 9.000000000000000222e-01 1.001272212852200916e+00 2.569888820957295082e-04
6.000000000000000000e+00 6.250000000000000000e-02 9.000000000000000222e-01 1.003950317016316873e+00 5.563315397144074671e-03
6.000000000000000000e+00 1.250000000000000000e-01 9.000000000000000222e-01 1.000307630214268162e+00 4.698717704099778522e-04
6.000000000000000000e+00 2.500000000000000000e-01 9.000000000000000222e-01 1.000020268104935939e+00 2.540723367716561919e-05
6.000000000000000000e+00 5.000000000000000000e-01 9.000000000000000222e-01 1.000120134390489079e+00 5.239688438833503060e-05
6.000000000000000000e+00 1.000000000000000000e+00 9.000000000000000222e-01 1.001236108387597579e+00 3.555782191809742088e-04
6.000000000000000000e+00 2.000000000000000000e+00 9.000000000000000222e-01 1.001906482311292645e+00 2.411117018527882518e-04
6.000000000000000000e+00 4.000000000000000000e+00 9.000000000000000222e-01 1.001782673198242657e+00 1.271811021833393462e-04
6.000000000000000000e+00 8.000000000000000000e+00 9.000000000000000222e-01 1.001479629796972137e+00 2.120203743942532769e-04
6.000000000000000000e+00 1.600000000000000000e+01 9.000000000000000222e-01 1.001286871649547550e+00 3.456226058116580735e-04
6.000000000000000000e+00 3.200000000000000000e+01 9.000000000000000222e-01 1.001195260175214763e+00 1.740938785895844692e-04
6.000000000000000000e+00 6.400000000000000000e+01 9.000000000000000222e-01 1.001178392496897551e+00 2.611487038744591529e-04
6.000000000000000000e+00 1.280000000000000000e+02 9.000000000000000222e-01 1.001232343181339246e+00 2.145588414304599231e-04
6.000000000000000000e+00 2.560000000000000000e+02 9.000000000000000222e-01 1.001313719629019605e+00 2.712246306652466737e-04
6.000000000000000000e+00 5.120000000000000000e+02 9.000000000000000222e-01 1.001355037253636837e+00 3.287850784112666329e-04
6.000000000000000000e+00 1.024000000000000000e+03 9.000000000000000222e-01 1.001282242268300093e+00 2.802644333500330619e-04
