1.000000000000000000e+00 6.250000000000000000e-02 1.000000000000000056e-01 1.262586334755737338e+00 3.042171524175096842e-01
1.000000000000000000e+00 1.250000000000000000e-01 1.000000000000000056e-01 1.031975770470013654e+00 5.218972796126865321e-02
1.000000000000000000e+00 2.500000000000000000e-01 1.000000000000000056e-01 1.000205495070309869e+00 3.809027162807612321e-04
1.000000000000000000e+00 5.000000000000000000e-01 1.000000000000000056e-01 1.000651669261679810e+00 9.385915613397121391e-04
1.000000000000000000e+00 1.000000000000000000e+00 1.000000000000000056e-01 1.027181799026853914e+00 3.898155289068551410e-02
1.000000000000000000e+00 2.000000000000000000e+00 1.000000000000000056e-01 1.139941152334007501e+00 1.719417331290625794e-01
1.000000000000000000e+00 4.000000000000000000e+00 1.000000000000000056e-01 1.239354076622549927e+00 1.886707373505453478e-01
1.000000000000000000e+00 8.000000000000000000e+00 1.000000000000000056e-01 1.311578212042143088e+00 1.968645321373445334e-01
1.000000000000000000e+00 1.600000000000000000e+01 1.000000000000000056e-01 1.281975172235995775e+00 1.327759022345110507e-01
1.000000000000000000e+00 3.200000000000000000e+01 1.000000000000000056e-01 1.320013312934490646e+00 1.664403402636677187e-01
1.000000000000000000e+00 6.400000000000000000e+01 1.000000000000000056e-01 1.346361193930133648e+00 3.159390844551639432e-01
1.000000000000000000e+00 1.280000000000000000e+02 1.000000000000000056e-01 1.358867124869518772e+00 2.333578086633406046e-01
1.000000000000000000e+00 2.560000000000000000e+02 1.000000000000000056e-01 1.360142323500661332e+00 1.908055505858752277e-01
1.000000000000000000e+00 5.120000000000000000e+02 1.000000000000000056e-01 1.395537761030743562e+00 2.769418519886016061e-01
1.000000000000000000e+00 1.024000000000000000e+03 1.000000000000000056e-01 1.406423371018034718e+00 2.914335902050263494e-01
2.000000000000000000e+00 6.250000000000000000e-02 1.000000000000000056e-01 1.126650227390020076e+00 1.820037794318580815e-01
2.000000000000000000e+00 1.250000000000000000e-01 1.000000000000000056e-01 1.007722901644752866e+00 1.581262414420794502e-02
2.000000000000000000e+00 2.500000000000000000e-01 1.000000000000000056e-01 1.000135122946171462e+00 1.313027641487525185e-04
2.000000000000000000e+00 5.000000000000000000e-01 1.000000000000000056e-01 1.002490878861056256e+00 1.827449802934104058e-03
2.000000000000000000e+00 1.000000000000000000e+00 1.000000000000000056e-01 1.056183457880628840e+00 4.638811282576654760e-02
2.000000000000000000e+00 2.000000000000000000e+00 1.000000000000000056e-01 1.227029443966436206e+00 1.831726450923184535e-01
2.000000000000000000e+00 4.000000000000000000e+00 1.000000000000000056e-01 1.368637373462426421e+00 1.572917848044369238e-01
2.000000000000000000e+00 8.000000000000000000e+00 1.000000000000000056e-01 1.351547359956826400e+00 1.222761690274880714e-01
2.000000000000000000e+00 1.600000000000000000e+01 1.000000000000000056e-01 1.312028739413060752e+00 8.264808049690150482e-02
2.000000000000000000e+00 3.200000000000000000e+01 1.000000000000000056e-01 1.344808349348714183e+00 1.476864555917641042e-01
2.000000000000000000e+00 6.400000000000000000e+01 1.000000000000000056e-01 1.292718817093555073e+00 1.041185640506260557e-01
2.000000000000000000e+00 1.280000000000000000e+02 1.000000000000000056e-01 1.328464640690243170e+00 9.851798204062575670e-02
2.000000000000000000e+00 2.560000000000000000e+02 1.000000000000000056e-01 1.315338658659233939e+00 1.061884310209370019e-01
2.000000000000000000e+00 5.120000000000000000e+02 1.000000000000000056e-01 1.324976550976966205e+00 1.332579292830775586e-01
2.000000000000000000e+00 1.024000000000000000e+03 1.000000000000000056e-01 1.323530548991269651e+00 9.857776221143690898e-02
