5.000000000000000000e+00 6.250000000000000000e-02 2.999999999999999889e-01 1.091634287161379557e+00 1.112790462881584341e-01
5.000000000000000000e+00 1.250000000000000000e-01 2.999999999999999889e-01 1.012660524154767483e+00 2.182315552490658728e-02
5.000000000000000000e+00 2.500000000000000000e-01 2.999999999999999889e-01 1.001013333379350945e+00 1.363840340601305684e-03
5.000000000000000000e+00 5.000000000000000000e-01 2.999999999999999889e-01 1.005851047800428777e+00 2.455107723775539277e-03
5.000000000000000000e+00 1.000000000000000000e+00 2.999999999999999889e-01 1.081029569267227819e+00 2.839615102816111722e-02
5.000000000000000000e+00 2.000000000000000000e+00 2.999999999999999889e-01 1.226893653446623045e+00 6.124095205581651935e-02
5.000000000000000000e+00 4.000000000000000000e+00 2.999999999999999889e-01 1.310107691377671024e+00 5.405186468821443491e-02
5.000000000000000000e+00 8.000000000000000000e+00 2.999999999999999889e-01 1.274337857681092645e+00 4.166498379115990414e-02
5.000000000000000000e+00 1.600000000000000000e+01 2.999999999999999889e-01 1.233690250221371132e+00 5.173361005951467029e-02
5.000000000000000000e+00 3.200000000000000000e+01 2.999999999999999889e-01 1.223694417677070989e+00 5.079265181093342574e-02
5.000000000000000000e+00 6.400000000000000000e+01 2.999999999999999889e-01 1.223508155403043363e+00 5.893494603838787815e-02
5.000000000000000000e+00 1.280000000000000000e+02 2.999999999999999889e-01 1.227509287107428460e+00 6.436129547812710627e-02
5.000000000000000000e+00 2.560000000000000000e+02 2.999999999999999889e-01 1.225052091669707632e+00 4.910055110915994420e-02
5.000000000000000000e+00 5.120000000000000000e+02 2.999999999999999889e-01 1.221133945162166112e+00 5.497804762077403151e-02
5.000000000000000000e+00 1.024000000000000000e+03 2.999999999999999889e-01 1.224228609591049288e+00 5.932806864902117477e-02
6.000000000000000000e+00 6.250000000000000000e-02 2.999999999999999889e-01 1.083343052018487906e+00 8.494393236012273696e-02
6.000000000000000000e+00 1.250000000000000000e-01 2.999999999999999889e-01 1.011169204287017953e+00 2.160037346467539449e-02
6.000000000000000000e+00 2.500000000000000000e-01 2.999999999999999889e-01 1.000510184882455134e+00 2.734700322042044681e-04
6.000000000000000000e+00 5.000000000000000000e-01 2.999999999999999889e-01 1.007245519366929631e+00 3.219057144604875378e-03
6.000000000000000000e+00 1.000000000000000000e+00 2.999999999999999889e-01 1.103491582713002739e+00 3.642279840209215053e-02
6.000000000000000000e+00 2.000000000000000000e+00 2.999999999999999889e-01 1.267872928233903629e+00 7.977852600059599786e-02
6.000000000000000000e+00 4.000000000000000000e+00 2.999999999999999889e-01 1.315849498427286379e+00 5.554102579619599883e-02
6.000000000000000000e+00 8.000000000000000000e+00 2.999999999999999889e-01 1.276136517590940489e+00 3.457111924760573191e-02
6.000000000000000000e+00 1.600000000000000000e+01 2.999999999999999889e-01 1.234041335909227488e+00 5.219011036169517170e-02
6.000000000000000000e+00 3.200000000000000000e+01 2.999999999999999889e-01 1.210154608206565729e+00 3.371372552395779376e-02
6.000000000000000000e+00 6.400000000000000000e+01 2.999999999999999889e-01 1.201441765109520832e+00 3.611502314241690770e-02
6.000000000000000000e+00 1.280000000000000000e+02 2.999999999999999889e-01 1.214591586215174601e+00 4.038553635148009469e-02
6.000000000000000000e+00 2.560000000000000000e+02 2.999999999999999889e-01 1.215765356544343367e+00 3.898402407315588319e-02
6.000000000000000000e+00 5.120000000000000000e+02 2.999999999999999889e-01 1.214471338843819304e+00 4.139648574518400154e-02
6.000000000000000000e+00 1.024000000000000000e+03 2.999999999999999889e-01 1.219358858102006948e+00 5.187567112930113744e-02
