1.000000000000000000e+00 6.250000000000000000e-02 6.999999999999999556e-01 1.262586334755737338e+00 3.042171524175096842e-01
1.000000000000000000e+00 1.250000000000000000e-01 6.999999999999999556e-01 1.031975770470013654e+00 5.218972796126865321e-02
1.000000000000000000e+00 2.500000000000000000e-01 6.999999999999999556e-01 1.000205495070309869e+00 3.809027162807612321e-04
1.000000000000000000e+00 5.000000000000000000e-01 6.999999999999999556e-01 1.000651669261679810e+00 9.385915613397121391e-04
1.000000000000000000e+00 1.000000000000000000e+00 6.999999999999999556e-01 1.027181799026853914e+00 3.898155289068551410e-02
1.000000000000000000e+00 2.000000000000000000e+00 6.999999999999999556e-01 1.139941152334007501e+00 1.719417331290625794e-01
1.000000000000000000e+00 4.000000000000000000e+00 6.999999999999999556e-01 1.239354076622549927e+00 1.886707373505453478e-01
1.000000000000000000e+00 8.000000000000000000e+00 6.999999999999999556e-01 1.311578212042143088e+00 1.968645321373445334e-01
1.000000000000000000e+00 1.600000000000000000e+01 6.999999999999999556e-01 1.281975172235995775e+00 1.327759022345110507e-01
1.000000000000000000e+00 3.200000000000000000e+01 6.999999999999999556e-01 1.320013312934490646e+00 1.664403402636677187e-01
1.000000000000000000e+00 6.400000000000000000e+01 6.999999999999999556e-01 1.346361193930133648e+00 3.159390844551639432e-01
1.000000000000000000e+00 1.280000000000000000e+02 6.999999999999999556e-01 1.358867124869518772e+00 2.333578086633406046e-01
1.000000000000000000e+00 2.560000000000000000e+02 6.999999999999999556e-01 1.360142323500661332e+00 1.908055505858752277e-01
1.000000000000000000e+00 5.120000000000000000e+02 6.999999999999999556e-01 1.395537761030743562e+00 2.769418519886016061e-01
1.000000000000000000e+00 1.024000000000000000e+03 6.999999999999999556e-01 1.406423371018034718e+00 2.914335902050263494e-01
2.000000000000000000e+00 6.250000000000000000e-02 6.999999999999999556e-01 1.016296731835151901e+00 2.495999672644886799e-02
2.000000000000000000e+00 1.250000000000000000e-01 6.999999999999999556e-01 1.000919924606861855e+00 1.602185176716860223e-03
2.000000000000000000e+00 2.500000000000000000e-01 6.999999999999999556e-01 1.000108657220688535e+00 6.561207976161095260e-05
2.000000000000000000e+00 5.000000000000000000e-01 6.999999999999999556e-01 1.001772840476421234e+00 1.075765667886318961e-03
2.000000000000000000e+00 1.000000000000000000e+00 6.999999999999999556e-01 1.015752603765026629e+00 7.638523957086291657e-03
2.000000000000000000e+00 2.000000000000000000e+00 6.999999999999999556e-01 1.021256452190350439e+00 7.955213184075864835e-03
2.000000000000000000e+00 4.000000000000000000e+00 6.999999999999999556e-01 1.020629015592970035e+00 5.782658108746369097e-03
2.000000000000000000e+00 8.000000000000000000e+00 6.999999999999999556e-01 1.017283506966141005e+00 5.290656886708068433e-03
2.000000000000000000e+00 1.600000000000000000e+01 6.999999999999999556e-01 1.015573504872386179e+00 5.030285677684764867e-03
2.000000000000000000e+00 3.200000000000000000e+01 6.999999999999999556e-01 1.014518527282482596e+00 4.392655015934726279e-03
2.000000000000000000e+00 6.400000000000000000e+01 6.999999999999999556e-01 1.014404613397008825e+00 4.431793247414327584e-03
2.000000000000000000e+00 1.280000000000000000e+02 6.999999999999999556e-01 1.015480271219879604e+00 5.674127449158261963e-03
2.000000000000000000e+00 2.560000000000000000e+02 6.999999999999999556e-01 1.015815333593560243e+00 5.615820775357681371e-03
2.000000000000000000e+00 5.120000000000000000e+02 6.999999999999999556e-01 1.015049601937094703e+00 5.155875459089775611e-03
2.000000000000000000e+00 1.024000000000000000e+03 6.999999999999999556e-01 1.013826857594294584e+00 3.568007406171234009e-03
