1.000000000000000000e+00 6.250000000000000000e-02 5.000000000000000000e-01 1.262586334755737338e+00 3.042171524175096842e-01
1.000000000000000000e+00 1.250000000000000000e-01 5.000000000000000000e-01 1.031975770470013654e+00 5.218972796126865321e-02
1.000000000000000000e+00 2.500000000000000000e-01 5.000000000000000000e-01 1.000205495070309869e+00 3.809027162807612321e-04
1.000000000000000000e+00 5.000000000000000000e-01 5.000000000000000000e-01 1.000651669261679810e+00 9.385915613397121391e-04
1.000000000000000000e+00 1.000000000000000000e+00 5.000000000000000000e-01 1.027181799026853914e+00 3.898155289068551410e-02
1.000000000000000000e+00 2.000000000000000000e+00 5.000000000000000000e-01 1.139941152334007501e+00 1.719417331290625794e-01
1.000000000000000000e+00 4.000000000000000000e+00 5.000000000000000000e-01 1.239354076622549927e+00 1.886707373505453478e-01
1.000000000000000000e+00 8.000000000000000000e+00 5.000000000000000000e-01 1.311578212042143088e+00 1.968645321373445334e-01
1.000000000000000000e+00 1.600000000000000000e+01 5.000000000000000000e-01 1.281975172235995775e+00 1.327759022345110507e-01
1.000000000000000000e+00 3.200000000000000000e+01 5.000000000000000000e-01 1.320013312934490646e+00 1.664403402636677187e-01
1.000000000000000000e+00 6.400000000000000000e+01 5.000000000000000000e-01 1.346361193930133648e+00 3.159390844551639432e-01
1.000000000000000000e+00 1.280000000000000000e+02 5.000000000000000000e-01 1.358867124869518772e+00 2.333578086633406046e-01
1.000000000000000000e+00 2.560000000000000000e+02 5.000000000000000000e-01 1.360142323500661332e+00 1.908055505858752277e-01
1.000000000000000000e+00 5.120000000000000000e+02 5.000000000000000000e-01 1.395537761030743562e+00 2.769418519886016061e-01
1.000000000000000000e+00 1.024000000000000000e+03 5.000000000000000000e-01 1.406423371018034718e+00 2.914335902050263494e-01
2.000000000000000000e+00 6.250000000000000000e-02 5.000000000000000000e-01 1.039311488011373630e+00 5.335180625760703454e-02
2.000000000000000000e+00 1.250000000000000000e-01 5.000000000000000000e-01 1.002484069163730229e+00 4.632705851380465242e-03
2.000000000000000000e+00 2.500000000000000000e-01 5.000000000000000000e-01 1.000353031713499208e+00 2.107800540662368776e-04
2.000000000000000000e+00 5.000000000000000000e-01 5.000000000000000000e-01 1.006171329913907453e+00 3.794953247761544569e-03
2.000000000000000000e+00 1.000000000000000000e+00 5.000000000000000000e-01 1.062208383100823106e+00 3.323993930432520005e-02
2.000000000000000000e+00 2.000000000000000000e+00 5.000000000000000000e-01 1.092852474609244950e+00 4.024933946394962381e-02
2.000000000000000000e+00 4.000000000000000000e+00 5.000000000000000000e-01 1.092092787060346737e+00 2.736136820810724721e-02
2.000000000000000000e+00 8.000000000000000000e+00 5.000000000000000000e-01 1.076743889536302401e+00 2.363677174812998938e-02
2.000000000000000000e+00 1.600000000000000000e+01 5.000000000000000000e-01 1.068725868796835732e+00 2.220228241087498708e-02
2.000000000000000000e+00 3.200000000000000000e+01 5.000000000000000000e-01 1.064449146054479822e+00 2.021876396531727474e-02
2.000000000000000000e+00 6.400000000000000000e+01 5.000000000000000000e-01 1.061788746327336552e+00 2.010436030225937198e-02
2.000000000000000000e+00 1.280000000000000000e+02 5.000000000000000000e-01 1.068010679171251809e+00 2.388110586350014955e-02
2.000000000000000000e+00 2.560000000000000000e+02 5.000000000000000000e-01 1.068337278177113214e+00 2.125488493217496042e-02
2.000000000000000000e+00 5.120000000000000000e+02 5.000000000000000000e-01 1.064696714216791351e+00 2.063921453552642477e-02
2.000000000000000000e+00 1.024000000000000000e+03 5.000000000000000000e-01 1.060318941504261980e+00 1.652036753415538767e-02
