3.000000000000000000e+00 6.250000000000000000e-02 0.000000000000000000e+00 1.063699584186818203e+00 9.452526114972306659e-02
3.000000000000000000e+00 1.250000000000000000e-01 0.000000000000000000e+00 1.000886610619307504e+00 1.922932173300034289e-03
3.000000000000000000e+00 2.500000000000000000e-01 0.000000000000000000e+00 1.000035830875020793e+00 1.744242086374062363e-05
3.000000000000000000e+00 5.000000000000000000e-01 0.000000000000000000e+00 1.001650204761237672e+00 1.007595312644504054e-03
3.000000000000000000e+00 1.000000000000000000e+00 0.000000000000000000e+00 1.048969337247138256e+00 3.457381628260978307e-02
3.000000000000000000e+00 2.000000000000000000e+00 0.000000000000000000e+00 1.225607243707447669e+00 1.023525758833016969e-01
3.000000000000000000e+00 4.000000000000000000e+00 0.000000000000000000e+00 1.362518609208440479e+00 1.425581836894447008e-01
3.000000000000000000e+00 8.000000000000000000e+00 0.000000000000000000e+00 1.385003596765179701e+00 1.161014716663030105e-01
3.000000000000000000e+00 1.600000000000000000e+01 0.000000000000000000e+00 1.318803930548935410e+00 8.263698086391749187e-02
3.000000000000000000e+00 3.200000000000000000e+01 0.000000000000000000e+00 1.292123995459357300e+00 6.798896497350487289e-02
3.000000000000000000e+00 6.400000000000000000e+01 0.000000000000000000e+00 1.320293768093305342e+00 8.756824563128419447e-02
3.000000000000000000e+00 1.280000000000000000e+02 0.000000000000000000e+00 1.321495699067915641e+00 1.041114160400539029e-01
3.000000000000000000e+00 2.560000000000000000e+02 0.000000000000000000e+00 1.299440628418017996e+00 7.188645704024929084e-02
3.000000000000000000e+00 5.120000000000000000e+02 0.000000000000000000e+00 1.281669959341114717e+00 9.393898579387495451e-02
3.000000000000000000e+00 1.024000000000000000e+03 0.000000000000000000e+00 1.310633566251106163e+00 1.189156559962080278e-01
4.000000000000000000e+00 6.250000000000000000e-02 0.000000000000000000e+00 1.054004753141911888e+00 4.060507995821440591e-02
4.000000000000000000e+00 1.250000000000000000e-01 0.000000000000000000e+00 1.000575781948193299e+00 1.035093050478928063e-03
4.000000000000000000e+00 2.500000000000000000e-01 0.000000000000000000e+00 1.000024149801076678e+00 1.806123183994476272e-05
4.000000000000000000e+00 5.000000000000000000e-01 0.000000000000000000e+00 1.001429260846632641e+00 1.063214300870578711e-03
4.000000000000000000e+00 1.000000000000000000e+00 0.000000000000000000e+00 1.045987016494464239e+00 3.592771653536157295e-02
4.000000000000000000e+00 2.000000000000000000e+00 0.000000000000000000e+00 1.220952872239545517e+00 1.591179334340132867e-01
4.000000000000000000e+00 4.000000000000000000e+00 0.000000000000000000e+00 1.331768110550101802e+00 1.569204158084599177e-01
4.000000000000000000e+00 8.000000000000000000e+00 0.000000000000000000e+00 1.365791889696677641e+00 6.322562773112280765e-02
4.000000000000000000e+00 1.600000000000000000e+01 0.000000000000000000e+00 1.329822808644935295e+00 6.442006679301220951e-02
4.000000000000000000e+00 3.200000000000000000e+01 0.000000000000000000e+00 1.346038258863323067e+00 9.434482877846035731e-02
4.000000000000000000e+00 6.400000000000000000e+01 0.000000000000000000e+00 1.313385247394312838e+00 7.823059649554468808e-02
4.000000000000000000e+00 1.280000000000000000e+02 0.000000000000000000e+00 1.318947778343244392e+00 9.598613385031704026e-02
4.000000000000000000e+00 2.560000000000000000e+02 0.000000000000000000e+00 1.342807541169171115e+00 8.402421096663316435e-02
4.000000000000000000e+00 5.120000000000000000e+02 0.000000000000000000e+00 1.351775577628341996e+00 1.322531848117148578e-01
4.000000000000000000e+00 1.024000000000000000e+03 0.000000000000000000e+00 1.353218388169013187e+00 1.514375113334560652e-01
