5.000000000000000000e+00 6.250000000000000000e-02 0.000000000000000000e+00 1.120651049678795363e+00 1.694749476101122532e-01
5.000000000000000000e+00 1.250000000000000000e-01 0.000000000000000000e+00 1.014766437686624112e+00 2.655717903826338572e-02
5.000000000000000000e+00 2.500000000000000000e-01 0.000000000000000000e+00 1.000749070067807445e+00 1.404749718145820430e-03
5.000000000000000000e+00 5.000000000000000000e-01 0.000000000000000000e+00 1.000928642857147777e+00 4.851043374912537300e-04
5.000000000000000000e+00 1.000000000000000000e+00 0.000000000000000000e+00 1.026313831757399209e+00 1.207709389553318115e-02
5.000000000000000000e+00 2.000000000000000000e+00 0.000000000000000000e+00 1.136775898863403800e+00 5.144828642350650350e-02
5.000000000000000000e+00 4.000000000000000000e+00 0.000000000000000000e+00 1.285759126582807221e+00 1.043720923083474306e-01
5.000000000000000000e+00 8.000000000000000000e+00 0.000000000000000000e+00 1.362700129616988720e+00 6.630852484511845502e-02
5.000000000000000000e+00 1.600000000000000000e+01 0.000000000000000000e+00 1.380545640331146906e+00 8.090825829778275358e-02
5.000000000000000000e+00 3.200000000000000000e+01 0.000000000000000000e+00 1.352123015424875785e+00 9.701342031785399611e-02
5.000000000000000000e+00 6.400000000000000000e+01 0.000000000000000000e+00 1.353603625628189366e+00 8.860739100021675085e-02
5.000000000000000000e+00 1.280000000000000000e+02 0.000000000000000000e+00 1.360119267414731103e+00 9.050372759349462060e-02
5.000000000000000000e+00 2.560000000000000000e+02 0.000000000000000000e+00 1.358205651075828246e+00 5.782704330251500768e-02
5.000000000000000000e+00 5.120000000000000000e+02 0.000000000000000000e+00 1.354237918498844007e+00 6.773343139239523802e-02
5.000000000000000000e+00 1.024000000000000000e+03 0.000000000000000000e+00 1.363923046054197563e+00 9.810534927205664946e-02
6.000000000000000000e+00 6.250000000000000000e-02 0.000000000000000000e+00 1.105664639945593830e+00 1.201573369968876592e-01
6.000000000000000000e+00 1.250000000000000000e-01 0.000000000000000000e+00 1.013533614663841842e+00 2.640945175669866946e-02
6.000000000000000000e+00 2.500000000000000000e-01 0.000000000000000000e+00 1.000114394535168483e+00 1.922051152452948410e-04
6.000000000000000000e+00 5.000000000000000000e-01 0.000000000000000000e+00 1.001021752816320554e+00 5.543896564866096152e-04
6.000000000000000000e+00 1.000000000000000000e+00 0.000000000000000000e+00 1.033495788753059141e+00 1.557940210672029320e-02
6.000000000000000000e+00 2.000000000000000000e+00 0.000000000000000000e+00 1.162297041773752593e+00 5.257452268650489313e-02
6.000000000000000000e+00 4.000000000000000000e+00 0.000000000000000000e+00 1.284882014813822693e+00 7.021345840274804961e-02
6.000000000000000000e+00 8.000000000000000000e+00 0.000000000000000000e+00 1.388029998896818773e+00 9.254702606555563482e-02
6.000000000000000000e+00 1.600000000000000000e+01 0.000000000000000000e+00 1.389574323229783470e+00 1.062338499117312374e-01
6.000000000000000000e+00 3.200000000000000000e+01 0.000000000000000000e+00 1.311737891309768367e+00 9.868339775300752348e-02
6.000000000000000000e+00 6.400000000000000000e+01 0.000000000000000000e+00 1.320825082704018438e+00 8.885208668972457979e-02
6.000000000000000000e+00 1.280000000000000000e+02 0.000000000000000000e+00 1.344679368092573712e+00 8.175886841285430473e-02
6.000000000000000000e+00 2.560000000000000000e+02 0.000000000000000000e+00 1.330983235687228206e+00 7.552141327988640129e-02
6.000000000000000000e+00 5.120000000000000000e+02 0.000000000000000000e+00 1.317089239607149187e+00 6.724766311013893882e-02
6.000000000000000000e+00 1.024000000000000000e+03 0.000000000000000000e+00 1.323600317085684486e+00 8.690857206980304173e-02
