3.000000000000000000e+00 6.250000000000000000e-02 2.999999999999999889e-01 1.057418051748686860e+00 8.893298539545282932e-02
3.000000000000000000e+00 1.250000000000000000e-01 2.999999999999999889e-01 1.000970486282127148e+00 2.129017565389056729e-03
3.000000000000000000e+00 2.500000000000000000e-01 2.999999999999999889e-01 1.000518046222068858e+00 2.275046882678716329e-04
3.000000000000000000e+00 5.000000000000000000e-01 2.999999999999999889e-01 1.009304214334602268e+00 4.227821059856549067e-03
3.000000000000000000e+00 1.000000000000000000e+00 2.999999999999999889e-01 1.119438477616107930e+00 5.774364397543324534e-02
3.000000000000000000e+00 2.000000000000000000e+00 2.999999999999999889e-01 1.272705234461859458e+00 8.690752024224761285e-02
3.000000000000000000e+00 4.000000000000000000e+00 2.999999999999999889e-01 1.281303107161590349e+00 4.177191359427515766e-02
3.000000000000000000e+00 8.000000000000000000e+00 2.999999999999999889e-01 1.240715136518141026e+00 4.166050411517660534e-02
3.000000000000000000e+00 1.600000000000000000e+01 2.999999999999999889e-01 1.203973164032979382e+00 5.261346151480900124e-02
3.000000000000000000e+00 3.200000000000000000e+01 2.999999999999999889e-01 1.193722849294797772e+00 5.911015863347766908e-02
3.000000000000000000e+00 6.400000000000000000e+01 2.999999999999999889e-01 1.187361321200670616e+00 5.106245302290897403e-02
3.000000000000000000e+00 1.280000000000000000e+02 2.999999999999999889e-01 1.195239672875118675e+00 5.713663081345766309e-02
3.000000000000000000e+00 2.560000000000000000e+02 2.999999999999999889e-01 1.183273387327954174e+00 6.066352144961162374e-02
3.000000000000000000e+00 5.120000000000000000e+02 2.999999999999999889e-01 1.166330410083419311e+00 4.151574551425468718e-02
3.000000000000000000e+00 1.024000000000000000e+03 2.999999999999999889e-01 1.179327257720980127e+00 4.988455495691646036e-02
4.000000000000000000e+00 6.250000000000000000e-02 2.999999999999999889e-01 1.046892985071205873e+00 3.455243949013079435e-02
4.000000000000000000e+00 1.250000000000000000e-01 2.999999999999999889e-01 1.000554249536076412e+00 9.127951304304343476e-04
4.000000000000000000e+00 2.500000000000000000e-01 2.999999999999999889e-01 1.000449544656109691e+00 3.178745197959155109e-04
4.000000000000000000e+00 5.000000000000000000e-01 2.999999999999999889e-01 1.008158133243349575e+00 5.831427436044336193e-03
4.000000000000000000e+00 1.000000000000000000e+00 2.999999999999999889e-01 1.114534165515669528e+00 7.801582284013093560e-02
4.000000000000000000e+00 2.000000000000000000e+00 2.999999999999999889e-01 1.263625395904078852e+00 1.138742857501070932e-01
4.000000000000000000e+00 4.000000000000000000e+00 2.999999999999999889e-01 1.270605462175590450e+00 3.929755293686668788e-02
4.000000000000000000e+00 8.000000000000000000e+00 2.999999999999999889e-01 1.238926897608010780e+00 6.011476481540379418e-02
4.000000000000000000e+00 1.600000000000000000e+01 2.999999999999999889e-01 1.191581897111647637e+00 5.849102224990926358e-02
4.000000000000000000e+00 3.200000000000000000e+01 2.999999999999999889e-01 1.187339088701169221e+00 4.953430692672574492e-02
4.000000000000000000e+00 6.400000000000000000e+01 2.999999999999999889e-01 1.176130011830822442e+00 4.691438287132415619e-02
4.000000000000000000e+00 1.280000000000000000e+02 2.999999999999999889e-01 1.186790743491534794e+00 5.748855234212245369e-02
4.000000000000000000e+00 2.560000000000000000e+02 2.999999999999999889e-01 1.189476930667126009e+00 5.920986863206494782e-02
4.000000000000000000e+00 5.120000000000000000e+02 2.999999999999999889e-01 1.182692600502582403e+00 4.654069683675042535e-02
4.000000000000000000e+00 1.024000000000000000e+03 2.999999999999999889e-01 1.175252295296649541e+00 5.173166940810076941e-02
