3.000000000000000000e+00 6.250000000000000000e-02 1.000000000000000056e-01 1.072610260682033800e+00 1.080540552940318366e-01
3.000000000000000000e+00 1.250000000000000000e-01 1.000000000000000056e-01 1.001025665013622223e+00 2.225945143096968309e-03
3.000000000000000000e+00 2.500000000000000000e-01 1.000000000000000056e-01 1.000113213259357536e+00 4.252492737564115221e-05
3.000000000000000000e+00 5.000000000000000000e-01 1.000000000000000056e-01 1.002892590444584453e+00 1.463993899532865101e-03
3.000000000000000000e+00 1.000000000000000000e+00 1.000000000000000056e-01 1.062541878328156830e+00 3.978999748144949195e-02
3.000000000000000000e+00 2.000000000000000000e+00 1.000000000000000056e-01 1.252038712095672635e+00 1.103351944870724910e-01
3.000000000000000000e+00 4.000000000000000000e+00 1.000000000000000056e-01 1.377533174504640856e+00 1.367493108350090192e-01
3.000000000000000000e+00 8.000000000000000000e+00 1.000000000000000056e-01 1.387598342562554432e+00 1.033081443076084710e-01
3.000000000000000000e+00 1.600000000000000000e+01 1.000000000000000056e-01 1.314197678361486599e+00 6.487458049092104106e-02
3.000000000000000000e+00 3.200000000000000000e+01 1.000000000000000056e-01 1.291377903656046877e+00 5.354734554537713548e-02
3.000000000000000000e+00 6.400000000000000000e+01 1.000000000000000056e-01 1.313915551836866369e+00 7.744222708465185734e-02
3.000000000000000000e+00 1.280000000000000000e+02 1.000000000000000056e-01 1.315781978478594016e+00 8.977778701210828438e-02
3.000000000000000000e+00 2.560000000000000000e+02 1.000000000000000056e-01 1.289589346704060446e+00 5.835614091736888998e-02
3.000000000000000000e+00 5.120000000000000000e+02 1.000000000000000056e-01 1.273782655191589175e+00 7.781759755596948103e-02
3.000000000000000000e+00 1.024000000000000000e+03 1.000000000000000056e-01 1.303417284385367747e+00 1.052043712269979947e-01
4.000000000000000000e+00 6.250000000000000000e-02 1.000000000000000056e-01 1.061809140209730495e+00 4.649791650514831232e-02
4.000000000000000000e+00 1.250000000000000000e-01 1.000000000000000056e-01 1.000664253940146242e+00 1.181828778981964222e-03
4.000000000000000000e+00 2.500000000000000000e-01 1.000000000000000056e-01 1.000088079006953290e+00 5.585532371418201275e-05
4.000000000000000000e+00 5.000000000000000000e-01 1.000000000000000056e-01 1.002475380402113148e+00 1.689958283351837304e-03
4.000000000000000000e+00 1.000000000000000000e+00 1.000000000000000056e-01 1.059486167711347404e+00 4.439630434830107303e-02
4.000000000000000000e+00 2.000000000000000000e+00 1.000000000000000056e-01 1.250575160457113366e+00 1.720297214334386426e-01
4.000000000000000000e+00 4.000000000000000000e+00 1.000000000000000056e-01 1.353311703430866153e+00 1.460017783893803878e-01
4.000000000000000000e+00 8.000000000000000000e+00 1.000000000000000056e-01 1.372070837317281411e+00 5.103157026222240183e-02
4.000000000000000000e+00 1.600000000000000000e+01 1.000000000000000056e-01 1.327288161039931635e+00 7.381414953130639722e-02
4.000000000000000000e+00 3.200000000000000000e+01 1.000000000000000056e-01 1.342746536887465814e+00 1.075424419754654332e-01
4.000000000000000000e+00 6.400000000000000000e+01 1.000000000000000056e-01 1.309311168542275805e+00 8.463462697793072698e-02
4.000000000000000000e+00 1.280000000000000000e+02 1.000000000000000056e-01 1.315075805419523070e+00 9.685767070144528368e-02
4.000000000000000000e+00 2.560000000000000000e+02 1.000000000000000056e-01 1.335225805626644835e+00 8.749519846302937498e-02
4.000000000000000000e+00 5.120000000000000000e+02 1.000000000000000056e-01 1.342604601974066281e+00 1.280385865438383453e-01
4.000000000000000000e+00 1.024000000000000000e+03 1.000000000000000056e-01 1.337444985288265498e+00 1.483153372884502275e-01
