3.000000000000000000e+00 6.250000000000000000e-02 9.000000000000000222e-01 1.006737548219572398e+00 1.609324069496248857e-02
3.000000000000000000e+00 1.250000000000000000e-01 9.000000000000000222e-01 1.000199950630614953e+00 5.152206689251907822e-04
3.000000000000000000e+00 2.500000000000000000e-01 9.000000000000000222e-01 1.000009586775664872e+00 3.793088623017343497e-06
3.000000000000000000e+00 5.000000000000000000e-01 9.000000000000000222e-01 1.000153199011981409e+00 6.833140822104067735e-05
3.000000000000000000e+00 1.000000000000000000e+00 9.000000000000000222e-01 1.001329054370245553e+00 4.166130016841280742e-04
3.000000000000000000e+00 2.000000000000000000e+00 9.000000000000000222e-01 1.001892658464235808e+00 2.879325508312664166e-04
3.000000000000000000e+00 4.000000000000000000e+00 9.000000000000000222e-01 1.001571714454117634e+00 2.976437923572921879e-04
3.000000000000000000e+00 8.000000000000000000e+00 9.000000000000000222e-01 1.001275222264903064e+00 2.599262225507916022e-04
3.000000000000000000e+00 1.600000000000000000e+01 9.000000000000000222e-01 1.001253568183485543e+00 4.157202501257775229e-04
3.000000000000000000e+00 3.200000000000000000e+01 9.000000000000000222e-01 1.001200663699130189e+00 5.224422365684306671e-04
3.000000000000000000e+00 6.400000000000000000e+01 9.000000000000000222e-01 1.001227580061512468e+00 5.087233627260475365e-04
3.000000000000000000e+00 1.280000000000000000e+02 9.000000000000000222e-01 1.001198852372845671e+00 3.995651101258976593e-04
3.000000000000000000e+00 2.560000000000000000e+02 9.000000000000000222e-01 1.001132453049455417e+00 3.660509457760062111e-04
3.000000000000000000e+00 5.120000000000000000e+02 9.000000000000000222e-01 1.001067569015624326e+00 3.024735537950323360e-04
3.000000000000000000e+00 1.024000000000000000e+03 9.000000000000000222e-01 1.001208897765145656e+00 3.505485847333503408e-04
4.000000000000000000e+00 6.250000000000000000e-02 9.000000000000000222e-01 1.002471780072198948e+00 2.421546037364824457e-03
4.000000000000000000e+00 1.250000000000000000e-01 9.000000000000000222e-01 1.000043966719234234e+00 6.023610981498406870e-05
4.000000000000000000e+00 2.500000000000000000e-01 9.000000000000000222e-01 1.000007971834790954e+00 5.724766406769904796e-06
4.000000000000000000e+00 5.000000000000000000e-01 9.000000000000000222e-01 1.000132984175259754e+00 9.432697417552616756e-05
4.000000000000000000e+00 1.000000000000000000e+00 9.000000000000000222e-01 1.001183308868740962e+00 5.482925519421367718e-04
4.000000000000000000e+00 2.000000000000000000e+00 9.000000000000000222e-01 1.001744330249234149e+00 2.389508467200426390e-04
4.000000000000000000e+00 4.000000000000000000e+00 9.000000000000000222e-01 1.001486786425662467e+00 3.183225460863722540e-04
4.000000000000000000e+00 8.000000000000000000e+00 9.000000000000000222e-01 1.001295054805129814e+00 5.396283255786483556e-04
4.000000000000000000e+00 1.600000000000000000e+01 9.000000000000000222e-01 1.001178881013461419e+00 5.558551706262233926e-04
4.000000000000000000e+00 3.200000000000000000e+01 9.000000000000000222e-01 1.001190462053267671e+00 4.313232166258862323e-04
4.000000000000000000e+00 6.400000000000000000e+01 9.000000000000000222e-01 1.001065210155001273e+00 3.714476615483103370e-04
4.000000000000000000e+00 1.280000000000000000e+02 9.000000000000000222e-01 1.001127014233895718e+00 4.155636491384170428e-04
4.000000000000000000e+00 2.560000000000000000e+02 9.000000000000000222e-01 1.001082251647775756e+00 3.955813081709122839e-04
4.000000000000000000e+00 5.120000000000000000e+02 9.000000000000000222e-01 1.001053635079649951e+00 2.975427884543751719e-04
4.000000000000000000e+00 1.024000000000000000e+03 9.000000000000000222e-01 1.001048526586526988e+00 3.207943786188474883e-04
