1.000000000000000000e+00 6.250000000000000000e-02 0.000000000000000000e+00 1.262586334755737338e+00 3.042171524175096842e-01
1.000000000000000000e+00 1.250000000000000000e-01 0.000000000000000000e+00 1.031975770470013654e+00 5.218972796126865321e-02
1.000000000000000000e+00 2.500000000000000000e-01 0.000000000000000000e+00 1.000205495070309869e+00 3.809027162807612321e-04
1.000000000000000000e+00 5.000000000000000000e-01 0.000000000000000000e+00 1.000651669261679810e+00 9.385915613397121391e-04
1.000000000000000000e+00 1.000000000000000000e+00 0.000000000000000000e+00 1.027181799026853914e+00 3.898155289068551410e-02
1.000000000000000000e+00 2.000000000000000000e+00 0.000000000000000000e+00 1.139941152334007501e+00 1.719417331290625794e-01
1.000000000000000000e+00 4.000000000000000000e+00 0.000000000000000000e+00 1.239354076622549927e+00 1.886707373505453478e-01
1.000000000000000000e+00 8.000000000000000000e+00 0.000000000000000000e+00 1.311578212042143088e+00 1.968645321373445334e-01
1.000000000000000000e+00 1.600000000000000000e+01 0.000000000000000000e+00 1.281975172235995775e+00 1.327759022345110507e-01
1.000000000000000000e+00 3.200000000000000000e+01 0.000000000000000000e+00 1.320013312934490646e+00 1.664403402636677187e-01
1.000000000000000000e+00 6.400000000000000000e+01 0.000000000000000000e+00 1.346361193930133648e+00 3.159390844551639432e-01
1.000000000000000000e+00 1.280000000000000000e+02 0.000000000000000000e+00 1.358867124869518772e+00 2.333578086633406046e-01
1.000000000000000000e+00 2.560000000000000000e+02 0.000000000000000000e+00 1.360142323500661332e+00 1.908055505858752277e-01
1.000000000000000000e+00 5.120000000000000000e+02 0.000000000000000000e+00 1.395537761030743562e+00 2.769418519886016061e-01
1.000000000000000000e+00 1.024000000000000000e+03 0.000000000000000000e+00 1.406423371018034718e+00 2.914335902050263494e-01
2.000000000000000000e+00 6.250000000000000000e-02 0.000000000000000000e+00 1.112552233652617018e+00 1.655978276254451986e-01
2.000000000000000000e+00 1.250000000000000000e-01 0.000000000000000000e+00 1.006769822510257484e+00 1.392069539764346879e-02
2.000000000000000000e+00 2.500000000000000000e-01 0.000000000000000000e+00 1.000076589553799300e+00 1.206043969713041893e-04
2.000000000000000000e+00 5.000000000000000000e-01 0.000000000000000000e+00 1.001337190363174035e+00 1.005312726367728728e-03
2.000000000000000000e+00 1.000000000000000000e+00 0.000000000000000000e+00 1.040806957133213473e+00 3.243206079389982649e-02
2.000000000000000000e+00 2.000000000000000000e+00 0.000000000000000000e+00 1.198480881466338799e+00 1.629729392809094735e-01
2.000000000000000000e+00 4.000000000000000000e+00 0.000000000000000000e+00 1.355555702262907669e+00 1.645464991966920087e-01
2.000000000000000000e+00 8.000000000000000000e+00 0.000000000000000000e+00 1.346568812582274344e+00 1.358712452872632148e-01
2.000000000000000000e+00 1.600000000000000000e+01 0.000000000000000000e+00 1.300307408542678900e+00 9.533984556915139907e-02
2.000000000000000000e+00 3.200000000000000000e+01 0.000000000000000000e+00 1.336972404770651268e+00 1.473961963794652441e-01
2.000000000000000000e+00 6.400000000000000000e+01 0.000000000000000000e+00 1.289640376264328703e+00 1.200689879525720649e-01
2.000000000000000000e+00 1.280000000000000000e+02 0.000000000000000000e+00 1.324803573640310095e+00 1.142621425165284837e-01
2.000000000000000000e+00 2.560000000000000000e+02 0.000000000000000000e+00 1.311460083681019739e+00 1.158278626297151032e-01
2.000000000000000000e+00 5.120000000000000000e+02 0.000000000000000000e+00 1.326897976724143557e+00 1.460511852329801907e-01
2.000000000000000000e+00 1.024000000000000000e+03 0.000000000000000000e+00 1.328039398812067118e+00 1.140213200066106380e-01
