3.000000000000000000e+00 6.250000000000000000e-02 5.000000000000000000e-01 1.026184137636983129e+00 4.732814612202391330e-02
3.000000000000000000e+00 1.250000000000000000e-01 5.000000000000000000e-01 1.000591263923399810e+00 1.373615673232370148e-03
3.000000000000000000e+00 2.500000000000000000e-01 5.000000000000000000e-01 1.000415736778217823e+00 1.883851181235119006e-04
3.000000000000000000e+00 5.000000000000000000e-01 5.000000000000000000e-01 1.007081115586574871e+00 3.192280812838734719e-03
3.000000000000000000e+00 1.000000000000000000e+00 5.000000000000000000e-01 1.068608067764500902e+00 2.664682817699142239e-02
3.000000000000000000e+00 2.000000000000000000e+00 5.000000000000000000e-01 1.106928984352471224e+00 1.889778321416892004e-02
3.000000000000000000e+00 4.000000000000000000e+00 5.000000000000000000e-01 1.092968172047297681e+00 1.408152141699774498e-02
3.000000000000000000e+00 8.000000000000000000e+00 5.000000000000000000e-01 1.073136175140193105e+00 1.871960695319606002e-02
3.000000000000000000e+00 1.600000000000000000e+01 5.000000000000000000e-01 1.064644809066106035e+00 2.279824263006739044e-02
3.000000000000000000e+00 3.200000000000000000e+01 5.000000000000000000e-01 1.061654144643741748e+00 2.598060345159905471e-02
3.000000000000000000e+00 6.400000000000000000e+01 5.000000000000000000e-01 1.059374014752550774e+00 1.982525947015183893e-02
3.000000000000000000e+00 1.280000000000000000e+02 5.000000000000000000e-01 1.062240855839261089e+00 2.557511461403105119e-02
3.000000000000000000e+00 2.560000000000000000e+02 5.000000000000000000e-01 1.058953240634132875e+00 2.585659398604590181e-02
3.000000000000000000e+00 5.120000000000000000e+02 5.000000000000000000e-01 1.052882348163617809e+00 1.547171311061152840e-02
3.000000000000000000e+00 1.024000000000000000e+03 5.000000000000000000e-01 1.057150848827201006e+00 1.845656714228071163e-02
4.000000000000000000e+00 6.250000000000000000e-02 5.000000000000000000e-01 1.017215655230700788e+00 1.233161388806871053e-02
4.000000000000000000e+00 1.250000000000000000e-01 5.000000000000000000e-01 1.000240776102256701e+00 3.489486726707324502e-04
4.000000000000000000e+00 2.500000000000000000e-01 5.000000000000000000e-01 1.000363970685237858e+00 2.638443542209611059e-04
4.000000000000000000e+00 5.000000000000000000e-01 5.000000000000000000e-01 1.006202716934609498e+00 4.471512762759654452e-03
4.000000000000000000e+00 1.000000000000000000e+00 5.000000000000000000e-01 1.063361856434494879e+00 3.542282344879618683e-02
4.000000000000000000e+00 2.000000000000000000e+00 5.000000000000000000e-01 1.102609561437421171e+00 2.103052571946477031e-02
4.000000000000000000e+00 4.000000000000000000e+00 5.000000000000000000e-01 1.090049237184355091e+00 1.640917333372055725e-02
4.000000000000000000e+00 8.000000000000000000e+00 5.000000000000000000e-01 1.072784471306934773e+00 2.493812814810415432e-02
4.000000000000000000e+00 1.600000000000000000e+01 5.000000000000000000e-01 1.058537376830054555e+00 2.231239510732154624e-02
4.000000000000000000e+00 3.200000000000000000e+01 5.000000000000000000e-01 1.056764947994327963e+00 1.770759966177075373e-02
4.000000000000000000e+00 6.400000000000000000e+01 5.000000000000000000e-01 1.054240528668925370e+00 1.832232672601354084e-02
4.000000000000000000e+00 1.280000000000000000e+02 5.000000000000000000e-01 1.058215900499845930e+00 2.001478849847467337e-02
4.000000000000000000e+00 2.560000000000000000e+02 5.000000000000000000e-01 1.056845964110369351e+00 1.958256408152374284e-02
4.000000000000000000e+00 5.120000000000000000e+02 5.000000000000000000e-01 1.054598304512446516e+00 1.725161172645769958e-02
4.000000000000000000e+00 1.024000000000000000e+03 5.000000000000000000e-01 1.053269802869950311e+00 1.623539995836400379e-02
