5.000000000000000000e-01 1.000000000000000000e+00 1.000000000000000000e+00 4.428959729764062221e-03 4.378278000698702585e-03
5.000000000000000000e-01 5.000000000000000000e+00 1.000000000000000000e+00 2.722808013672210672e-03 2.834327563054908888e-03
5.000000000000000000e-01 1.000000000000000000e+01 1.000000000000000000e+00 1.582932285553293687e-03 3.792898106960952420e-01
5.000000000000000000e-01 1.500000000000000000e+01 1.000000000000000000e+00 1.502168846163083951e-03 5.008372436969992236e-01
5.000000000000000000e-01 2.000000000000000000e+01 1.000000000000000000e+00 1.350869705307800863e-03 4.754652080862951102e-01
5.000000000000000000e-01 2.500000000000000000e+01 1.000000000000000000e+00 1.346975385758477283e-03 4.748800891868074636e-01
5.000000000000000000e-01 3.000000000000000000e+01 1.000000000000000000e+00 1.344643512854884178e-03 4.746999861953833943e-01
5.000000000000000000e-01 3.500000000000000000e+01 1.000000000000000000e+00 1.342878939918569665e-03 4.746962656354837828e-01
5.000000000000000000e-01 4.000000000000000000e+01 1.000000000000000000e+00 1.301763933421561667e-03 7.636880221494519727e-01
5.000000000000000000e-01 4.500000000000000000e+01 1.000000000000000000e+00 1.301499045370035435e-03 7.627992405925996255e-01
5.000000000000000000e-01 5.000000000000000000e+01 1.000000000000000000e+00 1.301124084768565505e-03 7.618547572136171731e-01
1.000000000000000000e+00 1.000000000000000000e+00 1.000000000000000000e+00 2.988406905470434617e-03 2.943861525972268217e-03
1.000000000000000000e+00 5.000000000000000000e+00 1.000000000000000000e+00 2.282665478556350058e-03 2.800938378624850435e-03
1.000000000000000000e+00 1.000000000000000000e+01 1.000000000000000000e+00 1.380694565829268658e-03 3.677478374087916335e-01
1.000000000000000000e+00 1.500000000000000000e+01 1.000000000000000000e+00 1.051656730906890772e-03 7.062320687134816533e-01
1.000000000000000000e+00 2.000000000000000000e+01 1.000000000000000000e+00 1.029322768627372736e-03 6.896068879193216761e-01
1.000000000000000000e+00 2.500000000000000000e+01 1.000000000000000000e+00 1.009011554222510529e-03 7.834758814151382422e-01
1.000000000000000000e+00 3.000000000000000000e+01 1.000000000000000000e+00 1.008717164816803121e-03 7.869767268409173511e-01
1.000000000000000000e+00 3.500000000000000000e+01 1.000000000000000000e+00 1.008415153835602379e-03 7.901306613949903301e-01
1.000000000000000000e+00 4.000000000000000000e+01 1.000000000000000000e+00 9.926275668701337821e-04 8.206979229416199173e-01
1.000000000000000000e+00 4.500000000000000000e+01 1.000000000000000000e+00 9.925144342361154944e-04 8.205260151741046171e-01
1.000000000000000000e+00 5.000000000000000000e+01 1.000000000000000000e+00 9.923849078761351819e-04 8.206498543265271506e-01
2.000000000000000000e+00 1.000000000000000000e+00 1.000000000000000000e+00 3.409470064765419972e-03 3.361347693115448489e-03
2.000000000000000000e+00 5.000000000000000000e+00 1.000000000000000000e+00 2.096990225233326312e-03 3.026881921397542394e-03
2.000000000000000000e+00 1.000000000000000000e+01 1.000000000000000000e+00 1.475229490856879442e-03 1.241512130506838979e-01
2.000000000000000000e+00 1.500000000000000000e+01 1.000000000000000000e+00 9.442905951841209285e-04 6.268330563604327388e-01
2.000000000000000000e+00 2.000000000000000000e+01 1.000000000000000000e+00 8.074990545087923789e-04 7.829185045940624255e-01
2.000000000000000000e+00 2.500000000000000000e+01 1.000000000000000000e+00 7.355663115938969494e-04 7.447030402787008230e-01
2.000000000000000000e+00 3.000000000000000000e+01 1.000000000000000000e+00 7.325634326716670350e-04 7.454483186540917794e-01
2.000000000000000000e+00 3.500000000000000000e+01 1.000000000000000000e+00 7.133582412364210127e-04 7.587404429620445701e-01
2.000000000000000000e+00 4.000000000000000000e+01 1.000000000000000000e+00 7.049978947867881337e-04 7.558943035807808020e-01
2.000000000000000000e+00 4.500000000000000000e+01 1.000000000000000000e+00 6.830352352624111372e-04 8.011253894364235295e-01
2.000000000000000000e+00 5.000000000000000000e+01 1.000000000000000000e+00 6.833162135566134754e-04 8.005378158059723859e-01
4.000000000000000000e+00 1.000000000000000000e+00 1.000000000000000000e+00 4.479456312584313184e-03 4.312196131901430661e-03
4.000000000000000000e+00 5.000000000000000000e+00 1.000000000000000000e+00 2.109738368448818222e-03 1.051579486104474263e-02
4.000000000000000000e+00 1.000000000000000000e+01 1.000000000000000000e+00 1.547051307518164387e-03 2.054615885296244837e-01
4.000000000000000000e+00 1.500000000000000000e+01 1.000000000000000000e+00 1.102259231730823730e-03 4.527983418346756550e-01
4.000000000000000000e+00 2.000000000000000000e+01 1.000000000000000000e+00 7.492209151573875738e-04 8.145129170341698366e-01
4.000000000000000000e+00 2.500000000000000000e+01 1.000000000000000000e+00 5.911722827613558311e-04 8.344920157158295382e-01
4.000000000000000000e+00 3.000000000000000000e+01 1.000000000000000000e+00 5.696341859772769420e-04 8.860632065036959659e-01
4.000000000000000000e+00 3.500000000000000000e+01 1.000000000000000000e+00 5.583977817522764930e-04 8.849956508006476819e-01
4.000000000000000000e+00 4.000000000000000000e+01 1.000000000000000000e+00 5.465329435288789062e-04 8.855389366984779409e-01
4.000000000000000000e+00 4.500000000000000000e+01 1.000000000000000000e+00 5.471589933318246265e-04 8.873548906885735388e-01
4.000000000000000000e+00 5.000000000000000000e+01 1.000000000000000000e+00 5.476853210649395122e-04 8.885079078679591902e-01
8.000000000000000000e+00 1.000000000000000000e+00 1.000000000000000000e+00 3.073834607821730128e-03 2.981560535287998241e-03
8.000000000000000000e+00 5.000000000000000000e+00 1.000000000000000000e+00 2.167487492579077413e-03 6.883300431775865244e-03
8.000000000000000000e+00 1.000000000000000000e+01 1.000000000000000000e+00 1.717716496680354388e-03 1.179190886881270883e-01
8.000000000000000000e+00 1.500000000000000000e+01 1.000000000000000000e+00 1.318742838154085117e-03 4.985805386558240793e-01
8.000000000000000000e+00 2.000000000000000000e+01 1.000000000000000000e+00 1.040855546926522986e-03 7.588020114377493908e-01
8.000000000000000000e+00 2.500000000000000000e+01 1.000000000000000000e+00 8.759580264744543879e-04 9.263578127065115186e-01
8.000000000000000000e+00 3.000000000000000000e+01 1.000000000000000000e+00 7.488875081744903904e-04 9.667570071515846353e-01
8.000000000000000000e+00 3.500000000000000000e+01 1.000000000000000000e+00 6.268071102486521716e-04 9.624362732588127578e-01
8.000000000000000000e+00 4.000000000000000000e+01 1.000000000000000000e+00 5.689762977038435735e-04 9.800290976057070003e-01
8.000000000000000000e+00 4.500000000000000000e+01 1.000000000000000000e+00 5.497136083742404844e-04 9.866603258277786281e-01
8.000000000000000000e+00 5.000000000000000000e+01 1.000000000000000000e+00 5.447467578318850598e-04 9.866239241205174704e-01
1.600000000000000000e+01 1.000000000000000000e+00 1.000000000000000000e+00 3.293960573143795301e-03 3.269254445997521116e-03
1.600000000000000000e+01 5.000000000000000000e+00 1.000000000000000000e+00 2.287684009376700703e-03 7.698042636179812381e-03
1.600000000000000000e+01 1.000000000000000000e+01 1.000000000000000000e+00 1.770617030760861677e-03 3.017173236380161772e-01
1.600000000000000000e+01 1.500000000000000000e+01 1.000000000000000000e+00 1.419539443996066736e-03 6.917262773320635993e-01
1.600000000000000000e+01 2.000000000000000000e+01 1.000000000000000000e+00 1.166323395749782697e-03 9.121187537521309174e-01
1.600000000000000000e+01 2.500000000000000000e+01 1.000000000000000000e+00 1.010507071027465925e-03 9.696356704935649162e-01
1.600000000000000000e+01 3.000000000000000000e+01 1.000000000000000000e+00 9.306231354948786604e-04 9.932845964401962879e-01
1.600000000000000000e+01 3.500000000000000000e+01 1.000000000000000000e+00 8.651278050043341742e-04 9.962414993390883433e-01
1.600000000000000000e+01 4.000000000000000000e+01 1.000000000000000000e+00 6.855524763531411483e-04 9.991521420155803357e-01
1.600000000000000000e+01 4.500000000000000000e+01 1.000000000000000000e+00 6.074041064019813831e-04 9.998040998251808142e-01
1.600000000000000000e+01 5.000000000000000000e+01 1.000000000000000000e+00 5.365403076672146856e-04 9.994265975461292806e-01
3.200000000000000000e+01 1.000000000000000000e+00 1.000000000000000000e+00 3.295261521030588316e-03 3.344752551904165046e-03
3.200000000000000000e+01 5.000000000000000000e+00 1.000000000000000000e+00 2.248512802021329377e-03 1.068071805737744184e-02
3.200000000000000000e+01 1.000000000000000000e+01 1.000000000000000000e+00 1.737553459627530017e-03 1.050698817627030712e-01
3.200000000000000000e+01 1.500000000000000000e+01 1.000000000000000000e+00 1.444696191195629729e-03 8.319472129470326660e-01
3.200000000000000000e+01 2.000000000000000000e+01 1.000000000000000000e+00 1.200468287946294737e-03 9.055312648035358514e-01
3.200000000000000000e+01 2.500000000000000000e+01 1.000000000000000000e+00 1.047643458826312242e-03 9.609398860282836186e-01
3.200000000000000000e+01 3.000000000000000000e+01 1.000000000000000000e+00 9.290094987252035591e-04 9.830025608357999545e-01
3.200000000000000000e+01 3.500000000000000000e+01 1.000000000000000000e+00 8.029414350018654160e-04 9.878435900896017641e-01
3.200000000000000000e+01 4.000000000000000000e+01 1.000000000000000000e+00 7.098781015667476836e-04 9.949527018433702574e-01
3.200000000000000000e+01 4.500000000000000000e+01 1.000000000000000000e+00 6.419394826475605977e-04 9.972958162358217526e-01
3.200000000000000000e+01 5.000000000000000000e+01 1.000000000000000000e+00 5.701829146406691079e-04 9.951264228248165589e-01
6.400000000000000000e+01 1.000000000000000000e+00 1.000000000000000000e+00 3.094469815448422194e-03 2.966295095441498324e-03
6.400000000000000000e+01 5.000000000000000000e+00 1.000000000000000000e+00 2.154067204387850355e-03 1.498538945156960983e-02
6.400000000000000000e+01 1.000000000000000000e+01 1.000000000000000000e+00 1.666370747161126072e-03 9.727802192004536552e-02
6.400000000000000000e+01 1.500000000000000000e+01 1.000000000000000000e+00 1.455470301462323361e-03 4.062298747812428945e-01
6.400000000000000000e+01 2.000000000000000000e+01 1.000000000000000000e+00 1.141293066538586528e-03 9.104049375194458449e-01
6.400000000000000000e+01 2.500000000000000000e+01 1.000000000000000000e+00 1.016322210060858090e-03 9.725365529472601578e-01
6.400000000000000000e+01 3.000000000000000000e+01 1.000000000000000000e+00 8.995992456645796661e-04 9.775580978696164491e-01
6.400000000000000000e+01 3.500000000000000000e+01 1.000000000000000000e+00 7.805826772713483127e-04 9.944315611234095797e-01
6.400000000000000000e+01 4.000000000000000000e+01 1.000000000000000000e+00 7.064007323625120377e-04 9.991373394489535542e-01
6.400000000000000000e+01 4.500000000000000000e+01 1.000000000000000000e+00 6.175881773737540003e-04 9.923895447712144380e-01
6.400000000000000000e+01 5.000000000000000000e+01 1.000000000000000000e+00 5.261848138559427780e-04 9.996964532267856862e-01
1.280000000000000000e+02 1.000000000000000000e+00 1.000000000000000000e+00 3.254704367710625594e-03 3.192551377336032281e-03
1.280000000000000000e+02 5.000000000000000000e+00 1.000000000000000000e+00 2.139208408692242023e-03 8.799440071685104420e-03
1.280000000000000000e+02 1.000000000000000000e+01 1.000000000000000000e+00 1.555756083821230491e-03 1.755018407448735440e-01
1.280000000000000000e+02 1.500000000000000000e+01 1.000000000000000000e+00 1.301622450434513365e-03 6.942385594431125240e-01
1.280000000000000000e+02 2.000000000000000000e+01 1.000000000000000000e+00 1.003913853638192626e-03 9.452314199910634152e-01
1.280000000000000000e+02 2.500000000000000000e+01 1.000000000000000000e+00 8.328042773280667924e-04 9.594217490425791528e-01
1.280000000000000000e+02 3.000000000000000000e+01 1.000000000000000000e+00 6.909592360190714702e-04 9.856681961654086832e-01
1.280000000000000000e+02 3.500000000000000000e+01 1.000000000000000000e+00 5.873427641491668237e-04 9.925944606076112509e-01
1.280000000000000000e+02 4.000000000000000000e+01 1.000000000000000000e+00 5.058146239961672837e-04 9.932802421881277155e-01
1.280000000000000000e+02 4.500000000000000000e+01 1.000000000000000000e+00 4.527446180844967656e-04 9.982951868268500339e-01
1.280000000000000000e+02 5.000000000000000000e+01 1.000000000000000000e+00 4.298099203783661490e-04 9.972410668701350289e-01
2.560000000000000000e+02 1.000000000000000000e+00 1.000000000000000000e+00 2.972465466785424205e-03 2.909589423604491513e-03
2.560000000000000000e+02 5.000000000000000000e+00 1.000000000000000000e+00 2.240043718224326956e-03 2.032169584642153776e-02
2.560000000000000000e+02 1.000000000000000000e+01 1.000000000000000000e+00 1.753496763579478080e-03 2.173983368157654250e-01
2.560000000000000000e+02 1.500000000000000000e+01 1.000000000000000000e+00 1.538354354515927272e-03 6.929869362360284724e-01
2.560000000000000000e+02 2.000000000000000000e+01 1.000000000000000000e+00 1.267882656998060896e-03 9.113654305536272870e-01
2.560000000000000000e+02 2.500000000000000000e+01 1.000000000000000000e+00 1.052540102449602000e-03 9.804409600414579762e-01
2.560000000000000000e+02 3.000000000000000000e+01 1.000000000000000000e+00 9.881989460234295430e-04 9.713793024390021680e-01
2.560000000000000000e+02 3.500000000000000000e+01 1.000000000000000000e+00 8.828768296829340046e-04 9.915860394281641454e-01
2.560000000000000000e+02 4.000000000000000000e+01 1.000000000000000000e+00 8.029133266046504852e-04 9.980393076088707183e-01
2.560000000000000000e+02 4.500000000000000000e+01 1.000000000000000000e+00 6.929525390815112441e-04 9.973338785769256809e-01
2.560000000000000000e+02 5.000000000000000000e+01 1.000000000000000000e+00 6.632363611582712485e-04 9.995408891019242903e-01
5.120000000000000000e+02 1.000000000000000000e+00 1.000000000000000000e+00 3.083903697642520394e-03 2.995087281817528958e-03
5.120000000000000000e+02 5.000000000000000000e+00 1.000000000000000000e+00 2.233862697435991859e-03 7.697757893095968917e-02
5.120000000000000000e+02 1.000000000000000000e+01 1.000000000000000000e+00 1.769952008762199934e-03 2.485703375764299894e-01
5.120000000000000000e+02 1.500000000000000000e+01 1.000000000000000000e+00 1.564465756715862407e-03 5.427553935543169006e-01
5.120000000000000000e+02 2.000000000000000000e+01 1.000000000000000000e+00 1.250006673974713616e-03 9.598079781274148070e-01
5.120000000000000000e+02 2.500000000000000000e+01 1.000000000000000000e+00 1.137550796625656909e-03 9.593917479114243418e-01
5.120000000000000000e+02 3.000000000000000000e+01 1.000000000000000000e+00 9.928965878354611366e-04 9.779453267616791123e-01
5.120000000000000000e+02 3.500000000000000000e+01 1.000000000000000000e+00 9.131560451760592197e-04 9.925911895690937570e-01
5.120000000000000000e+02 4.000000000000000000e+01 1.000000000000000000e+00 8.116043116268098099e-04 9.927508504578393955e-01
5.120000000000000000e+02 4.500000000000000000e+01 1.000000000000000000e+00 7.413955276495853191e-04 9.944913866237887756e-01
5.120000000000000000e+02 5.000000000000000000e+01 1.000000000000000000e+00 6.906388740910063186e-04 9.980632208708996034e-01
