5.000000000000000000e-01 1.000000000000000000e+00 1.000000000000000000e+00 3.805398361894222255e-03 4.666600687482314914e-03
5.000000000000000000e-01 5.000000000000000000e+00 1.000000000000000000e+00 2.974784450273406516e-03 4.069313827961815178e-03
5.000000000000000000e-01 1.000000000000000000e+01 1.000000000000000000e+00 2.403736845161975628e-03 2.381562580890153047e-01
5.000000000000000000e-01 1.500000000000000000e+01 1.000000000000000000e+00 2.473636397493754902e-03 2.351788713108458051e-01
5.000000000000000000e-01 2.000000000000000000e+01 1.000000000000000000e+00 2.099652654767550537e-03 3.123817639676750302e-01
5.000000000000000000e-01 2.500000000000000000e+01 1.000000000000000000e+00 2.401388955923029062e-03 2.677268275795728902e-01
5.000000000000000000e-01 3.000000000000000000e+01 1.000000000000000000e+00 2.295200554121679809e-03 2.166260688225835618e-01
5.000000000000000000e-01 3.500000000000000000e+01 1.000000000000000000e+00 2.410229068042147281e-03 2.693956426857608832e-01
5.000000000000000000e-01 4.000000000000000000e+01 1.000000000000000000e+00 2.225297241986919864e-03 2.824364063543999270e-01
5.000000000000000000e-01 4.500000000000000000e+01 1.000000000000000000e+00 2.367566910395713011e-03 2.784309180943096429e-01
5.000000000000000000e-01 5.000000000000000000e+01 1.000000000000000000e+00 2.295644730015304613e-03 2.805324432178158967e-01
1.000000000000000000e+00 1.000000000000000000e+00 1.000000000000000000e+00 3.156298581623055797e-03 3.749593676513104934e-03
1.000000000000000000e+00 5.000000000000000000e+00 1.000000000000000000e+00 2.771326203145390438e-03 4.874210103549873017e-03
1.000000000000000000e+00 1.000000000000000000e+01 1.000000000000000000e+00 2.392218936850225210e-03 1.269473362765182745e-01
1.000000000000000000e+00 1.500000000000000000e+01 1.000000000000000000e+00 2.146039639145918242e-03 3.892866358466040011e-01
1.000000000000000000e+00 2.000000000000000000e+01 1.000000000000000000e+00 1.875952581822828589e-03 3.043492808935172045e-01
1.000000000000000000e+00 2.500000000000000000e+01 1.000000000000000000e+00 1.936113657099703149e-03 4.812636798186695763e-01
1.000000000000000000e+00 3.000000000000000000e+01 1.000000000000000000e+00 2.080241232608827200e-03 2.968089120198237896e-01
1.000000000000000000e+00 3.500000000000000000e+01 1.000000000000000000e+00 2.038304976577397405e-03 2.954297077875498445e-01
1.000000000000000000e+00 4.000000000000000000e+01 1.000000000000000000e+00 2.030734209143065898e-03 3.877922909672494867e-01
1.000000000000000000e+00 4.500000000000000000e+01 1.000000000000000000e+00 1.876996446356167872e-03 5.230412419975222216e-01
1.000000000000000000e+00 5.000000000000000000e+01 1.000000000000000000e+00 1.968877303704267851e-03 4.135425051638744742e-01
2.000000000000000000e+00 1.000000000000000000e+00 1.000000000000000000e+00 3.146547677716571203e-03 3.783300538591771733e-03
2.000000000000000000e+00 5.000000000000000000e+00 1.000000000000000000e+00 2.829596956372222062e-03 4.164777702926093783e-03
2.000000000000000000e+00 1.000000000000000000e+01 1.000000000000000000e+00 2.638964826212997043e-03 6.280085541531665871e-02
2.000000000000000000e+00 1.500000000000000000e+01 1.000000000000000000e+00 2.136895635117557271e-03 3.025271929241433733e-01
2.000000000000000000e+00 2.000000000000000000e+01 1.000000000000000000e+00 2.224420873516995672e-03 2.021419249424300513e-01
2.000000000000000000e+00 2.500000000000000000e+01 1.000000000000000000e+00 2.116049219070358697e-03 2.154598932825232960e-01
2.000000000000000000e+00 3.000000000000000000e+01 1.000000000000000000e+00 2.211211357128949929e-03 1.647630542137819565e-01
2.000000000000000000e+00 3.500000000000000000e+01 1.000000000000000000e+00 2.140936667760605892e-03 2.642014392579981052e-01
2.000000000000000000e+00 4.000000000000000000e+01 1.000000000000000000e+00 2.180075170779856471e-03 1.879195225345296760e-01
2.000000000000000000e+00 4.500000000000000000e+01 1.000000000000000000e+00 1.987158241341644739e-03 2.842721215643632671e-01
2.000000000000000000e+00 5.000000000000000000e+01 1.000000000000000000e+00 2.138627261400217160e-03 2.399686578399765347e-01
4.000000000000000000e+00 1.000000000000000000e+00 1.000000000000000000e+00 3.243168528671175246e-03 3.883990412062073624e-03
4.000000000000000000e+00 5.000000000000000000e+00 1.000000000000000000e+00 2.825147843305129362e-03 4.469324736958189132e-03
4.000000000000000000e+00 1.000000000000000000e+01 1.000000000000000000e+00 2.645107829444887614e-03 2.088809891488198692e-02
4.000000000000000000e+00 1.500000000000000000e+01 1.000000000000000000e+00 2.220575061580015198e-03 1.340391918976327479e-01
4.000000000000000000e+00 2.000000000000000000e+01 1.000000000000000000e+00 2.285798773734744153e-03 1.500926360104846147e-01
4.000000000000000000e+00 2.500000000000000000e+01 1.000000000000000000e+00 2.202697815653577220e-03 3.121626223865145988e-01
4.000000000000000000e+00 3.000000000000000000e+01 1.000000000000000000e+00 2.196671497527601016e-03 2.451560380724860655e-01
4.000000000000000000e+00 3.500000000000000000e+01 1.000000000000000000e+00 2.139815790806942706e-03 2.882223210689515147e-01
4.000000000000000000e+00 4.000000000000000000e+01 1.000000000000000000e+00 2.045614104068720941e-03 2.572795587083926971e-01
4.000000000000000000e+00 4.500000000000000000e+01 1.000000000000000000e+00 1.861651682478873302e-03 3.392274504081093101e-01
4.000000000000000000e+00 5.000000000000000000e+01 1.000000000000000000e+00 2.149036510029848652e-03 2.880657995564120943e-01
8.000000000000000000e+00 1.000000000000000000e+00 1.000000000000000000e+00 3.096988711335984211e-03 3.758214855034290071e-03
8.000000000000000000e+00 5.000000000000000000e+00 1.000000000000000000e+00 2.804955880284426984e-03 5.439794950771532217e-03
8.000000000000000000e+00 1.000000000000000000e+01 1.000000000000000000e+00 2.623442380955124352e-03 2.051280700388853628e-02
8.000000000000000000e+00 1.500000000000000000e+01 1.000000000000000000e+00 2.349918000479325666e-03 1.145749828409203808e-01
8.000000000000000000e+00 2.000000000000000000e+01 1.000000000000000000e+00 2.435518746936250062e-03 1.264960840781212403e-01
8.000000000000000000e+00 2.500000000000000000e+01 1.000000000000000000e+00 2.319374767513550893e-03 1.588585471982228992e-01
8.000000000000000000e+00 3.000000000000000000e+01 1.000000000000000000e+00 2.130744223030510247e-03 2.563424202850678735e-01
8.000000000000000000e+00 3.500000000000000000e+01 1.000000000000000000e+00 2.016380027766998245e-03 3.757107556016298089e-01
8.000000000000000000e+00 4.000000000000000000e+01 1.000000000000000000e+00 2.006875181929208656e-03 3.408046366076941114e-01
8.000000000000000000e+00 4.500000000000000000e+01 1.000000000000000000e+00 1.731296978049755558e-03 4.780137283524544811e-01
8.000000000000000000e+00 5.000000000000000000e+01 1.000000000000000000e+00 1.892683716395328949e-03 4.052837648233458268e-01
1.600000000000000000e+01 1.000000000000000000e+00 1.000000000000000000e+00 3.128963216845677929e-03 3.751188028105248949e-03
1.600000000000000000e+01 5.000000000000000000e+00 1.000000000000000000e+00 2.878886845317647682e-03 6.118422599965567775e-03
1.600000000000000000e+01 1.000000000000000000e+01 1.000000000000000000e+00 2.648905752325241610e-03 2.110818474079576706e-02
1.600000000000000000e+01 1.500000000000000000e+01 1.000000000000000000e+00 2.391578898985467338e-03 6.107208693574330688e-02
1.600000000000000000e+01 2.000000000000000000e+01 1.000000000000000000e+00 2.358481891371522979e-03 1.107407647887325430e-01
1.600000000000000000e+01 2.500000000000000000e+01 1.000000000000000000e+00 2.252774804159238253e-03 1.413741135159350404e-01
1.600000000000000000e+01 3.000000000000000000e+01 1.000000000000000000e+00 2.020588843347170555e-03 2.162437474918512681e-01
1.600000000000000000e+01 3.500000000000000000e+01 1.000000000000000000e+00 1.881330233183600318e-03 2.485915288464372597e-01
1.600000000000000000e+01 4.000000000000000000e+01 1.000000000000000000e+00 1.925791237399872378e-03 4.561215958234101642e-01
1.600000000000000000e+01 4.500000000000000000e+01 1.000000000000000000e+00 1.699950913561229472e-03 4.369238503493294568e-01
1.600000000000000000e+01 5.000000000000000000e+01 1.000000000000000000e+00 1.782488030399970126e-03 5.108103605101602662e-01
3.200000000000000000e+01 1.000000000000000000e+00 1.000000000000000000e+00 3.215941322111092078e-03 3.860439552379696469e-03
3.200000000000000000e+01 5.000000000000000000e+00 1.000000000000000000e+00 2.805016088342527757e-03 4.174090492304461178e-03
3.200000000000000000e+01 1.000000000000000000e+01 1.000000000000000000e+00 2.664049797714106507e-03 1.460850916995590568e-02
3.200000000000000000e+01 1.500000000000000000e+01 1.000000000000000000e+00 2.404987616798239577e-03 3.255963049918152163e-02
3.200000000000000000e+01 2.000000000000000000e+01 1.000000000000000000e+00 2.439328882504627691e-03 5.523029502712110267e-02
3.200000000000000000e+01 2.500000000000000000e+01 1.000000000000000000e+00 2.353186879614491654e-03 1.079062922322926721e-01
3.200000000000000000e+01 3.000000000000000000e+01 1.000000000000000000e+00 2.098958399254972126e-03 2.191132082405289894e-01
3.200000000000000000e+01 3.500000000000000000e+01 1.000000000000000000e+00 1.942276944290197193e-03 2.403061966417416873e-01
3.200000000000000000e+01 4.000000000000000000e+01 1.000000000000000000e+00 1.845876694644808455e-03 3.123321513566977292e-01
3.200000000000000000e+01 4.500000000000000000e+01 1.000000000000000000e+00 1.682510543132171091e-03 5.687655788631045262e-01
3.200000000000000000e+01 5.000000000000000000e+01 1.000000000000000000e+00 1.671807512907560371e-03 4.771621696303273152e-01
6.400000000000000000e+01 1.000000000000000000e+00 1.000000000000000000e+00 3.028964618896430074e-03 3.637492743638288083e-03
6.400000000000000000e+01 5.000000000000000000e+00 1.000000000000000000e+00 2.825434882104533880e-03 5.329853975408342485e-03
6.400000000000000000e+01 1.000000000000000000e+01 1.000000000000000000e+00 2.658729008664702503e-03 2.014282776837286737e-02
6.400000000000000000e+01 1.500000000000000000e+01 1.000000000000000000e+00 2.472179173431785556e-03 4.491016114126204772e-02
6.400000000000000000e+01 2.000000000000000000e+01 1.000000000000000000e+00 2.402466975355193983e-03 6.198543695891876176e-02
6.400000000000000000e+01 2.500000000000000000e+01 1.000000000000000000e+00 2.326758311472985376e-03 1.168658630151922645e-01
6.400000000000000000e+01 3.000000000000000000e+01 1.000000000000000000e+00 2.138845948396922957e-03 1.494401384441232106e-01
6.400000000000000000e+01 3.500000000000000000e+01 1.000000000000000000e+00 1.818190521400115485e-03 3.192961767824963881e-01
6.400000000000000000e+01 4.000000000000000000e+01 1.000000000000000000e+00 1.828861475777166564e-03 3.894397509172690119e-01
6.400000000000000000e+01 4.500000000000000000e+01 1.000000000000000000e+00 1.701114290619634359e-03 3.705470586178344350e-01
6.400000000000000000e+01 5.000000000000000000e+01 1.000000000000000000e+00 1.700898861757953141e-03 5.108054971566171609e-01
1.280000000000000000e+02 1.000000000000000000e+00 1.000000000000000000e+00 3.083728474057492903e-03 3.709334162922006076e-03
1.280000000000000000e+02 5.000000000000000000e+00 1.000000000000000000e+00 2.837578641678919090e-03 5.070015036877828681e-03
1.280000000000000000e+02 1.000000000000000000e+01 1.000000000000000000e+00 2.669965847610731007e-03 2.022983515461675499e-02
1.280000000000000000e+02 1.500000000000000000e+01 1.000000000000000000e+00 2.541230078507038335e-03 2.123540750941117772e-02
1.280000000000000000e+02 2.000000000000000000e+01 1.000000000000000000e+00 2.411518955421934791e-03 8.332779724679868771e-02
1.280000000000000000e+02 2.500000000000000000e+01 1.000000000000000000e+00 2.302885792669321415e-03 8.055005937656320447e-02
1.280000000000000000e+02 3.000000000000000000e+01 1.000000000000000000e+00 1.998527185792210118e-03 1.745992227769807559e-01
1.280000000000000000e+02 3.500000000000000000e+01 1.000000000000000000e+00 1.891539125324081432e-03 2.633149689155669937e-01
1.280000000000000000e+02 4.000000000000000000e+01 1.000000000000000000e+00 1.959573904092761637e-03 4.315433490714858378e-01
1.280000000000000000e+02 4.500000000000000000e+01 1.000000000000000000e+00 1.769748965307597986e-03 3.484198038393213070e-01
1.280000000000000000e+02 5.000000000000000000e+01 1.000000000000000000e+00 1.729402000666643065e-03 3.766035094187244470e-01
2.560000000000000000e+02 1.000000000000000000e+00 1.000000000000000000e+00 3.106705486432785081e-03 3.717373091241650464e-03
2.560000000000000000e+02 5.000000000000000000e+00 1.000000000000000000e+00 2.869666450915254238e-03 4.549949239463961861e-03
2.560000000000000000e+02 1.000000000000000000e+01 1.000000000000000000e+00 2.601105358464745991e-03 1.751142550843751838e-02
2.560000000000000000e+02 1.500000000000000000e+01 1.000000000000000000e+00 2.584578432100457981e-03 3.575983023120073157e-02
2.560000000000000000e+02 2.000000000000000000e+01 1.000000000000000000e+00 2.412762153206811973e-03 4.695034123697347517e-02
2.560000000000000000e+02 2.500000000000000000e+01 1.000000000000000000e+00 2.289681168951881139e-03 1.273606142493244886e-01
2.560000000000000000e+02 3.000000000000000000e+01 1.000000000000000000e+00 2.013498765432593894e-03 1.846987430525567075e-01
2.560000000000000000e+02 3.500000000000000000e+01 1.000000000000000000e+00 1.906420643694310343e-03 2.516410459942584055e-01
2.560000000000000000e+02 4.000000000000000000e+01 1.000000000000000000e+00 1.930973113581341705e-03 4.066155584447112004e-01
2.560000000000000000e+02 4.500000000000000000e+01 1.000000000000000000e+00 1.837235607574051396e-03 4.586576633990565588e-01
2.560000000000000000e+02 5.000000000000000000e+01 1.000000000000000000e+00 1.742712348419464497e-03 4.128617543378512167e-01
5.120000000000000000e+02 1.000000000000000000e+00 1.000000000000000000e+00 3.056357751130915276e-03 3.675702314198089730e-03
5.120000000000000000e+02 5.000000000000000000e+00 1.000000000000000000e+00 2.811271182475405615e-03 4.712237524316385644e-03
5.120000000000000000e+02 1.000000000000000000e+01 1.000000000000000000e+00 2.633580344609560888e-03 9.862140275664356068e-03
5.120000000000000000e+02 1.500000000000000000e+01 1.000000000000000000e+00 2.528628465674259782e-03 3.721782631829713417e-02
5.120000000000000000e+02 2.000000000000000000e+01 1.000000000000000000e+00 2.425234662002184911e-03 4.928690739360144790e-02
5.120000000000000000e+02 2.500000000000000000e+01 1.000000000000000000e+00 2.218811674783690950e-03 1.567331298730141598e-01
5.120000000000000000e+02 3.000000000000000000e+01 1.000000000000000000e+00 2.013587145499404901e-03 1.810885484993431105e-01
5.120000000000000000e+02 3.500000000000000000e+01 1.000000000000000000e+00 1.885189292854965327e-03 2.411531822265570724e-01
5.120000000000000000e+02 4.000000000000000000e+01 1.000000000000000000e+00 2.086361377554560650e-03 3.367411196183861533e-01
5.120000000000000000e+02 4.500000000000000000e+01 1.000000000000000000e+00 1.753388753569918093e-03 4.367647969261234664e-01
5.120000000000000000e+02 5.000000000000000000e+01 1.000000000000000000e+00 1.823200257313186898e-03 5.237496632021748644e-01
