5.000000000000000000e-01 1.000000000000000000e+00 1.000000000000000000e+00 5.364705326219274841e-05 5.162671984274893602e-05
5.000000000000000000e-01 5.000000000000000000e+00 1.000000000000000000e+00 1.254308960534272616e-05 1.668253298906224852e-05
5.000000000000000000e-01 1.000000000000000000e+01 1.000000000000000000e+00 1.345500068281777946e-05 5.755923244416373888e-05
5.000000000000000000e-01 1.500000000000000000e+01 1.000000000000000000e+00 1.309487544707215213e-05 3.118413348143920160e-04
5.000000000000000000e-01 2.000000000000000000e+01 1.000000000000000000e+00 1.142783567294221478e-05 1.651380893620728936e-04
5.000000000000000000e-01 2.500000000000000000e+01 1.000000000000000000e+00 1.134906258409230807e-05 6.921801040422985972e-05
5.000000000000000000e-01 3.000000000000000000e+01 1.000000000000000000e+00 1.249461406907570514e-05 1.276394511230508370e-04
5.000000000000000000e-01 3.500000000000000000e+01 1.000000000000000000e+00 1.058313960972976415e-05 1.563645185952731791e-04
5.000000000000000000e-01 4.000000000000000000e+01 1.000000000000000000e+00 1.181319895885576042e-05 9.824401466212630697e-05
5.000000000000000000e-01 4.500000000000000000e+01 1.000000000000000000e+00 1.065482456256007850e-05 2.579496087422247525e-04
5.000000000000000000e-01 5.000000000000000000e+01 1.000000000000000000e+00 1.031505551238720514e-05 1.144265895979170843e-04
1.000000000000000000e+00 1.000000000000000000e+00 1.000000000000000000e+00 2.398367702793956051e-05 2.408663997375025601e-05
1.000000000000000000e+00 5.000000000000000000e+00 1.000000000000000000e+00 1.058528586047232173e-05 1.145554805073011135e-05
1.000000000000000000e+00 1.000000000000000000e+01 1.000000000000000000e+00 1.036925555022909349e-05 2.419037760775686149e-05
1.000000000000000000e+00 1.500000000000000000e+01 1.000000000000000000e+00 1.019240486561584906e-05 9.375739405489912060e-05
1.000000000000000000e+00 2.000000000000000000e+01 1.000000000000000000e+00 1.016758215960778684e-05 2.626492573100716317e-04
1.000000000000000000e+00 2.500000000000000000e+01 1.000000000000000000e+00 1.011452681117411975e-05 6.111338981034153991e-05
1.000000000000000000e+00 3.000000000000000000e+01 1.000000000000000000e+00 1.039709272969784433e-05 2.412267756774888038e-04
1.000000000000000000e+00 3.500000000000000000e+01 1.000000000000000000e+00 1.014982141774507885e-05 1.225630633081208835e-04
1.000000000000000000e+00 4.000000000000000000e+01 1.000000000000000000e+00 1.014276516624762559e-05 8.833245480107450743e-05
1.000000000000000000e+00 4.500000000000000000e+01 1.000000000000000000e+00 1.014112394430243631e-05 1.585658967998619076e-04
1.000000000000000000e+00 5.000000000000000000e+01 1.000000000000000000e+00 1.011137461212212362e-05 9.590738249413593476e-05
2.000000000000000000e+00 1.000000000000000000e+00 1.000000000000000000e+00 2.250595180573825162e-05 2.231212068449163176e-05
2.000000000000000000e+00 5.000000000000000000e+00 1.000000000000000000e+00 1.051652709551521854e-05 1.127113095640651697e-05
2.000000000000000000e+00 1.000000000000000000e+01 1.000000000000000000e+00 1.032132316124081763e-05 1.417106406937664224e-05
2.000000000000000000e+00 1.500000000000000000e+01 1.000000000000000000e+00 1.010329021329948742e-05 4.214103836195587323e-05
2.000000000000000000e+00 2.000000000000000000e+01 1.000000000000000000e+00 9.982959847960136938e-06 7.493954510135750690e-05
2.000000000000000000e+00 2.500000000000000000e+01 1.000000000000000000e+00 9.887374822544811508e-06 8.248155623883125244e-05
2.000000000000000000e+00 3.000000000000000000e+01 1.000000000000000000e+00 9.940949938303060416e-06 1.745527333834035041e-04
2.000000000000000000e+00 3.500000000000000000e+01 1.000000000000000000e+00 9.929052763164723561e-06 1.240856331699857231e-04
2.000000000000000000e+00 4.000000000000000000e+01 1.000000000000000000e+00 9.881371239278310801e-06 1.831355545711306769e-04
2.000000000000000000e+00 4.500000000000000000e+01 1.000000000000000000e+00 9.891805603493935396e-06 1.954147832363024580e-04
2.000000000000000000e+00 5.000000000000000000e+01 1.000000000000000000e+00 9.841975546676561616e-06 5.583843539186024994e-05
4.000000000000000000e+00 1.000000000000000000e+00 1.000000000000000000e+00 1.775018735218778781e-05 1.720173261210002370e-05
4.000000000000000000e+00 5.000000000000000000e+00 1.000000000000000000e+00 1.049693109759408506e-05 1.119495590500112147e-05
4.000000000000000000e+00 1.000000000000000000e+01 1.000000000000000000e+00 1.028581940846940188e-05 1.286456015252924219e-05
4.000000000000000000e+00 1.500000000000000000e+01 1.000000000000000000e+00 1.004058627891115974e-05 2.635176691237263615e-05
4.000000000000000000e+00 2.000000000000000000e+01 1.000000000000000000e+00 9.881008933203161735e-06 9.992048812738882932e-05
4.000000000000000000e+00 2.500000000000000000e+01 1.000000000000000000e+00 9.616076363431883518e-06 2.978596794411533322e-04
4.000000000000000000e+00 3.000000000000000000e+01 1.000000000000000000e+00 9.687125304359633528e-06 1.564795012766739281e-04
4.000000000000000000e+00 3.500000000000000000e+01 1.000000000000000000e+00 9.587353046428922267e-06 1.177066844701992214e-03
4.000000000000000000e+00 4.000000000000000000e+01 1.000000000000000000e+00 9.606491752760081619e-06 3.187535193844691188e-03
4.000000000000000000e+00 4.500000000000000000e+01 1.000000000000000000e+00 9.535584672990312917e-06 3.360547502468956603e-04
4.000000000000000000e+00 5.000000000000000000e+01 1.000000000000000000e+00 9.497708427327722873e-06 2.198378587451711263e-04
8.000000000000000000e+00 1.000000000000000000e+00 1.000000000000000000e+00 1.539075580147394729e-05 1.511916148715780538e-05
8.000000000000000000e+00 5.000000000000000000e+00 1.000000000000000000e+00 1.047649884423952570e-05 1.118044056080049049e-05
8.000000000000000000e+00 1.000000000000000000e+01 1.000000000000000000e+00 1.021027374426000602e-05 1.453543687542640129e-05
8.000000000000000000e+00 1.500000000000000000e+01 1.000000000000000000e+00 1.001078105888222594e-05 2.211736037774229811e-05
8.000000000000000000e+00 2.000000000000000000e+01 1.000000000000000000e+00 9.894775511545735182e-06 3.484327558424432680e-05
8.000000000000000000e+00 2.500000000000000000e+01 1.000000000000000000e+00 9.608565061277709912e-06 2.970919940273295565e-04
8.000000000000000000e+00 3.000000000000000000e+01 1.000000000000000000e+00 9.489347937253370075e-06 4.906512835879387651e-04
8.000000000000000000e+00 3.500000000000000000e+01 1.000000000000000000e+00 9.292597565710064474e-06 1.709562475024613368e-03
8.000000000000000000e+00 4.000000000000000000e+01 1.000000000000000000e+00 9.215211059441471745e-06 2.093873327540285087e-02
8.000000000000000000e+00 4.500000000000000000e+01 1.000000000000000000e+00 9.159635322795181355e-06 3.740156254471401539e-03
8.000000000000000000e+00 5.000000000000000000e+01 1.000000000000000000e+00 9.125549802556524518e-06 6.054479128225103476e-04
1.600000000000000000e+01 1.000000000000000000e+00 1.000000000000000000e+00 1.851871709685301936e-05 1.858163767375974013e-05
1.600000000000000000e+01 5.000000000000000000e+00 1.000000000000000000e+00 1.049338127545264438e-05 1.136523167396518225e-05
1.600000000000000000e+01 1.000000000000000000e+01 1.000000000000000000e+00 1.024088812368556631e-05 1.364399674977206641e-05
1.600000000000000000e+01 1.500000000000000000e+01 1.000000000000000000e+00 1.000570199598618893e-05 1.926745548737430954e-05
1.600000000000000000e+01 2.000000000000000000e+01 1.000000000000000000e+00 9.816769082056592014e-06 3.396026896091410100e-05
1.600000000000000000e+01 2.500000000000000000e+01 1.000000000000000000e+00 9.584160058074880491e-06 5.643323758267139781e-05
1.600000000000000000e+01 3.000000000000000000e+01 1.000000000000000000e+00 9.421972710551144075e-06 2.106951429456473178e-04
1.600000000000000000e+01 3.500000000000000000e+01 1.000000000000000000e+00 9.216888133150638720e-06 9.219204895300515956e-04
1.600000000000000000e+01 4.000000000000000000e+01 1.000000000000000000e+00 9.056823097033852178e-06 5.130008113846377558e-04
1.600000000000000000e+01 4.500000000000000000e+01 1.000000000000000000e+00 8.916624527501054747e-06 4.919733696948267246e-03
1.600000000000000000e+01 5.000000000000000000e+01 1.000000000000000000e+00 8.829349457796543480e-06 6.065901186846275059e-04
3.200000000000000000e+01 1.000000000000000000e+00 1.000000000000000000e+00 1.504253274560702114e-05 1.497616721032715475e-05
3.200000000000000000e+01 5.000000000000000000e+00 1.000000000000000000e+00 1.048096209909059944e-05 1.113676827838978948e-05
3.200000000000000000e+01 1.000000000000000000e+01 1.000000000000000000e+00 1.023271409242160744e-05 1.313349825611751496e-05
3.200000000000000000e+01 1.500000000000000000e+01 1.000000000000000000e+00 9.981635735522833625e-06 1.686078127266267817e-05
3.200000000000000000e+01 2.000000000000000000e+01 1.000000000000000000e+00 9.801220469171722266e-06 3.241429677079337655e-05
3.200000000000000000e+01 2.500000000000000000e+01 1.000000000000000000e+00 9.542325109279866060e-06 4.017786407492528379e-05
3.200000000000000000e+01 3.000000000000000000e+01 1.000000000000000000e+00 9.440428737695872951e-06 1.445727401344172255e-04
3.200000000000000000e+01 3.500000000000000000e+01 1.000000000000000000e+00 9.217211771977524361e-06 2.419499928401724724e-04
3.200000000000000000e+01 4.000000000000000000e+01 1.000000000000000000e+00 9.066634616333881687e-06 2.517433825504611627e-04
3.200000000000000000e+01 4.500000000000000000e+01 1.000000000000000000e+00 8.937370589191074655e-06 9.887825379587414712e-04
3.200000000000000000e+01 5.000000000000000000e+01 1.000000000000000000e+00 8.784475412344039884e-06 4.283515848821744772e-04
6.400000000000000000e+01 1.000000000000000000e+00 1.000000000000000000e+00 1.836441723066383573e-05 1.867099854146247675e-05
6.400000000000000000e+01 5.000000000000000000e+00 1.000000000000000000e+00 1.049849294943186238e-05 1.123751833035014201e-05
6.400000000000000000e+01 1.000000000000000000e+01 1.000000000000000000e+00 1.023823201162302391e-05 1.310717956146891101e-05
6.400000000000000000e+01 1.500000000000000000e+01 1.000000000000000000e+00 9.927518255083071138e-06 2.005008626782953235e-05
6.400000000000000000e+01 2.000000000000000000e+01 1.000000000000000000e+00 9.801275154242801094e-06 4.345491861799182193e-05
6.400000000000000000e+01 2.500000000000000000e+01 1.000000000000000000e+00 9.532870000272032515e-06 5.160187448436067331e-05
6.400000000000000000e+01 3.000000000000000000e+01 1.000000000000000000e+00 9.456695027051652369e-06 8.296803912385696835e-05
6.400000000000000000e+01 3.500000000000000000e+01 1.000000000000000000e+00 9.235475185330114159e-06 1.898205249506403525e-04
6.400000000000000000e+01 4.000000000000000000e+01 1.000000000000000000e+00 9.004729472751127347e-06 1.860157985018167921e-04
6.400000000000000000e+01 4.500000000000000000e+01 1.000000000000000000e+00 8.900092729508306077e-06 6.328364084960539423e-04
6.400000000000000000e+01 5.000000000000000000e+01 1.000000000000000000e+00 8.751946842457689483e-06 5.756066690322754259e-04
1.280000000000000000e+02 1.000000000000000000e+00 1.000000000000000000e+00 1.751769182652394727e-05 1.698345751586981077e-05
1.280000000000000000e+02 5.000000000000000000e+00 1.000000000000000000e+00 1.047230221812823304e-05 1.106109857029067414e-05
1.280000000000000000e+02 1.000000000000000000e+01 1.000000000000000000e+00 1.024325683665074953e-05 1.310147434243583926e-05
1.280000000000000000e+02 1.500000000000000000e+01 1.000000000000000000e+00 1.002724705954996328e-05 1.448219376706905178e-05
1.280000000000000000e+02 2.000000000000000000e+01 1.000000000000000000e+00 9.747435485578218490e-06 4.067131384159823507e-05
1.280000000000000000e+02 2.500000000000000000e+01 1.000000000000000000e+00 9.512199614432784536e-06 3.556190025202271619e-05
1.280000000000000000e+02 3.000000000000000000e+01 1.000000000000000000e+00 9.335515114558981821e-06 7.177484021964319070e-05
1.280000000000000000e+02 3.500000000000000000e+01 1.000000000000000000e+00 9.218554902629229667e-06 1.484031628954730930e-04
1.280000000000000000e+02 4.000000000000000000e+01 1.000000000000000000e+00 9.070003167974803349e-06 1.463049839606275087e-04
1.280000000000000000e+02 4.500000000000000000e+01 1.000000000000000000e+00 8.928027967299296787e-06 3.095486818352923128e-04
1.280000000000000000e+02 5.000000000000000000e+01 1.000000000000000000e+00 8.759981193211260024e-06 4.319375427856269050e-04
2.560000000000000000e+02 1.000000000000000000e+00 1.000000000000000000e+00 1.882837306773767235e-05 1.893420482988205814e-05
2.560000000000000000e+02 5.000000000000000000e+00 1.000000000000000000e+00 1.046715028256098927e-05 1.118803629783164503e-05
2.560000000000000000e+02 1.000000000000000000e+01 1.000000000000000000e+00 1.025852535187761366e-05 1.211892892511057075e-05
2.560000000000000000e+02 1.500000000000000000e+01 1.000000000000000000e+00 1.000263831757151572e-05 1.631519810266630934e-05
2.560000000000000000e+02 2.000000000000000000e+01 1.000000000000000000e+00 9.786389310986889513e-06 3.057045830518900656e-05
2.560000000000000000e+02 2.500000000000000000e+01 1.000000000000000000e+00 9.542040335839377214e-06 3.518966629737043164e-05
2.560000000000000000e+02 3.000000000000000000e+01 1.000000000000000000e+00 9.396712080253895533e-06 6.684730068606005427e-05
2.560000000000000000e+02 3.500000000000000000e+01 1.000000000000000000e+00 9.193539625651373634e-06 1.547905899886082345e-04
2.560000000000000000e+02 4.000000000000000000e+01 1.000000000000000000e+00 9.031324052690130089e-06 2.513139118624219668e-04
2.560000000000000000e+02 4.500000000000000000e+01 1.000000000000000000e+00 8.913546179240809127e-06 2.816392297423431289e-04
2.560000000000000000e+02 5.000000000000000000e+01 1.000000000000000000e+00 8.722810991494924212e-06 2.658933618963650993e-04
5.120000000000000000e+02 1.000000000000000000e+00 1.000000000000000000e+00 1.593605458733934627e-05 1.632560568077876239e-05
5.120000000000000000e+02 5.000000000000000000e+00 1.000000000000000000e+00 1.046001846771223949e-05 1.136978411028345463e-05
5.120000000000000000e+02 1.000000000000000000e+01 1.000000000000000000e+00 1.022348317105982813e-05 1.325664751498064947e-05
5.120000000000000000e+02 1.500000000000000000e+01 1.000000000000000000e+00 1.000003384801457314e-05 2.007394118444334518e-05
5.120000000000000000e+02 2.000000000000000000e+01 1.000000000000000000e+00 9.761970539870570986e-06 3.180810826447484998e-05
5.120000000000000000e+02 2.500000000000000000e+01 1.000000000000000000e+00 9.524590758671159236e-06 5.312805853533804541e-05
5.120000000000000000e+02 3.000000000000000000e+01 1.000000000000000000e+00 9.359396210474646064e-06 8.867214976133388907e-05
5.120000000000000000e+02 3.500000000000000000e+01 1.000000000000000000e+00 9.180649253623081327e-06 1.165873622419654008e-04
5.120000000000000000e+02 4.000000000000000000e+01 1.000000000000000000e+00 9.064509288798155772e-06 1.427368529441938138e-04
5.120000000000000000e+02 4.500000000000000000e+01 1.000000000000000000e+00 8.918884767830474058e-06 3.030420390999098365e-04
5.120000000000000000e+02 5.000000000000000000e+01 1.000000000000000000e+00 8.709494986464653925e-06 3.678510956017029716e-04
