5.000000000000000000e-01 1.000000000000000000e+00 1.000000000000000000e+00 4.901453536234882079e-03 5.217474128712695607e-03
5.000000000000000000e-01 5.000000000000000000e+00 1.000000000000000000e+00 3.794844196117555697e-03 4.135670162803046362e-03
5.000000000000000000e-01 1.000000000000000000e+01 1.000000000000000000e+00 2.492862439891057377e-03 1.988230545552757134e-01
5.000000000000000000e-01 1.500000000000000000e+01 1.000000000000000000e+00 2.593352243134455434e-03 2.652635261560785107e-01
5.000000000000000000e-01 2.000000000000000000e+01 1.000000000000000000e+00 2.280052591715135083e-03 3.176437287134561416e-01
5.000000000000000000e-01 2.500000000000000000e+01 1.000000000000000000e+00 2.670444098999610709e-03 1.893139520991658498e-01
5.000000000000000000e-01 3.000000000000000000e+01 1.000000000000000000e+00 2.482508207415563047e-03 1.525714202410289322e-01
5.000000000000000000e-01 3.500000000000000000e+01 1.000000000000000000e+00 2.326896090082561808e-03 2.930047655207829171e-01
5.000000000000000000e-01 4.000000000000000000e+01 1.000000000000000000e+00 2.297692503679440220e-03 2.660177055703358273e-01
5.000000000000000000e-01 4.500000000000000000e+01 1.000000000000000000e+00 2.611286015486186975e-03 2.635150077129212454e-01
5.000000000000000000e-01 5.000000000000000000e+01 1.000000000000000000e+00 2.064831269512997468e-03 3.787263854065008317e-01
1.000000000000000000e+00 1.000000000000000000e+00 1.000000000000000000e+00 3.787620893952548060e-03 4.061233256414430517e-03
1.000000000000000000e+00 5.000000000000000000e+00 1.000000000000000000e+00 2.603944774308554304e-03 7.032973519253850510e-03
1.000000000000000000e+00 1.000000000000000000e+01 1.000000000000000000e+00 1.446007624668466064e-03 3.061369363046367309e-01
1.000000000000000000e+00 1.500000000000000000e+01 1.000000000000000000e+00 1.463213845976388218e-03 6.791948580346480746e-01
1.000000000000000000e+00 2.000000000000000000e+01 1.000000000000000000e+00 1.307094841726508987e-03 6.171575156570268117e-01
1.000000000000000000e+00 2.500000000000000000e+01 1.000000000000000000e+00 1.700072142848378046e-03 5.942782901957036623e-01
1.000000000000000000e+00 3.000000000000000000e+01 1.000000000000000000e+00 1.140208801370548673e-03 7.667073428463397899e-01
1.000000000000000000e+00 3.500000000000000000e+01 1.000000000000000000e+00 1.293533738928637818e-03 6.693595980776254617e-01
1.000000000000000000e+00 4.000000000000000000e+01 1.000000000000000000e+00 1.087761033471662747e-03 8.010926698342590857e-01
1.000000000000000000e+00 4.500000000000000000e+01 1.000000000000000000e+00 1.396551491071577498e-03 5.259240014727752932e-01
1.000000000000000000e+00 5.000000000000000000e+01 1.000000000000000000e+00 1.150119356793183334e-03 7.886925607333065136e-01
2.000000000000000000e+00 1.000000000000000000e+00 1.000000000000000000e+00 3.668945807241929397e-03 3.920907121153663008e-03
2.000000000000000000e+00 5.000000000000000000e+00 1.000000000000000000e+00 2.400083183876270017e-03 1.394715306718635230e-02
2.000000000000000000e+00 1.000000000000000000e+01 1.000000000000000000e+00 1.584389465742938206e-03 2.096469052092934660e-01
2.000000000000000000e+00 1.500000000000000000e+01 1.000000000000000000e+00 1.211060301971211188e-03 6.437838370790942566e-01
2.000000000000000000e+00 2.000000000000000000e+01 1.000000000000000000e+00 1.114723944479033800e-03 8.483720039482998132e-01
2.000000000000000000e+00 2.500000000000000000e+01 1.000000000000000000e+00 1.202380422525504023e-03 7.606019984120163668e-01
2.000000000000000000e+00 3.000000000000000000e+01 1.000000000000000000e+00 9.199434440294640197e-04 8.434675859944287257e-01
2.000000000000000000e+00 3.500000000000000000e+01 1.000000000000000000e+00 9.708985972696643771e-04 8.068295043931534849e-01
2.000000000000000000e+00 4.000000000000000000e+01 1.000000000000000000e+00 8.545619795285478923e-04 8.951329354394120807e-01
2.000000000000000000e+00 4.500000000000000000e+01 1.000000000000000000e+00 9.723646911794841738e-04 8.317304340748812308e-01
2.000000000000000000e+00 5.000000000000000000e+01 1.000000000000000000e+00 1.057086855811071148e-03 8.641620260981556223e-01
4.000000000000000000e+00 1.000000000000000000e+00 1.000000000000000000e+00 3.513154948401665031e-03 3.756272650133762100e-03
4.000000000000000000e+00 5.000000000000000000e+00 1.000000000000000000e+00 2.332650870393764789e-03 1.031011272195779885e-02
4.000000000000000000e+00 1.000000000000000000e+01 1.000000000000000000e+00 1.572717341029231716e-03 2.842845217485586162e-01
4.000000000000000000e+00 1.500000000000000000e+01 1.000000000000000000e+00 1.220396526169802934e-03 6.540409815501966317e-01
4.000000000000000000e+00 2.000000000000000000e+01 1.000000000000000000e+00 9.996022800613200976e-04 9.247759903982055718e-01
4.000000000000000000e+00 2.500000000000000000e+01 1.000000000000000000e+00 8.101383384342785007e-04 9.377486111605314312e-01
4.000000000000000000e+00 3.000000000000000000e+01 1.000000000000000000e+00 8.245536769063224487e-04 9.651871277229462365e-01
4.000000000000000000e+00 3.500000000000000000e+01 1.000000000000000000e+00 8.222368881963225407e-04 9.102941657652386942e-01
4.000000000000000000e+00 4.000000000000000000e+01 1.000000000000000000e+00 7.108000903076059415e-04 9.739320029375410082e-01
4.000000000000000000e+00 4.500000000000000000e+01 1.000000000000000000e+00 6.973584761151993766e-04 9.591348784398258109e-01
4.000000000000000000e+00 5.000000000000000000e+01 1.000000000000000000e+00 9.185925801801547632e-04 9.720339832945763536e-01
8.000000000000000000e+00 1.000000000000000000e+00 1.000000000000000000e+00 3.606583739723660809e-03 3.826735333160626203e-03
8.000000000000000000e+00 5.000000000000000000e+00 1.000000000000000000e+00 2.297836946521900937e-03 1.184624524423144414e-02
8.000000000000000000e+00 1.000000000000000000e+01 1.000000000000000000e+00 1.554499830679274917e-03 2.598465615358968583e-01
8.000000000000000000e+00 1.500000000000000000e+01 1.000000000000000000e+00 1.211012900374349756e-03 6.675534443860451361e-01
8.000000000000000000e+00 2.000000000000000000e+01 1.000000000000000000e+00 9.400741878104223233e-04 8.238525861528097627e-01
8.000000000000000000e+00 2.500000000000000000e+01 1.000000000000000000e+00 7.820403690871030166e-04 8.928343296951835040e-01
8.000000000000000000e+00 3.000000000000000000e+01 1.000000000000000000e+00 6.929723792999662509e-04 9.775092785972233633e-01
8.000000000000000000e+00 3.500000000000000000e+01 1.000000000000000000e+00 6.600638707602104766e-04 9.914072752901113006e-01
8.000000000000000000e+00 4.000000000000000000e+01 1.000000000000000000e+00 5.447055294097532694e-04 9.939877846680765794e-01
8.000000000000000000e+00 4.500000000000000000e+01 1.000000000000000000e+00 5.209563995568566126e-04 9.916970520960479707e-01
8.000000000000000000e+00 5.000000000000000000e+01 1.000000000000000000e+00 7.218407763974281875e-04 9.921783285751282211e-01
1.600000000000000000e+01 1.000000000000000000e+00 1.000000000000000000e+00 3.584195827826473692e-03 3.911207042948621967e-03
1.600000000000000000e+01 5.000000000000000000e+00 1.000000000000000000e+00 2.250077451129271159e-03 1.930998643249335484e-02
1.600000000000000000e+01 1.000000000000000000e+01 1.000000000000000000e+00 1.553829435794859028e-03 2.763860921171111817e-01
1.600000000000000000e+01 1.500000000000000000e+01 1.000000000000000000e+00 1.290116163258769573e-03 6.611825943021013563e-01
1.600000000000000000e+01 2.000000000000000000e+01 1.000000000000000000e+00 9.753931866241070817e-04 8.918243087889956566e-01
1.600000000000000000e+01 2.500000000000000000e+01 1.000000000000000000e+00 8.327858147527719256e-04 9.336790030101397297e-01
1.600000000000000000e+01 3.000000000000000000e+01 1.000000000000000000e+00 7.029998554600222060e-04 9.642641745642859252e-01
1.600000000000000000e+01 3.500000000000000000e+01 1.000000000000000000e+00 6.044623570825348197e-04 9.868808232728329966e-01
1.600000000000000000e+01 4.000000000000000000e+01 1.000000000000000000e+00 5.127394262054793409e-04 9.843428828890065097e-01
1.600000000000000000e+01 4.500000000000000000e+01 1.000000000000000000e+00 4.802169198755643358e-04 9.959995201565376988e-01
1.600000000000000000e+01 5.000000000000000000e+01 1.000000000000000000e+00 5.608309540470347420e-04 9.965746504091740343e-01
3.200000000000000000e+01 1.000000000000000000e+00 1.000000000000000000e+00 3.671726274770381084e-03 3.902984336980647347e-03
3.200000000000000000e+01 5.000000000000000000e+00 1.000000000000000000e+00 2.334884080280627810e-03 1.295096677034181590e-02
3.200000000000000000e+01 1.000000000000000000e+01 1.000000000000000000e+00 1.574363430033039624e-03 3.557364381277688947e-01
3.200000000000000000e+01 1.500000000000000000e+01 1.000000000000000000e+00 1.216287573637748988e-03 6.957792806155611576e-01
3.200000000000000000e+01 2.000000000000000000e+01 1.000000000000000000e+00 9.587310971514327249e-04 8.693211884267288969e-01
3.200000000000000000e+01 2.500000000000000000e+01 1.000000000000000000e+00 8.549393523800692240e-04 9.497790139612612981e-01
3.200000000000000000e+01 3.000000000000000000e+01 1.000000000000000000e+00 7.478786722716808128e-04 9.709510831627063965e-01
3.200000000000000000e+01 3.500000000000000000e+01 1.000000000000000000e+00 6.888470678034846421e-04 9.884984053871332943e-01
3.200000000000000000e+01 4.000000000000000000e+01 1.000000000000000000e+00 5.211224978903789386e-04 9.931962466886503638e-01
3.200000000000000000e+01 4.500000000000000000e+01 1.000000000000000000e+00 4.562720064459573998e-04 9.771264094601906924e-01
3.200000000000000000e+01 5.000000000000000000e+01 1.000000000000000000e+00 5.898064906687884882e-04 9.980575097370651960e-01
6.400000000000000000e+01 1.000000000000000000e+00 1.000000000000000000e+00 3.502175600574469229e-03 3.821995220223434880e-03
6.400000000000000000e+01 5.000000000000000000e+00 1.000000000000000000e+00 2.169973888166775756e-03 3.209733410657063940e-02
6.400000000000000000e+01 1.000000000000000000e+01 1.000000000000000000e+00 1.512542597672336718e-03 4.168415210282797601e-01
6.400000000000000000e+01 1.500000000000000000e+01 1.000000000000000000e+00 1.251031254069786148e-03 7.350355146032073739e-01
6.400000000000000000e+01 2.000000000000000000e+01 1.000000000000000000e+00 9.786682860127306725e-04 8.794307636954353802e-01
6.400000000000000000e+01 2.500000000000000000e+01 1.000000000000000000e+00 8.662788860989501308e-04 9.643371482625486824e-01
6.400000000000000000e+01 3.000000000000000000e+01 1.000000000000000000e+00 7.050457814626988687e-04 9.640172483009191717e-01
6.400000000000000000e+01 3.500000000000000000e+01 1.000000000000000000e+00 7.068302246893830732e-04 9.906412679951179800e-01
6.400000000000000000e+01 4.000000000000000000e+01 1.000000000000000000e+00 5.268716899536761596e-04 9.925642385293409475e-01
6.400000000000000000e+01 4.500000000000000000e+01 1.000000000000000000e+00 5.353454592554398889e-04 9.742578668220428506e-01
6.400000000000000000e+01 5.000000000000000000e+01 1.000000000000000000e+00 5.969567054122198969e-04 9.977529332239282178e-01
1.280000000000000000e+02 1.000000000000000000e+00 1.000000000000000000e+00 3.436286846550083707e-03 3.705181171463046118e-03
1.280000000000000000e+02 5.000000000000000000e+00 1.000000000000000000e+00 2.238322941923887466e-03 2.563793014276697854e-02
1.280000000000000000e+02 1.000000000000000000e+01 1.000000000000000000e+00 1.564303919838459485e-03 3.912330586359124007e-01
1.280000000000000000e+02 1.500000000000000000e+01 1.000000000000000000e+00 1.337687850517655600e-03 7.211083145382415349e-01
1.280000000000000000e+02 2.000000000000000000e+01 1.000000000000000000e+00 9.697177787109563258e-04 8.841045379760655853e-01
1.280000000000000000e+02 2.500000000000000000e+01 1.000000000000000000e+00 9.500357117607717474e-04 9.627015333239707928e-01
1.280000000000000000e+02 3.000000000000000000e+01 1.000000000000000000e+00 7.664596612659291004e-04 9.894684379720020129e-01
1.280000000000000000e+02 3.500000000000000000e+01 1.000000000000000000e+00 6.922886378077989762e-04 9.902426928949417118e-01
1.280000000000000000e+02 4.000000000000000000e+01 1.000000000000000000e+00 5.633423547797080950e-04 9.887480275835172083e-01
1.280000000000000000e+02 4.500000000000000000e+01 1.000000000000000000e+00 4.933057153627306212e-04 9.848096867751623407e-01
1.280000000000000000e+02 5.000000000000000000e+01 1.000000000000000000e+00 6.087082760842055327e-04 9.974544996419549836e-01
2.560000000000000000e+02 1.000000000000000000e+00 1.000000000000000000e+00 3.518019710216718603e-03 3.810870272002891187e-03
2.560000000000000000e+02 5.000000000000000000e+00 1.000000000000000000e+00 2.302457778769018831e-03 2.828066395651231829e-02
2.560000000000000000e+02 1.000000000000000000e+01 1.000000000000000000e+00 1.467381548831473348e-03 4.681362664616688929e-01
2.560000000000000000e+02 1.500000000000000000e+01 1.000000000000000000e+00 1.331369894587773866e-03 7.059252059778462485e-01
2.560000000000000000e+02 2.000000000000000000e+01 1.000000000000000000e+00 1.032365819758763190e-03 9.045098557240601744e-01
2.560000000000000000e+02 2.500000000000000000e+01 1.000000000000000000e+00 9.096602704071730678e-04 9.717334568291826624e-01
2.560000000000000000e+02 3.000000000000000000e+01 1.000000000000000000e+00 8.211874083816018879e-04 9.803907171534378406e-01
2.560000000000000000e+02 3.500000000000000000e+01 1.000000000000000000e+00 7.471931646630960381e-04 9.889893980056492229e-01
2.560000000000000000e+02 4.000000000000000000e+01 1.000000000000000000e+00 6.318560280443757168e-04 9.952648139536716121e-01
2.560000000000000000e+02 4.500000000000000000e+01 1.000000000000000000e+00 5.061113086628247441e-04 9.884062324417490775e-01
2.560000000000000000e+02 5.000000000000000000e+01 1.000000000000000000e+00 5.994967013409847802e-04 9.988995343265111293e-01
5.120000000000000000e+02 1.000000000000000000e+00 1.000000000000000000e+00 3.469592643907355028e-03 3.747302690279574050e-03
5.120000000000000000e+02 5.000000000000000000e+00 1.000000000000000000e+00 2.293260848751311077e-03 2.180043263547697813e-02
5.120000000000000000e+02 1.000000000000000000e+01 1.000000000000000000e+00 1.566748639535125564e-03 4.202933015631551972e-01
5.120000000000000000e+02 1.500000000000000000e+01 1.000000000000000000e+00 1.353935985001095566e-03 7.860725949706461879e-01
5.120000000000000000e+02 2.000000000000000000e+01 1.000000000000000000e+00 1.084603518206291419e-03 9.425564560117460911e-01
5.120000000000000000e+02 2.500000000000000000e+01 1.000000000000000000e+00 9.373354332192814897e-04 9.736549769738171989e-01
5.120000000000000000e+02 3.000000000000000000e+01 1.000000000000000000e+00 7.668159125693832425e-04 9.866008909525149084e-01
5.120000000000000000e+02 3.500000000000000000e+01 1.000000000000000000e+00 7.665788009920979171e-04 9.921140729592810015e-01
5.120000000000000000e+02 4.000000000000000000e+01 1.000000000000000000e+00 6.220224784778620019e-04 9.959193252475611047e-01
5.120000000000000000e+02 4.500000000000000000e+01 1.000000000000000000e+00 5.099158569765958058e-04 9.888518715391058089e-01
5.120000000000000000e+02 5.000000000000000000e+01 1.000000000000000000e+00 6.002970818086468411e-04 9.986512431805877332e-01
